# CURVE 2D, normalized by CHORD
# COLUMN#1 = X-coordinate, COLUMN#2 = Y-coordinate
#-------------------------------------------------------------------------------
0.0 0.0
0.028124034539654563 -0.04108737874200186
0.054908829339325636 -0.08021821563914656
0.08041815771996476 -0.11748567935071295
0.10471275617771629 -0.15297850193315715
0.12785046899462252 -0.18678119010691352
0.14988638596310466 -0.21897422646287196
0.17087297355213524 -0.24963426108759426
0.19086019982740246 -0.2788342940635203
0.2098956534228951 -0.306643849278688
0.22802465684717377 -0.33312913995980004
0.2452903743941058 -0.35835322632276384
0.2617339149149935 -0.38237616571606275
0.2773944296967913 -0.40525515561444264
0.29230920567945584 -0.4270446698033759
0.3065137542343745 -0.4477965880785504
0.3200418957152494 -0.4675603197691928
0.3329258399827492 -0.4863829213793284
0.3451962630946539 -0.5043092086270766
0.3568823803440869 -0.5213818631487416
0.36801201581973736 -0.5376415341217557
0.37861166865369017 -0.553126935048436
0.38870657611459764 -0.5678749359309886
0.3983207736964142 -0.5819206510572291
0.4074771523457634 -0.5952975226060296
0.4161975129641912 -0.608037400271554
0.4245026183150748 -0.6201706170958629
0.43241224245877347 -0.6317260616904428
0.4399452178337246 -0.6427312470186141
0.4471194800955828 -0.6532123759025867
0.453952110821162 -0.6631944034111321
0.4604593781788565 -0.6727010962764134
0.46665677566237507 -0.6817550894814433
0.4725590589800118 -0.6903779401529003
0.47818028118728495 -0.6985901788876212
0.4835338261465926 -0.7064113586349745
0.48863244039355236 -0.7138601012515015
0.493488263485895 -0.72095414183867
0.4981128569071736 -0.7277103709693067
0.5025172315941057 -0.7341448749032464
0.5067118741530886 -0.7402729738879509
0.5107067718283104 -0.7461092586352884
0.5145114362809026 -0.7516676250613242
0.5181349262357523 -0.7569613073718345
0.5215858690498949 -0.7620029095723204
0.5248724812538402 -0.7668044354775452
0.5280025881147405 -0.771377317292045
0.5309836422679789 -0.7757324428296638
0.5338227414615393 -0.7798801814369198
0.5365266454554063 -0.7838304086819256
0.5388623867741629 -0.7807629183199973
0.5413149151588573 -0.7775420534399725
0.5438900699627864 -0.7741601453159466
0.5465939825069122 -0.7706091417857194
0.5494330906782441 -0.7668805880789807
0.5524141542581426 -0.7629656066869053
0.555544271017036 -0.758854876225226
0.5588308936138741 -0.7545386092404627
0.562281847340554 -0.7500065289064612
0.565905348753568 -0.7452478445557598
0.5697100252372327 -0.7402512259875231
0.5737049355450807 -0.7350047764908748
0.577899591368321 -0.7294960045193939
0.5823039799827234 -0.723711793949339
0.5869285880278459 -0.7176383728507814
0.5917844264752244 -0.7112612806972959
0.596883056844972 -0.7045653339361361
0.6022366187332069 -0.6975345898369183
0.6078578587158534 -0.6901523085327397
0.6137601606976325 -0.6824009131633522
0.6199575777785005 -0.6742619480254952
0.6264648657134118 -0.6657160346307454
0.6332975180450686 -0.6567428255662581
0.6404718029933083 -0.6473209560485464
0.6480048021889601 -0.6374279930549491
0.6559144513443944 -0.627040381911672
0.6642195829576003 -0.616133390211231
0.6729399711514668 -0.604681048925768
0.6820963787550263 -0.5926560905760319
0.691710606738764 -0.5800298843088089
0.7018055461216884 -0.5667723677282248
0.7124052324737591 -0.5528519753186114
0.7235349031434335 -0.5382355632885174
0.7352210573465914 -0.5228883306569186
0.7474915192599073 -0.50677373639374
0.760375504268889 -0.4898534124174024
0.7739036885283197 -0.47208707224224794
0.788108282000722 -0.45343241505833576
0.8030231051467445 -0.4338450250152279
0.818683669450068 -0.4132782654699647
0.8351272619685577 -0.3916831679474384
0.852393034112972 -0.36900831554878566
0.8705220948646069 -0.3451997205302004
0.8895576086538235 -0.3202006957606858
0.909544898132501 -0.2939517197526955
0.9305315520851124 -0.2663902949443057
0.9525675387353543 -0.2374507988954964
0.9757053247181083 -0.20706432804424663
1.0 -0.17515853365043443
