# CURVE 2D, normalized by CHORD
# COLUMN#1 = X-coordinate, COLUMN#2 = Y-coordinate
#-------------------------------------------------------------------------------
0.0 0.0
0.0797290095285605 0.02486973003324475
0.15566139955576117 0.04855518720776362
0.22797796148642846 0.07111276546921015
0.2968508776108735 0.09259617333725448
0.36244413106272594 0.11305656178301098
0.42491389625496634 0.13254264601706478
0.4844089107237667 0.15110082147806841
0.5410708292654813 0.16877527429807185
0.5950345612099716 0.18560808650759897
0.6464285916332955 0.20163933623095812
0.6953752872745563 0.21690719311034776
0.741991187885281 0.23144800918595695
0.7863872837050188 0.2452964054484419
0.8286692797238167 0.25848535426985614
0.8689378473607671 0.27104625790929826
0.9072888641578626 0.28300902328019556
0.9438136420598584 0.29440213315724056
0.9785991448236638 0.3052527139925215
1.0 0.7705669121245164
1.0117281950749073 0.3155866005023129
1.0273102997070143 0.7550445187930213
1.0432796715046626 0.3254283971783047
1.0533201089517898 0.7402612870487401
1.0733286966758584 0.3348015368697254
1.0780913558515761 0.7261820187208532
1.1016830195656582 0.7127731917419134
1.101946815886521 0.34372833657584045
1.124151270721927 0.7000028803333993
1.1292021675157236 0.35223005058166423
1.1455496051564684 0.6878406789919572
1.1551596452578212 0.36032692106340125
1.1659289712846035 0.6762576300953458
1.1798810526312473 0.3680382262841031
1.1853378914066366 0.6652261549557158
1.2034252501297487 0.37538232649429537
1.2038225772371445 0.6547199881560682
1.2214270399328662 0.6447141150135467
1.2258482953664165 0.38237670764685944
1.2381931948811726 0.6351847120206691
1.2472035765441953 0.38903802303025375
1.2541609614986071 0.6261090901226904
1.2675419395706515 0.39538213291920077
1.2693683582771165 0.617465640696044
1.2838515933042682 0.609233784099238
1.2869118091196574 0.4014241423372455
1.297645150472984 0.6013939206737083
1.305359303928234 0.40717843702109763
1.3107818715860466 0.593927384077966
1.3229283466030692 0.4126587176723854
1.3232930345508682 0.5868163968439255
1.3352084278506984 0.5800440280496013
1.3396607681981505 0.41787803257837375
1.3465564214695842 0.5735941530073877
1.3555964078125136 0.422848808679315
1.3573640344399518 0.5674514148719463
1.367656999173635 0.5616011880762877
1.3707732074452401 0.427582881156402
1.3774598227295238 0.5560295435089938
1.3852273023335513 0.43209152161077047
1.3867958451637037 0.5507232153496664
1.3956872951010177 0.5456695694836402
1.3989931069890857 0.4363854649006452
1.4041553426603646 0.5408565734207581
1.4121033971372137 0.44047493470052596
1.4122201498597424 0.5362727676465847
1.4199009186210547 0.5319072383378481
1.4245893877544784 0.44436966784326953
1.4272159364889712 0.5277495913771466
1.434182620172701 0.5237899276050499
1.4364808073899686 0.4480789375030253
1.4408175570143489 0.5200188192506723
1.4471365444825846 0.5164272874845981
1.4478059689475784 0.45161157527422124
1.4531546277856662 0.5130067810407182
1.458591837097683 0.4549759921991698
1.4588861356933631 0.5097491558560705
1.4643447146530744 0.5066466556802155
1.4688640924787348 0.45818019879435884
1.4695433612813709 0.5036918936079726
1.47449445330832 0.500877834491551
1.4786471928416414 0.46123182412311037
1.4792097790482714 0.49819777819019695
1.4837005654672728 0.49564534361747886
1.4879644312825047 0.4641381339600166
1.4879775049139408 0.4932144535482235
1.4920507805774341 0.4908993201489327
1.495930090733142 0.4886944311972272
1.4968379917023746 0.4669060480904034
1.4996246718338162 0.48659453695750765
1.5031433205011249 0.4845946376815843
1.5052890016260603 0.46954215678600997
1.5064944144699903 0.48268997170451444
1.5096859325355767 0.480876004107305
1.5127254735504208 0.47914841591948654
1.5133375825057611 0.4720527364961114
1.5156202745169387 0.4775030938358499
1.5183772278183847 0.4759361204228626
1.5210028976292853 0.4744437647914461
