# CURVE 2D, normalized by CHORD
# COLUMN#1 = X-coordinate, COLUMN#2 = Y-coordinate
#-------------------------------------------------------------------------------
0.0 0.0
0.07066634669206887 0.031133092285864337
0.13796762925594414 0.06078365636763996
0.20206408884058724 0.0890222888264739
0.26310833606405687 0.11591622450155382
0.3212457143721232 0.14152949657305852
0.37661464609409107 0.16592308902211061
0.4293469620197748 0.18915508183073165
0.47956821528233073 0.2112807892675136
0.5273979802942887 0.2323528915882583
0.5729501374485345 0.252421560465158
0.6163331442621018 0.27153457844315776
0.6576502936083565 0.2897374527079194
0.6969999596524086 0.3070735234362638
0.7344758320753152 0.32358406698706804
0.7701671391447502 0.33930839417831016
0.8041588601632597 0.35428394388425505
0.8365319277999353 0.3685463721756311
0.8673634207872455 0.38212963721503684
0.8967267474418267 0.39506608010970906
0.9246918204461896 0.4073865019141587
0.9513252233074876 0.41912023696601547
0.9766903688896762 0.4302952227296887
1.0 0.8123015988886482
1.0008476503965225 0.4409380663141393
1.0182476368705227 0.8008548893747904
1.0238545851649474 0.4510741078231399
1.0356263386519728 0.7899532612663545
1.0457659516110667 0.4607274806888548
1.052177483205735 0.7795707583059392
1.0666339196549897 0.4699211691323928
1.0679404780188415 0.7696826602484009
1.082952854031324 0.7602654240031264
1.0865081749349161 0.4786770628881432
1.0972503549955932 0.7512966275790552
1.1054360371062748 0.48701600932219125
1.1108670225806114 0.7427549166989876
1.1234625725075689 0.49495786306890366
1.1238352774234859 0.734619953956066
1.1361859963214618 0.7268723703913789
1.140630701461182 0.5025215333038678
1.1479485857481053 0.719493719377391
1.1569813004646234 0.5097250287657386
1.159151051868718 0.7124664326974026
1.1698200672216827 0.7057737787164613
1.1725532995155197 0.5165855006341867
1.1799810342245063 0.6993998225441362
1.187383774802088 0.5231192833660423
1.1896581456557667 0.6933293880943028
1.198874442256967 0.6875480219516044
1.2015080369797717 0.529341933586857
1.2076518675914438 0.6820419589585581
1.2149597152442324 0.5352682671304901
1.2160113202909453 0.6767980894413713
1.22397270381428 0.6718039279964315
1.2277708374008618 0.5409123943149026
1.2315549738365037 0.6670475837631554
1.2387761833814785 0.6625177321124164
1.2399719061214611 0.5462877535381526
1.2456535258052641 0.6582035876831411
1.251591971569651 0.5514071432745812
1.252203375732679 0.6540948787028789
1.2584413280445026 0.6501818225312006
1.262658700567927 0.5562827525473703
1.2643822350081442 0.6464551023676974
1.2700402416401837 0.6429058450691231
1.2731984424710472 0.5609261899500265
1.2754288193849834 0.6395256000228617
1.2805607981895544 0.6363063190264223
1.2832362919025901 0.5653485112858896
1.2854483970510506 0.6332403371250515
1.2901032531096186 0.6303203543618412
1.2927961485040596 0.5695602458914735
1.2945364493558738 0.627539418396879
1.2987585410189737 0.6248909079540578
1.3019007738387922 0.5735714217063154
1.3027795806981166 0.6223685170561329
1.3066091422973005 0.6199662400104902
1.3102563438203325 0.617678357109878
1.3105718455861568 0.5773915891490219
1.3137298690803632 0.6154994210140569
1.3170379883756305 0.6134242437799415
1.3188300091550755 0.5810298438563614
1.3201885781806468 0.6114478845093555
1.3231891398997102 0.6095656375849878
1.3260468177273896 0.6077730214665424
1.3266949268397599 0.5844948483395419
1.3287684156585127 0.606065768020404
1.3313604136881536 0.6044398123574151
1.3338289832401928 0.6028912831545683
1.3341853246346975 0.5877948526092376
1.3361800018611825 0.6014164934375715
1.338419067214506 0.6000119318023365
1.3405515104081474 0.5986742540544935
1.3413190368203523 0.5909377138184717
1.342582408687806 0.597400275247024
1.344516597525576 0.5961869620970531
1.3463586821329758 0.5950314257637475
1.3481130484257378 0.5939309149701231
