# CURVE 2D, normalized by CHORD
# COLUMN#1 = X-coordinate, COLUMN#2 = Y-coordinate
#-------------------------------------------------------------------------------
-0.3268476504569382 -0.9914977246547859
-0.32520045422737087 -0.9865009277942525
-0.32347089818632513 -0.9812542910906923
-0.3216548643432271 -0.9757453225519541
-0.3201608089147472 -0.988207278509834
-0.3197480288079742 -0.969960905586279
-0.31774585149595863 -0.9638872677723201
-0.3156435653183423 -0.9575099480676634
-0.31343616483184517 -0.9508137623777738
-0.3131396252954466 -0.9847523100576345
-0.3111183943210232 -0.9437827674033897
-0.30868473528466006 -0.9364002226802864
-0.3061293932964788 -0.928648550721028
-0.3057673824951812 -0.981124593182825
-0.3034462842088885 -0.9205092951638066
-0.30062901966691863 -0.9119630768287241
-0.29802652755490233 -0.977315490464275
-0.2976708918978503 -0.9029895475768875
-0.29456485774032853 -0.8935673418624591
-0.2913035218749307 -0.8836740258623093
-0.2898986298676094 -0.9733159326097975
-0.28787911921626297 -0.8732860440621519
-0.28428349642466183 -0.8623786631719866
-0.281364337295952 -0.9691163968625962
-0.28050809249348063 -0.8509259132373133
-0.27654391836574044 -0.8389005258059062
-0.2724033300957118 -0.9647068843280349
-0.27238153553161315 -0.8262738690029287
-0.26801103355577954 -0.8130158793598024
-0.26342200648115427 -0.7990949902345197
-0.2629942725354595 -0.9600768961667454
-0.25860352805279774 -0.7844780566529729
-0.2535441257030233 -0.7691302763923488
-0.2531147620971945 -0.9552154085973914
-0.24823175323576024 -0.7530151071186933
-0.24274127613701646 -0.9501108466495698
-0.24265376214513398 -0.7360941793813552
-0.2367968714999764 -0.7183272052571502
-0.2318491158788294 -0.9447510566043571
-0.23064713632256095 -0.699671882426735
-0.22418991438627475 -0.680083793454799
-0.22041234760773287 -0.9391232770568837
-0.21740983135317424 -0.6595163000342661
-0.21029074416841867 -0.6379204319427066
-0.20840374092308167 -0.9332141085320367
-0.20281570262442533 -0.6152447704465691
-0.19579470390419784 -0.9270094815809473
-0.19496690900323232 -0.5914353258756248
-0.18672567570097967 -0.5664354090761332
-0.18255521503436967 -0.9204946232823035
-0.17807238073361437 -0.540185496436667
-0.1689864210178808 -0.5126230881652275
-0.16865375172105024 -0.9136540220687274
-0.15944616331636055 -0.4836825594802161
-0.15405721524206495 -0.9064713907944725
-0.1494288927297643 -0.4532950043609541
-0.13891075861383825 -0.421388071485729
-0.13873085193913037 -0.898929627956505
-0.1278667177921159 -0.3878857919667426
-0.12263817047104886 -0.891010776976639
-0.11627047492930741 -0.3527083984718069
-0.10574085492956353 -0.8826959834477797
-0.1040944199233585 -0.31577213530212445
-0.09130956216711214 -0.2769890589739578
-0.08799867361100366 -0.8739654502424775
-0.07788546152305346 -0.2362668288293829
-0.06936938322651609 -0.8647983903769102
-0.06379015584679186 -0.19350848717757924
-0.04980862832280386 -0.8551729775180644
-0.04899008488671718 -0.14861222844318536
-0.03345001037863876 -0.10147115677207182
-0.029269835673906286 -0.8450662940162764
-0.017132932145156418 -0.051973031517402575
-0.007704103392563555 -0.8344542763393991
0.0 0.0
0.014939915502846124 -0.8233116577786778
0.038716135343026314 -0.8116119082899205
0.06368116617521558 -0.7993271713267253
0.08989444854901418 -0.7864281975153704
0.11741839504150275 -0.7728842750134477
0.1463185388586159 -0.7586631563864288
0.17666368986658465 -0.7437309818280591
0.20852609842495173 -0.7280521985417707
0.2419816274112373 -0.7115894760911681
0.27710993284683716 -0.6943036175180353
0.31399465355421696 -0.6761534660162457
0.35272361029696575 -0.6570958069393668
0.39338901487685196 -0.6370852649086438
0.4360876896857324 -0.6160741957763849
0.480921298235057 -0.5940125731875128
0.5279965872118478 -0.5708478694691972
0.5774256406374783 -0.5465249305649659
0.62932614673439 -0.5209858447155229
0.6838216781361475 -0.4941698045736078
0.7410419861079929 -0.466012962424597
0.8011233094784305 -0.4364482781681356
0.8642086990173898 -0.4054053596988511
0.9304483580332974 -0.37281029530610243
1.0 -0.3385854776937164
