# CURVE 2D, normalized by CHORD
# COLUMN#1 = X-coordinate, COLUMN#2 = Y-coordinate
#-------------------------------------------------------------------------------
0.0 0.0
0.051070051227802477 -0.015517042542838083
0.09970819525428114 -0.030295178297922006
0.1460302371842608 -0.044369593302763834
0.19014646759376527 -0.05777379806927986
0.23216192512662664 -0.0705397073707237
0.27217664658649465 -0.08269771622924164
0.3102859051197022 -0.09427677228497301
0.34658043705609043 -0.10530444471900288
0.3811466579478887 -0.11580698989426945
0.41406686832102996 -0.1258094138707138
0.4454194496287835 -0.1353355319435179
0.47527905087426303 -0.1444080253461885
0.5037167663461484 -0.15304849525349382
0.530800304890801 -0.16127751421283223
0.5565941511238035 -0.16911467512648787
0.5811597189647584 -0.176578637901398
0.6045554978609058 -0.18368717387750286
0.6268371920477128 -0.19045720814045988
0.6480578531780052 -0.19690485981946657
0.6682680066354266 -0.2030454804661396
0.6875157718329707 -0.2088936906058282
0.7058469767830128 -0.21446341454838877
0.7233052672116242 -0.2197679135413036
0.7399322104769684 -0.22481981734407963
0.7557673945392012 -0.2296311542991044
0.770848522217518 -0.2342133799705566
0.785211500958772 -0.2385774044195587
0.798890528331395 -0.24273361818051303
0.8119181734481786 -0.24669191700046958
0.8243254545117823 -0.25046172540042816
0.8361419126675952 -0.25405201911467445
0.8473956823397979 -0.25747134646157566
0.8581135582180863 -0.2607278486967197
0.8683210590545515 -0.2638292793968569
0.8780424884226135 -0.26678302292079703
0.8873009925826725 -0.26959611199121625
0.8961186155922526 -0.27227524443923456
0.9045163517918526 -0.2748267991516329
0.9125141957914717 -0.277256851258679
0.9201311900768232 -0.2795711865987228
0.9273854703485865 -0.2817753154940027
0.9342943087026468 -0.2838744858704597
0.9408741547541329 -0.28587369575279975
0.9471406748031672 -0.28777770516455214
0.9531087891355808 -0.2895910474614592
0.9587927075474034 -0.2913180401251802
0.9642059631777106 -0.2929627950430097
0.9693614447303841 -0.2945292282980855
0.9742714271615016 -0.2960210694933957
0.9742714271615016 -0.29602106949339557
0.9744010900430077 -0.28996080371745436
0.974537236068589 -0.28359752465271604
0.9746801893954494 -0.2769160816347409
0.9748302903886528 -0.2699005664658669
0.9749878964315164 -0.26253427553854936
0.9751533827765232 -0.2547996700648658
0.9753271434387802 -0.24667833431749808
0.9755095921341502 -0.23815093178276192
0.9757011632642887 -0.22919715912128913
0.9759023129509341 -0.21979569782674258
0.9761135201219118 -0.20992416346746867
0.9763352876514383 -0.19955905239023108
0.9765681435574411 -0.18867568575913163
0.9768126422587442 -0.17724815079647716
0.9770693658951124 -0.16524923908569011
0.977338925713299 -0.15265038178936363
0.9776219635223948 -0.13942158162822071
0.9779191532219456 -0.1255313414590209
0.9782312024064738 -0.11094658928136103
0.9785588540502284 -0.09563259949481795
0.9789028882761708 -0.07955291021894784
0.9792641242134102 -0.06266923647928424
0.9796434219475117 -0.04494137905263751
0.9800416845683183 -0.026327128754658258
0.9804598603201651 -0.0067821659417801605
0.9808989448596044 0.013740045011741864
0.9813599836260155 0.03528836651293987
0.9818440743307473 0.05791410408919784
0.9823523695707156 0.08167112854426872
0.9828860795726823 0.10661600422209316
0.9834464750747474 0.1328081236838088
0.9840348903519157 0.16030984911861035
0.9846527263929424 0.1891866608251518
0.9853014542360204 0.21950731311702043
0.9859826184712525 0.2513439980234825
0.9866978409182461 0.28477251717526775
0.9874488244875893 0.31987246228464217
0.9882373572353997 0.35672740464948527
0.9890653166206007 0.39542509413257054
0.9899346739750616 0.4360576680898101
0.9908474991972457 0.4787218707449117
0.9918059656805389 0.5235192835327683
0.9928123554879968 0.5705565669600178
0.9938690647858276 0.6199457145586298
0.99497860954855 0.6718043195371722
0.9961436315494084 0.7262558547646419
0.9973669046503097 0.7834299667534851
0.9986513414062562 0.8434627843417704
1.0 0.9064972428094697
