# CURVE 2D, normalized by CHORD
# COLUMN#1 = X-coordinate, COLUMN#2 = Y-coordinate
#-------------------------------------------------------------------------------
0.0 0.0
0.06611424421472323 0.009857839480187404
0.12908019108588834 0.019246258032746856
0.18904775953461703 0.02818760903518443
0.24615972948578718 0.03670318141845831
0.30055208182023496 0.04481325035490963
0.35235432213875667 0.052537125532482305
0.40168978910877734 0.05989319713017057
0.4486759481278446 0.0668989796041594
0.49342467100314685 0.07357115338891067
0.5360425023129585 0.0799256046124833
0.5766309130842076 0.0859774629206477
0.6152865423901591 0.0917411374998519
0.6521014274434463 0.09723035138480829
0.6871632227322914 0.1024581741323858
0.7205554087216675 0.10743705293960247
0.7523574906163114 0.11217884227980882
0.7826451876588295 0.1166948321276244
0.8114906134136085 0.12099577483982969
0.8389624474657791 0.1250919107562157
0.8651260989440367 0.12899299258134522
0.890043862256663 0.1327083086052781
0.9137750654115453 0.13624670481854753
0.9363762112733378 0.13961660597404218
0.9579011120940927 0.1428260356459419
0.9784010176376687 0.1458826353334654
0.9979247372029794 0.14879368265491638
1.0 0.059777762378757204
1.013695534393177 0.06650212867903119
1.0165187558366084 0.1515661086753459
1.026738900481917 0.07290628706024452
1.0342273450114932 0.15420651440908825
1.0391611538997647 0.07900548551854294
1.050991871440572 0.08481424595501762
1.051092668035193 0.15672118653646194
1.062259221479436 0.09034639875166017
1.0671548804387168 0.15911611237205595
1.072990031040259 0.09561511570084355
1.0824522255849296 0.1613969941202407
1.083209849669614 0.10063294136673248
1.0929430102689999 0.10541182295329338
1.09702112572418 0.16356926245184522
1.1022126870303197 0.10996313875001804
1.1108962687139425 0.16563808943432573
1.1110409506125292 0.11429772522308915
1.1194488206908237 0.1184259028164902
1.1241106906089542 0.16760840084621192
1.1274563160034854 0.1223575005244912
1.135082502015544 0.12610187929401595
1.1366958543184893 0.16948488790515115
1.1423455363127428 0.12966795431261097
1.1486817245180465 0.17127201843747422
1.1492627118338845 0.1330642162350824
1.1558504980444955 0.13629875139934092
1.1600968389938153 0.17297404751587717
1.1621245801498394 0.13937926107958712
1.168099896440643 0.14231307982267874
1.1709683765897854 0.17459502759054663
1.1737906738604562 0.14510719291133745
1.1792104618793258 0.14776825299577429
1.181322221919281 0.17613881813785087
1.1843721647544396 0.15030259593333317
1.189288072254548 0.15271625587386545
1.1911830269949908 0.1776090948495692
1.193969888921318 0.15501497962675334
1.1984287619372893 0.15720424034378944
1.2005742699242383 0.17900935838453902
1.202675307666786 0.15928925055049045
1.2067196369329731 0.1612749745568724
1.209518310809236 0.1803429427035579
1.2105713790912467 0.16316614027723614
1.214239704956269 0.16496725048710636
1.2177333486372428 0.16668259354412565
1.2180364449854242 0.18161302300738544
1.2210606283334082 0.16831625359842972
1.22422946613928 0.16987212031681453
1.2261489537246513 0.18282262329674498
1.227247406906777 0.17135389814384772
1.2301216362091552 0.17276511512197457
1.2328589974495152 0.17410913129161915
1.2338751525239149 0.1839746235723255
1.23546600815462 0.17538914669128067
1.2379488754928152 0.1766082089766726
1.240313511053001 0.17776922067704587
1.2412334370946423 0.185071766691926
1.2425655449198445 0.17887494610597277
1.2447103390787433 0.17992801794304603
1.2467530001824563 0.18093094350216343
1.2482413271620016 0.18611666490106932
1.248698391709802 0.18188611070132282
1.2505511455453693 0.1827957937481413
1.2523156730078147 0.18366215855463514
1.2539961753530005 0.184487267894153
1.2549155081785346 0.1871118060526344
1.255596653776987 0.1852730863127415
1.2571209189426882 0.1860214848066353
1.25857260005288 0.18673424527701032
1.2599551534911582 0.1874130647726056
1.2612718710514228 0.1880595595303154
