# CURVE 2D, normalized by CHORD
# COLUMN#1 = X-coordinate, COLUMN#2 = Y-coordinate
#-------------------------------------------------------------------------------
0.0 0.0
0.06294265439836003 -0.02733474965522427
0.12288803953965542 -0.05336784456496173
0.17997888253136532 -0.07816126828852121
0.23435111395204142 -0.1017740527871493
0.2861341914955425 -0.1242624189763189
0.3354514082036387 -0.14567991058505186
0.3824201860208732 -0.166077521640988
0.42715235537062035 -0.18550381788473672
0.4697544214179986 -0.20400505240259262
0.5103278176535969 -0.2216252757529316
0.5489691474017858 -0.2384064408484925
0.5857704138286324 -0.2543885028442648
0.6208192389970576 -0.26960951426880986
0.654199072490796 -0.28410571562551945
0.6859893901038802 -0.29791162167952856
0.7162658830687222 -0.3110601036357277
0.7451006382733337 -0.3235824674035364
0.7725623098967732 -0.3355085281347828
0.7987162828714774 -0.34686668121216035
0.823624828561672 -0.3576839698572818
0.8473472530285239 -0.3679861495193022
0.8699400382350495 -0.3777977491974169
0.8914569765269786 -0.38714212984324037
0.9119492987097684 -0.3960415399821199
0.931465796026711 -0.4045171686858147
0.9500529363285611 -0.4125891960226669
0.9677549747112755 -0.42027684110538327
0.9846140588852891 -0.4275984078508274
1.0 0.9670646057091008
1.0006703295272068 -0.43457132856077424
1.0105239445768137 0.8890375771085232
1.0159620158528428 -0.44121220542739026
1.020546748935684 0.814726121298449
1.0300922768965128 0.7439533062412356
1.0305255266391629 -0.4475368500622626
1.0391832559068261 0.6765506252343656
1.0443955369118485 -0.45356032114309347
1.0478413311547434 0.6123575957040133
1.056087117105141 0.5512213771036777
1.0576050705048825 -0.4592969602676943
1.0639402465817098 0.49299640700812003
1.0701855786887244 -0.46476042610064744
1.0714194175117755 0.4375440545361603
1.0785424374451715 0.38473229027715106
1.0821670150542881 -0.4699637268939362
1.0853262659531677 0.33443537193523754
1.0917870550084021 0.2865335449429389
1.0935779068310154 -0.47491925145897307
1.0979401874419585 0.24091275733122597
1.1038003135691554 0.19746438817721368
1.1044454228088512 -0.47963879866377007
1.1093813860712474 0.15608498898291612
1.114696693216097 0.11667603736929943
1.1147954380258374 -0.4841336055254815
1.1197588904969062 0.07914370249918834
1.1245800307643437 0.04339862167051123
1.1246525953753481 -0.48841437396520676
1.1291715929238078 0.009355687547961455
1.1335445092661545 -0.023066154473514455
1.134040364279644 -0.49249129628875454
1.137709191496961 -0.0539440992558724
1.1416755555263003 -0.08335166571526087
1.1429810965694496 -0.4963740794540381
1.1454530450780522 -0.11135887186705973
1.1490506541749588 -0.13803240153543928
1.151496079702598 -0.5000719681828797
1.1524769485529651 -0.16343576312437236
1.155740086055828 -0.18762944082811805
1.1588478360585548 -0.21067103864120917
1.1596055874484532 -0.5035937669722526
1.1618075979659137 -0.23261541751081993
1.164626418830065 -0.25351482595806796
1.1673110101292565 -0.2734190244792567
1.1673289281587917 -0.5069478610573696
1.1698677637475343 -0.29237540402324624
1.1723027671935131 -0.3104290988270455
1.1746218180944454 -0.3276230938782829
1.1746844907400666 -0.5101422363765287
1.1768304380000951 -0.3439983272604139
1.1789338855292852 -0.359593787624348
1.1809371688904189 -0.37444660701857124
1.1816897884365187 -0.5131844985852516
1.182845057805784 -0.3885921492987836
1.1846620948680369 -0.4020640943275575
1.1863926063558965 -0.41489451816448475
1.1880407125348105 -0.42711396943774904
1.188361500528378 -0.5160818911649878
1.1896103374671094 -0.43875154207895295
1.1911052183550133 -0.4498349445943852
1.1925289144387312 -0.46039056603765416
1.1938848154708435 -0.4704435388407673
1.1947155120444344 -0.5188413126694984
1.195176149787141 -0.4800177986532561
1.1964059919931385 -0.48913614133181693
1.1975772702845648 -0.4978202772161606
1.1986927734192565 -0.5060908828202972
1.1997551573570582 -0.5139676500623325
1.2007669515835357 -0.5214693331499847
