# CURVE 2D, normalized by CHORD
# COLUMN#1 = X-coordinate, COLUMN#2 = Y-coordinate
#-------------------------------------------------------------------------------
-0.5514010044879326 -0.598687540097711
-0.5514010044879325 -0.598687540097711
-0.5486221390002891 -0.5956703672425314
-0.5457043302382633 -0.5925023357445928
-0.5435824936876654 -0.5995100467678401
-0.5426406310381362 -0.5891759026717572
-0.5394237468780029 -0.58568314794528
-0.5360460185098628 -0.5820157554824789
-0.5353730573473847 -0.6003736787714758
-0.5324994037233157 -0.5781649933965376
-0.5287754581974413 -0.5741216932062994
-0.5267531491900901 -0.6012804923752932
-0.5248653153952731 -0.5698762280065491
-0.5207596654529967 -0.5654184895468115
-0.5177022456249307 -0.6022326466593015
-0.5164487330136063 -0.560737864164087
-0.5119222539522464 -0.5558232075122261
-0.5081987968815136 -0.6032324086575103
-0.5071694509378185 -0.5506628180277723
-0.5021790077726692 -0.5452444090690958
-0.49822017570092547 -0.6042821587556294
-0.4969390424492625 -0.5395550796624854
-0.4914370788596854 -0.5335812837855445
-0.4877426234613078 -0.6053843963586545
-0.48566001709062945 -0.5273087981147565
-0.4795941022331207 -0.5207226881604292
-0.47674119360970946 -0.606541745841831
-0.47322489163273657 -0.5138072727083856
-0.4665372205023332 -0.5065460864837397
-0.465189692265531 -0.6077569627991661
-0.45951516581540963 -0.49892184094786146
-0.4530606158541439 -0.6090329406043681
-0.4521420083941399 -0.4909163831351894
-0.44440019310180673 -0.48251065243188374
-0.4403250856221872 -0.6103727172998301
-0.4362712870448569 -0.4736846351934128
-0.42773593568505947 -0.46441731709301826
-0.4269527788786327 -0.6117794828300652
-0.41877381675727227 -0.454686633087604
-0.41291185679790043 -0.6132565866368122
-0.4093635918830956 -0.44446941488191904
-0.39948285576521025 -0.43374133576594986
-0.3981688886131316 -0.6148075456338964
-0.38910808284143056 -0.42247685269418217
-0.3826887720191243 -0.6164360525808349
-0.3782145712714619 -0.41064914546882614
-0.3667763841229948 -0.3982300528822023
-0.3664346495954167 -0.6181459848751203
-0.3547662876171043 -0.3851900056662473
-0.3493678210505238 -0.6199414137841199
-0.3421556862859193 -0.3714979560894945
-0.33144765107838614 -0.6218266141385695
-0.32891455488817506 -0.357121304033904
-0.3150113669205436 -0.34202581937553406
-0.31263147260764157 -0.6238060745107417
-0.30041301955453054 -0.32617556048424556
-0.2928744852133598 -0.6258845079015224
-0.28508475482021683 -0.3095327886483927
-0.27212964844936405 -0.6280668629618422
-0.26899007684918746 -0.29205787822074714
-0.25209066497960664 -0.27370922227171934
-0.25034756984716844 -0.6303583357751779
-0.23434628251654674 -0.2544431335252402
-0.22747638731486308 -0.6327643822291804
-0.21571468093033386 -0.23421374034143697
-0.20346164565594216 -0.6352907310058831
-0.1961514992648103 -0.21297287749844362
-0.17824616691407558 -0.6379433972214209
-0.17561015851601058 -0.19066997151330065
-0.15404175072977092 -0.1672519202289005
-0.15176991423511543 -0.6407286967477356
-0.13139492255421922 -0.14266296638028036
-0.12396984892220742 -0.643653261250366
-0.10761575296988996 -0.1168445648392292
-0.09477978034365386 -0.646724053978128
-0.08264762490634424 -0.08973524322112549
-0.06413020833617278 -0.649948386342278
-0.05643109043962122 -0.06127045552211659
-0.031948157728317605 -0.6533339353246356
-0.028903729249562058 -0.031382428438157244
0.0 0.0
0.0018429954099302703 -0.656888761756111
0.037323706205090734 -0.6606213295091602
0.07457845254000905 -0.6645405256498619
0.1136959361916734 -0.6686556815975986
0.154769294025921 -0.6729765953427221
0.19789631975188093 -0.6775135547751019
0.24317969676413886 -0.6822773621791007
0.29072724262700966 -0.6872793599532994
0.34065216578302404 -0.692531457616208
0.39307333509683906 -0.6980461601622621
0.448115562876345 -0.7038365978356188
0.5059099020448261 -0.7099165573926434
0.5665939581717313 -0.7163005149275192
0.6303122171049818 -0.7230036703391388
0.6972163889848948 -0.7300419835213394
0.7674657694588034 -0.73743221236265
0.8412276189564074 -0.7451919526460262
0.9186775609288917 -0.7533396799435711
1.0 -0.7618947936059933
