# CURVE 2D, normalized by CHORD
# COLUMN#1 = X-coordinate, COLUMN#2 = Y-coordinate
#-------------------------------------------------------------------------------
0.0 0.0
0.03197372825386263 -0.0436433558670106
0.06242489801944616 -0.08520845669273507
0.09142601208190666 -0.12479426700294885
0.11904612071282142 -0.16249503872696197
0.14535098607559738 -0.1984005356069745
0.1704032388020507 -0.2325962469212721
0.19426252711295858 -0.265163591030127
0.2169856588376328 -0.29618010922903637
0.23862673667065584 -0.3257196503708549
0.25923728698782067 -0.3538525466963963
0.2788663825279776 -0.38064578129215
0.297560759232889 -0.4061631475738202
0.31536492752328077 -0.4304654011754109
0.33232127827603486 -0.45361040460549723
0.3484701837548483 -0.4756532650151033
0.3638500937346706 -0.49664646540520435
0.37849762704878703 -0.5166399895862529
0.39244765877651705 -0.5356814411872516
0.405733403279117 -0.5538161569977265
0.41838649328159316 -0.5710873149124643
0.4304370551887133 -0.5875360367360244
0.441913780814542 -0.6032014860917958
0.45284399569628364 -0.6181209616687209
0.4632537241550852 -0.6323299860276973
0.4731677512587057 -0.6458623901791033
0.48260968183358244 -0.6587503941328233
0.4916019966667983 -0.6710246836125567
0.5001661060317658 -0.6827144831170646
0.5083224006650682 -0.6938476255023103
0.5160903003158325 -0.7044506182501634
0.5234882999832269 -0.714548706581452
0.5305340139521739 -0.7241659335636315
0.5372442177321236 -0.7333251973561836
0.5436348879987424 -0.7420483057300427
0.5497212406336173 -0.7503560279908608
0.5555177669525458 -0.7582681444297352
0.5610382682086682 -0.7658034934191396
0.5662958884525943 -0.7729800162661912
0.5713031458277621 -0.7798147999300499
0.5760719623755408 -0.7863241177051533
0.5806136924210443 -0.7925234679671567
0.5849391496072383 -0.7984276110738265
0.5890586326417087 -0.8040506045087502
0.5929819498173947 -0.8094058363515346
0.5967184423656672 -0.8145060571541866
0.6002770066973552 -0.8193634102995693
0.6036661155846772 -0.8239894609142195
0.6068938383345076 -0.8283952234043626
0.6099678600010128 -0.8325911876806893
0.6119334836471313 -0.8258330118723176
0.6139973884755556 -0.8187369272735272
0.6161644885454012 -0.8112860384447975
0.6184399436187391 -0.8034626051746312
0.6208291714457439 -0.7952480002409565
0.6233378606640989 -0.7866226650605983
0.6259719843433716 -0.777566063121222
0.628737814206608 -0.7680566310848769
0.6316419355630063 -0.7580717274467146
0.6346912629872243 -0.7475875786266442
0.6378930567826535 -0.73657922236557
0.641254940267854 -0.7250204482914424
0.6447849179273144 -0.7128837355136084
0.648491394469748 -0.7001401870968826
0.6523831948393033 -0.6867594612593206
0.6564695852273362 -0.6727096991298804
0.6607602951347709 -0.6579574488939681
0.6652655405375772 -0.6424675861462605
0.6699960482105238 -0.6262032302611673
0.6749630812671179 -0.6091256565818195
0.6801784659765416 -0.5911942042185043
0.6856546199214366 -0.5723661792370234
0.6914045815635762 -0.5525967530064684
0.6974420412878228 -0.5318388554643856
0.7037813739982819 -0.5100430630451986
0.7104376733442638 -0.4871574810050524
0.7174267876575448 -0.46312761986289885
0.7247653576864899 -0.4378962656636376
0.7324708562168821 -0.41140334375441334
0.740561629673794 -0.38358577574972785
0.7490569418035515 -0.35437732934480803
0.757977019539797 -0.3237084606196422
0.7673431011628546 -0.2915061484582181
0.7771774868670652 -0.25769372068872276
0.7875035918564863 -0.22219067153075267
0.7983460020953785 -0.18491246991488408
0.8097305328462152 -0.14577035821822204
0.8216842901345939 -0.10467114093672691
0.8342357352873914 -0.06151696279115715
0.8474147526978287 -0.01620507573830876
0.861252720978788 0.03137240566718208
0.8757825876737952 0.08132876114294746
0.8910389477035529 0.13378293439250105
0.9070581257347984 0.1888598163045323
0.9238782626676061 0.24669054231216514
0.9415394064470543 0.3074128046201796
0.9600836074154748 0.37117118004359484
0.9795550184323164 0.4381174742381808
1.0 0.508411083142496
