# CURVE 2D, normalized by CHORD
# COLUMN#1 = X-coordinate, COLUMN#2 = Y-coordinate
#-------------------------------------------------------------------------------
-0.45400872450745366 -0.3826058518030093
-0.45400872450745355 -0.3826058518030093
-0.4517206815670995 -0.38067765401538795
-0.4493182364797275 -0.3786530463383854
-0.44679566913798696 -0.37652720827753283
-0.44668103625447575 -0.3782433958228575
-0.44414697342915943 -0.3742950783136376
-0.44136584293489045 -0.3719513418515476
-0.43898696358884903 -0.3736628170436981
-0.4384456559159081 -0.3694904185663531
-0.4353794595459766 -0.3669064491168989
-0.43215995335754853 -0.36419328119497196
-0.43090818728994096 -0.36885320932558063
-0.42877947185969906 -0.3613444548769487
-0.42522996628695714 -0.3583531872430243
-0.4224254721760874 -0.36380312122155734
-0.42150298543557807 -0.3552123562274036
-0.4175896555416301 -0.3519144836610019
-0.41351862130654116 -0.35850052871233296
-0.41348065915298465 -0.3484517174662801
-0.40916621294490696 -0.34481581296182223
-0.4046360444264254 -0.34099811323214146
-0.40416642789351775 -0.35293280657764725
-0.39987936748201974 -0.3369895285159767
-0.3948848566903938 -0.3327805145640036
-0.39434662480984306 -0.3470866983362273
-0.3896406203591866 -0.32836104991443194
-0.38413417221141904 -0.32372061203238167
-0.38403583157198473 -0.3409482846827364
-0.3783524016562631 -0.31884815225622887
-0.3732094986722334 -0.33450295034657096
-0.37228154257334933 -0.3137320694912685
-0.3659071405362899 -0.30836018258806003
-0.3618418491274946 -0.32773534929359716
-0.3592140183973775 -0.3027197013396911
-0.35218624015151945 -0.2967971960289038
-0.3499058171055187 -0.3206293681879747
-0.34480707299336855 -0.2905785654525771
-0.33737298348244416 -0.3131680880270712
-0.33705894747731 -0.2840490033474341
-0.32892341568544864 -0.27719296313703395
-0.3242135081782158 -0.3053337438581224
-0.32038110730399416 -0.26999412091611374
-0.311411683503467 -0.2624353365841476
-0.3103960591087762 -0.29710768248072617
-0.3019937885129134 -0.2544986130355831
-0.2958877375858644 -0.2884703180344602
-0.2921049987728322 -0.24616505330959035
-0.28172176954574685 -0.23741481559729796
-0.28065399998680696 -0.2794010853658808
-0.2708193788573073 -0.228227065999391
-0.2646585755077968 -0.26987839106387257
-0.2593718686344457 -0.21857992892158865
-0.2478633798048362 -0.2598795620467639
-0.24735198290044108 -0.20845043498989618
-0.23473110287973623 -0.19781446636161912
-0.2302284243167274 -0.24938079157879978
-0.22147917885799612 -0.18664669930192818
-0.2117117210542132 -0.23835708258743749
-0.20756465863516899 -0.1749205438892527
-0.19295441240120054 -0.16260808070594346
-0.1922691826285734 -0.22678218814650708
-0.17761365385553363 -0.14967999436346874
-0.1718545172816517 -0.21462854898353012
-0.16150585738258338 -0.13610550370387028
-0.15041911866738356 -0.2018672278624043
-0.1445926710859856 -0.1218522885112919
-0.1279119501224022 -0.18846784068522215
-0.126833825474558 -0.10688641255908461
-0.10818703758255896 -0.09117224280926695
-0.1042794231501718 -0.17439848414918102
-0.08860791029595998 -0.0746723645719584
-0.07946526982932989 -0.1596256597863377
-0.06804982664503105 -0.05734749242278444
-0.053410408842445856 -0.14411419420535232
-0.046463838811555684 -0.03915637666615177
-0.026052804806217633 -0.12782715534531763
-0.023798551586406543 -0.02005570512168747
0.0 0.0
0.0026726794318220337 -0.11072576454228122
0.032834437881763656 -0.0927693041990929
0.0645042842542024 -0.07391502083874524
0.09775762294526313 -0.05411802331038018
0.13267362857087683 -0.033331175905596866
0.16933543447777133 -0.01150498613057438
0.20783033068001044 0.011412513133199242
0.24824997169236152 0.03547588736016155
0.2906905947553302 0.06074243029847198
0.33525324897144726 0.08727230038369793
0.3820440358983702 0.11512866397318511
0.4311743621716393 0.14437784574214674
0.48276120475857187 0.17508948659955642
0.5369273894748512 0.20733670949983657
0.5938018834269443 0.24119629354513075
0.6535201020766421 0.2767488567926896
0.7162242316588248 0.31407904820262644
0.7820635677201165 0.35327574918306015
0.851194870584473 0.3944322852125155
0.9237827385920472 0.43764664804344355
1.0 0.483021729015918
