# CURVE 2D, normalized by CHORD
# COLUMN#1 = X-coordinate, COLUMN#2 = Y-coordinate
#-------------------------------------------------------------------------------
-0.9797659513337063 0.7987129985896404
-0.9748282784495992 0.7946877683701666
-0.9697886331369756 0.794102041637006
-0.9696437219212867 0.790461276639719
-0.9641999375665584 0.7860234603227491
-0.9593124490304081 0.7892605368367399
-0.958483963994094 0.7813637531899307
-0.9524821917430062 0.7764710607004713
-0.9483124557185125 0.7841769567964605
-0.946180330879364 0.771333733586539
-0.9395633769725398 0.7659395401169101
-0.936762462741022 0.7788391977541671
-0.9326155753703743 0.7602756369737997
-0.9253203836881005 0.7543285386735339
-0.924634970114657 0.773234550759759
-0.9176604324217132 0.7480840854582548
-0.9119011028569737 0.7673496714156306
-0.9096174835920063 0.7415274095822116
-0.9011723873208143 0.7346428999123663
-0.8985305422364063 0.7611705481042957
-0.8923050362360624 0.7274141647590288
-0.8844914535848105 0.7546824686273941
-0.8829943175970731 0.7198239928480243
-0.8732180630261343 0.7118543123414697
-0.8697504105006351 0.7478699851766474
-0.8629529957266485 0.7034861478095873
-0.8542723152622509 0.7407168775533635
-0.8521746750621885 0.6946995750511107
-0.8408574383645054 0.6854736736547105
-0.8380203152619472 0.7332061145489152
-0.8289743398319384 0.6757864771884902
-0.8209557152616285 0.7253198133942446
-0.8164970863727428 0.6656149208989587
-0.8033959702405874 0.6549347867949509
-0.8030378852612938 0.7170391971818403
-0.7896397983018243 0.6437206459857425
-0.7842241637609424 0.7083445501588159
-0.7751958177661231 0.6319457981360738
-0.7644697561855733 0.6992151707846402
-0.7600296382036368 0.6195822078939216
-0.7441051496630261 0.6066004381396618
-0.743727628231436 0.6896293224417559
-0.7273844366953849 0.592969579897689
-0.7219483938795914 0.6795641816817272
-0.7098276880793618 0.5786571787436176
-0.6990801978101551 0.6689957838836972
-0.6913931020325373 0.5636291575318426
-0.6750685919372468 0.6578989661957657
-0.6720367866833717 0.5478497352594789
-0.651712655566748 0.531281341873497
-0.649856405770693 0.6462473076234375
-0.6303723178942928 0.5138845288182159
-0.6233836102958117 0.634013066122493
-0.607964963338215 0.4956178751101708
-0.5955871750471862 0.6211671125465013
-0.5844372410543333 0.4764378887167235
-0.5664009180361294 0.6076788612917099
-0.5597331326562575 0.4562989030036037
-0.5357553481745196 0.5935161974741789
-0.5337938188382778 0.435152968004828
-0.5065575393293992 0.41294973625611353
-0.5035774998198295 0.5786454004657715
-0.47795944584507666 0.3896363429199633
-0.46979075904740486 0.5630310636069437
-0.44793144768653803 0.3651572799170056
-0.43431468123635897 0.5466360099051745
-0.41640204962007243 0.3394542637639
-0.3970647995347609 0.5294212035183167
-0.38329618165028356 0.3124660968031391
-0.3579524237480829 0.5113456568121162
-0.3485350202820052 0.2841285214943401
-0.31688442917207094 0.4923663327706056
-0.312035800845313 0.2543740674201012
-0.2737630348672584 0.4724380425270194
-0.27371162043678615 0.22313189064215036
-0.23347123100783296 0.190327605025302
-0.2284855708472051 0.4515133377712539
-0.1912188221074321 0.1558831051276112
-0.1809442336261493 0.4295423977777002
-0.14685379276201121 0.11971638023503585
-0.13102582954404052 0.4064729107844688
-0.10027051194931928 0.08174131909783175
-0.07861150525782645 0.3822499494415758
-0.05135806709599274 0.041867504903767436
-0.023576464757301574 0.35681584003153816
0.0 0.0
0.034210327768249615 0.3301100251509986
0.09488645992007827 0.3020689195264321
0.15859639867949826 0.27262575862063726
0.22549183437688936 0.2417104396695527
0.29573204185915003 0.2092493547709139
0.3694842597155237 0.1751652156273431
0.4469240884647161 0.13937686952659384
0.528235908651368 0.10179910612080706
0.6136133198473526 0.062342454544730974
0.7032596016031364 0.02091297038985107
0.7973881974467094 -0.02258798797277281
0.896223223082461 -0.06826399425352789
1.0 -0.11622380084832062
