# CURVE 2D, normalized by CHORD
# COLUMN#1 = X-coordinate, COLUMN#2 = Y-coordinate
#-------------------------------------------------------------------------------
0.0 0.0
0.04218664026540573 -0.021585149269121875
0.08236439289912556 -0.042142434287333226
0.12062891921695397 -0.061720800971344046
0.1570713252339334 -0.08036686447992578
0.19177837858343763 -0.09812502020238456
0.224832715106775 -0.11503754946186912
0.25631303560519153 -0.13114472018518775
0.2862942932227311 -0.14648488277882454
0.3148478719061021 -0.16109456143943102
0.34204175636645545 -0.17500854111619907
0.3679406939477443 -0.18825995033216864
0.39260634878706707 -0.2008803400616635
0.41609744863404113 -0.21289975885165857
0.4384699246787783 -0.2243468243659396
0.45977704472138514 -0.23524879152239775
0.48006954000005836 -0.2456316173856912
0.4993957259797471 -0.2555200229697802
0.5178016173889745 -0.264937552097484
0.5353310377787148 -0.2739066274572019
0.5520257238641818 -0.2824486039902666
0.5679254248979598 -0.29058381973604247
0.5830679973110818 -0.29833164425582903
0.5974894948473884 -0.3057105247508638
0.6112242544057758 -0.3127380299842303
0.624304977794716 -0.319430892111246
0.6367628095937069 -0.32580504651792763
0.6486274113070314 -0.3318756697623863
0.659927031986388 -0.3376572157094898
0.6706885754905372 -0.3431634499448265
0.6809376645421079 -0.34840748254990905
0.69069870173408 -0.35340179931665433
0.6999949276311962 -0.35815829147545936
0.7088484761046403 -0.3626882840076546
0.7172804270317299 -0.3670025626097454
0.7253108564861009 -0.3711113993736413
0.7329588845378828 -0.3750245772440184
0.7402427207776753 -0.3787514133110442
0.7471797076727155 -0.3823007809939259
0.7537863618584683 -0.385681131168099
0.7600784134639469 -0.388900512286359
0.7660708435644028 -0.39196658954184477
0.7717779198505513 -0.39488666311849785
0.7772132305992642 -0.3976676855724532
0.7823897170266098 -0.40031627838574396
0.7873197041002723 -0.4028387477317352
0.7920149298847127 -0.4052410994898221
0.7964865734889417 -0.40752905354514296
0.8007452816834455 -0.40970805740735333
0.8048011942496396 -0.41178329918088696
0.8057849269960691 -0.4140518661973503
0.8068178463798201 -0.41643386156463685
0.8079024117327587 -0.41893495670028774
0.8090412053533442 -0.4215611065927211
0.8102369386549589 -0.4243185639797762
0.8114924586216544 -0.427213894236184
0.8128107545866847 -0.43025399100541223
0.8141949653499665 -0.43344609261310185
0.8156483866514124 -0.43679779930117596
0.8171744790179305 -0.44031709132365376
0.8187768760027747 -0.44401234794725547
0.820459392836861 -0.44789236740203725
0.8222260355126516 -0.45196638782955817
0.8240810103222317 -0.4562441092784551
0.8260287338722908 -0.46073571679979686
0.8280738435998529 -0.46545190469720576
0.8302212088137931 -0.47040390198948506
0.8324759422884304 -0.47560349914637834
0.8348434124367994 -0.4810630761611162
0.8373292560925869 -0.4867956320265911
0.8399393919311638 -0.49281481568533964
0.8426800345616696 -0.4991349585270256
0.8455577093237006 -0.5057711085107959
0.8485792678238332 -0.5127390659937547
0.8517519042489724 -0.5200554213508615
0.8550831724953686 -0.5277375944758236
0.8585810041540846 -0.5358038762570339
0.8622537273957364 -0.5442734721273046
0.8661100867994708 -0.5531665477910888
0.8701592641733918 -0.5625042772380622
0.874410900416009 -0.5723088931573843
0.878875118470757 -0.5826037398726727
0.8835625474282425 -0.5934133289237252
0.8884843478336021 -0.6047633974273305
0.8936522382592298 -0.6166809693561162
0.8990785232061388 -0.629194419881341
0.9047761224003933 -0.642333542932827
0.9107586015543605 -0.6561296221368874
0.9170402046660261 -0.6706155053011508
0.923635887933275 -0.6858256826236273
0.9305613553638863 -0.7017963688122277
0.9378330961660282 -0.7185655893102583
0.9454684240082771 -0.7361732708331902
0.9534855182426386 -0.7546613364322687
0.9619034671887181 -0.7740738053113012
0.9707423135821016 -0.7944568976342853
0.9800231022951542 -0.8158591445734186
0.9897679304438595 -0.8383315038595085
1.0 -0.8619274811099029
