# CURVE 2D, normalized by CHORD
# COLUMN#1 = X-coordinate, COLUMN#2 = Y-coordinate
#-------------------------------------------------------------------------------
0.0 0.0
0.04144215878485468 -0.029553638308078018
0.08091088143709732 -0.05769996050624763
0.11850014110589983 -0.08450598164736153
0.1542994360285689 -0.11003552559127955
0.18839400262158706 -0.13434937696643956
0.2208650184244615 -0.15750542589516336
0.25178979537958 -0.1795588058272813
0.2812419639082643 -0.20056202481025073
0.30929164822129696 -0.2205650905083169
0.3360056332813281 -0.2396156292683799
0.36144752381469103 -0.2577589995160589
0.38567789575122713 -0.2750383997519437
0.40875444045269016 -0.29149497140516734
0.4307321020731311 -0.3071678967891898
0.451663208378313 -0.3220944923930208
0.47159759533562906 -0.33631029773000265
0.4905827257711681 -0.34984915995569965
0.5086638023764435 -0.36274331445636343
0.5258838753338485 -0.3750234615998528
0.5422839448170914 -0.3867188398317474
0.557903058610656 -0.3978572952906946
0.5727784050807176 -0.4084653481087396
0.5869454017188716 -0.41856825555449667
0.6004377794694943 -0.4281900721695035
0.613287663041516 -0.43735370704093857
0.6255256473958224 -0.44608097834706717
0.6371808705903999 -0.4543926653052849
0.6482810831566641 -0.46230855764644463
0.6588527141721539 -0.4698475027332634
0.6689209341869061 -0.4770274504349956
0.6785097151533367 -0.4838654958652167
0.6876418875023182 -0.4903779200844749
0.6963391945013484 -0.49658022886472086
0.7046223440242342 -0.5024871896078122
0.7125110578555539 -0.5081128665059945
0.7200241186472871 -0.5134706540280728
0.7271794146394138 -0.5185733088110046
0.7339939822509631 -0.5234329800328443
0.7404840466429149 -0.5280612383393584
0.7466650603495356 -0.5324691033931812
0.7525517400701267 -0.5366670701111078
0.758158101708785 -0.5406651336519903
0.7634974937456023 -0.5444728132147355
0.7685826290187617 -0.5480991747030642
0.7734256149931992 -0.5515528523109964
0.7780379825879016 -0.5548420690804555
0.7824307136304753 -0.5579746564799405
0.7866142670043551 -0.5609580730508785
0.7905986035509072 -0.5637994221660576
0.7916539123169787 -0.5609728111426752
0.7927619865213538 -0.5580048695681235
0.7939254644359476 -0.5548885309148442
0.7951471162462711 -0.5516163753289011
0.7964298506471108 -0.5481806119636607
0.7977767217679925 -0.5445730604301584
0.7991909364449183 -0.540785131319981
0.8006758618556904 -0.5368078057542947
0.8022350335370011 -0.532631613910324
0.8038721638023772 -0.5282466124741548
0.8055911505810223 -0.5236423609661771
0.8073960866985996 -0.5188078968828006
0.8092912696220558 -0.5137317095952553
0.8112812116916847 -0.5084017129433326
0.8133706508647951 -0.5028052164588138
0.815564561996561 -0.4969288951500691
0.8178681686849152 -0.4907587577758872
0.8202869557076871 -0.48428011353299616
0.8228266820815976 -0.4774775370779606
0.8254933947742036 -0.4703348318001732
0.8282934431014399 -0.46283499125849653
0.8312334938450381 -0.45496015868973594
0.8343205471258162 -0.4466915844925374
0.8375619530706332 -0.4380095815854788
0.8409654293126909 -0.42889347853306736
0.8445390793668517 -0.41932157032803535
0.8482914119237204 -0.40927106671275176
0.8522313611084326 -0.39871803791670396
0.8563683077523804 -0.3876373576808538
0.8607121017285255 -0.37600264343321105
0.865273085403478 -0.3637861934731862
0.870062118262178 -0.35095892101516013
0.8750906027638131 -0.3374902849342327
0.8803705114905299 -0.323348217049259
0.8859144156535825 -0.3084990457700365
0.8917355150247879 -0.29290741592685293
0.8978476693645534 -0.2765362045915102
0.9042654314213072 -0.2593464326894003
0.9110040815808987 -0.24129717219218488
0.9180796642484699 -0.22234544867010872
0.9255090260494195 -0.20244613897192873
0.9333098559404167 -0.18155186378883975
0.9415007273259637 -0.15961287484659634
0.950101142280788 -0.13657693645724076
0.9591315779833536 -0.11238920114841737
0.9686135354710474 -0.08699207907415284
0.978569590833126 -0.06032510089617507
0.9890234489633084 -0.03232477380929841
1.0 -0.0029244303680779904
