# CURVE 2D, normalized by CHORD
# COLUMN#1 = X-coordinate, COLUMN#2 = Y-coordinate
#-------------------------------------------------------------------------------
-0.7522105701454727 -0.0013144481011370113
-0.7484196956715331 -0.0013078237489254291
-0.7444392774738965 -0.0013008681791032678
-0.7433800503589096 0.0014315319444326846
-0.7402598383663781 -0.0012935648307899985
-0.7358714273034839 -0.0012858963150610657
-0.7341080045830182 0.004314810992281037
-0.7312635956874448 -0.0012778443735456861
-0.7264253724906038 -0.0012693898349545377
-0.7243723565183322 0.007342253992521752
-0.7213452381339208 -0.001260512569433832
-0.7160110970594036 -0.0012511914406370909
-0.7141499260504118 0.010521069142774397
-0.7104102489311607 -0.0012414042554005126
-0.7045293583965054 -0.0012311277109021057
-0.7034163740590955 0.013858825050539814
-0.6983544233351175 -0.001220337339178778
-0.6921461444682135 0.017363468753693323
-0.6918707415206602 -0.0012090074488692842
-0.68506287561548 -0.0011971110640443157
-0.6803124033977874 0.021043344642004636
-0.6779146164150407 -0.0011846198599780988
-0.6704089442545795 -0.001171504095708571
-0.6678869752738399 0.02490721432473153
-0.6625279884860953 -0.0011577325432255666
-0.6548402757436951 0.028964277491594692
-0.6542529849291868 -0.0011432724131184122
-0.645564231194433 -0.0011280892765059
-0.6411412412370432 0.033224193816801084
-0.6364410397729414 -0.0011121469830627625
-0.6268616887803752 -0.0010954075749474677
-0.6267572550050584 0.03769710595826781
-0.6168033702381808 -0.0010778311964264086
-0.6116540694614745 0.04239366370680775
-0.6062421357688766 -0.0010593759989792962
-0.5957957246407113 0.047325049342774816
-0.5951528395761072 -0.0010399980416598282
-0.5835090785736994 -0.0010196511864743868
-0.57914446257891 0.052503004260540165
-0.5712831295211711 -0.0009982869885296734
-0.5616606374140185 0.05793985692419379
-0.5584458830160164 -0.0009758545806877244
-0.544966774185604 -0.000952300552453678
-0.5433026209908827 0.06364855222103011
-0.530813709913671 -0.000927568822807929
-0.5240267037465898 0.06964268228270831
-0.5159529924281414 -0.0009016005066798928
-0.5037869906400825 0.07593651884747032
-0.5003492390683353 -0.0008743337747454548
-0.4839652980405388 -0.0008457037062142947
-0.48253529187824995 0.0825450472404704
-0.4667621599613525 -0.0008156421342565767
-0.46022100817832556 0.08948400205312063
-0.4486988649782069 -0.0007840774837009727
-0.43679101029340495 0.09676990460640322
-0.429732405245904 -0.0007509346006175886
-0.4121895125142383 0.10442010228735005
-0.40981762252698595 -0.0007161345733800352
-0.388907100672122 -0.0006795945447806041
-0.38635793984611344 0.11245280985234413
-0.36695105272451484 -0.0006412275147512016
-0.35923478854458213 0.12088715279558798
-0.34389720237952737 -0.0006009421332203289
-0.3307554796779746 0.12974321288599405
-0.3196906595172905 -0.0005586424826129127
-0.30085220536803625 0.1390420759809204
-0.2942737895119418 -0.0005142278494751255
-0.2694537673426014 0.148805882230593
-0.2675860760063256 -0.0004675924846804489
-0.23956397682542863 -0.00041862535164603857
-0.2364854074158944 0.1590578787927493
-0.21014077268548684 -0.0003672098619599077
-0.20186862949285245 0.16982247518301335
-0.17924640833854794 -0.0003132235977894703
-0.16552101267365815 0.18112530139279065
-0.1468073257742621 -0.000256538020410511
-0.12735601501350424 0.19299326891305685
-0.11274628908176194 -0.0001970181641626038
-0.08728276747034247 0.2054546348093363
-0.0769822005546368 -0.0001345223151023012
-0.04520585755002293 0.21853906900042974
-0.03942990760115538 -6.890167358898346e-05
-0.0010251021336871169 0.2322777249010779
0.0 0.0
0.04536469105346552 0.24670331359675846
0.09407397389997574 0.261850181727223
0.14521872088881138 0.2777543932642108
0.19892070522708893 0.294453815378048
0.2553077887822802 0.31198820859757703
0.3145142265152312 0.33039932147808254
0.3766809861348297 0.3497309900026133
0.44195608373540807 0.3700292419533706
0.5104949362160154 0.3913424065016658
0.5824607313206531 0.41372122927737576
0.6580248161805227 0.4372189931918712
0.7373671052833857 0.46189164530209137
0.8206765088413919 0.4877979300178226
0.9081513825772983 0.5149995289693404
1.0 0.543561207868434
