# CURVE 2D, normalized by CHORD
# COLUMN#1 = X-coordinate, COLUMN#2 = Y-coordinate
#-------------------------------------------------------------------------------
0.0 0.0
0.023652818017215825 -0.009334116232590487
0.04617931136694523 -0.018223750739819543
0.06763311455716371 -0.026690069318132927
0.08806530807165751 -0.03475322986890758
0.10752453999022302 -0.042432430393454866
0.12605714181742828 -0.04974595470254753
0.143707238795719 -0.05671121594930244
0.16051685496551968 -0.06334479808906901
0.17652601322247272 -0.06966249536503719
0.19177283061004705 -0.07567934991357832
0.20629360907440353 -0.08140968757885556
0.2201229218976002 -0.08686715202197676
0.23329369601493033 -0.0920647372059017
0.2458372904123876 -0.09701481833344927
0.25778357079091835 -0.101729181312066
0.26916098067523336 -0.10621905081551052
0.2799966091364857 -0.11049511700926717
0.29031625529005944 -0.11456756100332115
0.3001444897220344 -0.11844607909289637
0.3095047129905819 -0.12213990584487275
0.3184192113415796 -0.12565783608485026
0.32690920977110116 -0.1290082458372098
0.33499492256112173 -0.13219911226802838
0.3426956014087604 -0.13523803267833184
0.3500295812636543 -0.13813224259290655
0.35701432398260097 -0.1408886329877396
0.36366645990540725 -0.1435137666971044
0.370001827450937 -0.14601389403935658
0.37603551082763204 -0.14839496769864438
0.38178187594829405 -0.15066265689796612
0.38725460463463873 -0.15282236089732013
0.39246672719306225 -0.15487922184908584
0.39743065343917994 -0.1568381370412437
0.40215820224500626 -0.1587037705575845
0.4066606296791266 -0.16048056438267097
0.41094865580686024 -0.16217274897799144
0.4150324902142256 -0.16378435335448713
0.4189218563164783 -0.16531921466543537
0.42262601450910003 -0.16678098734252894
0.4261537842163587 -0.16817315179690379
0.4295135648899384 -0.1694990227058322
0.4327133560076334 -0.17076175690481163
0.43576077611972386 -0.17196436090383968
0.4386630809883814 -0.17310969804577114
0.4414271808632934 -0.1742004953238011
0.44405965693463817 -0.17523934987430584
0.44656677700258557 -0.17622873516050083
0.44895451040063067 -0.17717100686163892
0.45122854220829267 -0.1780684084817704
0.4539941557132543 -0.17971205467988527
0.45689804989346394 -0.18143788318790588
0.4599471387826841 -0.18325000312132755
0.4631486821163654 -0.18515272905142027
0.46651030261673065 -0.18715059127801764
0.4700400041421141 -0.18924834661594492
0.4737461907437668 -0.19145098972076852
0.4776376866755021 -0.19376376498083325
0.4817237574038242 -0.1961921790039013
0.48601413166856233 -0.19874201372812267
0.4905190246465375 -0.20141934018855517
0.4952491622734113 -0.20423053297200927
0.5002158067816289 -0.20718228539463612
0.5054307835152574 -0.2102816254383943
0.5109065090855671 -0.21353593248434033
0.5166560209343926 -0.2169529548825837
0.5226930083756591 -0.2205408284007393
0.529031845188989 -0.22430809559480258
0.5356876238429855 -0.22826372614856905
0.5426761914296818 -0.23241713823002386
0.5500141873957128 -0.23677822091555145
0.5577190831600455 -0.24135735773535533
0.5658092237125947 -0.24616545139614948
0.5743038712927715 -0.2512139497399833
0.5832232512519571 -0.25651487300100884
0.5925886002091019 -0.26208084242508567
0.6024222166141039 -0.26792511032036626
0.6127475138393561 -0.27406159161041094
0.6235890759258709 -0.28050489696495784
0.6349727161167114 -0.28727036758723207
0.646925538317094 -0.29437411174062
0.6594760016274956 -0.30183304310167736
0.6726539881034175 -0.30966492103078763
0.6864908739031352 -0.3178883928563534
0.7010196039928391 -0.3265230382731974
0.716274770587028 -0.33558941596088365
0.7322926955109265 -0.3451091125329542
0.7491115166810198 -0.35510479393362826
0.7667712789096177 -0.36560025940433605
0.7853140292496457 -0.37662049814857923
0.804783917106675 -0.38819174883003454
0.8252272993565557 -0.40034156204556265
0.8466928507189304 -0.4130988659218671
0.8692316796494239 -0.42649403499198685
0.8928974500264422 -0.44055896251561255
0.9177465089223114 -0.45532713641541955
0.9438380207629739 -0.4708337190102169
0.9712341081956696 -0.4871156307347541
1.0 -0.5042116380455182
