# CURVE 2D, normalized by CHORD
# COLUMN#1 = X-coordinate, COLUMN#2 = Y-coordinate
#-------------------------------------------------------------------------------
-0.7638701337546914 0.9006315314969355
-0.7600204992156614 0.896092668020826
-0.7559783829496799 0.8913268613709109
-0.7549808539030378 0.9003057117376527
-0.7517341608703992 0.8863227643885001
-0.7472777276871546 0.8810684625569688
-0.7456471100588014 0.8999636009904057
-0.7425984728447478 0.8755514456338608
-0.7376852552602206 0.8697585778645975
-0.7358466790223532 0.8996043847057964
-0.732526376796467 0.863676066706871
-0.7271095544095257 0.8572894299912582
-0.7255562264340827 0.8992272076069566
-0.7214218909032375 0.8505834614398649
-0.7154498442216348 0.8435421944609017
-0.7147512512163985 0.8988311716531749
-0.709179195205952 0.8361488641329905
-0.7034060272378304 0.898415333901704
-0.702595013739485 0.8283858672886837
-0.6956816231996946 0.8202347206021615
-0.6914935420603336 0.8979787042626597
-0.6884225631329147 0.8116760165813132
-0.6808005500627959 0.8026893773594225
-0.6789854326239622 0.897520243141663
-0.6727974363391711 0.7932534061764372
-0.665851917715772 0.8970388589646165
-0.664394166929365 0.7833456364343027
-0.6555707340490687 0.7729424782050616
-0.6520617270621725 0.8965334055787179
-0.6463061295247576 0.7620191620643583
-0.6375820268758927 0.8960026795235241
-0.6365782947742309 0.7505496801166198
-0.6263640682861779 0.7385067240714944
-0.6223783416802993 0.8954454171655707
-0.6156391304737221 0.7258616202241128
-0.6064144722249258 0.8948602916897197
-0.6043779457706436 0.7125842611843621
-0.5925537018324112 0.6986430341926239
-0.5896524092967841 0.894245909940076
-0.5801382456972672 0.6840047458512987
-0.572052243222235 0.8936008091029503
-0.567102016755366 0.6686345430929073
-0.5535720688439585 0.8929234532239682
-0.5534139763663697 0.6524958301965963
-0.5390415339579235 0.6355501816554697
-0.534167885746768 0.892212229551037
-0.5239504694290552 0.6177572506872869
-0.5137934934947184 0.8914654446944592
-0.5081048516737433 0.599074673170695
-0.49240038163006616 0.8906813205950526
-0.4914669530306659 0.5794579667782733
-0.4739971594554346 0.5588604250662306
-0.46993761417218116 0.8898579902906756
-0.4556538762014417 0.5372330062685857
-0.4463517083414019 0.8889934934710798
-0.4363934287847492 0.5145242165310586
-0.42158650721908386 0.8880857718105042
-0.41616995899722203 0.4906799873066552
-0.39558304604065 0.8871326640668998
-0.39493531572031854 0.4656435466210315
-0.37263894027956984 0.4393552839011267
-0.36827941180329415 0.8861319009361152
-0.3492277460667837 0.4117526080452267
-0.3396105958540705 0.8850810996487913
-0.3246459921433583 0.3827697983965317
-0.30950833910738584 0.8839777582971013
-0.2988351505237616 0.3523378482654019
-0.27790096952336696 0.8828192498778268
-0.27173376682318506 0.32038430062771556
-0.244713231460147 0.8816028160375885
-0.24327731393757968 0.2868330756081449
-0.21339803840769406 0.2516042893375958
-0.20986610649376614 0.8803255605053384
-0.18202479910131414 0.21461406375351919
-0.1732766252790663 0.8789844421964756
-0.14908289782961523 0.17577432689023878
-0.13485767000363147 0.8775762679721698
-0.11449390149433138 0.13499260318379433
-0.0945177669644246 0.8760976850366488
-0.07817545534228333 0.09217179329202765
-0.05216086877325776 0.8745451729543516
-0.04004108688263288 0.047209942905672646
-0.00768612567253224 0.8729150352679396
0.0 0.0
0.03901235458322938 0.871203390697207
0.08804575885177923 0.8694061638979377
0.1395308333337565 0.867519075758705
0.19359016153983255 0.8655376332125106
0.2503524561562124 0.8634571185390065
0.3099528655034113 0.8612725781318273
0.3725332953179702 0.858978810704289
0.438242746623257 0.8565703549053739
0.5072376704938082 0.854041476316513
0.5796823405578868 0.851386153798209
0.6557492441251694 0.8485980651539899
0.7356194928708162 0.8456705720775598
0.8194832540537453 0.8425967043473082
0.9075402032958209 0.839369143230544
1.0 0.8359802040579416
