# CURVE 2D, normalized by CHORD
# COLUMN#1 = X-coordinate, COLUMN#2 = Y-coordinate
#-------------------------------------------------------------------------------
0.0 0.0
0.014313682928486431 0.0267460940339588
0.02794576190799735 0.05221856454249105
0.04092869426943632 0.07647806026490271
0.05329339175652106 0.09958234190529477
0.06506929412517318 0.12158641965804912
0.07628443923817521 0.14254268418448182
0.08696552982198666 0.16250103135251298
0.09713799704466423 0.18150898103635218
0.10682606106626193 0.19961179025905618
0.11605278870587878 0.2168525609473457
0.12484014836265672 0.23327234255524046
0.13320906232149285 0.24891022980085453
0.14117945656800346 0.2638034557490584
0.1487703082313469 0.2779874804616335
0.15599969076786446 0.2914960754259908
0.1628848169931193 0.3043614039634739
0.16944208006479056 0.31661409780869587
0.17568709251400128 0.32828333004224064
0.18163472341801148 0.33939688455037853
0.1872991338027831 0.3499812221771765
0.19269381035970845 0.36006154372650784
0.1978315975567802 0.36966184996396634
0.20272472822065807 0.3788049987615458
0.20738485266244652 0.38751275952114533
0.21182306641653076 0.3958058650064782
0.21604993665851577 0.40370406070679526
0.22007552736516814 0.4112261518499543
0.22390942327626562 0.41839004817677244
0.2275607527154061 0.42521280658326593
0.23103820932411132 0.43171067173230737
0.23435007276097342 0.4378991147313944
0.23750422841512778 0.44379286996862016
0.24050818618098913 0.4494059701945495
0.2433690983389523 0.4547517799335298
0.24609377658463147 0.45984302730398724
0.24868870824718312 0.4646918343234705
0.2511600717353275 0.4693097457705974
0.253513751247846 0.47370775667262305
0.25575535078357786 0.47789633848407603
0.2578902074842749 0.4818854640187931
0.2599234043420816 0.48568463119471417
0.2618597823018975 0.48930288564797236
0.26370395178743644 0.492748842270123
0.26546030367842594 0.49603070571979024
0.2671330197650826 0.4991562899575686
0.26872608270475556 0.5021330368506909
0.27024328550444415 0.5049680338917596
0.2716882405517666 0.5076680310737299
0.2730643882158832 0.5102394569613207
0.2767278858643901 0.5095087464215455
0.2805745583953225 0.5087415003547815
0.2846135645528015 0.5079358919846793
0.28885452101815445 0.507090003196072
0.29330752530677506 0.5062018199680344
0.2979831798098267 0.5052692275785948
0.30289261703803083 0.5042900055696833
0.3080475261276453 0.5032618224603262
0.3134601806717404 0.5021822301955013
0.31914346794304027 0.5010486583174352
0.32511091957790517 0.49985840784546565
0.3313767437945132 0.49860864484989775
0.3379558592219518 0.49729639370455136
0.34486393042076224 0.49591853000193764
0.3521174051795132 0.4944717731141933
0.35973355367620174 0.4929526783820617
0.3677305095977247 0.4913576289133236
0.3761273133153238 0.4896828269711485
0.3849439572188028 0.4879242849318647
0.39420143331745583 0.48607781579061665
0.40392178322104144 0.48413902319230623
0.41412815061980635 0.48210329096408033
0.42484483638850956 0.4799657721244431
0.43609735644564795 0.477721377342824
0.4479125025056432 0.4753647628221239
0.46031840586863826 0.4728903175753889
0.473344604399783 0.4702921500663171
0.487022112857485 0.4675640741817917
0.501383496738072 0.46469959450304
0.5164629498126885 0.4616918908403508
0.5322963755410358 0.4585338019945271
0.5489214725558005 0.45521780870641215
0.5663778244213034 0.45173601575389155
0.5847069938800814 0.44808013315374484
0.6039526218117983 0.4442414564235908
0.6241605311401012 0.44021084585692916
0.6453788359348192 0.43597870476193434
0.667658055969273 0.43153495661218977
0.6910512370054495 0.42686902105495805
0.7156140770934348 0.4219697887198647
0.7414050591858194 0.41682559476801667
0.7684855903828234 0.41142419111857625
0.7969201481396774 0.4057527172866638
0.8267764337843742 0.3997976697631557
0.8581255337113057 0.39354486986347226
0.8910420886345839 0.38697942996880463
0.925604471304026 0.3800857180794036
0.9618949731069402 0.37284732059553255
1.0 0.36524700323746795
