# CURVE 2D, normalized by CHORD
# COLUMN#1 = X-coordinate, COLUMN#2 = Y-coordinate
#-------------------------------------------------------------------------------
0.0 0.0
0.0953648778975626 0.013285615564949366
0.1861885711333367 0.025938582769663075
0.2726873265959787 0.03798902772653327
0.3550670937032568 0.049465641971171564
0.4335240147578074 0.06039575077558897
0.5082448919526175 0.07080537820836746
0.5794076321381508 0.08071930909672793
0.6471816704100875 0.09016114803802362
0.7117283735262175 0.09915337560116237
0.7732014241130081 0.1077174018517707
0.8317471865766181 0.11587361732854053
0.88750505558958 0.12364144159213085
0.940607787982877 0.13103936946221686
0.9911818188336362 0.13808501505277498
1.0 -0.5692931438206332
1.0393475625010258 0.14479515371044938
1.0429461680760164 -0.5261659161463543
1.0838472805293653 -0.4850923659803743
1.0852196993271113 0.15118576195585356
1.1228007209611264 -0.44597469915563137
1.1289074486852877 0.15727205552290516
1.1598992356580415 -0.408719778370162
1.1705148290264082 0.16306852558676382
1.1952311544170084 -0.3732389014316197
1.2101409055417611 0.16858897326662922
1.2288806008541195 -0.33944759006157943
1.2478800260325733 0.17384654248554865
1.2609276926989876 -0.3072653887567791
1.2838220455476326 0.1788537512654719
1.2914487325512427 -0.2766156732283979
1.3180525403238794 0.18362252153206549
1.3205163895533905 -0.24742546796327297
1.3481998724125788 -0.21962527247267777
1.3506530115393527 0.18816420750024984
1.3745650941832344 -0.19314889581496808
1.3817010793636129 0.19248962270804448
1.3996748292029062 -0.16793329899810167
1.4112706677676703 0.19660906576308698
1.4235888625549749 -0.14391844488680033
1.4394321805334394 0.2005323448631275
1.4463641324140877 -0.12104715525698956
1.4662526688817905 0.20426880114888032
1.4680548656132428 -0.09926497465716977
1.4887127067552952 -0.07852004075257946
1.4917959911183156 0.20782733094483538
1.5083868411762977 -0.0587629608434459
1.516122964676911 0.2112164069409831
1.5271241120534427 -0.03994669426331865
1.5392915109231924 0.21444409836588568
1.5449691319364383 -0.022026440377483136
1.5613567930625076 0.2175180901991262
1.5619643889678623 -0.004959531914782822
1.5781503480454089 0.011294666621122329
1.5823713474809034 0.2204457014688791
1.5935655471668821 0.026774855702936806
1.6023852088317565 0.2232339026781676
1.6082466891873328 0.04151789292371244
1.6214460291659023 0.22588933240129946
1.6222287292068094 0.05555888075302262
1.6355449577967875 0.06893125011427037
1.6395991913888983 0.2284183130899965
1.6482270802634331 0.08166683998212543
1.656887917315561 0.2308268661268508
1.660305292136429 0.09379597318960642
1.6718083510630914 0.1053475286253025
1.6733533705790495 0.23312072616195018
1.6827636452789607 0.1163490099926322
1.6890347546395146 0.2353053547668067
1.6931972588178836 0.12682661129485095
1.7031340336168581 0.13680527920172592
1.703969406125672 0.23738595343809862
1.7125976286635003 0.14630877244636875
1.718192883731536 0.23936747598218616
1.7216105763269691 0.1553597183936477
1.730194336006463 0.16397966691486565
1.7317390528799779 0.24125464030988858
1.738369345225029 0.17218914169697808
1.7446401663546844 0.24305193966960517
1.7461550682903297 0.1800076891085136
1.7535700426382352 0.1874539247385476
1.7569269410925004 0.24476365334552574
1.7606319229695737 0.1945455777195323
1.7673575232851344 0.20129953293951763
1.7686286313189916 0.24639385684640244
1.7737628569190016 0.20773187124426562
1.7797730982013644 0.2479464316091422
1.7798631746655416 0.21385790772497804
1.785673001090818 0.21969222818279932
1.7903868761845765 0.24942507424032292
1.7912061691148906 0.22524872385691486
1.7964758529473408 0.23054062449892965
1.800495236168588 0.25083330531763787
1.8014945994544362 0.23558052987227707
1.8062743580326224 0.24038043975165557
1.8101222456771704 0.25217447777222357
1.8108265090594662 0.2449517824939208
1.8151618909897937 0.24930544224845919
1.8192908261615344 0.25345178487182896
