# CURVE 2D, normalized by CHORD
# COLUMN#1 = X-coordinate, COLUMN#2 = Y-coordinate
#-------------------------------------------------------------------------------
-0.8978991988022405 -0.26294739615124085
-0.8933741053137882 -0.26162223453876066
-0.8886227571509134 -0.26023081484565647
-0.8883344600011647 -0.26009365553057195
-0.8836338415798948 -0.25876982416789707
-0.8783954802303253 -0.2572357839562497
-0.8782914842600349 -0.25709722787886946
-0.8728952008132773 -0.2556250417340199
-0.8677463597318489 -0.25395097884458195
-0.8671199074253769 -0.25393376240067866
-0.8610558493680815 -0.25215791910067037
-0.8566739789772533 -0.2506474173585801
-0.8546885884079214 -0.25029328363566167
-0.8480029643997532 -0.24833541639740253
-0.8450479791849281 -0.24717867779827807
-0.8409830591911767 -0.24627965579723043
-0.8336121587221712 -0.2441211071670497
-0.8328406794029868 -0.24353650125996096
-0.8258727132297156 -0.24185463110535999
-0.820023014631948 -0.23971221589472802
-0.817746295462637 -0.23947483124058572
-0.8092135568072046 -0.23697604138257278
-0.8065644666223577 -0.23569671626123345
-0.8002541812190006 -0.23435231203165918
-0.7924329912122878 -0.23148044164606407
-0.7908468368513863 -0.2315973962131999
-0.7809691252653914 -0.22870473460381766
-0.7775949420317143 -0.22705335330013632
-0.7705975281000967 -0.22566743991396632
-0.7620149903921121 -0.22240491053691214
-0.7597073510765374 -0.2224782804896224
-0.7482726652017999 -0.2191296630940613
-0.7456560411705297 -0.21752404563552674
-0.7362662450333257 -0.21561361482872213
-0.7284791444878684 -0.21239913748907202
-0.7236595038564277 -0.211921764150116
-0.7104434029710738 -0.20701798393529458
-0.7104224256206849 -0.20804532093757958
-0.6965234934731549 -0.2039750555644163
-0.6915058743784397 -0.20136777270382833
-0.6819296147182483 -0.19970127692259487
-0.6716214693561737 -0.19543505091078872
-0.6666060420255965 -0.19521380934868238
-0.6507428440827945 -0.18920569302809714
-0.6505162906983121 -0.19050196839607428
-0.6336220518046635 -0.18555453539583575
-0.6288202875457465 -0.182664867251271
-0.6158831009663324 -0.1803597307455853
-0.6058016031818458 -0.17579700018560362
-0.5972572025860847 -0.17490518586282236
-0.5816319845997502 -0.16858573976665275
-0.5777000092868247 -0.16917791373592123
-0.5571649563226017 -0.16316427800267505
-0.5562538850885499 -0.16101391632675438
-0.5356031507101675 -0.15684996048276656
-0.5296068806017895 -0.1530635017148611
-0.5129632548171116 -0.15021992708686266
-0.5016275258906913 -0.14471556637237315
-0.4891913641294029 -0.14325839202116353
-0.47224920344403776 -0.13595023426276082
-0.46423087890730874 -0.1359487802021795
-0.4414019648750518 -0.12674663554766785
-0.43802236942410994 -0.1282736877922462
-0.41050343446675114 -0.12021484076181628
-0.40901236437761646 -0.11708285689682019
-0.38160855276152444 -0.11175305137986485
-0.37500328385530945 -0.10693588931343023
-0.35126892697103634 -0.10286817252881585
-0.3392937493068868 -0.09628157335087073
-0.31941231989102387 -0.09353904973521439
-0.3017987380310434 -0.08509454159018326
-0.2859628824570108 -0.08374347080193287
-0.2624289761914078 -0.07334815824146146
-0.25084097315129705 -0.07345811292198727
-0.2210907262597901 -0.06101445572530351
-0.21396296838029763 -0.0626584871480444
-0.17768556383159173 -0.048064068083337685
-0.1752410633707482 -0.05131888008540437
-0.13458306311072135 -0.039412292669632344
-0.13211014328198356 -0.034466161059273526
-0.09189216283769314 -0.026910375883071717
-0.08425595170489464 -0.020188358684006202
-0.0470667175510135 -0.01378336325718306
-0.034009050548951425 -0.005196666189975441
0.0 0.0
0.01875019566478897 0.010544610928756804
0.07414740418921639 0.02707295190342568
0.1323144731398651 0.04442770992682793
0.1933898955380463 0.06265020585140035
0.2575190890561365 0.0817838265722014
0.32485474225013133 0.10187412832904252
0.39555717810382585 0.12296894517372567
0.46979473575020514 0.14511850286064298
0.5477441712789033 0.16837553843190614
0.6295910785840364 0.19279542578173248
0.7155303312544263 0.21843630749905013
0.8057665465583355 0.24535923330223366
0.9005145726274403 0.27362830539557637
1.0 0.30331083109358614
