# CURVE 2D, normalized by CHORD
# COLUMN#1 = X-coordinate, COLUMN#2 = Y-coordinate
#-------------------------------------------------------------------------------
-0.38291645028498467 -0.2327657387310681
-0.3809866871911795 -0.2315926819669327
-0.378960435942684 -0.23036097236459052
-0.37683287213176375 -0.22906767728213123
-0.375947041878556 -0.23428071694204827
-0.3745989301302975 -0.227709717445549
-0.3722532910287579 -0.22628385961713762
-0.36979036997214143 -0.2247867088973057
-0.3686291630518055 -0.23587144406357752
-0.36720430286269407 -0.22321470064148216
-0.3644889323977743 -0.22156409197286747
-0.3616377934096086 -0.21983095287082205
-0.36094539028371786 -0.23754170754118326
-0.35864409747203463 -0.21801115681367433
-0.3555007167375819 -0.21610037095366924
-0.3528774288772256 -0.23929548419266922
-0.35220016696640655 -0.2140940458006639
-0.3487345897066724 -0.21198740439000827
-0.3450957335839516 -0.2097754309088199
-0.34440606940040874 -0.2411369496767295
-0.3412749346550948 -0.20745285875357206
-0.3372630957797951 -0.20501415799056186
-0.3355111419497512 -0.24307048843499274
-0.3330506649607303 -0.20245352218940113
-0.32862761260071244 -0.19976485459818238
-0.3261714681265606 -0.2451007041311692
-0.3239834076226937 -0.1969417536274027
-0.3191069923957739 -0.19397749760808403
-0.31636481061221056 -0.2472324306121545
-0.31398675640750817 -0.19086502878779943
-0.30861050861982914 -0.18759693652650059
-0.3060678202221432 -0.249470743417189
-0.3029654484427661 -0.1841654396521368
-0.29703813525685 -0.18056236793405483
-0.2952559803125723 -0.25182097186247526
-0.29081445641163806 -0.17677914263006875
-0.2842795936241655 -0.1728067560608834
-0.28390354840752274 -0.2542887117300258
-0.27741798769731935 -0.16863575016323876
-0.27198349490722085 -0.2568798385909539
-0.2702133014741309 -0.16425619397071187
-0.262648380939783 -0.15965765996855866
-0.2594674387319038 -0.2596005217949285
-0.25470521437871774 -0.1548291992662978
-0.24636488948959917 -0.14975931552892385
-0.24632557974782077 -0.2624572391591017
-0.23760754835602468 -0.14443593760468124
-0.23252662781453393 -0.2654567923914836
-0.22841234016577147 -0.13884639078422648
-0.21875737156600558 -0.13297736662274898
-0.21803772828458245 -0.2686063232854846
-0.20861965453625142 -0.12681489125319761
-0.2028243837781334 -0.27191333072418566
-0.19797505165500953 -0.12034429211516869
-0.18685037204636212 -0.27538568853482176
-0.18679821862970555 -0.11355016302023829
-0.1750625439531364 -0.1064163274705614
-0.17007765972800226 -0.27903166423598963
-0.16274008554273878 -0.09892580014340066
-0.15246631179372416 -0.28285993872221593
-0.14980150421182126 -0.09106074644988187
-0.13621599381435787 -0.08280244007168713
-0.13397439646273224 -0.28687962693275354
-0.12195120789702131 -0.07413121837458267
-0.11455788536519096 -0.291100299553818
-0.10697318268381792 -0.065026435592623
-0.09417054871277242 -0.29553200580593575
-0.09124625620995436 -0.05546641367156532
-0.07473298341239763 -0.045428390654454774
-0.07276384522773283 -0.30018529737065935
-0.05739404697496306 -0.03488846648648869
-0.05028680656844142 -0.30507125351361913
-0.03918816371565676 -0.023821546110124308
-0.026685915976185415 -0.3102015074637269
-0.02007198629338515 -0.012201279714941705
-0.0019049808543165625 -0.31558827411134005
0.0 0.0
0.02411500102364561 -0.32124437909133385
0.05143598199550592 -0.32718328932032736
0.08012301201595928 -0.3334191450607705
0.11024439353743543 -0.3399667935882359
0.14187184413498521 -0.3468418245420745
0.17508066726241256 -0.35406060704360504
0.20994993154621133 -0.3616403286702121
0.24656265904420005 -0.36959903637814956
0.2850060229170882 -0.3779556794714839
0.3253715549836207 -0.3867301547194849
0.3677553636534798 -0.3959433537298859
0.4122583627568319 -0.4056172126908071
0.45898651181535166 -0.41577476459977425
0.5080510683267974 -0.42644019410418976
0.5595688526638154 -0.4376388950838261
0.6136625262176842 -0.4493975311124442
0.6704608834492466 -0.46174409894249324
0.730099158542387 -0.4747079951640447
0.7927193473901846 -0.4883200861966738
0.8584705456803718 -0.5026127817809343
0.9275093038850686 -0.5176201121444078
1.0 -0.533377809026055
