# CURVE 2D, normalized by CHORD
# COLUMN#1 = X-coordinate, COLUMN#2 = Y-coordinate
#-------------------------------------------------------------------------------
0.0 0.0
0.011710783743555492 0.008186112693911526
0.022863911118370273 0.015982410497636806
0.03348593718962244 0.023407456024994215
0.04360215249557689 0.030478927955810798
0.053236643263152555 0.03721366312801706
0.062412348756081766 0.043627696625356364
0.07115111589220481 0.0497362999561557
0.07947375125994105 0.05555401741405983
0.0874000706577851 0.061094700707301865
0.09494894627477943 0.06637154193896094
0.10213835162429782 0.07139710501673148
0.10898540433812487 0.07618335556698914
0.11550640692272206 0.0807416894243774
0.12171688557471938 0.08508295976474715
0.12763162714805018 0.0892175029460517
0.13326471436074616 0.09315516311872268
0.1386295593252185 0.09690531566412361
0.14373893548185887 0.10047688951688641
0.14860500801199253 0.10387838842427956
0.153239362802596 0.10711791119322539
0.1576530340317422 0.11020317097317382
0.16185653044045284 0.11314151362074375
0.16585986035351058 0.11593993518985796
0.1696725555088037 0.11860509858901436
0.17330369375193996 0.12114334944535379
0.17676192065016502 0.12356073121329611
0.180055470077046 0.12586299956371735
0.18319218381693264 0.12805563608792805
0.1861795302358723 0.13014386134908112
0.1890246220634339 0.13213264731208405
0.19173423332777828 0.1340267291816106
0.19431481548429672 0.13583061667639781
0.19677251277621904 0.13754860476667138
0.19911317686376415 0.13918478390026523
0.20134238075666422 0.1407430497417832
0.20346543208323573 0.14222711244799077
0.20548738572758954 0.1436405055015218
0.20741305586506933 0.1449865941239323
0.20924702742457393 0.14626858328813278
0.21099366700505448 0.1474895253492761
0.21265713327217883 0.1486523273122697
0.2142413868599163 0.149759757753216
0.21575019980061866 0.15081445341126012
0.21718716450604947 0.15181892546654022
0.21855570232074548 0.15277556551918794
0.219859071668075 0.15368665128361433
0.22110037580838884 0.1545543520116395
0.22228257022773537 0.15538073365737773
0.22340846967473205 0.15616776379617603
0.22732221554035892 0.15057754035333937
0.23143164869926725 0.14470780573836106
0.23574655351612106 0.13854458439263362
0.24027720357381743 0.1320732019796198
0.24503438613439865 0.1252782504459553
0.25002942782300885 0.11814355133560772
0.25527422159604973 0.11065211726974278
0.2607812550577425 0.10278611150058437
0.26656364019252 0.09452680544296821
0.27263514458403626 0.08585453408247123
0.27901022419512844 0.07674864915394952
0.2857040577867752 0.0671874699790016
0.2927325830580044 0.05714823184530604
0.30011253459279497 0.04660703180492598
0.3078614837043251 0.035538771762526844
0.3159978802714317 0.023917098718007734
0.3245410966668937 0.011714342021262647
0.33351147388212865 -0.0010985525103195393
0.3429303699581254 -0.014552091768480935
0.35282021083792203 -0.0286783079895504
0.3632045437617085 -0.04351083502167341
0.37410809333168427 -0.05908498840540244
0.3855568203801588 -0.075437849458318
0.39757798378105713 -0.09260835356387931
0.4102002053520003 -0.11063738287471869
0.42345353800149066 -0.12956786365110018
0.4373695372834555 -0.14944486846630056
0.45198133652951866 -0.170315723522261
0.46732372573788494 -0.19223012133101947
0.4834332344066695 -0.21524023903021583
0.5003482185088934 -0.2394008626143721
0.5181089518162285 -0.26476951737773613
0.5367577217889302 -0.2914066048792684
0.556338930260267 -0.3193755467558772
0.5768991991551708 -0.34874293572631654
0.5984874814948198 -0.3795786941452779
0.6211551779514511 -0.4119562404851872
0.644956259230914 -0.445952664142092
0.6699473945743502 -0.4816489089818421
0.696188086684958 -0.5191299660635796
0.7237408134010963 -0.5584850759994041
0.7526711764530415 -0.5998079414320199
0.783048057657584 -0.6431969501362662
0.8149437829223536 -0.6887554092757251
0.8484342944503616 -0.7365917913721567
0.8835993315547701 -0.7868199925734101
0.9205226205143989 -0.839559603834726
0.9592920739220092 -0.8949361956591078
1.0 -0.9530816170747085
