# CURVE 2D, normalized by CHORD
# COLUMN#1 = X-coordinate, COLUMN#2 = Y-coordinate
#-------------------------------------------------------------------------------
-0.2787215509979508 0.44590967894906886
-0.2773168932399368 0.4436624523256997
-0.2758420025940221 0.44130286437116206
-0.2742933674158117 0.4388252970188975
-0.2726673004786907 0.43622385129901975
-0.2722772479273132 0.444877832682567
-0.27095993019471365 0.4334923332931481
-0.2691671913965378 0.4306242393869829
-0.26728481565845313 0.4276127407855094
-0.2655107297031436 0.44379439410274
-0.26530832113346425 0.42445066725396224
-0.2632330018822259 0.42113049004583775
-0.26105391666842565 0.417644303977307
-0.25876587719393535 0.4139838086053497
-0.25840588556776556 0.4426567835939217
-0.25636343574572057 0.4101402884647946
-0.25384087222509505 0.4061045923172117
-0.2511921805284383 0.4018671113622497
-0.25094579922561877 0.4414622925596625
-0.24841105424694862 0.3974177563595395
-0.24549087165138447 0.39274593360669385
-0.24311270856636447 0.44020807697369035
-0.24242467992604214 0.38784051971620587
-0.23920517861443272 0.3826898351311936
-0.2358247022372428 0.37728161631693063
-0.23488796337414763 0.43889115060841954
-0.23227520204119337 0.3716029865619545
-0.2285482268353415 0.36564042531922963
-0.2262519809223198 0.4375083779248852
-0.22463490286919702 0.3593797360143685
-0.22052591270474534 0.35280601224426433
-0.21718419934790045 0.4360564666071741
-0.21621147303207103 0.34590360228565487
-0.21168131137576304 0.338656071829115
-0.2076630286947605 0.43453195972357755
-0.20692464163663962 0.3310461648497481
-0.20193013841056007 0.3230557625214129
-0.19766579950896324 0.43293122749580115
-0.1966859100231765 0.31466584007666093
-0.19117947021642379 0.30585642150967135
-0.18716870886387627 0.4312504586566359
-0.18539770841933342 0.2966065320143323
-0.17932685853238853 0.28689414804422625
-0.1761467636865348 0.42948565137551237
-0.1729524661510964 0.27669614487561495
-0.16625935415073967 0.26598824154857303
-0.16457372125032643 0.4276326037303327
-0.1592315865503651 0.25474494305517903
-0.15242202669230753 0.42568690370289397
-0.15185243056997177 0.24293947963711535
-0.1441043167905588 0.23054374304814848
-0.13966274740638762 0.4236439186740834
-0.13596879732217518 0.21752821962973326
-0.12742650188037238 0.20386192004039727
-0.12626550415617177 0.42149878439383226
-0.11845709166647944 0.1895123054715945
-0.11219839874344517 0.41924639339956854
-0.10903921094189184 0.1744452101743516
-0.09915043618107486 0.15862476011224652
-0.09742793806008243 0.4168813828555917
-0.08876722268221704 0.1420132875470362
-0.08191895434255136 0.41439812178441593
-0.07786484850841634 0.12457124135356537
-0.06641735562592559 0.106257092850421
-0.06563452143914361 0.41179069765968146
-0.054397488099310304 0.0870272369221194
-0.04853586689056577 0.4090529023287102
-0.041776627196364255 0.06683588819740273
-0.030582279614558727 0.4061782172311904
-0.028524723248270906 0.04563497203645022
-0.014610224102772885 0.023374010067450088
-0.011731012974751653 0.40315979787879463
0.0 0.0
0.00806281699704614 0.39999045755877904
0.028846338467433563 0.3966626502227627
0.05066903601134054 0.39316845251994553
0.07358286843244266 0.38949954493198746
0.09764239247460005 0.3856471919646316
0.12290489271886518 0.38160222134890787
0.14943051797534357 0.3773550022023979
0.17728242449464604 0.3728954220985625
0.20652692633991354 0.3682128629895353
0.2372336532774444 0.3632961759250568
0.2694757165618519 0.3581336545073543
0.3033298830104797 0.3527130070187667
0.3388767577815389 0.34702132715574974
0.3762009762911511 0.3410450632995819
0.4153914057262439 0.33476998625060567
0.45654135663309126 0.32818115534918063
0.4997488050852811 0.32126288290268434
0.5451166259600804 0.3139986968338633
0.5927528378786197 0.3063713014616011
0.6427708603930858 0.29836253632072585
0.6952897840332755 0.28995333292280684
0.7504346538554744 0.28112366935499183
0.8083367671687833 0.2718525226087861
0.8691339861477577 0.2621178185252701
0.9329710660756809 0.2518963792375783
1.0 0.24116386798550193
