# CURVE 2D, normalized by CHORD
# COLUMN#1 = X-coordinate, COLUMN#2 = Y-coordinate
#-------------------------------------------------------------------------------
-0.4102839064447221 -0.6988990922139546
-0.4082162210787631 -0.6953768886798817
-0.4060451514445061 -0.691678574969105
-0.4037655283285362 -0.6877953455727897
-0.4031765757661394 -0.690348511939356
-0.40137192405676786 -0.6837179547066584
-0.39885863957141104 -0.6794366942972205
-0.3962196908617865 -0.6749413708673109
-0.3957138785536276 -0.6813704026510272
-0.39344879471668065 -0.6702212812659057
-0.3905393537643195 -0.6652651871844304
-0.3878780464804903 -0.6719433878982819
-0.3874844407643403 -0.6600612883988812
-0.38427678211436217 -0.6545971946740546
-0.3809087405318851 -0.6488598962629866
-0.3796504228036959 -0.6620450224078995
-0.37737229687028423 -0.6428357329313652
-0.37365903102560327 -0.6365103614331628
-0.3710114179430619 -0.6516517386429979
-0.36976010188868824 -0.6298687213600502
-0.3656662262949275 -0.6228949992832821
-0.3619404628393963 -0.6407387906898514
-0.3613676569214787 -0.6155725911026754
-0.35685415907935747 -0.6078840625130384
-0.3524159599805472 -0.6292801953390474
-0.35211498634513017 -0.5998111074939196
-0.34713885497419156 -0.591334504723845
-0.3424152319787559 -0.6172486702207032
-0.3419139170347059 -0.5824340718152665
-0.33642773219824607 -0.5730886172612591
-0.3319144675768748 -0.6046155688464419
-0.33066723811996324 -0.5632758899795515
-0.3246187193377662 -0.5529725263337583
-0.32088866495489987 -0.5913508124034674
-0.31826777461645933 -0.5421539945056755
-0.31159928265908715 -0.5307945360861885
-0.30931157220182603 -0.5774228181383443
-0.30459736610384636 -0.5188671047457273
-0.2972453537208435 -0.5063433018382429
-0.2971556248110985 -0.5627984241599651
-0.2895257407186905 -0.49319330878538437
-0.2843918800508345 -0.5474428104826667
-0.28142014706642987 -0.4793858160798829
-0.2729092737315562 -0.4648879487391064
-0.2709899480525575 -0.5313194161215036
-0.26397285672993887 -0.44966518803129096
-0.2569179194543665 -0.514389852042282
-0.2545896188782406 -0.4336812892880848
-0.2447372191339575 -0.41689819560771835
-0.24214228942626614 -0.49661380975909974
-0.23439219940246017 -0.39927594724333354
-0.22662787789676053 -0.4779489653617581
-0.223529928684388 -0.3807725864607295
-0.21212454443041223 -0.3613440576389952
-0.2103377457907798 -0.4583508787445496
-0.20014889096373767 -0.34094410237617423
-0.19323310707950014 -0.4377728877964806
-0.18757445482372936 -0.3195241493502122
-0.17527323643265613 -0.4161659973010079
-0.17437129687672068 -0.29703319867295214
-0.16050798103236152 -0.273417700461829
-0.15641537225347024 -0.39347876228076184
-0.14595149939578442 -0.24862142734014972
-0.1366146148653249 -0.36965716550950334
-0.13066719367737845 -0.2225853405623865
-0.11582381960777255 -0.344644488899682
-0.11461867267305219 -0.19524744944573508
-0.09776772561850962 -0.1665426637732511
-0.09399348458734225 -0.31838117845936953
-0.08007423121123992 -0.13640263881714293
-0.07107163281589046 -0.2908047024970415
-0.061496062083606744 -0.10475561261322935
-0.04700368845586622 -0.26184940273659696
-0.0419889844995919 -0.0715262350991201
-0.021732346877840758 -0.2314463379881304
-0.021506553036376316 -0.036635388709305376
0.0 0.0
0.004802561779086001 -0.19952312000224048
0.03266421586885904 -0.16600374111705585
0.06191895266312075 -0.1308083932876123
0.09263642629709568 -0.0938532780666963
0.12488977361276932 -0.05505040708473441
0.15875578829422654 -0.014307392553674747
0.1943151037097568 0.02847277270393822
0.23165238489606343 0.07339194622443168
0.27085653014168554 0.12055707842094987
0.3120208826495886 0.17008046722729397
0.3552434527828868 0.22208002547395522
0.40062715142285 0.2766795616329496
0.4482800349948114 0.3340090745998936
0.4983155627453708 0.3942050632151849
0.5508528668834582 0.4574108512612408
0.60601703622845 0.5237769287095995
0.6639394140406913 0.593461310030376
0.7247579107435448 0.6666299104171913
0.7886173322815409 0.7434569408233476
0.8556697248964368 0.8241253227498115
0.9260747371420774 0.9088271237725987
1.0 0.997764014846525
