# CURVE 2D, normalized by CHORD
# COLUMN#1 = X-coordinate, COLUMN#2 = Y-coordinate
#-------------------------------------------------------------------------------
0.0 0.0
0.09948272768491494 0.044145179619557676
0.19422818262292937 0.08618820782866032
0.28446194923056217 0.12622918707542474
0.37039886980926007 0.1643634530247242
0.45224355607468664 0.20068180154786652
0.5301908763274739 0.23527070490324017
0.6044264194253665 0.26821251762264364
0.6751269366614546 0.2995856725935041
0.7424607626005862 0.32946486780384737
0.8065882158759498 0.35792124419465055
0.8676619809001053 0.38502255504303445
0.9258274713993011 0.41083332727959054
0.9812231766366305 0.4354150151239297
1.0 -0.5976600291529547
1.0339809911483728 0.45882614640425273
1.0470640178633688 -0.5221862818932914
1.0842265287786035 0.4811224619093223
1.091886892018958 -0.4503065225983739
1.1320794217597756 0.5023570481046267
1.1345753435957098 -0.38184960898416664
1.1752310117640448 -0.3166525483992074
1.1776536055513682 0.522580463528726
1.2139506957338877 -0.25456010974686527
1.2210575901147895 0.5418408591707253
1.250826585228976 -0.19542445388749186
1.262394718270429 0.5601840931154867
1.2859464799862033 -0.13910478164046952
1.3017634117519903 0.577653839729545
1.3193939988026098 -0.08546699854806727
1.3392574055439534 0.5942916936476959
1.3512487786277592 -0.03438339560292225
1.3749659710601088 0.6101372688078395
1.3815866641755203 0.014267654821025322
1.4089741286945425 0.625228292769881
1.4104798885067216 0.06060198855811827
1.4379972450126273 0.10472992545058768
1.441362850251146 0.639600696543254
1.464204251208728 0.1467565320148444
1.4722092517336256 0.6532887001369425
1.4891633047288242 0.1867818715998507
1.5015867769550348 0.6663248940356935
1.5129338318908205 0.2249012426331901
1.529565372403996 0.6787403167964087
1.5355724291879598 0.2612054055220847
1.5562116537839588 0.6905645289494707
1.557132998042378 0.2957807987496034
1.577666873141824 0.32870974468057357
1.5815890646220185 0.7018256833809584
1.597222944665106 0.3600706455672118
1.6057580273249328 0.7125505923633277
1.6158477746872792 0.38993817022115296
1.6287760870419938 0.7227647913941555
1.6335857080417298 0.41838343179633497
1.6504789779031115 0.4454741571060322
1.6506980486772902 0.7324925999949439
1.6665678063425227 0.47127484787717233
1.6715761073775726 0.7417571796147424
1.6818905000943427 0.49584693432587745
1.6914599728064128 0.7505805887764554
1.6964835417627429 0.519248921419882
1.7103816766850286 0.541536528176077
1.7103969875005463 0.7589838355971342
1.7236179956586342 0.5627628203248342
1.7284322395901972 0.7669869278073047
1.7362240137287346 0.5829783366569837
1.7456086701517697 0.7746089203884193
1.7482297452240683 0.6022312093542691
1.7596637752196242 0.620567278589779
1.7619671754485051 0.7818679609418618
1.7705533275963443 0.6380302016712168
1.7775467043025392 0.7887813328975214
1.7809243298598871 0.654661556986872
1.7908014748727852 0.6705009430017818
1.7923843508301904 0.7953654966648163
1.8002082796469736 0.6855860725397912
1.8065154427612868 0.8016361288241446
1.809167141336677 0.6999528625759904
1.8176993905649659 0.7136355197533232
1.8199736255528074 0.8076081594520764
1.8258253422109554 0.7266666218269734
1.8327909424971125 0.8132958076691543
1.8335643437785643 0.7390771952304497
1.8409348214620014 0.7508967889480461
1.8449979110154984 0.8187126154949428
1.847954324017656 0.7621535448695665
1.8546395645468505 0.7728742647948242
1.8566235953187231 0.8238714800909318
1.8610064602889407 0.7830844742474504
1.8670701705195027 0.7928084832499517
1.8676956756075085 0.8287846844680642
1.8728451326438476 0.8020694442047146
1.8782405139777802 0.8334639267319999
1.878345096571795 0.8108894070187748
1.8835831574555546 0.8192893716035939
1.8882832171875632 0.8379203479357481
1.888571786868659 0.8272893378748502
1.8933228625001868 0.8349083533712848
1.897847696434975 0.8421645586059844
1.897847696434975 0.8421645586059845
