# CURVE 2D, normalized by CHORD
# COLUMN#1 = X-coordinate, COLUMN#2 = Y-coordinate
#-------------------------------------------------------------------------------
0.0 0.0
0.061930756172575936 0.03802562628091651
0.12091242871788649 0.07424050845321803
0.17708545018961083 0.10873087242683853
0.23058356587696732 0.1415788381160009
0.2815341522458783 0.1728626149628222
0.3300585202162697 0.20265668815027107
0.3762722039975948 0.23103199594784143
0.4202852361702854 0.25805609861219414
0.462202409668086 0.283793339244911
0.502123527285039 0.3083049969903557
0.5401436393011846 0.33164943293839816
0.5763532697927518 0.35388222907939104
0.610838632165673 0.37505632064224137
0.643681834425598 0.39522212213067026
0.6749610746731456 0.41442764735774545
0.7047508272898576 0.43271862376448367
0.7331220202581548 0.45013860129471056
0.7601422040374853 0.4667290560854028
0.7858757123987525 0.4825294892193955
0.8103838155999594 0.4975775207755789
0.8337248662677754 0.5119089794005155
0.8559544383323622 0.5255579876147408
0.8771254593462543 0.5385570430568603
0.897288336502342 0.5509370958588787
0.916491076650997 0.5627276223369915
0.9347794006020971 0.5739566951732895
0.952196851984097 0.5846510502554779
0.9687849009193351 0.5948361503337527
0.9845830427624189 0.6045362456463953
0.9996288921367846 0.6137744316584359
1.0 -0.6103650251826405
1.0095120463510296 -0.5403448517614544
1.0139582724933232 0.6225727040508555
1.018571138113915 -0.47365897231270554
1.0271988445547584 -0.41014861093294475
1.0276053014043123 0.6309520110912551
1.035415707831752 -0.34966255247602973
1.0406024717957307 0.6389323035106834
1.0432412919050793 -0.292056782517063
1.0506942291177719 -0.23719414446090425
1.052980729311367 0.646532582005377
1.0577922645584314 -0.18494401297884833
1.0645522983114406 -0.13518198299593787
1.0647695459929258 0.6537709424765137
1.070990425695259 -0.0877895734884041
1.075996990451553 0.6606646191156915
1.0771219755846095 -0.04265394538599099
1.0829615469078009 0.00033236709249762075
1.0866897946978646 0.667230025438718
1.0885230434060782 0.041271712310105846
1.0938197067377708 0.08026156489830416
1.0968734177895898 0.67348279336541
1.0988641480060495 0.11739475783944542
1.1036683777853626 0.15275970349767531
1.106572106448376 0.6794378104384499
1.1082438347180417 0.18644060412456076
1.1126014127491646 0.21851765234064213
1.115808952790077 0.6851092552699164
1.1167514870645199 0.24906722207024357
1.1207039387934297 0.27816205038414954
1.1244681785352484 0.30587141068310764
1.1246059493059826 0.6905106312998845
1.128053168765552 0.3322612776344963
1.1314674451753648 0.35739448425486653
1.1329840412258927 0.6956547989474733
1.1347191369942344 0.3813308715123619
1.1378159863455386 0.40412743080521474
1.140765366680114 0.42583843965555057
1.140963176387712 0.700554006230891
1.1435743003320908 0.446515590941585
1.1462494752387353 0.4662081159759033
1.1485623527323017 0.7052199179293842
1.1487972608641108 0.48496290172287315
1.1512237233644687 0.5028246024342728
1.153534640031476 0.5198357459689396
1.1557355130476736 0.5360368350495741
1.155799663536673 0.7096636433565207
1.1578315825869092 0.5514664436977976
1.1598278392909434 0.5661613090770583
1.1617290361519281 0.5801564189620685
1.1626923404932168 0.7138957628109363
1.1635396998290566 0.5934850950430304
1.1652641414263216 0.6061790722629943
1.1669064667570503 0.6182685743772456
1.168470586119649 0.6297823859146277
1.1692567947375445 0.7179263527675225
1.1699602236078384 0.6407479207121345
1.1713789259775425 0.6511912871859504
1.1727300710915463 0.6611373504943465
1.1740168759620262 0.6706097917404381
1.1752424044101022 0.6796311643557633
1.1755086559226184 0.7217650098690332
1.1764095743606509 0.6882229477989303
1.1775211647897448 0.6964055986971847
1.178579822341263 0.704198599552665
1.179588067628423 0.7116205051293127
1.180548301235242 0.7186889866308821
1.1814628094322126 0.7254208737752339
