# CURVE 2D, normalized by CHORD
# COLUMN#1 = X-coordinate, COLUMN#2 = Y-coordinate
#-------------------------------------------------------------------------------
0.0 0.0
0.04024793554037903 -0.03719868395732909
0.07857930272169247 -0.0726260020119283
0.11508536670389577 -0.1063663049210704
0.14985304668694652 -0.13849992673930098
0.18296512286128055 -0.16910337608999676
0.21450043350350345 -0.19824951832875465
0.24453406268657288 -0.2260077490323336
0.2731375190514009 -0.2524441592262183
0.30037890606552287 -0.27762169274420373
0.3263230841742104 -0.3016002960946661
0.3510318252301033 -0.32443706119034443
0.3745639595690489 -0.34618636128146674
0.39697551608233045 -0.3668999804158689
0.4183198556187891 -0.3866272367343472
0.43864779803446396 -0.4054150998948027
0.4580077431922496 -0.4233083029047603
0.4764457861996644 -0.4403494486285294
0.49400582715910707 -0.45657911122259526
0.5107296756919096 -0.47203593274075323
0.5266571504850549 -0.4867567151389989
0.5418261740975743 -0.5007765078992328
0.5562728632523546 -0.5141286914804081
0.5700316148283359 -0.526845056795813
0.5831351877578418 -0.5389558809057224
0.595614781024038 -0.5504899991056362
0.6075001079442248 -0.5614748735817446
0.6188194669158312 -0.5719366587970859
0.6295998087935517 -0.5819002637640777
0.6398668010580474 -0.5913894113516888
0.6496448889289956 -0.6004266947684613
0.658957353567994 -0.6090336313558637
0.6678263675098971 -0.6172307138200565
0.6762730474545668 -0.6250374590240496
0.6843175045447285 -0.632472454456424
0.6919788922496444 -0.6395534024872568
0.6992754519686117 -0.6462971625166213
0.7062245564628665 -0.6527197911160161
0.7128427512192996 -0.6588365802582968
0.719145793844474 -0.6646620937271357
0.7251486915827352 -0.6702102017926964
0.7308657370477459 -0.6754941142360876
0.736310542252518 -0.6805264118012221
0.7414960710189678 -0.6853190761489693
0.7464346698441578 -0.6898835183849189
0.7511380972967199 -0.6942306062286805
0.7556175520134457 -0.6983706898894058
0.7598836993627083 -0.7023136267091442
0.7639466968381966 -0.7060688046327046
0.7678162182434234 -0.7096451645599049
0.7689863421508201 -0.7096259053339669
0.7702149722535867 -0.7096056831467319
0.7715050338614917 -0.7095844498501351
0.7728595985497918 -0.7095621548887086
0.774281891472507 -0.7095387451792107
0.775775299041358 -0.7095141649842379
0.7773433769886515 -0.7094883557795165
0.7789898588333096 -0.709461256114559
0.7807186647702007 -0.7094328014663537
0.7825339110039363 -0.7094029240857381
0.7844399195493588 -0.7093715528360917
0.7864412285220522 -0.709338613023963
0.7885426029433804 -0.7093040262212278
0.7907490460857751 -0.7092677100783559
0.7930658113852894 -0.7092295781283403
0.7954984149497795 -0.7091895395808241
0.798052648692494 -0.709147499105932
0.8007345941223443 -0.7091033566072953
0.8035506368236871 -0.7090570069837268
0.8065074816600971 -0.7090083398789797
0.8096121687383275 -0.7089572394189954
0.8128720901704695 -0.7089035839360118
0.8162950076742186 -0.7088472456788791
0.8198890710531551 -0.7087880905088898
0.8236628376010384 -0.708725977580401
0.8276252924763159 -0.7086607590054878
0.8317858700953573 -0.7085922795018288
0.8361544765953508 -0.7085203760229869
0.840741513420344 -0.708444877370203
0.8455579020865867 -0.7083656037847799
0.8506151101861417 -0.7082823665200855
0.8559251786906743 -0.7081949673921565
0.8615007506204336 -0.708103198307831
0.8673551011466809 -0.7080068407692892
0.8735021691992406 -0.7079056653538204
0.8799565906544282 -0.707799431167578
0.8867337331823751 -0.7076878852720236
0.8938497328367195 -0.7075707620816916
0.9013215324737811 -0.7074477827318428
0.9091669220926958 -0.7073186544145017
0.9174045811925562 -0.7071830696812934
0.9260541232474095 -0.7070407057114249
0.9351361424050056 -0.7068912235430628
0.9446722625204815 -0.7067342672662825
0.9546851886417312 -0.7065694631756634
0.9651987610690433 -0.7063964188805133
0.9762380121177211 -0.7062147223706056
0.9878292257188328 -0.7060239410352026
1.0 -0.7058236206330294
