# CURVE 2D, normalized by CHORD
# COLUMN#1 = X-coordinate, COLUMN#2 = Y-coordinate
#-------------------------------------------------------------------------------
0.0 0.0
0.03629388272471791 -0.01910239956169791
0.07085948531968743 -0.037295161049029295
0.103779106838706 -0.05462160056077347
0.13513112733300942 -0.07112297152433936
0.16499019447044125 -0.08683856291821161
0.19342740126799537 -0.10180579281713759
0.22051045536090405 -0.11606029748278136
0.24630384021129326 -0.1296360162119659
0.2708689686402354 -0.14256527214452264
0.2942643290487517 -0.1548788492231481
0.3165456246759101 -0.16660606548850565
0.3377659062255847 -0.17777484288408427
0.3579756981776558 -0.1884117737370163
0.37722311908439016 -0.19854218407314206
0.3955539961384229 -0.20819019391707133
0.41301197428512076 -0.21737877472081352
0.4296386201391187 -0.22612980405771083
0.4454735209524501 -0.23446411771189873
0.4605543788699085 -0.24240155928731577
0.4749171006960594 -0.24996102745437962
0.48859588338763166 -0.2571605209468214
0.5016232954748434 -0.26401718141581354
0.5140303546055212 -0.2705473342434251
0.5258466013966429 -0.276766527412579
0.5371001697691398 -0.2826895685260589
0.5478178539334225 -0.2883305600627064
0.5580251721851204 -0.2937029329547517
0.5677464276629278 -0.2988194785662233
0.5770047662132206 -0.3036923791485773
0.5858222314992139 -0.3083332368460573
0.5942198174858739 -0.31275310131984774
0.6022175184255503 -0.316962496056791
0.6098343764633373 -0.3209714434253084
0.6170885269755154 -0.3247894885381822
0.6239972417490184 -0.32842572197901426
0.6305769701047355 -0.3318888014464734
0.6368433780625613 -0.33518697236786316
0.6428113856414429 -0.3383280875310914
0.6484952023832351 -0.341319625781785
0.6539083611849419 -0.3441687098300646
0.6590637505199006 -0.3468821232093785
0.6639736451246233 -0.3494663264277727
0.6686497352243592 -0.3519274723500529
0.6731031543669648 -0.35427142084746255
0.6773445059313511 -0.35650375274975754
0.6813838883736238 -0.35862978313289556
0.6852309192710264 -0.3606545739739795
0.6888947582209336 -0.36258294620358317
0.6923841286494166 -0.36441949118415806
0.6939344035335572 -0.36050126798188065
0.6955621921619048 -0.35638713361948937
0.6972713702216697 -0.3520672925389784
0.699066007184423 -0.3475314594044421
0.700950375995314 -0.34276883461317875
0.7029289632467495 -0.33776807858235236
0.7050064798607567 -0.33251728474998465
0.7071878723054643 -0.32700395122599857
0.7094783343724074 -0.3212149510258132
0.7118833195426975 -0.3151365008156185
0.7144085539715022 -0.3087541280949141
0.717060050121747 -0.3020526367381744
0.7198441210795041 -0.2950160708135978
0.722767395585149 -0.2876276765927923
0.7258368338160763 -0.2798698626609466
0.72905974395855 -0.2717241580325086
0.7324437996081472 -0.26317116817264863
0.7359970580402243 -0.25419052881979576
0.7397279793939053 -0.2447608574993002
0.7436454468152703 -0.23485970261277989
0.7477587876077036 -0.22446348998193355
0.7520777954397586 -0.21354746671954483
0.7566127536634163 -0.2020856422940368
0.7613744597982569 -0.1900507266472532
0.7663742512398395 -0.17741406521813052
0.7716240322535013 -0.16414557071755176
0.7771363023178461 -0.150213651491944
0.7829241858854081 -0.13558513630505586
0.7890014636313484 -0.12022519535882326
0.7953826052645856 -0.1040972573652792
0.8020828039794846 -0.0871629224720577
0.8091180126301286 -0.06938187083417524
0.8165049817133049 -0.05071176661439869
0.8242612992506398 -0.031108157183633245
0.8324054326648417 -0.01052436728132955
0.8409567727497536 0.011088612116089358
0.8499356798389109 0.03378224048337919
0.8593635322825264 0.057610550269033556
0.8692627773483224 0.08263027554397057
0.8796569846674083 0.10890098708265444
0.8905709023524485 0.13648523419827258
0.9020305159217408 0.16544869366967158
0.9140631101694976 0.19586032611464052
0.9266973341296423 0.22779254018185793
0.9399632692877942 0.2613213649524362
0.9538925012038536 0.29652663096154336
0.9685181947157161 0.3334921602711059
0.9838751729031716 0.3723059660461466
1.0 0.4130604621099392
