# CURVE 2D, normalized by CHORD
# COLUMN#1 = X-coordinate, COLUMN#2 = Y-coordinate
#-------------------------------------------------------------------------------
-0.19926076495270018 0.21449160709103854
-0.19926076495270006 0.21449160709103854
-0.19825656137261652 0.2134106454687651
-0.19720214761352864 0.21227563576537795
-0.1960950131664864 0.21108387557682146
-0.19493252199709202 0.20983252737883715
-0.19371190626922793 0.2085186117709536
-0.1932169160599928 0.21109083198361522
-0.19243025975497066 0.20713900038267588
-0.1910845309150005 0.2056904084249843
-0.18967151563303186 0.20416938686940814
-0.18818784958696477 0.20257231423605315
-0.18687087472265018 0.20752001812082077
-0.18663000023859433 0.20089538797103043
-0.18499425842280534 0.19913461539275654
-0.18327672951622695 0.19728580418556899
-0.1814733241643196 0.19534455241802204
-0.18020753131844036 0.2037706635648866
-0.1795797485448169 0.19330623806209776
-0.17759149414433906 0.19116600798837724
-0.17550382702383732 0.18891876641097072
-0.17331177654731048 0.18655916275469386
-0.17321102074402006 0.19983384128115567
-0.17101012354695733 0.18408157891560317
-0.16859338789658654 0.18148011588455795
-0.16605581546369716 0.17874857970196045
-0.16586468464087867 0.19570017788323812
-0.16339136440916335 0.17588046671023308
-0.16059369080190283 0.17286894806891934
-0.15815103173258027 0.1913598313154249
-0.1576561335142793 0.16970685349553993
-0.15457169836227455 0.16638665419349152
-0.1513330414526696 0.1629004449263407
-0.15005169617886693 0.1868024674192209
-0.1479324516975844 0.15923992519583235
-0.14436183245474493 0.15539637947879859
-0.14154739384746806 0.18201723532820668
-0.1406126822497635 0.15136065647591312
-0.13667607453453298 0.1471231473228834
-0.13261787639949918 0.17699274163264178
-0.13254263643354094 0.14267376271220217
-0.12820252642749932 0.1380019088709869
-0.1236454109211556 0.13309646233771083
-0.12324188307913198 0.17171702325229865
-0.11886043963949469 0.127945743477771
-0.11383621979375072 0.12253748867483413
-0.11339709009274612 0.1661775189529383
-0.10856078895571956 0.11685882113175045
-0.10306005745704105 0.16036103943861002
-0.10302158657578686 0.11089622021151258
-0.0972054240768575 0.10463548924526281
-0.09220617318955071 0.15425373594856528
-0.09109845345298169 0.09806172173070055
-0.0846861342979121 0.09115926584041019
-0.08080959470868598 0.14784106728401825
-0.077953199185089 0.08391168715560529
-0.07088361731662476 0.07630172953656016
-0.06884318730377803 0.1411077651862439
-0.06346055635473731 0.06831127403656276
-0.056278459528624536 0.13403779798358084
-0.05566634234475548 0.059921295761565505
-0.04748241763427456 0.051111818572818386
-0.04308549536471351 0.12661433242078468
-0.0388892966882696 0.0418618675246339
-0.02986651969496439 0.032149418924040205
-0.029232882992606957 0.11881969357984867
-0.02039260385199392 0.021951347893416816
-0.01468764000189493 0.11063532279686594
-0.010444992216874921 0.01124337331126226
0.0 0.0
0.0005848651383526526 0.10204173347473389
0.01662099553561258 0.09301846468649544
0.03345893245273546 0.0835440324588449
0.05113876621571456 0.07359587861981198
0.06970259166684267 0.06315031708882723
0.08919460839052706 0.052182477481293454
0.10966122595039585 0.04066624589338286
0.13115117438825785 0.028574202726076747
0.1537156202480131 0.015877557400405307
0.17740828840075606 0.002546079808450341
0.2022855899611361 -0.011451971663102356
0.22840675659953524 -0.026149925708232713
0.2558339815698544 -0.04158277745561961
0.2846325677886894 -0.05778727179037585
0.31487108331846625 -0.07480199084186989
0.34662152462473195 -0.09266744584593867
0.37995948799631096 -0.11142617360021084
0.41496434953646877 -0.13112283774219669
0.45171945415363457 -0.15180433509128177
0.49031231400165864 -0.17351990730782108
0.530834816842084 -0.19632125813518742
0.5733834448245305 -0.22026267650392206
0.6180595042060995 -0.24540116579109345
0.6649693665567468 -0.2717965795426234
0.7142247220249265 -0.29951176398172985
0.7659428452665151 -0.3286127076427916
0.8202468746701832 -0.3591686984869064
0.8772661055440347 -0.391252488873227
0.9371362979615788 -0.4249404687788636
1.0 -0.460312847679782
