# CURVE 2D, normalized by CHORD
# COLUMN#1 = X-coordinate, COLUMN#2 = Y-coordinate
#-------------------------------------------------------------------------------
0.0 0.0
0.049162015963680986 0.002164139974444363
0.09598298354813918 0.0042252256643913804
0.14057438124762317 0.006188164416721873
0.18304237905665555 0.008057629895131865
0.223488091255734 0.009838073207903288
0.26200781715961824 0.011533733505780831
0.29869327040141275 0.013148648075188016
0.3336317972983599 0.014686661950813907
0.36690658481926197 0.016151437070457613
0.3985968586486925 0.017546460993927808
0.42877807181957867 0.018875055206756565
0.4575220843632798 0.02014038302849824
0.48489733440489996 0.021345457144442692
0.5109690011112049 0.0224931467786755
0.5357991598791143 0.023586184525563894
0.5594469301342662 0.024627172855933792
0.5819686160915536 0.02561859031342893
0.6034178408127797 0.02656279741580525
0.6238456738806142 0.027462042275211273
0.6433007529928374 0.028318465950836053
0.6618293997663833 0.029134107546669178
0.6794757300269033 0.02991090906651025
0.696281758846446 0.03065072003778746
0.712287500579344 0.03135530191519433
0.7275310641344849 0.03202633227462944
0.7420487437108095 0.032665408807424794
0.7558751052120711 0.03327405312437274
0.7690430685466059 0.03385371437860888
0.7815839860080676 0.034405772715976626
0.7935277169237455 0.034931542561088776
0.8049026987482005 0.035432275746909866
0.815736014771491 0.035909164495310904
0.8260534586031963 0.03636334425569285
0.8358795955857728 0.036795896408437556
0.8452378212834647 0.03720785083962299
0.8541504171860285 0.03760018839313293
0.8626386037598986 0.03797384320599954
0.8707225909731083 0.03832970493253916
0.8784216264142605 0.038668620862576907
0.8857540411201196 0.038991397938803324
0.8927372932209378 0.039298804678066575
0.8993880095074313 0.03959157300117444
0.9057220250183775 0.03987039997556288
0.9117544207430882 0.04013594947498044
0.917499559528527 0.04038885376014002
0.9229711202765639 0.040629714984101534
0.9281821305127895 0.040859106625969636
0.933144997404433 0.04107757485632021
0.9378715373012363 0.04128563983760647
0.9381846427170566 0.03977781265152869
0.938513403403668 0.038194594106147006
0.9388586021246099 0.03653221463349621
0.939221060781599 0.03478671618721291
0.9396016423714374 0.03295394281861541
0.9400012530407678 0.0310295307815881
0.9404208442435646 0.02900889814270935
0.9408614150065014 0.02688723387188674
0.941324014307585 0.024659486387522966
0.9418097435737228 0.022320351528940963
0.9423197593031675 0.019864259927429906
0.9428552758190843 0.017285363745843274
0.9434175681607971 0.014577522755177319
0.9440079751195954 0.01173428971497803
0.9446279024263338 0.008748895022768821
0.945278826098409 0.005614230595949177
0.945962295954088 0.0023228329477884557
0.9466799393025509 -0.001133134582780193
0.9474334648184369 -0.0047619004898773465
0.9482246666101173 -0.00857210469232933
0.9490554284913817 -0.012572819104903904
0.9499277284667094 -0.016773569238107217
0.9508436434408033 -0.021184356877970684
0.951805354163602 -0.025815683899827357
0.9528151504225406 -0.03067857727277684
0.9538754364944262 -0.035784615314373824
0.954988736869906 -0.04114595525805062
0.9561577022641599 -0.04677536219891129
0.9573851159281264 -0.05268623948681497
0.9586739002752912 -0.05889266063911383
0.9600271238398143 -0.06540940284902763
0.9614480085825635 -0.07225198216943715
0.9629399375624502 -0.07943669045586713
0.9645064629913312 -0.08698063415661864
0.9661513146916564 -0.09490177504240768
0.9678784089769977 -0.1032189729724862
0.9696918579766061 -0.11195203079906865
0.9715959794261949 -0.12112174151698021
0.9735953069482631 -0.13074993777078733
0.9756946008464349 -0.14085954383728483
0.9778988594395152 -0.15147463020710722
0.9802133309622494 -0.1626204708954207
0.9826435260611204 -0.17432360361814989
0.985195230914935 -0.18661189297701553
0.9878745210114402 -0.1995145968038244
0.9906877756127708 -0.21306243582197376
0.9936416929441678 -0.22728766679103057
0.9967433061421348 -0.24222415930854024
1.0 -0.25790747645192535
