# CURVE 2D, normalized by CHORD
# COLUMN#1 = X-coordinate, COLUMN#2 = Y-coordinate
#-------------------------------------------------------------------------------
-0.6377399300058204 0.9879252087099674
-0.6377399300058204 0.9879252087099675
-0.6345259469568937 0.9829464160626696
-0.6311512647555205 0.9777186837830067
-0.6294863016442702 0.9789860474408002
-0.6276078484440788 0.9722295648893609
-0.623887261317065 0.9664659900510326
-0.6208199918646422 0.9695999281081743
-0.6199806448337004 0.9604142364707879
-0.6158786975261676 0.954059895211531
-0.6117203665960329 0.9597445028089172
-0.6115716528532583 0.9473878368893113
-0.6070492559467034 0.9403821756509806
-0.6023007391948209 0.9330262313507334
-0.6021657600639931 0.9493963062446974
-0.5973147966053441 0.9253024898354738
-0.5921334232053512 0.9385306998522666
-0.5920795568863936 0.9171925612444511
-0.5865825551814955 0.9086771362238775
-0.5815994695037774 0.9271218131402142
-0.5808107033913524 0.899735939952275
-0.5747502590117023 0.8903476838670924
-0.5705388181171249 0.9151424820925592
-0.5683867924130697 0.8804900149776508
-0.5617051524845053 0.870139462643737
-0.5589251341611396 0.9025641844925215
-0.5546894305595127 0.8592713826931275
-0.5473229225382706 0.8478598987449876
-0.5467307660073555 0.889356972012482
-0.5395880891159665 0.8358778405994408
-0.5339266794458819 0.8754893989084404
-0.531466514022547 0.8232966795466165
-0.5229388601744566 0.8100864604411511
-0.5204823885563343 0.8609284471491966
-0.5139848236339616 0.7962157303804123
-0.5063658831223097 0.8456394478019907
-0.5045830852664419 0.7816514638166366
-0.49471125998054616 0.7663589839246722
-0.49154355241658365 0.8295859984874244
-0.4843458434303557 0.7503018800381095
-0.47598010517557143 0.8127298767071299
-0.4734621560526557 0.7334419209572186
-0.46203428430607074 0.7157389639222833
-0.45963848557250864 0.7950309488378208
-0.4500350189721565 0.6971508590356011
-0.44247978498929275 0.7764470745750459
-0.4374357903715465 0.6776333489045849
-0.42446314937691576 0.7569340065991325
-0.42420660034090607 0.657139963267018
-0.4103159508087336 0.6356219083475725
-0.40554568198392027 0.7364452852244235
-0.3957307687999525 0.6130279506821549
-0.38568234122127487 0.7149321277809789
-0.38041632769073236 0.5893042951334663
-0.36482583342049724 0.6923433124653621
-0.36433616452605116 0.5643944568073432
-0.3474519932031359 0.5382391265649141
-0.34292650022968063 0.6686250563839645
-0.3297236133140749 0.5107760298103635
-0.31993220037932324 0.6437208874984971
-0.3111088144305608 0.4819397782180853
-0.29578818553644814 0.6175715101687563
-0.2915632756028711 0.45166171404619326
-0.2710404598337968 0.41986974666570664
-0.2704369699514291 0.5901146639725282
-0.24949150327626887 0.38648818091619563
-0.24381819358715906 0.5612849754664889
-0.2268650988908645 0.3514375368792091
-0.2158684784046756 0.5310138025351477
-0.20310737428618994 0.3146343606403732
-0.186521277463068 0.49922907095723945
-0.17816176345128162 0.27599102558959554
-0.15570671647437995 0.4658551028004355
-0.15196887207462792 0.235415523786279
-0.1244663361291415 0.19281124689279663
-0.12335142743625749 0.4308124362357918
-0.09558867338638077 0.14807675615464014
-0.08937837394622905 0.39401763634291564
-0.06526712750648202 0.10110554087957582
-0.05370666778169908 0.35538309645539556
-0.03342950433258831 0.051785764840758294
-0.016251376308942467 0.31481682957349955
0.0 0.0
0.023076679737451755 0.27222224934750894
0.06437113858616583 0.2274979401102185
0.10773032037731556 0.18053741541106372
0.15325746125802286 0.13122886447695103
0.20106095918276545 0.07945488599613282
0.2512546320037452 0.0250922085912737
0.3039579884657738 -0.031988602683828304
0.359296512750904 -0.09192345452268558
0.4174019632502908 -0.15485504895348567
0.4784126862746467 -0.22093322310582575
0.5424739454502205 -0.2903153059657828
0.6097382675845731 -0.3631664929687377
0.6803658058256432 -0.4396602393218404
0.7545247209787669 -0.5199786729925981
0.8323915818895467 -0.6043130283468939
0.9141517858458654 -0.6928641014689044
1.0 -0.7858427282470152
