# CURVE 2D, normalized by CHORD
# COLUMN#1 = X-coordinate, COLUMN#2 = Y-coordinate
#-------------------------------------------------------------------------------
0.0 0.0
0.052784736754322874 0.0008953258334306512
0.10305591461558286 0.0017480171033646065
0.15093322686440191 0.002560104027111231
0.1965306671013724 0.0033335201449651588
0.23995680066039196 0.004070106923873661
0.2813150230975534 0.004771618141881759
0.3207038063710405 0.005439724063794233
0.3582169332981711 0.006076015417996589
0.3939437208478193 0.006682007183903596
0.4279692327998652 0.007259142199053125
0.4603744822780041 0.007808794594433629
0.4912366246381364 0.008332273066224586
0.5206291411715958 0.008830823991739782
0.5486220140606046 0.00930563439699235
0.5752818930025179 0.009757834782947178
0.6006722538995781 0.01018850181718987
0.6248535499920164 0.010598660897421005
0.6478833557943385 0.010989288592879228
0.6698165041775026 0.01136131496950611
0.690705216923373 0.011715625804388851
0.7105992290622972 0.012053064694753368
0.7295459072898441 0.012374435066529098
0.7475903627446506 0.012680502087267889
0.7647755584158951 0.012971994487971499
0.7811424114361277 0.013249606298165413
0.7967298905030161 0.013513998498350095
0.8115751086619573 0.013765800593764076
0.8257134116704727 0.014005612113205963
0.8391784621547732 0.01423400403648395
0.8520023197588689 0.014451520153891558
0.8642155174770552 0.014658678360946422
0.8758471343515183 0.014855971891474862
0.8869248647081499 0.015043870491978141
0.8974750840954182 0.015222821540076502
0.9075229120832926 0.015393251109693987
0.9170922720717445 0.015555564985520165
0.9262059482512225 0.015710149629164144
0.9348856398507254 0.015857373099301266
0.9431520128026328 0.015997585928003287
0.9510247489473065 0.016131121955338543
0.9585225928946148 0.016258299124229266
0.9656633966539562 0.016379420237458524
0.9724641621390431 0.016494773678629247
0.9789410816486497 0.01660463409879184
0.9851095764197036 0.01670926307037526
0.9909843333445169 0.01680890970997852
0.9965793399395771 0.016903811271505434
1.0 -0.26284792827443537
1.0003660269327765 -0.24817445316159248
1.0007146240116116 -0.23419971495888495
1.0010466212295495 -0.22089044048011588
1.001362809056157 -0.20821494097652626
1.0016639403195928 -0.19614303668739333
1.0019079176491583 0.016994193711054876
1.0019507319990557 -0.1846459849834572
1.0022238669318773 -0.1736964119320894
1.0024839954393263 -0.16326824712126298
1.0027317368749922 -0.15333666158714257
1.002967681099436 -0.14387800869750406
1.0031923898846202 -0.13486976785022933
1.0034063982514627 -0.1262904908528248
1.0036102157436935 -0.11811975085529669
1.0038043276410562 -0.1103380937147937
1.003989196114735 -0.10292699167621944
1.004165261327762 -0.09586879925852967
1.0043329424830263 -0.08914671124168227
1.004492638821373 -0.08274472265420857
1.0046447305721795 -0.07664759066613835
1.004789579858662 -0.07084079829654771
1.0049275315600736 -0.06531051984931852
1.0050589141328468 -0.06004358799481452
1.0051840403926309 -0.05502746241909642
1.0053032082590916 -0.050250199966031556
1.0054167014652449 -0.04570042620120787
1.0055247902330098 -0.04136730832994723
1.0056277319165956 -0.037240529404937106
1.0057257716152486 -0.0333102637620703
1.0058191427568228 -0.029567153626006704
1.0059080676535603 -0.02600228682975564
1.0059927580314054 -0.022607175595230844
1.0060734155341153 -0.01937373632425482
1.0061502322033626 -0.016294270351896706
1.006223390935979 -0.013361445616317552
1.0062930659194234 -0.010568279201480235
1.0063594230465132 -0.007908120711159039
1.0064226203104083 -0.005374636434662627
1.0064828081807844 -0.002961794266570783
1.006540129962095 -0.000663849344578582
1.006594722134772 0.0015246696287473105
1.0066467146801785 0.0036089734128672
1.0066962313900896 0.005594024635838579
1.0067433901614333 0.00748454961009698
1.0067883032769989 0.009285049585581184
1.0068310776727756 0.010999811466994747
1.0068718151925629 0.012632918020721917
1.0069106128304555 0.014188257595700193
1.006947562961782 0.01566953338139382
1.0069827535630451 0.017080272224911486
