# CURVE 2D, normalized by CHORD
# COLUMN#1 = X-coordinate, COLUMN#2 = Y-coordinate
#-------------------------------------------------------------------------------
0.0 0.0
0.02031188457696901 -0.025417292034203738
0.039656536555034774 -0.04962423682868354
0.05808001462938313 -0.07267846996628335
0.0756261842240006 -0.09463488247828318
0.0923368219331601 -0.11554575153733063
0.10825171498950248 -0.13546086492689963
0.12340875599554284 -0.154427639583632
0.13784403314415272 -0.1724912344948057
0.1515919161428288 -0.18969465821973305
0.1646851380463298 -0.2060788712910924
0.17715487319252124 -0.22168288374000608
0.18903081142698927 -0.2365438479770667
0.2003412287931493 -0.25069714725045783
0.2111130548561589 -0.26417647989178267
0.2213719368209299 -0.27701393955018727
0.23114230059690227 -0.2892400916058107
0.24044740895497121 -0.3008840459444997
0.24930941691503689 -0.31197352626706065
0.25774942449605176 -0.32253493609807105
0.2657875269541612 -0.3325934216514143
0.2734428626285511 -0.3421729317022174
0.2807336585089225 -0.35129627460774415
0.2876772736330857 -0.3599851726130077
0.29429024041800306 -0.3682603135704016
0.3005883040226862 -0.376141400196491
0.3065864598366702 -0.38364719698324284
0.3122989891833216 -0.39079557487538746
0.3177394933229896 -0.39760355382028706
0.32292092583695914 -0.40408734329162
0.32785562346931113 -0.4102623808833657
0.33255533550012245 -0.4161433690659806
0.3370312517199428 -0.42174431019228054
0.34129402907215267 -0.4270785398363757
0.34535381702663825 -0.4321587585450378
0.3492202817451959 -0.43699706207709693
0.3529026290962033 -0.44160497020286754
0.3564096265733531 -0.44599345413217284
0.35974962417063866 -0.45017296263627316
0.3629305742632916 -0.4541534469258925
0.36596005054200864 -0.45794438434457757
0.3688452660455487 -0.46155480093380147
0.37159309033463445 -0.46499329292353847
0.37421006584804944 -0.4682680471994785
0.3767024234798733 -0.4713868607956119
0.37907609741494364 -0.4743571594585961
0.3813367392578677 -0.4771860153281048
0.383489731489224 -0.47988016377525594
0.3855402002809919 -0.48244601943920945
0.3874930277017232 -0.4848896915001175
0.39057984559361547 -0.48074243376478376
0.3938210043801025 -0.4763878131426833
0.3972242211059137 -0.47181546148947784
0.40079759866801556 -0.467014492253612
0.40454964510822244 -0.46197347455595306
0.40848929387043975 -0.4566804059734111
0.4126259250707679 -0.45112268396174193
0.41696938783111237 -0.44528707584948946
0.4215300237294741 -0.43915968733162425
0.4263186914227539 -0.4327259293878659
0.43134679250069785 -0.42597048354691947
0.4366262986325389 -0.4188772654139259
0.44216978007097196 -0.4114293863742825
0.4479904355813267 -0.4036091133826569
0.45410212386719917 -0.3953978267414502
0.4605193965673653 -0.386775975768183
0.4672575329025397 -0.3777230322462525
0.4743325760544729 -0.36821744154822544
0.48176137136400254 -0.3582365713152972
0.4895616064390089 -0.34775665757072227
0.4977518532677655 -0.33675274813891876
0.5063516124379599 -0.32519864323552516
0.515381359566664 -0.3130668330869617
0.5248625940518034 -0.3003284324309702
0.5348178902611997 -0.28695311174217897
0.5452709512810658 -0.2729090250189483
0.5562466653519252 -0.25816273395955613
0.5677711651263276 -0.24267912834719418
0.5798718898894502 -0.2264213424542143
0.5925776508907288 -0.20935066726658536
0.6059186999420714 -0.19142645831957505
0.6199268014459811 -0.1726060389252141
0.6346353080250864 -0.15284459856113514
0.6500792399331468 -0.13209508617885224
0.6662953684366104 -0.11030809817745518
0.683322303365247 -0.08743176077598824
0.7012005850403156 -0.06341160650444799
0.7199727807991374 -0.038190444519330735
0.7396835863459005 -0.011708224434957615
0.7603799321700018 0.016098106653634203
0.782111095285308 0.04529475429665558
0.8049288165563795 0.07595123432182804
0.8288874238910047 0.10814053834825912
0.8540439615923611 0.14193930757601175
0.8804583261787853 0.177428015265152
0.9081934089945307 0.2146911583387493
0.9373152459510634 0.25381745856602644
0.9678931747554228 0.29490007380466743
1.0 0.33803681980524036
