# CURVE 2D, normalized by CHORD
# COLUMN#1 = X-coordinate, COLUMN#2 = Y-coordinate
#-------------------------------------------------------------------------------
-0.7906496046253602 -0.7445287065212454
-0.7866650110514822 -0.7407765459153118
-0.7824811877989104 -0.7368367772790816
-0.7816253657388588 -0.7410692937810038
-0.77808817338371 -0.7327000202110399
-0.7734755082477496 -0.7283564252895961
-0.772149914908032 -0.73743691040375
-0.7686322098549911 -0.7237956506220801
-0.7635467465425947 -0.7190068372211883
-0.762200691535664 -0.7336229078576336
-0.7582070100645786 -0.713978583150252
-0.7526002867626616 -0.7086989163757688
-0.7517540069946775 -0.7296182051842115
-0.7467132272956487 -0.7031552662625614
-0.740784988226642 -0.7254132673771181
-0.7405318148552852 -0.6973344336436937
-0.7340413317929035 -0.6912225593938826
-0.7292675185202044 -0.7209980826796701
-0.7272263245774028 -0.6848050914315809
-0.7200705670011269 -0.6780667500711641
-0.7171741753284451 -0.7163621387473498
-0.7125570215460374 -0.6709914916427265
-0.7046677988181933 -0.6635624702928671
-0.7044761649770979 -0.7114943976184134
-0.696384114953957 -0.6557619978755146
-0.6911432541081832 -0.7063832694330302
-0.6876862468965089 -0.6475715018372945
-0.6785534854361884 -0.6389714809971634
-0.6771436976958229 -0.7010165848383778
-0.668964085902852 -0.6299414591150259
-0.6624441634628444 -0.6953815660139928
-0.6588952163928486 -0.6204599361387813
-0.6483229034073451 -0.6105043370137245
-0.6470096525182172 -0.6894647962483885
-0.6372219747725665 -0.600050957932415
-0.6308034160263583 -0.683252187994504
-0.6255659997060489 -0.58907490989704
-0.6137868677099065 -0.6767289493279254
-0.6133272258862054 -0.5775500594598961
-0.6004765133753697 -0.5654489665008952
-0.5959194919776325 -0.6698795487280177
-0.5869832652389921 -0.552742818893944
-0.5771587474587445 -0.6626876780981147
-0.5728153546957959 -0.5394013639066455
-0.5579390486254397 -0.525392836169982
-0.5574599657139119 -0.6551362139367165
-0.5423189272515658 -0.5106838820464853
-0.5367762448818381 -0.6472071765672485
-0.5259177998089982 -0.4952394802168138
-0.5150583380081606 -0.6388816873293071
-0.5086966159943022 -0.47902285829565866
-0.4922545357907988 -0.6301399236294685
-0.4906143729888713 -0.46199540527844574
-0.47162801783316893 -0.44411657961037226
-0.4683105434625694 -0.620961071744638
-0.4516923449196814 -0.42534381265889504
-0.44316935151792824 -0.611323277265566
-0.4307598883605195 -0.40563240735984396
-0.416771099976055 -0.6012035930625405
-0.4087808089733995 -0.3849354317958403
-0.3890529358570882 -0.5905779246493635
-0.3857027756169235 -0.3632036074536365
-0.36147084059262374 -0.3403851918943225
-0.35994886353217304 -0.5794209728155278
-0.336027308817109 -0.31642585555704283
-0.329389587591012 -0.5677061733900003
-0.30931160045281847 -0.2912685524028991
-0.2973023478527932 -0.5554056339931965
-0.2812601066703134 -0.26485338409104825
-0.2636107461276631 -0.5424900676265524
-0.25180603819868314 -0.23711745736360482
-0.22823456431627687 -0.5289287229415762
-0.22087926630347132 -0.20799473429978924
-0.1910895734143212 -0.5146893110223512
-0.18840615581349893 -0.17741587508278286
-0.1543093897990279 -0.14530807290492617
-0.15208733296726762 -0.4997379285071647
-0.11850778548383333 -0.11159488061817667
-0.11113498049786141 -0.48403897686621905
-0.08091610095287903 -0.07619602871708966
-0.06813501040498493 -0.4675550776432261
-0.04144483219537702 -0.03902723422094832
-0.022985041807464412 -0.4502469834590835
0.0 0.0
0.024422425219931987 -0.43207348456573375
0.07420026559869819 -0.4129913107277165
0.1264669979964027 -0.39295502819779843
0.1813470670139925 -0.37191693154138444
0.23897113948246174 -0.34982693005214976
0.29947641557435445 -0.3266324284884533
0.36300695547084183 -0.30227820184657206
0.4297140223621536 -0.2767062638725968
0.49975644259803087 -0.24985572899992267
0.573300983845702 -0.2216626673836149
0.6505227521557568 -0.1920599526864917
0.7316056088813143 -0.1609771022545124
0.8167426084431496 -0.1283401093009341
0.9061364579830767 -0.09407126669967687
1.0 -0.05808898196835688
