# CURVE 2D, normalized by CHORD
# COLUMN#1 = X-coordinate, COLUMN#2 = Y-coordinate
#-------------------------------------------------------------------------------
-0.5127626113654051 0.7661984098469525
-0.5101784696745488 0.7623370416222277
-0.5074651208991496 0.7582826049862665
-0.5051388243619253 0.758856071691822
-0.5046161046849806 0.7540254465185073
-0.501624637660103 0.7495554301273603
-0.4984835972839816 0.7448619129166557
-0.4971338480082712 0.7511466166289347
-0.4951855048890541 0.739933719845416
-0.49172250787438027 0.7347591171206144
-0.4887286228369345 0.7430516888129033
-0.48808636100897274 0.7293257842595725
-0.48426840680029476 0.7236207847554786
-0.480259554881183 0.7176305352761801
-0.4799031364070312 0.73455201460607
-0.47605026036611553 0.7113407733229167
-0.47163050112529475 0.70473652327199
-0.47063637565563243 0.7256273566888953
-0.46698975392243286 0.6978020607185169
-0.4621169693594279 0.6905208750373703
-0.46090627686666386 0.7162564658758619
-0.45700054556827274 0.6828756300721663
-0.4516283005875598 0.6748481228587021
-0.4506896731382468 0.7064170305221766
-0.4459874433578112 0.6664192402845647
-0.44006454326657524 0.6575689135817204
-0.43996223922340905 0.6960856234008073
-0.43384549817077744 0.6482760705437339
-0.4286984336128292 0.6852376459233693
-0.4273155008201897 0.6385185853538481
-0.4204590036020726 0.628273225904468
-0.41687143772172064 0.6738472695720596
-0.4132596815230497 0.6175155984826189
-0.4057003933400756 0.6062200896896774
-0.4044530920360563 0.6618873744031843
-0.39776314074795277 0.5943598054570888
-0.3914138290661091 0.6493294844758652
-0.3894290255262238 0.5819065070128707
-0.38067820454340845 0.5688305436464417
-0.37772260294766413 0.6361437000521801
-0.37148984251145234 0.5551007821116913
-0.3633468155232973 0.6222986264073109
-0.36184206237789834 0.5406845325002033
-0.3517118932376667 0.525547470408141
-0.3482522387277118 0.6077612990801982
-0.3410752156404235 0.5096535552114756
-0.33240293309234725 0.5924971053867298
-0.3299067041633181 0.49296494425497683
-0.31817976711235735 0.4754419027506531
-0.3157611621752143 0.576469702008588
-0.3058664832088487 0.4570427091711133
-0.2982873027122248 0.5596409284615391
-0.2929375351101645 0.43772355591259643
-0.27993975027608586 0.5419707162371379
-0.2793621396065461 0.41743844499115373
-0.26510797432774685 0.3961390785236389
-0.2606748202181399 0.5234169934015165
-0.25014110078500756 0.37377474373274827
-0.24044664365729673 0.5039355844241142
-0.2344258835651314 0.35029219220231317
-0.21920705826841136 0.48348010499784166
-0.21792490548426136 0.3256355130953563
-0.20059887849934782 0.2997460000330516
-0.1969054936100818 0.46200185160025553
-0.1824065501651886 0.27256201131763164
-0.17348885071883569 0.43944968553278985
-0.16330460541432146 0.24401882316644066
-0.1489013756830273 0.41576991116195106
-0.14324756342591094 0.21404847560769016
-0.12308452689542837 0.3909061480725704
-0.1221876693380799 0.18257961067100215
-0.10007478054585729 0.14953730248747973
-0.09597683566844961 0.36479919682872053
-0.07685624731402356 0.11484287889478119
-0.06751375988012187 0.3373868980226784
-0.05247678742059815 0.0784137341224477
-0.03762753030237764 0.30860398427633406
-0.02687835453250146 0.040163132111497565
-0.006246989245746404 0.27838192484267255
0.0 0.0
0.02670257886371652 0.2466487624373278
0.06129962537865252 0.21332894191171592
0.09762652421933538 0.1783431303598234
0.13576976800205243 0.14160802823033625
0.17582017397390537 0.10303617099437479
0.21787310024435091 0.06253572089661519
0.26202867282831865 0.02001024829396758
0.3083920240414849 -0.024641497938812318
0.35707354281530934 -0.07152583148323122
0.40818913752782504 -0.12075438170487107
0.46186051197596667 -0.17244435943759306
0.5182154551465152 -0.22671883605695098
0.5773881454755913 -0.28370703650727686
0.6395194703211211 -0.34354464698011905
0.7047573614089274 -0.4063741379766033
0.773257147051124 -0.4723451035229118
0.8451819219754305 -0.5416146173465357
0.9207029356459523 -0.6143476068613408
1.0 -0.690717245851886
