# CURVE 2D, normalized by CHORD
# COLUMN#1 = X-coordinate, COLUMN#2 = Y-coordinate
#-------------------------------------------------------------------------------
0.0 0.0
0.019684740277754652 -0.023552182802367115
0.03843211197085436 -0.045982833090335844
0.05628675167856837 -0.06734535717411559
0.07329117044781981 -0.08769061820628676
0.08948585498996403 -0.10706705728454503
0.10490936407772045 -0.12552080878764815
0.11959842035177416 -0.14309581021917492
0.13358799775563485 -0.159833906820629
0.14691140480693074 -0.1757749512029662
0.15960036390340304 -0.19095689823376358
0.17168508685242423 -0.2054158954059515
0.183194346803873 -0.21918636890327337
0.19415554675763375 -0.23230110556738942
0.20459478480883445 -0.24479133096178565
0.21453691628616847 -0.2566867837183535
0.22400561293124846 -0.2680157863436562
0.2330234192598961 -0.2788053126534683
0.2416118062395605 -0.2890810519961465
0.24979122241066945 -0.29886747041774475
0.25758114257363035 -0.308187868914505
0.2650001141574026 -0.31706443891141955
0.2720658013800429 -0.3255183150989572
0.2787950273063669 -0.33356962575375493
0.28520381390286603 -0.34123754066308615
0.2913074201852462 -0.3485403167672111
0.2971203785494177 -0.3554953416282825
0.3026565293724382 -0.36211917482930284
0.30792905396579107 -0.36842758740170317
0.31295050595946045 -0.3744355993754178
0.31773284119152656 -0.3801575155408603
0.3222874461744466 -0.3856069595079484
0.32662516520579904 -0.39079690614327034
0.3307563261880395 -0.3957397124626246
0.3346907652187447 -0.40044714705248585
0.3384378500098925 -0.40493041809044894
0.342006502191938 -0.40920020003136615
0.3454052185557909 -0.41326665902271587
0.34864209128326984 -0.41713947710971555
0.3517248272142021 -0.42082787528781057
0.3546607661960424 -0.42434063545742484
0.3574568985596998 -0.4276861213332479
0.3601198817631831 -0.43087229835784135
0.3626560562426909 -0.433906752666978
0.3650714605088889 -0.43679670915186997
0.36737184552431557 -0.4395490486612909
0.3695626883961504 -0.44217032438454895
0.37164920541694557 -0.44466677745431854
0.37363636448436954 -0.44704435180648006
0.37552889692953517 -0.44930870833234815
0.3786760097969931 -0.4422809127919405
0.381980478307824 -0.4349017274745124
0.3854501702441965 -0.42715358289121275
0.3890933467773875 -0.41901803107874835
0.39291868213723813 -0.4104757016756606
0.3969352842650812 -0.4015062558024185
0.4011527164993165 -0.3920883376355142
0.40558102034526355 -0.3821995235602649
0.41023073938350785 -0.37181626878125296
0.4151129443736645 -0.36091385126329056
0.420239259613329 -0.34946631286943
0.4256218906149766 -0.33744639755587635
0.43127365316670674 -0.3248254864766449
0.4372080038460232 -0.3115735298434519
0.44343907205930566 -0.2976589753785994
0.44998169368325214 -0.2830486931905043
0.45685144638839603 -0.2677078968930042
0.46406468672879697 -0.25160006078062946
0.47163858908621803 -0.2346868328626357
0.47959118656151023 -0.21692794354874234
0.4879414139105669 -0.19828110976915436
0.4967091526270765 -0.1787019343005869
0.5059152782794114 -0.1581438000585913
0.5155817102143634 -0.13655775910449552
0.5257314637460626 -0.11389241610269529
0.536388704954347 -0.09009380595080474
0.5475788082230456 -0.06510526529131999
0.5593284166551791 -0.03886729759886076
0.5716655055089193 -0.011317431521778665
0.5846194488053464 0.017609927859157493
0.598221089266595 0.04798365520914061
0.6125028117509059 0.0798760689266228
0.6274986203594326 0.11336310332997901
0.6432442193983854 0.14852448945350316
0.6597770983892859 0.1854439448832036
0.6771366213297314 0.22420937308438893
0.6953641204171993 0.2649130726956336
0.7145029944590404 0.30765195728744044
0.7345988122029737 0.3525277861088376
0.7556994208341037 0.3996474063713047
0.7778550598967902 0.4491230076468951
0.8011184809126108 0.5010723889862652
0.8255450729792226 0.5556192393926035
0.851192994649165 0.612893432319259
0.8781233124026046 0.673031334892247
0.906400146043716 0.7361761325938846
0.936090821366883 0.802478170180604
0.9672660304562084 0.8720953096466594
1.0 0.9451933060860174
