# CURVE 2D, normalized by CHORD
# COLUMN#1 = X-coordinate, COLUMN#2 = Y-coordinate
#-------------------------------------------------------------------------------
0.0 0.0
0.10445818037376615 -0.04799137267098085
0.2039421616821151 -0.0936974418814389
0.2986888105472093 -0.13722703160568467
0.38892371422825145 -0.17868378372401397
0.4748617177340059 -0.2181664047890895
0.5567074353585338 -0.2557689010415424
0.6346557378580844 -0.2915808022343546
0.7088922164290848 -0.3256873747989378
0.7795936245919424 -0.3581698248604455
0.8469282990327592 -0.38910549158569097
0.9110565604049655 -0.41856803132401993
0.9721310950451622 -0.44662759297957133
1.0 -0.149705193170101
1.0302973185120161 -0.47335098503247747
1.05203947055222 -0.1898492127615198
1.0856937218137817 -0.49880183460667377
1.1016008710781438 -0.22808161237239494
1.1384522011487965 -0.5230407389630513
1.148802204912357 -0.26449342152560934
1.1886983719440487 -0.5461254097786488
1.1937558561830361 -0.29917133500486115
1.236551867939527 -0.5681108105554084
1.2365688573932068 -0.33219791927081527
1.277343144260036 -0.36365180904791444
1.2821266260304587 -0.5890492874856555
1.316175798418921 -0.39360789454991363
1.3255311575456319 -0.608990694085891
1.35315927857024 -0.4221374997899129
1.3668688066077015 -0.627982509895639
1.3883816406191154 -0.44930855239943596
1.4062379961906246 -0.6460699535239705
1.4219267473323298 -0.47518574536088654
1.4437324624600756 -0.6632960903128575
1.4538744680115818 -0.49983069103845845
1.4794414779547906 -0.6797019348737023
1.4843008686584884 -0.5233020678742413
1.5132783930841138 -0.5456557600987963
1.5134500641402335 -0.6953265487411736
1.5408760353942332 -0.5669449907888487
1.5458391938406555 -0.7102071333768606
1.5671595042610136 -0.5872204485888988
1.5766859840315335 -0.7243791187441815
1.5921913793722329 -0.6065304083984702
1.6060638794514173 -0.7378762476654395
1.6160312604305371 -0.6249208463123476
1.6340428274703542 -0.7507306561618756
1.6387359090574933 -0.6424355490874689
1.660359383940309 -0.6591162183971084
1.6606894446312463 -0.7629729499680054
1.6809531695429905 -0.6750025701205745
1.6860671752606677 -0.7746322774024146
1.7005662986884014 -0.690132428904828
1.710236442526783 -0.7857363987685186
1.7192454693030783 -0.7045418182231646
1.7332547923040358 -0.7963117524505224
1.7370351556027708 -0.7182650461453899
1.7539777139834303 -0.7313347870236998
1.755177030187134 -0.8063835178619547
1.7701134838697725 -0.7437821592887568
1.7760553519805604 -0.8159756753966521
1.7854808837615272 -0.7556367995411921
1.7959394679743002 -0.8251110635249352
1.8001165027060555 -0.76692693311494
1.8140551874151298 -0.7776794412804141
1.8148767213016712 -0.8338114331709193
1.827330125233296 -0.7879199252475323
1.8329122006610723 -0.8420974995004279
1.8399729231553592 -0.7976727671209782
1.8500888476700257 -0.849988991242817
1.8520136830811333 -0.8069611879528316
1.863481073486633 -0.815807303030787
1.8664475591071241 -0.85750469766414
1.8744023976823465 -0.8242321745336018
1.882027284285313 -0.8646625133034952
1.8848036588211214 -0.8322558616791397
1.894709621810431 -0.8398974684844138
1.89686511778835 -0.8714794805790715
1.9041438722764399 -0.8471751892513416
1.9109963877912426 -0.8779718303653348
1.913128872720258 -0.854106351886511
1.9216860160000846 -0.8607074591581008
1.9244547401749497 -0.8841550206379664
1.9298356762665865 -0.8669942279881863
1.937272218635623 -0.890043773278568
1.9375972574727784 -0.8729816268739821
1.9449892395739137 -0.8786839115271208
1.9494793409791216 -0.89565210912676
1.9520292225273759 -0.8841146588158244
1.95873396819734 -0.8892867990907802
1.9611051717824537 -0.9009933813631332
1.9651194402639722 -0.8942126469716906
1.9712008422321936 -0.8989039306677956
1.9721773915951508 -0.9060803073025364
1.9769926536304996 -0.9033718199021814
1.982508664486029 -0.9076269525063584
1.9827223628453385 -0.9109249986733966
1.9877620081579621 -0.9116794597484317
1.992765192607422 -0.9155389904551681
