# CURVE 2D, normalized by CHORD
# COLUMN#1 = X-coordinate, COLUMN#2 = Y-coordinate
#-------------------------------------------------------------------------------
-0.9604512631237099 0.5760837903502514
-0.9604512631237098 0.5760837903502514
-0.9556109294175049 0.5731805323765343
-0.9505712841048815 0.5749189411498365
-0.9505285790259899 0.5701321115041313
-0.945192111114899 0.5669312695881082
-0.9401973061351114 0.5736958494894009
-0.9395888198082536 0.5635703855762839
-0.9337053639362759 0.5600414573638685
-0.929304629266853 0.5724116032459434
-0.9275277352706994 0.5563360827408322
-0.9210412251718441 0.5524454393866441
-0.9178673185551818 0.5710631446903132
-0.9142303895680459 0.5483602638647467
-0.9070790121840578 0.5440708295667545
-0.9058581423079268 0.5696472632069014
-0.8995700659308704 0.5395669235538625
-0.8932485072483092 0.5681605876493191
-0.8916856723650236 0.5348378222403259
-0.8834070591208845 0.5298722658611126
-0.8800083904357108 0.5665995783138575
-0.8747145152145382 0.5246584316629385
-0.8661062677824822 0.564960518511623
-0.8655873441128749 0.5191839057548557
-0.8560038144561283 0.5134356535513689
-0.8515090389965925 0.5632395057192767
-0.8459411083165443 0.5073999887377076
-0.8361819487714082 0.5614324422873131
-0.8353752668699811 0.5010625406833633
-0.8242811333510899 0.4944082202263018
-0.8200885040349646 0.5595350256837514
-0.8126322931562541 0.48742118374638727
-0.8031903870616988 0.5575427382500114
-0.8004010109516764 0.48008479544247695
-0.7875581646368699 0.47238158772337113
-0.7854473642397697 0.5554508364445846
-0.7740731760063231 0.46429321961831005
-0.7668171902767442 0.5532543395488864
-0.7599139379442489 0.4558004331079959
-0.7472555076155674 0.5509480178084032
-0.745046737979071 0.44688300727216596
-0.7294361780156342 0.4375197101445446
-0.7267157408213318 0.5485263799808959
-0.7130450900540255 0.42768824816054213
-0.7051489856873843 0.5459836602620133
-0.6958344476943366 0.4173652130773396
-0.6825038927967397 0.5433138045571866
-0.677763273216663 0.4065260262399769
-0.6587885400151058 0.3951448800607461
-0.6587265452615627 0.5405104560671184
-0.6388650701534707 0.38319467657255374
-0.6337603303496269 0.5375669401525469
-0.617945426798754 0.37064696290995175
-0.6075458046920943 0.5344762484422468
-0.5959798012763012 0.35747186356421967
-0.5800205527516848 0.5312310221464317
-0.572915894477726 0.34363800925120097
-0.5511190382142552 0.5278235345358259
-0.5486987923392219 0.3291124622225313
-0.5232708350937926 0.3138606378424282
-0.520772447949954 0.5242456725446897
-0.49657147998609186 0.2978462222433199
-0.4889085281724377 0.5204889174539967
-0.4685371571230061 0.28103108586425624
-0.45545141240604536 0.5165443246087691
-0.439101118116766 0.2633751926662393
-0.4203214408513338 0.5124025021212801
-0.408193277160214 0.24483650480832164
-0.38343497071888644 0.5080535885094167
-0.3757400441558343 0.225370882557508
-0.34470417707981693 0.5034872292169601
-0.3416641495012356 0.2049319791941537
-0.30588446011390696 0.1834711306626317
-0.3040368437587939 0.4986925519598807
-0.268315786257212 0.1609372397045336
-0.26133614377171943 0.4936581408399473
-0.22886867870768218 0.1372766541985306
-0.2165004087852913 0.48837200916401724
-0.18744921578067592 0.11243303941722743
-0.169422887049542 0.4828215709042906
-0.14395877970731935 0.08634724389685912
-0.11999148922700509 0.4769936107315777
-0.09829382183029493 0.05895715860047238
-0.0680885215133411 0.47087425255022913
-0.0503456160594193 0.030197569039266306
-0.013590405413994144 0.46444892645981317
0.0 0.0
0.04363261649032013 0.45770233406487637
0.10371678948985019 0.4506184120501927
0.16680517113935667 0.4431802939347749
0.23304797187133863 0.4353702699135862
0.3026029126399197 0.42716974469133806
0.3756356004469297 0.4185591932079775
0.4523199226442902 0.4095181141504489
0.5328384609515188 0.4000249811400439
0.6173829261741088 0.39005719147911866
0.7061546146578283 0.37959101233514714
0.7993648875657338 0.3686015242339771
0.8972356741190345 0.3570625617277485
1.0 0.3449466510962085
