# CURVE 2D, normalized by CHORD
# COLUMN#1 = X-coordinate, COLUMN#2 = Y-coordinate
#-------------------------------------------------------------------------------
0.0 0.0
0.013470932874055468 -0.013161160214913495
0.026300392754108323 -0.025695598514831136
0.03851892597320628 -0.037633158800466984
0.0501556242771091 -0.04900226383440589
0.061238194090349876 -0.0598299829143477
0.07179302248391252 -0.0701420963238161
0.08184524000159123 -0.079963156713786
0.09141878049461857 -0.08931654756137637
0.10053643810702557 -0.09822453884479579
0.1092199215474132 -0.10670834006709999
0.11748990577635376 -0.11478815075500874
0.12536608123248766 -0.12248320855301709
0.13286720071451993 -0.12981183502731075
0.14001112403074115 -0.1367914792885428
0.1468148605223804 -0.14343875953733523
0.15329460956203683 -0.14976950263142327
0.1594657991236144 -0.15579878176864997
0.165343122515593 -0.16154095237553254
0.17094057336509644 -0.16700968628684928
0.1762714789360521 -0.1722180042976271
0.18134853186077177 -0.17717830716503455
0.1861838203605048 -0.18190240513399406
0.1907888570269172 -0.18640154605681258
0.19517460623302424 -0.19068644217378267
0.19935151023884048 -0.19476729561851605
0.2033295140539036 -0.19865382270873833
0.20711808911586843 -0.2023552770803786
0.21072625584154922 -0.20588047172003598
0.21416260510410234 -0.2092377999482811
0.2174353186874863 -0.21243525540375266
0.22055218876689958 -0.21548045107563032
0.22352063646157888 -0.21838063742979952
0.22634772950413062 -0.22114271967186547
0.22904019906846562 -0.2237732741881187
0.2316044557964037 -0.22627856420359801
0.23404660506110664 -0.22866455469453068
0.23637246150368085 -0.230936926590657
0.23858756287756108 -0.23310109030125353
0.24069718323363748 -0.23516219859705972
0.24270634547751974 -0.2371251588787799
0.2446198333288362 -0.23899464486137056
0.24644220271104234 -0.2407751077019331
0.2481777925988577 -0.24247078659770693
0.24983073534915806 -0.2440857188793963
0.2514049665399203 -0.24562374962386238
0.25290423434064624 -0.24708854080906817
0.2543321084365757 -0.24848358003307366
0.2556919885279372 -0.24981218881784084
0.2569871124244718 -0.25107753051761905
0.26073163384056075 -0.25296194518816345
0.26466338132745415 -0.25494058059223507
0.26879171618869224 -0.25701814776651033
0.2731264677929922 -0.25919959329949926
0.2776779569775072 -0.2614901111091377
0.282457020621248 -0.26389515480925807
0.28747503744717573 -0.2664204506943844
0.2927439551143999 -0.2690720113737671
0.29827631866498516 -0.2718561500871189
0.3040853003930998 -0.2747794957361383
0.31018473120762025 -0.2778490086676087
0.31658913356286655 -0.28107199724565257
0.3233137560358753 -0.28445613525259866
0.3303746096325344 -0.2880094801598921
0.33778850590902654 -0.2917404923125501
0.34557309699934324 -0.2956580550728411
0.3537469176441759 -0.29977149597114666
0.36232942932125 -0.30409060891436746
0.3713410665821778 -0.30862567750474923
0.3808032857061521 -0.31338749952465017
0.39073861578632507 -0.31838741264554615
0.4011707123705066 -0.3236373214224869
0.4121244137838973 -0.3291497256382747
0.4236258002679576 -0.33493775006485194
0.43570225607622093 -0.34101517571275797
0.4483825346748973 -0.34739647264305934
0.4616968272035076 -0.35409683441987577
0.47567683435854824 -0.36113221428553305
0.49035584187134107 -0.36851936314447314
0.5057687997597735 -0.37627586944636027
0.5219524055426276 -0.38442020106334174
0.5389451916146243 -0.3929717492611723
0.5567876169902208 -0.40195087486889436
0.5755221636345973 -0.41137895675700253
0.5951934376111926 -0.42127844273951615
0.6158482752866177 -0.43167290302115546
0.6375358548458139 -0.4425870863168767
0.6603078133829701 -0.454046978777384
0.6842183698469839 -0.46607986586091665
0.7093244541341985 -0.47871439729862597
0.7356858426357739 -0.49198065530822077
0.7633653005624279 -0.5059102262182953
0.7924287313854147 -0.5205362756738735
0.8229453337495509 -0.5358936276022306
0.8549877662318938 -0.5520188471270057
0.8886323203383539 -0.5689503276280194
0.923959102150137 -0.5867283821540838
0.9610522230525093 -0.6053953394064515
1.0 -0.6249956445214375
