# CURVE 2D, normalized by CHORD
# COLUMN#1 = X-coordinate, COLUMN#2 = Y-coordinate
#-------------------------------------------------------------------------------
0.0 0.0
0.059724461406320144 0.0287319834669982
0.1166049008409109 0.05609577724509179
0.1707767479214735 0.08215653322422853
0.22236898323629503 0.1069763008234064
0.271504445440887 0.1306141747273853
0.31830012373097455 0.1531264355883176
0.3628674363882008 0.17456668402730072
0.40531249606174957 0.19498596825490372
0.44573636241751036 0.21443290561452563
0.48423528275633015 0.23295379833797505
0.5209009211742537 0.25059274378887925
0.5558205768103714 0.26739173945640704
0.5890773917019121 0.2833907829492907
0.6207505487414746 0.2986279672282275
0.6509154602077247 0.3131395713034054
0.679643947318439 0.32696014661309863
0.7070044112334051 0.34012259928899696
0.7330619959143251 0.35265826850413823
0.757878743229487 0.36459700108998705
0.7815137406724983 0.37596722260031923
0.8040232620467948 0.3867960049911118
0.8254609014508867 0.3971091310775809
0.8458777008833551 0.40693115592183715
0.8653222717714204 0.41628546529731936
0.8838409107124349 0.42519433136920715
0.9014777097038773 0.43367896572338605
0.9182746611242987 0.441759569870223
0.9342717577151761 0.4494553833434011
0.949507087801726 0.45678472950833265
0.9640169259793927 0.46376505918921984
0.9778358194819322 0.47041299221863614
0.9909966704367318 0.47674435700855644
1.0 0.396690087976048
1.0035308142032078 0.482774228237052
1.0073057515847739 0.4046280888323461
1.0142636102369396 0.4121880896478681
1.0154680939808038 0.48851696274038114
1.020890142286621 0.4193880904245557
1.0268369318642285 0.49398623369593264
1.0272011251910798 0.4262452340214011
1.033211585100088 0.4327758469707776
1.0376643965151093 0.4991950631774103
1.0389358326324767 0.4389954783511362
1.0443874969490374 0.4449189368086206
1.0479762676111863 0.50415585315977
1.0495795582029048 0.45056032581574856
1.0545243784446834 0.45593307725110854
1.0577970972264976 0.5088804150477315
1.0592337310559008 0.46104998338002284
1.0637188287808699 0.46592322731232216
1.067150268288699 0.5133799977981711
1.0679903504236976 0.4705644120097501
1.0720584662740098 0.47498458791206233
1.0759328623219262 0.47919427924759783
1.0760580502527002 0.5176653147033518
1.0796227633199416 0.483203509090965
1.0831369547466232 0.4870218232275052
1.0845416521231777 0.5217465688987618
1.0864838037244149 0.4906583128813529
1.0896712789413596 0.494121636361208
1.0926212729522036 0.5256334776562952
1.092706969624164 0.4974200396753556
1.0955981036077873 0.5005613761650199
1.0983515645445714 0.5035531252027956
1.1003161499322285 0.5293352955206126
1.1009739082938894 0.5064024100006772
1.1034713785313353 0.5091160145700881
1.1058499216146171 0.5117003998742891
1.1076446041989187 0.5328608363437722
1.108115200741552 0.5141617192116233
1.110272609433871 0.5165058328662274
1.112327284378937 0.5187383220610884
1.1142841176599518 0.5208645022466702
1.1146240844529096 0.5362184942705909
1.1161477684037757 0.5228894357567483
1.1179226738740842 0.5248179438615844
1.1196130600362826 0.5266546182471428
1.1212229516193288 0.5284038319476744
1.1212712085043293 0.5394162637247037
1.1227561816984204 0.5300697497577046
1.1242164008213646 0.5316563381482096
1.1256070857003593 0.5331673747105952
1.126931547489878 0.5346064571509624
1.127601802839015 0.5424617584429067
1.128192939670372 0.5359770118560742
1.1293942655565568 0.5372823020514186
1.1305383854481614 0.5385254355707944
1.1316280234401657 0.5397093722559141
1.1326657739087413 0.540836931003647
1.1336309403006202 0.5453622296030998
1.133654107688337 0.5419107964776786
1.1345953779546187 0.5429335255005656
1.135491825827268 0.5439075531414106
1.1363455857059814 0.5448351985136437
1.1371586903523754 0.545718670296723
1.1379330757298933 0.5465600719948938
1.1386705856132437 0.5473614069455326
1.1393729759783393 0.548124583088998
