# CURVE 2D, normalized by CHORD
# COLUMN#1 = X-coordinate, COLUMN#2 = Y-coordinate
#-------------------------------------------------------------------------------
-0.18564150437340476 0.2633492574371088
-0.18470593703606095 0.26202207058628296
-0.18372359133184993 0.26062852439291584
-0.18269212834242834 0.2591653008898803
-0.1816090922035357 0.2576289162116931
-0.1804719042576984 0.25601571229959647
-0.1796662917234373 0.26203846857926866
-0.17927785691456927 0.254321848191895
-0.17802410720428366 0.25254329087880845
-0.17670767000848378 0.2506758057000676
-0.17532541095289392 0.2487149462623897
-0.17387403894452455 0.24665604385282794
-0.17339231844097158 0.2606621402785364
-0.1723500983357367 0.24449419632278804
-0.17074996069650947 0.24222425641624618
-0.16906981617532085 0.2398408195143772
-0.16730566442807285 0.23733821076741476
-0.16680464649438242 0.2592169955627676
-0.1654533050934624 0.2347104715831042
-0.16350832779212146 0.23195134543957815
-0.16146610162571345 0.22905426298887577
-0.1598875909504638 0.25769959361121036
-0.15932176415098506 0.2260123264156383
-0.15707020980252026 0.22281829301373893
-0.1547060777366322 0.21946455794174458
-0.15262468262934914 0.2561063215620753
-0.15222373906744974 0.21594313611615054
-0.14961728346480818 0.2122456431992768
-0.1468805050820345 0.20836327563655935
-0.14499862889217896 0.2544333859104834
-0.14400688778012216 0.20428678969570602
-0.1409895896131142 0.20000647945781005
-0.13782142653775584 0.19551215370801925
-0.13699127246815035 0.25267680347631194
-0.13449485530862956 0.19079311167073895
-0.13100195551804697 0.18583811753159463
-0.12858354822292006 0.25083239192043194
-0.12733441073793528 0.18063537368549307
-0.12348348871881797 0.17517249264708645
-0.11975543776542841 0.24889575978675793
-0.1194400205987448 0.16943646755675948
-0.11519437907266797 0.16341364121191618
-0.11073645547028729 0.1570896735498307
-0.11048592178506222 0.24686229604640023
-0.10605563568778759 0.15044950750464095
-0.10114077491616288 0.1434773331571917
-0.10075293000567753 0.24472715911902462
-0.09598017110595695 0.13615655009237
-0.09056153710524073 0.12846972787430722
-0.0905332886373238 0.24248526534528023
-0.0848719714044887 0.12039856454534127
-0.07980266520055213 0.2401312768828486
-0.07889792741869905 0.11192384304992706
-0.07262518123361994 0.10302538547974212
-0.06853551059194207 0.23765958899729542
-0.06603879773928685 0.09368200503104793
-0.05912309507023712 0.08387145555991904
-0.05670499825290154 0.23506431671746456
-0.0518616072677349 0.0735703786152337
-0.04428296029690881 0.23233928082364216
-0.044237045075107576 0.0627542478233141
-0.03623125477284888 0.05139731049179851
-0.031239820443116573 0.22947799313512862
-0.027825174955477247 0.03947252629370715
-0.018998791147237036 0.026951502885711215
-0.01754452359663472 0.22647364106218945
-0.009731088148584812 0.013804428307315484
-0.0031644619078288194 0.22331907138560333
0.0 0.0
0.011934602865417476 0.22000677322518786
0.02778862087732603 0.21652886015675163
0.04443533978983005 0.2128770514348936
0.061914394647959226 0.20904265227694266
0.08026740224899498 0.20501653316109417
0.09953806023008238 0.20078910808945324
0.11977225111022427 0.19635031176423026
0.14101815153437314 0.1916895756227462
0.1633263469797296 0.18679580267418786
0.18674995219735369 0.18165734107820164
0.21134473767585904 0.1762619564024161
0.23716926242828973 0.1705968024928413
0.264285013418342 0.1646483908877877
0.29275655195789674 0.1584025587024815
0.3226516674244294 0.15184443490790991
0.35404153866428856 0.14495840492360978
0.3870009034661408 0.13772807344009463
0.42160823650808554 0.13013622538240374
0.45794593620212753 0.12216478492182829
0.49610052088087164 0.11379477243822408
0.536162834793553 0.10500625933043967
0.5782282644018684 0.09577832056726601
0.6223969654905996 0.08608898486593368
0.6687741016337673 0.07591518237953473
0.7174700945840934 0.06523268976881583
0.7686008871819359 0.05401607252756099
0.8222882194096703 0.042238624424243414
0.8786599182487916 0.029872303915759957
0.9378502020298689 0.016887667381852323
1.0 0.0032537990212493373
