# CURVE 2D, normalized by CHORD
# COLUMN#1 = X-coordinate, COLUMN#2 = Y-coordinate
#-------------------------------------------------------------------------------
-0.8629792495508952 -0.18182191154159133
-0.8586301402210046 -0.1809055935973585
-0.8540635754246194 -0.179943459755914
-0.853590494908381 -0.18057927409080915
-0.849268682388415 -0.17893321922239727
-0.8442340447004004 -0.17787246666220471
-0.8437323025337411 -0.17927450476748782
-0.838947675127985 -0.17675867647400254
-0.8333969870769489 -0.17558919677639026
-0.8333812005403689 -0.17790449697800043
-0.8275687646233609 -0.17436124309389736
-0.8225125434473284 -0.1764659887990387
-0.8214491310470936 -0.1730718917272798
-0.8150235157920129 -0.17171807279233137
-0.8111004534996358 -0.17495555521112882
-0.8082766197741782 -0.17029656291063555
-0.8011923789554517 -0.1688039775348549
-0.7991177590545586 -0.1733695999438235
-0.7937539260957889 -0.16723676289028522
-0.7865359298872274 -0.17170434691315292
-0.7859435505931429 -0.16559118751348706
-0.7777426563153647 -0.163863333367849
-0.7733250092615298 -0.1699558312309488
-0.7691317173236975 -0.16204908651492902
-0.7600902313824469 -0.16014412731936306
-0.7594535426045474 -0.16811988976463446
-0.7505966711441339 -0.1581439201640188
-0.7448885026147158 -0.16619215122500441
-0.7406284328939052 -0.15604370265090733
-0.730161782731165 -0.15383847426214028
-0.7295952106253925 -0.16416802575839284
-0.7191718000602879 -0.15152298445393486
-0.7135372540366032 -0.16204269401845073
-0.7076323182558669 -0.1490917201553192
-0.6966763996183742 -0.15981109569151147
-0.6955158623612249 -0.14653889264177275
-0.6827935836718508 -0.14385842375254898
-0.6789725024792339 -0.15746791744822528
-0.6694351910480079 -0.14104393141886398
-0.6603834104831365 -0.15500758029277478
-0.6554088787929729 -0.13808871446849477
-0.6408648638872343 -0.15242422627955174
-0.6406812509251861 -0.1349857366706071
-0.62521724166401 -0.13172760998282504
-0.6203703899615369 -0.14971170456566754
-0.6089800319397751 -0.12830657696065387
-0.5988511923395547 -0.14686355676608914
-0.5919309617293286 -0.12471449228737415
-0.5762560348364736 -0.14387300157653185
-0.5740294380083596 -0.12094280338043045
-0.5552328381013422 -0.11698253002813955
-0.5525311194582383 -0.14073291862749665
-0.5354964081989738 -0.11282424300823411
-0.5276199583110912 -0.13743583153100972
-0.5147731568014872 -0.1084580416373334
-0.5014632391065867 -0.13397389007969845
-0.4930137428341261 -0.10387353019788764
-0.47399868394185707 -0.1303388515558216
-0.47016635816839697 -0.0990597931864696
-0.4461766042693814 -0.09400536932448066
-0.44516090101889083 -0.1265220611057509
-0.42098736267541503 -0.08869822426939226
-0.4148812289497763 -0.12251443113317667
-0.39453865900175034 -0.08312572196154945
-0.3830875732772059 -0.11830641966197372
-0.3667675201444025 -0.0772745945383145
-0.3497042348210073 -0.11388800761721063
-0.3376078243441872 -0.07113091074391781
-0.3146517294419986 -0.10924867497020938
-0.3069901437539611 -0.06468004275980127
-0.2778465987940395 -0.10437737569085809
-0.2748415791342237 -0.05790663137647892
-0.24108558628349946 -0.05079454942399044
-0.23920121161368257 -0.09926251144753923
-0.20564179379023903 -0.04332686337387754
-0.19862355507430762 -0.09389190399205441
-0.16842581167231555 -0.03548579302125899
-0.1560170157079639 -0.08825276616379535
-0.1293490304484959 -0.027252669151009518
-0.1112801493733031 -0.08233167144412334
-0.08831841016348528 -0.01860788908724757
-0.06430643972190908 -0.07611452198846771
-0.04523625886422412 -0.009530870020297526
-0.014984044587945444 -0.06958651506002933
0.0 0.0
0.036804470302716386 -0.06273210778516902
0.09118241093791124 -0.05553498014656569
0.14827924860486585 -0.047977996126032194
0.2082309281551682 -0.04004316290447202
0.2711801916829858 -0.03171158802183384
0.3372769183871942 -0.022963434395063737
0.406678481426613 -0.013777873086955147
0.47955012261800267 -0.00413303371344112
0.556065345868962 0.005994047628748604
0.6364063302824692 0.016627483038047813
0.7207643639166517 0.02779259021781199
0.8093402992325434 0.03951595275656437
0.9023450313142296 0.05182548342225437
1.0 0.06475049062122884
