# CURVE 2D, normalized by CHORD
# COLUMN#1 = X-coordinate, COLUMN#2 = Y-coordinate
#-------------------------------------------------------------------------------
0.0 0.0
0.006119003739045438 0.0016958031924481293
0.011946626347660154 0.003310853851922542
0.017496743117769407 0.0048489973371362675
0.022782568613111554 0.006313895894482674
0.027816688132485026 0.007709037377669727
0.03261108767474548 0.009037743552133588
0.03717718247689829 0.01030317800400393
0.041525844193234296 0.011508353672451876
0.045667426780220975 0.012656140023354683
0.04961179114877971 0.013749269881357355
0.05336832864264517 0.014790345936597993
0.056945983398707524 0.01578184694158908
0.06035327364257643 0.01672613361300916
0.06359831197007061 0.017625454252456856
0.06668882466292224 0.0184819500995499
0.06963217008468567 0.019297660430114705
0.07243535620065085 0.020074527411604995
0.07510505726347483 0.020814400727310032
0.07764762970425958 0.02151904198036245
0.0800691272669117 0.022190128888031416
0.0823753154218185 0.022829259276287574
0.08457168509315831 0.023437954884150583
0.08666346573252955 0.024017664986877258
0.08865563777002597 0.024569769846616952
0.09055294447240352 0.02509558399874999
0.09235990323657262 0.025596359381733838
0.09408081634530507 0.02607328831790893
0.09571978121076456 0.026527506352361396
0.0972807001302498 0.026960094956601843
0.09876728957737858 0.027372084103497507
0.10018308905083458 0.027764454719588612
0.10153146950174503 0.028138141020627762
0.102815641359755 0.028494032735903143
0.10403866217690737 0.028832977226641604
0.10520344390752866 0.029155781503535372
0.10631275984145369 0.029463214148196106
0.10736925120709659 0.029756007143111093
0.1083754334600898 0.030034857614458694
0.10933370227246432 0.030300429491932603
0.1102463392366305 0.0305533550895268
0.11111551729774116 0.030794236611045085
0.11194330592737037 0.03102364758391964
0.11273167605082675 0.03124213422475255
0.11348250473983282 0.03145021673983151
0.11419757968174338 0.03164839056371624
0.1148786034359439 0.03183712753884455
0.11552719748756345 0.03201687703896675
0.1161449061081535 0.03218806703908313
0.11673320003252496 0.03235110513443207
0.12118455142077711 0.02886121326235669
0.1258584703784419 0.02519682679667745
0.13076608528398992 0.021349221007714303
0.1359190809348153 0.01730923492930292
0.14132972636818197 0.013067249546971027
0.14701090407321704 0.008613164895522551
0.15297614066350373 0.003936376011501652
0.15923963908330485 -0.0009742523167202144
0.165816312424096 -0.00613041206135323
0.17272181943192666 -0.011544379793217985
0.17997260179014896 -0.017229045911675844
0.18758592326628232 -0.02319794533605668
0.1955799108162224 -0.02946528973165663
0.20397359774365942 -0.036046001347036505
0.2127869690174683 -0.04295574854318529
0.22204100885496758 -0.050210983099141626
0.231757750684342 -0.05782897938289577
0.241960329605185 -0.06582787548083757
0.25267303747207004 -0.0742267163836765
0.26392138073229954 -0.08304549933165739
0.27573214115554034 -0.09230522142703723
0.2881334395999433 -0.1020279296271861
0.3011548029665664 -0.11223677323734249
0.3148272345015206 -0.12295605902800666
0.3291832876132226 -0.134211309108204
0.3442571433805097 -0.14602932169241134
0.360084691936161 -0.15843823490582887
0.37670361791959506 -0.17146759377991738
0.3941534902022007 -0.18514842059771025
0.41247585609893656 -0.1995132887563928
0.43171434029050937 -0.21459640032300947
0.4519147486916608 -0.23043366746795702
0.47312517751286975 -0.24706279797015185
0.4953961277751392 -0.26452338499745653
0.5187806255505221 -0.2828570013761264
0.5433343482146742 -0.3021072985737298
0.5691157570120338 -0.32232011063121335
0.5961862362492614 -0.3435435632915711
0.6246102394483504 -0.36582818858494665
0.6544554428073939 -0.38922704514299106
0.6857929063343895 -0.4137958445289377
0.718697243037735 -0.4395930838841816
0.7532467965762477 -0.4666801852071878
0.7895238277916861 -0.4951216415963442
0.8276147105678963 -0.5249851708049585
0.867610137482917 -0.5563418764740035
0.9096053357436888 -0.5892664174265008
0.9537002939174992 -0.6238371854266228
1.0 -0.6601364918267509
