# CURVE 2D, normalized by CHORD
# COLUMN#1 = X-coordinate, COLUMN#2 = Y-coordinate
#-------------------------------------------------------------------------------
0.0 0.0
0.02179777771825336 0.006142651292743209
0.04255756602135184 0.011992795381070087
0.062328792976683735 0.01756436117947664
0.08115853293414267 0.02287061432081621
0.0990916186079131 0.027924188741139614
0.11617074782102779 0.03273711676049524
0.1324365851668513 0.037320857731310116
0.14792785882954035 0.041686325322562376
0.16268145279400614 0.045843913504707394
0.1767324946649259 0.049803521297226455
0.19011443930389713 0.053574576337720795
0.2028591484838697 0.05716605732866779
0.21499696675051028 0.060586515415283974
0.22655679367112033 0.06384409454539462
0.2375661526431299 0.06694655085978572
0.24805125642599618 0.06990127115920582
0.25803706955253547 0.07271529049198686
0.2675473677682872 0.07539530890415927
0.2766047946404317 0.07794770739194253
0.28523091547104545 0.08037856309459325
0.29344626864305856 0.0826936637637844
0.3012704145211663 0.08489852154396646
0.3087219820241261 0.08699838609652079
0.31581871297932584 0.0889982570989535
0.3225775043652304 0.09090289614888941
0.32901444854228235 0.09271683810120933
0.3351448715680461 0.09444440186532353
0.3409833696878211 0.09608970068828944
0.3465438440876068 0.09765665194825697
0.35183953399216467 0.09914898648155938
0.35688304818698163 0.10057025746565691
0.36168639503918826 0.10192384887908312
0.3662610110889089 0.10321298355853667
0.370617788279119 0.10444073087230196
0.37476709988884294 0.10561001402826889
0.37871882523143713 0.1067236170339517
0.382482373176765 0.10778419132507816
0.38606670455326764 0.10879426207853195
0.3894803534832702 0.10975623422467841
0.3927314477023202 0.11067239817338932
0.39582772791093934 0.11154493526739971
0.39877656620486224 0.11237592297598104
0.401584983627646 0.11316733984129658
0.4042596668874401 0.11392107018921616
0.4068069842777201 0.11463890861580622
0.4092330008398916 0.11532256426017772
0.41154349280386443 0.11597366487386486
0.41374396134098146 0.11659376069642403
0.41583964566204523 0.11718432814648039
0.41583964566204523 0.1171843281464805
0.41878360665360503 0.11161261791732147
0.4218747656947429 0.10576232217670445
0.42512048268793756 0.09961951164905669
0.42852848553079204 0.09316956059502635
0.43210688851578927 0.08639711198829458
0.4358642116500363 0.07928604095122627
0.43980940094099563 0.0718194163623046
0.44395184969650303 0.06397946054393666
0.44830142088978575 0.05574750693465058
0.4528684706427325 0.04710395564490011
0.45766387288332677 0.03802822679066187
0.4626990452359506 0.02849871149371197
0.46798597620620586 0.01849272043191441
0.4735372537249737 0.007986429817027019
0.47936609511968 -0.003045175328604599
0.48548637858412147 -0.014628360731517964
0.49191267622178514 -0.026790705404576953
0.49866028874133195 -0.03956116731128889
0.5057452818868562 -0.05297015231333635
0.5131845246896565 -0.06704958656548632
0.5209957296325969 -0.08183299253024368
0.5291974948226843 -0.09735556879323881
0.5378093482722761 -0.11365427386938387
0.5468517943943476 -0.1307679141993362
0.5563463628225225 -0.14873723654578608
0.5663156596721062 -0.16760502500955843
0.576783421364169 -0.1874162028965194
0.5877745711408351 -0.20821793967782853
0.5993152784063345 -0.230059763298203
0.6114330210351087 -0.25299367809959616
0.6241566507953218 -0.2770742886410591
0.6375164620435454 -0.3023589297095951
0.6515442638541802 -0.32890780283155796
0.6662734557553469 -0.356784119609619
0.6817391072515718 -0.3860542522265831
0.697978041322608 -0.4167878914743953
0.7150289220971959 -0.4490582126845981
0.7329323469105133 -0.4829420499553112
0.7517309429644966 -0.5185200790895598
0.7714694688211791 -0.5558770096805209
0.7921949209706955 -0.5951017868010301
0.813956645727688 -0.6362878027775647
0.83680645672253 -0.6795331195529261
0.860798758267114 -0.7249407021670555
0.8859906748889274 -0.7726186639118914
0.9124421873418314 -0.822680523743969
0.9402162754173805 -0.8752454765676506
0.9693790678967071 -0.9304386770325163
1.0 -0.988391537520625
