# CURVE 2D, normalized by CHORD
# COLUMN#1 = X-coordinate, COLUMN#2 = Y-coordinate
#-------------------------------------------------------------------------------
0.0 0.0
0.030735719005573783 0.04701260865980946
0.06000783234421554 0.09178652166915191
0.08788603552387436 0.1344283435828114
0.11443670521878753 0.17503960254820133
0.13972305730918103 0.21371699203904893
0.16380529739527006 0.2505526010779514
0.1867407641439263 0.28563413349595373
0.20858406580931316 0.31904511675119407
0.22938721025253878 0.35086510080380395
0.2491997287698965 0.38116984752057526
0.2680687940245229 0.4100315110603574
0.2860393323622623 0.4375188096696737
0.303154130779157 0.46369718929759407
0.3194539387952472 0.48862897941942296
0.33497756547723784 0.5123735414402124
0.34976197184103847 0.5349874100314403
0.36384235885418187 0.5565244277373718
0.3772522512476518 0.5770358731715922
0.3900235773366708 0.5965705831089451
0.4021867450404984 0.6151750687635666
0.41377071428223894 0.632893626529873
0.4248030659410395 0.6497684434501648
0.4353100675208495 0.6658396976599664
0.4453167356920972 0.6811456540502537
0.4548468958551902 0.6957227553743369
0.4639232388676598 0.7096057090163209
0.4725673750700117 0.7228275696277342
0.4807998857389183 0.7354198178290802
0.4886403720902579 0.7474124351636954
0.4961075019486766 0.7588339754823766
0.5032190541947896 0.7697116329287396
0.5099919610958497 0.7800713066871805
0.5164423486206687 0.7899376626476006
0.5225855748347822 0.7993341921337148
0.5284362664672712 0.8082832678347761
0.5340083537363083 0.816806197073882
0.5393151035163436 0.8249232725396972
0.5443691509259011 0.8326538206023782
0.5491825294111939 0.8400162473287413
0.553766699397187 0.8470280823062297
0.5581325755743234 0.8537060203800283
0.5622905528858818 0.8600659614026935
0.5662505312778422 0.8661230480909463
0.5700219392701854 0.8718917020797583
0.5736137564057504 0.8773856582595794
0.577034534630098 0.8826179974784566
0.5802924186532863 0.887601177686911
0.583395165342037 0.8923470635997248
0.5863501621884661 0.8968669549452617
0.5884348106546605 0.8967211851202527
0.5906236915441647 0.8965681268039931
0.5929220164781441 0.8964074155719207
0.5953352576588224 0.8962386687782445
0.5978691608985346 0.8960614846448847
0.6005297593002324 0.8958754413048567
0.6033233876220152 0.8956800957978275
0.6062566973598871 0.8954749830154467
0.6093366725846525 0.8952596145939469
0.6125706465706562 0.8950334777513721
0.6159663192559601 0.8947960340666685
0.6195317755755293 0.8945467181977299
0.623275504711077 0.8942849365353442
0.6272064203034018 0.8940100657898393
0.6313338816753431 0.8937214515070592
0.6356677161158814 0.8934184065101399
0.6402182422784466 0.8931002092633749
0.64499629474914 0.8927661021542714
0.6500132498433681 0.8924152896897128
0.6552810526923076 0.8920469366019264
0.6608122456836941 0.8916601658597505
0.6666199983246499 0.891254056580466
0.6727181385976535 0.8908276418372171
0.6791211858843074 0.8903799063568059
0.6858443855352938 0.889909784102374
0.6929037451688296 0.8894161557352205
0.7003160727840423 0.8888978459497094
0.7080990167800154 0.8883536206749227
0.7162711079757873 0.8877821841363968
0.7248518037313478 0.8871821757709445
0.7338615342746864 0.8865521669872196
0.7433217513451917 0.8858906577643084
0.7532549792692225 0.8851960730802517
0.7636848685894547 0.8844667591619921
0.7746362523756987 0.8837009795478196
0.7861352053512547 0.8828969109529384
0.7982091059755886 0.8820526389283132
0.8108867016311392 0.8811661533024567
0.8241981770694672 0.8802353433953075
0.8381752262797117 0.8792579929928007
0.8528511279504685 0.8782317750701686
0.868260824704763 0.8771542462514049
0.8844410062967722 0.876022840991703
0.901430196968382 0.874834865469016
0.9192688471735723 0.8735874911701946
0.937999429889022 0.8722777481564322
0.9576665417402442 0.8709025179919817
0.9783170091840275 0.8694585263193086
1.0 0.867942335063002
