# CURVE 2D, normalized by CHORD
# COLUMN#1 = X-coordinate, COLUMN#2 = Y-coordinate
#-------------------------------------------------------------------------------
0.0 0.0
0.09109334647652544 -0.001363517938289993
0.177848914549407 -0.0026621064509471325
0.26047326509500845 -0.003898857415382503
0.33916312275748606 -0.0050767154767495225
0.41410584434079806 -0.006198485059003827
0.4854798648963333 -0.007266837042103165
0.5534551225682717 -0.008284315121245391
0.6181934632082129 -0.009253341863285606
0.6798490257224428 -0.01017622447475248
0.7385686090693282 -0.01105516029519712
0.7944920217806477 -0.011892242028953918
0.8477524148390473 -0.012689462727769918
0.8984765987041896 -0.013448720536166109
0.9467853452424205 -0.014171823210829148
0.9927936752788309 -0.014860492424793946
1.0 0.5621020601999343
1.0366111324563647 -0.015516367866665184
1.0386746366549793 0.5312738774779305
1.0755076239454358 0.5019137034569746
1.0783420440540157 -0.016141011144637788
1.1105866594601561 0.47395163296082615
1.118085769385112 -0.0167359095046117
1.1439952647122709 0.4473210896311609
1.1559369363671084 -0.01730247937125352
1.1758129839999991 0.4219586674124321
1.1919856668261526 -0.017842069720436202
1.2061155737978355 0.3978039795850713
1.2263177910728613 -0.01835596529108638
1.2349751831291083 0.3747995149875849
1.259015052260203 -0.018845389644086545
1.2624605253493681 0.3528905010852168
1.2886370417496156 0.332024773559152
1.2901553010100522 -0.019311508075515276
1.313567057368899 0.31215265210575693
1.3198126807718136 -0.019755430391161687
1.337309929387264 0.2932268221501426
1.3480578043544431 -0.020178213548920174
1.3599221884523736 0.2752022221924147
1.3749579220521857 -0.02058086417535683
1.3814576732762873 0.2580359365183881
1.4005770817643215 -0.020964340962439355
1.401967658822872 0.24168709301931512
1.421500978391048 0.22611676587734086
1.4249762814901652 -0.021329556950137
1.4401041398845487 0.21128788288498446
1.448213614562397 -0.021677381700325234
1.4578214365450255 0.19716513717797834
1.470344407964523 -0.02200864336717117
1.4746950524121465 0.18371490317130584
1.4907651627617855 0.17090515649828442
1.4914213540617853 -0.022324130668929205
1.5060700297614416 0.1587053977620736
1.511494636059178 -0.022624594765841617
1.5206460935706378 0.1470865799180633
1.5306120474852667 -0.022910751048615344
1.5345280591032058 0.13602103911424385
1.5477489786580323 0.12548242882489213
1.5488191059863035 -0.023183280841733184
1.56034033061501 0.11544565712074756
1.5661591617015764 -0.02344283302565493
1.5723320943835604 0.10588682692632412
1.582673500478027 -0.02369002558177088
1.5837528217821797 0.09678317912211137
1.5946297050189597 0.08811303835619444
1.5984014421698847 -0.023925447063786073
1.6049886414349408 0.0798557614362736
1.613380434257368 -0.024149657999038638
1.614854295164447 0.07199168817920615
1.6242501558592144 0.06450209460104661
1.6276461410073524 -0.024363192223088696
1.6331985946161356 0.057369148336132825
1.6412325283882896 -0.02456655815075542
1.6417209172417753 0.05057586617907206
1.6498374149804795 0.04410607364853791
1.6541719449415633 -0.02476023998662849
1.6575674128268645 0.03794436647660071
1.6649293155377074 0.0320760739318986
1.666495198801824 -0.024944698877936176
1.6719406514527957 0.026487223889325118
1.6782316310496912 -0.025120374012514924
1.6786181142290704 0.021164509563064704
1.6849776025874272 0.016095257823769082
1.6894091855714695 -0.025287683664494683
1.6910342581668147 0.01126739902443985
1.696802501575755 0.00666943826317401
1.700054475592211 -0.025447026190189695
1.702296066727127 0.0022904280143494216
1.7075280335379572 -0.0018800579369121495
1.7101928470405359 -0.025598780976565896
1.7125108590720814 -0.005851949319066074
1.7172564071998186 -0.009634703016355495
1.7198484388960835 -0.02574330934454323
1.721775976845283 -0.01323732558520252
1.7260803288885818 -0.01666839469839021
1.729044240663272 -0.02588095540928355
1.730179711786962 -0.019936079568092735
1.7340838859758954 -0.023048160396380912
1.737802147108213 -0.02601204689951242
