# CURVE 2D, normalized by CHORD
# COLUMN#1 = X-coordinate, COLUMN#2 = Y-coordinate
#-------------------------------------------------------------------------------
-0.060590188981640924 -0.8607882788648655
-0.06059018898164081 -0.8607882788648655
-0.06028483591974851 -0.8564502112501229
-0.059964215204761584 -0.851895240254643
-0.05962756345402532 -0.8471125207093892
-0.059274079115752235 -0.8420906651868727
-0.0589029205605655 -0.8368177168882304
-0.05851320407761943 -0.8312811211746559
-0.058104001770526055 -0.8254676956754028
-0.05767433934807801 -0.8193635989011869
-0.05722319380450757 -0.8129542972882604
-0.0567494909837586 -0.8062245305946875
-0.05625210302197218 -0.7991582755664358
-0.05572984566209645 -0.7917387077867717
-0.05524519060712496 -0.8541943528196829
-0.05518147543422692 -0.7839481616181243
-0.05460568669496391 -0.7757680881410446
-0.05400110851873777 -0.7671790109901108
-0.0533663014337003 -0.7581604799816304
-0.05269975399441097 -0.7486910224227259
-0.051999879183157176 -0.7387480919858762
-0.05126501063134069 -0.7283080150271841
-0.05049339865193338 -0.7173459342205574
-0.0496832060735557 -0.7058357493735993
-0.049632942313883266 -0.8472707304722409
-0.04883250386625913 -0.6937500552842933
-0.047939266548597745 -0.681060076490522
-0.04700136736505328 -0.6677355987570621
-0.0460165732223316 -0.6537448971369293
-0.04498253937247383 -0.6390546604357897
-0.04389680383012318 -0.6236299118995933
-0.04374008160597942 -0.8400009270074269
-0.04275678151065499 -0.607433925936587
-0.04155975807521339 -0.5904281406754304
-0.04030288346799972 -0.5725720661512159
-0.03898316513042536 -0.5538231879007908
-0.03759746087597227 -0.5341368657378444
-0.0375525778626804 -0.8323676333693721
-0.03614247140879654 -0.5134662274667505
-0.034614732468262015 -0.4917620572821021
-0.03301060658070077 -0.4689726785882212
-0.031326274398761456 -0.4450438309596463
-0.03105569893221638 -0.8243526750494148
-0.029557725607725183 -0.4199185409496426
-0.027700749377137093 -0.39353698643913876
-0.0257509243350196 -0.3658363542031097
-0.024233976055229256 -0.8159369688134595
-0.02370360804079623 -0.33675069035527916
-0.02155392593186169 -0.30621074331505715
-0.019296759717480426 -0.274143798922824
-0.01707116703439282 -0.8071004772657064
-0.0169267351923801 -0.2404735073109792
-0.014438209441024754 -0.20511970111854216
-0.011825257402101642 -0.1679982046164833
-0.009550217562514396 -0.7978221611405658
-0.009081657761232376 -0.12902063328932145
-0.006200878138319646 -0.08809418339580154
-0.003176059534261278 -0.04512141100760561
-0.0016532206170420949 -0.788079929209168
0.0 0.0
0.006638626175703655 -0.7778505856812006
0.01534506530808688 -0.7671097749768345
0.0244868263970891 -0.7558319237372502
0.03408567554054165 -0.7439901799356865
0.04416446714116673 -0.7315563489440449
0.054747198321823065 -0.7185008264028212
0.06585906606151226 -0.7047925277345362
0.07752652718818587 -0.6903988141328368
0.08977736137119308 -0.6752854148510528
0.10264073726335066 -0.6594163456051794
0.11614728195011625 -0.6427538228970122
0.13032915387122002 -0.6252581740534369
0.14522011938837898 -0.6068877427676826
0.16085563318139595 -0.5875987899176407
0.1772729226640638 -0.5673453894250968
0.19451107662086498 -0.5460793189079256
0.21261113827550626 -0.5237499448648958
0.23161620301287944 -0.5003041021197145
0.25157152098712143 -0.4756859672372742
0.27252460486007546 -0.449836925610712
0.2945253429266772 -0.42269543190282155
0.3176261178966091 -0.39419686350953653
0.34188193161503755 -0.3642733666965873
0.3673505360193875 -0.33285369504299067
0.39409257064395486 -0.29986303980671414
0.4221717069997506 -0.2652228518086237
0.45165480017333615 -0.2288506544106288
0.4826120480056011 -0.1906598471427342
0.5151171582294791 -0.15055949951144487
0.5492475239645511 -0.10845413449859109
0.5850844079863766 -0.06424350123509448
0.6227131362092935 -0.017822336308423115
0.6622233008433562 0.030919886864581803
0.703708973709122 0.08209922119623697
0.7472689302181762 0.13583752224447487
0.793006884552683 0.1922627383451247
0.8410317366039152 0.25150921525080705
0.891457831257709 0.31371801600177346
0.9444052306441925 0.3790372567902882
1.0 0.44762245961822855
