# CURVE 2D, normalized by CHORD
# COLUMN#1 = X-coordinate, COLUMN#2 = Y-coordinate
#-------------------------------------------------------------------------------
-0.13958726910275354 -0.20973565628720858
-0.13888379877631793 -0.20867866297011073
-0.1381451549335605 -0.20756881998715795
-0.13736957889866525 -0.20640348485505755
-0.1365552240620252 -0.20517988296635212
-0.13570015148355313 -0.20389510098321142
-0.13480232527615751 -0.2025460799009137
-0.13385960775839206 -0.2011296077645011
-0.13384415346369427 -0.20822183637066038
-0.13286975436473838 -0.19964231202126784
-0.131830408301402 -0.19808065149087292
-0.1307390949348988 -0.19644090793395827
-0.12959321590007045 -0.19471917719919787
-0.12839004291350065 -0.19291135992769948
-0.12781388204268218 -0.2066323254582848
-0.1271267112776024 -0.19101315179262615
-0.12580021305990918 -0.18902003325079914
-0.12440738993133135 -0.1869272587818808
-0.12294492564632462 -0.18472984558951655
-0.12148209705061919 -0.2049633390002904
-0.12140933814706753 -0.18242256173753404
-0.11979697127284761 -0.17999991369295246
-0.1181039860549167 -0.1774561332461418
-0.11632635157608923 -0.17478516377699058
-0.11483372280895332 -0.20321090321939628
-0.11445983537332038 -0.1719806458343818
-0.11249999336041311 -0.1690359019946426
-0.11044215924686046 -0.16594392096291644
-0.10828143342763018 -0.16269734087960394
-0.107852929855204 -0.2013708456494575
-0.10601267131743838 -0.15928843179212585
-0.10363047110173698 -0.15570907725027383
-0.10112916087525055 -0.1519507549813292
-0.10052309725376718 -0.19943878520102176
-0.09850278513743976 -0.14800451659893737
-0.09574509061273845 -0.14386096629742595
-0.09284951136180207 -0.13951023848083893
-0.09282677302225872 -0.1974101217301642
-0.08980915314831887 -0.13494197427342258
-0.08661677702416151 -0.1301452968556354
-0.08474563257917467 -0.1952800250857638
-0.08326478209379629 -0.12510878556695887
-0.07974518741691279 -0.1198204487138485
-0.07626043511393643 -0.1930434236091434
-0.07604961300618511 -0.11426769501808262
-0.07216925987492107 -0.10843730363752845
-0.06809488908709381 -0.10231539268794655
-0.06735097777543642 -0.19069499205869195
-0.0638167997598752 -0.09588738619088558
-0.05932480596629565 -0.08913797936897155
-0.0579960475700112 -0.1882291389307179
-0.05460821248303712 -0.08205110220596182
-0.049655789325615665 -0.0746098811848016
-0.048173370854315056 -0.18563999314634516
-0.044455745010323136 -0.06679659911258336
-0.03899569847926599 -0.05859265293675422
-0.03785956030283377 -0.18292139007275382
-0.03326264962165598 -0.04997850945213362
-0.027242948321165472 -0.04093365879328199
-0.027030059223778435 -0.18006685684548285
-0.02092226195565044 -0.03143656560148778
-0.015659083090770354 -0.17706959695684837
-0.014285541271859652 -0.021464617750103863
-0.0073169845538793256 -0.010994072506150747
-0.0037195581511120235 -0.1739224740737822
0.0 0.0
0.008816943035529379 -0.17061799504656266
0.021980269281502762 -0.1671482920679822
0.03580176183977479 -0.16350510394047268
0.05031432902596056 -0.15967975640658766
0.06555252457145544 -0.15566314149600846
0.08155262989422518 -0.15144569583990025
0.09835274048313336 -0.14701737790098665
0.11599285660148695 -0.14236764406512734
0.13451497852575822 -0.1374854235374751
0.15396320654624318 -0.1323590919834402
0.17438384596775214 -0.12697644385170362
0.19582551736033682 -0.12132466331338015
0.21833927232255046 -0.11539029374814055
0.24197871503287494 -0.10915920570463897
0.2668001298787157 -0.10261656325896229
0.29286261546684844 -0.09574678869100176
0.3202282253343878 -0.08853352539464324
0.3489621156953041 -0.08095959893346677
0.3791327005742664 -0.07300697614923146
0.41081181469717665 -0.06465672222578439
0.44407488452623245 -0.055888955606165
0.4790011078467411 -0.0466828006555646
0.5156736423332751 -0.0370163379574342
0.5541798035441359 -0.026866552124397286
0.5946112728155396 -0.016209276999708505
0.6370643155505136 -0.0050191381187852935
0.6816400104222362 0.006730507706184066
0.7284444900375451 0.01906763582240191
0.7775891936336192 0.03202162034443064
0.8291911324094972 0.0456233040925608
0.883373168124169 0.05990507202809747
0.9402643056245744 0.07490092836041098
1.0 0.09064657750934013
