# CURVE 2D, normalized by CHORD
# COLUMN#1 = X-coordinate, COLUMN#2 = Y-coordinate
#-------------------------------------------------------------------------------
0.0 0.0
0.0019443522989582233 -0.048735140929483146
0.0037961163932041546 -0.09514956086232434
0.0055597012448669455 -0.1393537703221731
0.007239305865498176 -0.18145301742679096
0.008838929313718396 -0.22154753847880798
0.010362380216785271 -0.25973279662358606
0.011813285838753722 -0.2960997091424224
0.013195100716818916 -0.3307348639222665
0.014511114886404814 -0.3637207256173561
0.01576446171458186 -0.3951358319936319
0.01695812536046476 -0.42505498092341837
0.01809494788035324 -0.453549408475596
0.01917763599453274 -0.4806869585252889
0.020208767531846552 -0.5065322442869012
0.021190797567383513 -0.5311468021551036
0.02212606426789491 -0.554589238220058
0.02301679445885814 -0.5769153678057289
0.02386510892644217 -0.5981783483635108
0.024673027466998388 -0.6184288060375888
0.025442473696099546 -0.6377149562033773
0.026175279628576843 -0.656082718266033
0.02687319004045998 -0.6735758249923718
0.027537866623205825 -0.6902359266365039
0.02817089194010663 -0.706102690107106
0.028773773194297875 -0.7212138934124414
0.029347945817337157 -0.7356055156079988
0.029894776886898376 -0.7493118224609107
0.030415568381718584 -0.7623654480351124
0.030911560281547353 -0.774797472391495
0.03138393351947952 -0.78663749558805
0.03183381279370062 -0.7979137081561974
0.032262269245339766 -0.8086529582210997
0.032670323008805624 -0.8188808154257687
0.03305894564067787 -0.8286216318111678
0.03342906243293715 -0.837898599797262
0.03378155461604122 -0.8467338074030661
0.03411726145709273 -0.8551482908371653
0.034436982258094155 -0.8631620845839263
0.0347414782590479 -0.8707942691046512
0.035031474450432414 -0.8780630162672461
0.035307661299370054 -0.8849856326125748
0.03557069639359637 -0.8915786005605069
0.035821206007145244 -0.8978576176537755
0.0360597865914775 -0.9038376339330788
0.03628700619560347 -0.9095328875324155
0.03650340581858058 -0.9149569385794027
0.036709500697606395 -0.9201227014812953
0.03690578153477384 -0.925042475673574
0.037092715665409504 -0.9297279749043156
0.037092715665409504 -0.9297279749043155
0.04194542684739744 -0.9228519473483212
0.0470407735884848 -0.9156321184145269
0.052390887666626584 -0.9080512980340429
0.05800850744867536 -0.900091436634535
0.06390700821982664 -0.8917335821650514
0.07010043402953547 -0.8829578349720939
0.07660353112972973 -0.8737433004194883
0.08343178308493371 -0.8640680391392526
0.0906014476378979 -0.853909014795005
0.0981295954185103 -0.8432420392335451
0.10603415058815324 -0.832041714894012
0.11433393351627841 -0.8202813743375024
0.12304870559080994 -0.8079330167531673
0.13219921626906794 -0.7949672412896154
0.14180725248123882 -0.7813531770528861
0.1518956905040183 -0.76705840960432
0.16248855042793675 -0.7520489037833258
0.17361105334805094 -0.7362889226712819
0.18528968141417101 -0.7197409425036358
0.19755224088359713 -0.7023655633276074
0.21042792832649437 -0.6841214151927775
0.22394740014153658 -0.6649650596512062
0.2381428455473309 -0.6448508863325564
0.253048063223415 -0.6237310043479738
0.2686985417833032 -0.6015551282641625
0.2851315442711859 -0.5782704583761602
0.3023861968834627 -0.5538215549937581
0.3205035821263533 -0.5281502064422358
0.3395268366313885 -0.5011952904631374
0.3595012538616754 -0.47289262868508397
0.38047439195347665 -0.44317483381812794
0.4024961869498681 -0.41197114920782407
0.42561907169607893 -0.37920728036700513
0.44989810067960045 -0.3448052180841451
0.475391081112298 -0.308683052687142
0.5021587105666305 -0.2707547790202889
0.5302647214936795 -0.23093009167009304
0.559776032967081 -0.1891141699523874
0.5907629100141525 -0.1452074521487966
0.6232991309135778 -0.09910539845502608
0.6574621628579742 -0.050698242076567146
0.6933333463995904 0.0001292721208147607
0.7309980891182875 0.05349816202806579
0.7705460689729193 0.10953549643067934
0.8120714478202828 0.16837469755342355
0.8556730956100145 0.23015585873230499
0.9014548257892327 0.2950260779701305
0.949525642477412 0.3631398081698473
1.0 0.4346592248795498
