# CURVE 2D, normalized by CHORD
# COLUMN#1 = X-coordinate, COLUMN#2 = Y-coordinate
#-------------------------------------------------------------------------------
0.0 0.0
-0.0043634734578918595 0.0208244917066359
-0.008519162465407926 0.040657340951051085
-0.012476961520185133 0.05954576880287507
-0.01624629395330628 0.0775347477093741
-0.019836134365802612 0.09466710857270652
-0.0232550299967515 0.11098364272826121
-0.026511121073845678 0.1265231990668847
-0.029612160194887754 0.14132277653224043
-0.0325655307863564 0.1554176122135316
-0.0353782646829932 0.1688412652433327
-0.03805705887026634 0.18162569670028614
-0.0406082914295741 0.19380134570690843
-0.04303803672415292 0.2053972019036916
-0.04535207986184703 0.2164408744720565
-0.04755593046917476 0.2269586578704993
-0.049654835809486875 0.2369755944404448
-0.051653793276450796 0.24651553403086907
-0.053557562292606914 0.2556011907836541
-0.05537067564132702 0.2642541972148779
-0.0570974502591557 0.2724951557208054
-0.05874199751423062 0.2803436876312125
-0.06030823299525436 0.2878184799268383
-0.06179988583432459 0.2949373297321962
-0.06322050758582005 0.30171718668967995
-0.06457348068248239 0.30817419331585494
-0.06586202648882748 0.3143237234360216
-0.0670892129710609 0.32018041878856124
-0.06825796200175939 0.32575822388621806
-0.06937105631671033 0.3310704192173198
-0.07043114614047313 0.3361296528659881
-0.0714407554964377 0.34094797062662463
-0.07240228821640396 0.3455368446843736
-0.07331803366399088 0.34990720092984895
-0.07419017218550222 0.35406944497315873
-0.07502078030122732 0.35803348691916803
-0.07581183564953693 0.3618087649629865
-0.0765652216955461 0.36540426786186114
-0.07728273221555482 0.36882855633697986
-0.07796607556794408 0.3720897834561406
-0.07861687876069574 0.3751957140458174
-0.07923669132522114 0.378153743178843
-0.07982698900572152 0.3809709137817245
-0.08038917727286475 0.3836539334035164
-0.080924594670144 0.38620919018617533
-0.08143451600088615 0.388642768074422
-0.08192015536349773 0.3909604613013235
-0.08238266904217542 0.39316778818408693
-0.0828231582599637 0.3952700042629092
-0.08324267180071443 0.39727211481416846
1.0 -0.06047024029408765
0.9432178167205619 -0.0364759766086368
0.8891395469306207 -0.013624296908207364
0.8376364328449625 0.008139207568392093
0.7885858480014785 0.02886635468896301
0.7418710052933983 0.04860649480379245
0.6973806789047508 0.06740662824648716
0.655008939486991 0.08531151723952973
0.6146549019462675 0.10236379247099886
0.5762224852408165 0.11860405459620757
0.5396201836165775 0.13407097090593012
0.50476084873635 0.14880136739138017
0.47156148218375216 0.16283031642514212
0.43994303784794475 0.1761912202668202
0.4098302337186044 0.18891589059222785
0.3811513726430422 0.20103462423547325
0.35383817161869724 0.21257627532427842
0.3278255992145591 0.2235683239802833
0.30305172073442765 0.234036941747907
0.27945755075335 0.24400705390754862
0.2569869126761333 0.253502398821493
0.23558630498354594 0.26254558445382103
0.2152047738477484 0.27115814219889534
0.19579379181365553 0.2793605781465851
0.17730714225737654 0.28717242190628967
0.15970080934663478 0.2946122731060083
0.14293287324116632 0.30169784567716895
0.12696341028357738 0.3084460100306552
0.11175439794301645 0.31487283322445164
0.09726962428533936 0.3209936172185435
0.08347460175421839 0.32682293530815487
0.07033648505791268 0.33237466682207034
0.057823992966193005 0.3376620301686566
0.0459073338312217 0.3426976143082625
0.03455813465505864 0.34749340872693485
0.023749373534903473 0.35206083198281324
0.013455315325231698 0.3564107588931736
0.0036514503636395634 0.36055354642685017
-0.00568556388549557 0.36449905836368496
-0.01457795840848175 0.3682566887797181
-0.023046905573230303 0.37183538441403535
-0.031112569539657464 0.375243665970528
-0.03879415426958821 0.37848964840528293
-0.0461099492504744 0.3815810602479066
-0.05307737304179483 0.38452526200278636
-0.05971301474781421 0.38732926367410037
-0.06603267351545172 0.3899997414563042
-0.07205139615129696 0.3925430536298317
-0.0777835129473401 0.39496525569985785
