# CURVE 2D, normalized by CHORD
# COLUMN#1 = X-coordinate, COLUMN#2 = Y-coordinate
#-------------------------------------------------------------------------------
0.0 0.0
0.016807645746200042 0.036858739920917975
0.03281492740924774 0.07196230175036375
0.048059957564531255 0.10539426539745496
0.06257903390289651 0.13723423077563707
0.07640672565372057 0.1675580073262867
0.08957595589260062 0.19643779451738158
0.10211807992962924 0.22394235374699575
0.11406295996489459 0.250137172060914
0.12543903618895683 0.2750846180741695
0.13627339449758755 0.2988440904677462
0.14659183098199774 0.32147215941400964
0.15641891334810268 0.3430227012675939
0.16577803941105979 0.36354702684243606
0.17469149280435226 0.383094003580381
0.18318049603605935 0.40171017190223324
0.19126526101863756 0.4194398560182831
0.19896503719252157 0.43632526946214
0.20629815735812537 0.45240661559914663
0.2132820813253671 0.46772218334867677
0.21993343748464492 0.48230843834822923
0.22626806239824285 0.4962001097763744
0.23230103850643136 0.5094302730412746
0.23804673003803942 0.5220304285316557
0.24351881721099952 0.534030576617733
0.24873032880429485 0.5454592890806638
0.2536936731788619 0.5563437771405979
0.25842066782130657 0.566709956245297
0.26292256748077775 0.5765825077735818
0.2672100909659884 0.5859849378005197
0.27129344666618904 0.5949396330642702
0.27518235685685627 0.603467914267842
0.27888608084796795 0.6115900868426722
0.28241343702997906 0.6193254892948916
0.28577282386998965 0.6266925392493863
0.288972239908095 0.6337087773012859
0.29201930280152866 0.6403909087792856
0.29492126746194164 0.6467548435202377
0.29768504332900164 0.6528157337497158
0.3003172108214397 0.6585880101587426
0.30282403700471405 0.6640854162625777
0.3052114905125944 0.6693210411233729
0.30748525575819474 0.6743073505146066
0.30965074646829027 0.6790562166014956
0.3117131185731432 0.6835789462080567
0.3136772824825269 0.687886307738115
0.3155479147771781 0.6919885568143608
0.3173294693435125 0.6958954606964998
0.31902618797811677 0.6996163215366321
0.32064211048726365 0.7031599985272343
1.0 0.27498241724542205
0.9643889359246538 0.2974269336307249
0.9304736368052764 0.31880266352148956
0.8981733519296788 0.339160501512694
0.8674111758576812 0.3585489186471744
0.8381138653129215 0.37701407782287005
0.8102116647941028 0.394599943704485
0.783638140490466 0.411348387401261
0.7583300221060498 0.4272992861600954
0.7342270522161298 0.44249061831136627
0.7112718427971583 0.45695855369352895
0.689409738588614 0.4707375397717791
0.6685886869614289 0.48386038365582695
0.6487591139831574 0.4963583302120629
0.6298738063848037 0.5082611364560972
0.6118877991482763 0.5195971424027965
0.5947582684468216 0.5303933385425101
0.5784444296835315 0.5406754301041421
0.5629074403851599 0.5504678982580775
0.5481103077200441 0.5597940584046824
0.5340178004199339 0.5686761156871634
0.5205963648960193 0.5771352178609548
0.5078140453494341 0.585191505645518
0.4956404076860196 0.5928641606784353
0.4840464670541962 0.6001714511859757
0.47300461883341205 0.6071307754788713
0.4624885729088556 0.613758703376867
0.4524732910759448 0.6200710156606726
0.4429349274255536 0.6260827416452492
0.4338507715680382 0.6318081949638936
0.4251991945608805 0.637261007648317
0.4169595974112067 0.6424541625858629
0.4091123620305649 0.6474000244311449
0.40163880452519174 0.652110369045699
0.3945211307105506 0.6565964115357505
0.3877423937442257 0.6608688329548473
0.38128645377629733 0.6649378057349395
0.3751379395211273 0.6688130179064559
0.3692822116590607 0.6725036961650428
0.36370532798090205 0.6760186278398876
0.35839401019217954 0.6793661818159302
0.35333561229815813 0.6825543284597804
0.34851809049432814 0.6855906585967804
0.3439299744906805 0.6884824015843996
0.3395603402014924 0.6912364425249892
0.33539878373559884 0.693859338658884
0.33143539662522414 0.6963573349768792
0.327660742234391 0.6987363790892556
0.32406583329074035 0.7010021353867569
