# CURVE 2D, normalized by CHORD
# COLUMN#1 = X-coordinate, COLUMN#2 = Y-coordinate
#-------------------------------------------------------------------------------
0.0 0.0
-0.0015456138578350293 -0.03351247795526056
-0.0030176270557731558 -0.06542912362693735
-0.0044195443871428005 -0.0958259290285343
-0.005754703750351985 -0.12477526750624568
-0.0070262840962654945 -0.152346066056447
-0.008237312997135504 -0.1786039694375911
-0.00939067385510694 -0.20361149646725216
-0.01048911276746069 -0.22742818887645316
-0.011535245064940454 -0.2501107530756922
-0.012531561538730702 -0.2717131951702056
-0.013480434370911891 -0.2922869495459326
-0.014384122782513024 -0.3118810013323393
-0.015244778412609341 -0.33054200303367903
-0.016064450441272502 -0.3483143856063835
-0.016845090468570748 -0.3652404642470545
-0.017588557161235745 -0.38136053914293155
-0.01829662067805955 -0.3967129914247192
-0.018970966884558415 -0.4113343745502313
-0.019613201366938286 -0.4252595013364333
-0.02022485325491911 -0.43852152684710183
-0.020807378862519897 -0.45115202733345283
-0.02136216515547303 -0.46318107541569187
-0.02189053305352363 -0.4746373116844909
-0.022393740575476585 -0.48554801289287103
-0.0228729858344794 -0.49593915690085205
-0.023329409890672555 -0.5058354845275007
-0.02376409946799937 -0.5152605584576422
-0.024178089541643955 -0.5242368193434913
-0.024572365802257846 -0.5327856392347761
-0.024947867002842506 -0.5409273724645712
-0.02530548719387551 -0.5486814041119951
-0.025646077852002184 -0.5560661961571607
-0.025970449907360922 -0.5630993314382707
-0.026279375674369245 -0.5697975555155185
-0.026573590690567646 -0.5761768165414687
-0.026853795467899455 -0.5822523032328498
-0.027120657160596418 -0.5880384810341652
-0.027374811153641144 -0.5935491265592275
-0.027616862575588503 -0.5987973603926201
-0.02784738773934789 -0.6037956783291846
-0.028066935514356833 -0.6085559811259126
-0.028276028633412966 -0.613089602837082
-0.028475164937275952 -0.6174073378001007
-0.028664818560002605 -0.6215194663363088
-0.028845441057837512 -0.6254357792279357
-0.02901746248434695 -0.629165601029485
-0.029181292414355936 -0.632717812269056
-0.0293373209191264 -0.6361008705924568
-0.029485919495098267 -0.6393228309004575
1.0 -0.915842020673374
0.9460356763206187 -0.9013472415045783
0.8946410823402555 -0.8875426899152492
0.8456938499780048 -0.8743954979254119
0.7990774382044328 -0.8618743626969955
0.7546808555629355 -0.8499494720032654
0.7123983959043667 -0.8385924332473321
0.6721293867057297 -0.827776205860729
0.6337779493736946 -0.817475036921107
0.5972527709622324 -0.8076643998357527
0.56246688676084 -0.798320935944939
0.5293374732357043 -0.7894223989060688
0.4977856508308133 -0.7809476017261925
0.4677362961594884 -0.7728763663167865
0.439117863139179 -0.7651894754506855
0.4118622126436462 -0.7578686270067798
0.3859044502669483 -0.7508963903935363
0.36118277181295033 -0.7442561650475901
0.3376383161424761 -0.7379321409085937
0.3152150250277387 -0.7319092607762162
0.2938595096803699 -0.7261731844596662
0.2735209236352566 -0.7207102546343805
0.25415084168752966 -0.7155074643245846
0.23570314459445652 -0.7105524259343028
0.21813390926772003 -0.705833341753082
0.20140130419463775 -0.701338975866205
0.1854654898393212 -0.6970586274025127
0.17028852378663883 -0.6929821050561391
0.1558342704031319 -0.6890997028214976
0.14206831479979187 -0.6854021768837436
0.128957880891849 -0.6818807236096923
0.11647175336047488 -0.6785269585867864
0.1045802033305947 -0.6753328966602092
0.09325491758785165 -0.6722909329206119
0.0824689311661917 -0.6693938245971859
0.07219656314556311 -0.6666346738129707
0.06241335550686922 -0.6640069111613371
0.05309601489858928 -0.6615042800645432
0.04422235717641798 -0.6591208218771205
0.03577125458387387 -0.6568508616986227
0.027722585448117565 -0.6546889948619581
0.020057186271206895 -0.6526300740651347
0.012756806102720453 -0.6506691971157791
0.005804063085114275 -0.6488016952592499
-0.0008175969316535081 -0.6470231220625555
-0.0071239398047655556 -0.6453292428276083
-0.013129980636300997 -0.6437160245086111
-0.018850019523477535 -0.642179626109566
-0.024297675606502755 -0.6407163895390471
