# CURVE 2D, normalized by CHORD
# COLUMN#1 = X-coordinate, COLUMN#2 = Y-coordinate
#-------------------------------------------------------------------------------
0.0 0.0
0.056617193299248546 -0.008147509541983495
0.11053832977472347 -0.015907042439110654
0.1618917930846996 -0.023297073769707945
0.21079985337991494 -0.03033519884646727
0.2573789584229772 -0.03703817511004758
0.30174001084494123 -0.043421962027743115
0.3439886321991927 -0.04950175909221505
0.38422541444133695 -0.055292042010759754
0.42254615943385526 -0.060806597171278516
0.4590421070457775 -0.06605855446701067
0.4938001523904653 -0.07106041855818415
0.5269030527187394 -0.07582409864501603
0.5584296244599529 -0.08036093682295117
0.5884549308801562 -0.0846817350876513
0.6170504608041594 -0.08879678105403237
0.6442842988270194 -0.09271587245058577
0.6702212874202196 -0.09644834044730329
0.6949231813185054 -0.10000307187274854
0.718448794554968 -0.10338853037317261
0.7408541404944563 -0.10661277656405264
0.7621925651987308 -0.10968348722203365
0.782514874440897 -0.11260797356296794
0.8018694546715315 -0.11539319864957201
0.8203023882245167 -0.11804579397014733
0.8378575630368835 -0.12057207522783811
0.8545767771438997 -0.12297805737801981
0.8704998381982008 -0.12526946894962143
0.8856646582499159 -0.1274517656844801
0.9001073440134543 -0.12953014352720266
0.9138622828358718 -0.13150955099646222
0.9269622245715075 -0.13339470096718561
0.9394383595578271 -0.1351900818916841
0.9513203928781316 -0.13689996848644456
0.9626366150879454 -0.13852843191002595
0.9734139695734824 -0.14007934945629394
0.9836781167025652 -0.14155641378607298
0.9934534949207393 -0.14296314171919586
1.002763378938048 -0.14430288260788432
1.0116299351450087 -0.14557882631139715
1.020074274389733 -0.14679401079093318
1.0281165022418515 -0.14795132934287225
1.0357757668629166 -0.14905353748757613
1.0430703045972645 -0.15010325953015125
1.0500174833918814 -0.15110299480879422
1.0566338441486596 -0.15205512364559703
1.0629351401074958 -0.15296191301398068
1.0689363743540066 -0.15382552193625085
1.0746518355411596 -0.15464800662412717
1.0800951319098768 -0.15543132537448556
1.0 0.6171627402722073
1.0041984834777022 0.5766643561352247
1.0081970391707522 0.5380944664809554
1.0120051874498472 0.5013612382387942
1.0156319953346997 0.4663772113414978
1.019086098082178 0.4330590904869298
1.0223757197464434 0.40132754681591265
1.0255086927600294 0.3711070290339916
1.028492476582492 0.3423255835274001
1.0313341754610281 0.314914683044932
1.0340405553453482 0.2888090635378195
1.0366180599970816 0.26394656876914097
1.0390728263320657 0.24026800232278045
1.0414106990320506 0.21771698665957995
1.0436372444606077 0.19623982888510327
1.0457577639163762 0.17578539290941125
1.0477773062552036 0.15630497769446638
1.0497006799112294 0.1377522012992809
1.05153246434554 0.12008289044672321
1.0532770209496451 0.10325497534904926
1.0549385034297452 0.08722838954174084
1.0565208676965072 0.07196497448716133
1.0580278812838997 0.05742838872089506
1.0594631323195116 0.04358402132445105
1.0608300380677134 0.03039890951831381
1.0621318530660007 0.017841660179135577
1.0633716768738934 0.005882375094203862
1.064552461452839 -0.005507420224778681
1.0656770181946917 -0.01635484433809531
1.0667480246155039 -0.026685724446016024
1.0677680307305633 -0.036524657882130995
1.0687394651258577 -0.045895070678430794
1.069664640740424 -0.05481927334157355
1.0705457603733441 -0.06331851397313815
1.0713849219285063 -0.07141302886034251
1.0721841234096132 -0.07912209065768006
1.072945267677334 -0.0864640542741919
1.073670166979925 -0.09345640057563176
1.074360547268107 -0.10011577800557458
1.075018052304471 -0.10645804222456767
1.0756442475771983 -0.11249829386170385
1.0762406240274152 -0.11825091446850033
1.0768086015990501 -0.1237296007606874
1.0773495326196547 -0.12894739722943704
1.0778647050202306 -0.13391672719967473
1.0783553454017314 -0.13864942240942502
1.078822621955542 -0.14315675118061566
1.079267647244885 -0.1474494452484163
1.0796914808537832 -0.15153772531298837
