# CURVE 2D, normalized by CHORD
# COLUMN#1 = X-coordinate, COLUMN#2 = Y-coordinate
#-------------------------------------------------------------------------------
0.0 0.0
0.08202685003864921 -0.03197099954392001
0.1601476595992677 -0.06241957053812962
0.23454843060938052 -0.091418209580234
0.3054063077618689 -0.11903596104890483
0.37289000028804836 -0.14533858149525802
0.4371601836463145 -0.17038869620607058
0.4983698820827584 -0.19424594831160635
0.5566648329746098 -0.21696714079306897
0.6121838338239921 -0.2386063717277953
0.6650590727281657 -0.25921516309420134
0.7154164431130928 -0.27884258344315943
0.7633758434796901 -0.29753536472788145
0.8090514628764496 -0.3153380135704738
0.8525520527781251 -0.33229291723008564
0.8939811860178162 -0.34844044452495404
0.9334375033889505 -0.3638190419486382
0.9710149485043165 -0.37846532520928977
1.0068029914713317 -0.39241416640991034
1.0408868419161081 -0.405698777077168
1.0733476518635143 -0.418350787236461
1.104262708956282 -0.43040032072150197
1.1337056204732034 -0.44187606689773146
1.1617464885845574 -0.4528053489703309
1.1884520772620373 -0.46321418903947337
1.2138859712405896 -0.4731273700577042
1.2381087274106395 -0.48256849483697173
1.2611780190011632 -0.49156004224579786
1.2831487728969 -0.5001234207303942
1.3040733004166494 -0.5082790192871526
1.3240014218640297 -0.516046256007875
1.342980585147249 -0.5234436243133248
1.361055978750315 -0.5304887369851817
1.3782706393246635 -0.537198368101236
1.3946655541573767 -0.5435884929736686
1.4102797587599605 -0.5496743261855093
1.4251504298100401 -0.5554703578158336
1.4393129736672592 -0.5609903879399522
1.452801110674134 -0.5662475594867316
1.4656469554425866 -0.5712543895312835
1.4778810933173032 -0.5760227990975234
1.4895326531979858 -0.5805641415415613
1.5006293768938739 -0.5848892295835023
1.5111976851756719 -0.5890083610520175
1.5212627406821464 -0.5929313434029843
1.5308485078311698 -0.5966675170705718
1.5399778098778587 -0.6002257777063693
1.5486723832556575 -0.60361459735951
1.556952929329752 -0.6068420446482152
1.564839163686032 -0.6099158039707917
1.0 -0.4284964535897767
1.029608140217103 -0.4380062218734126
1.0578063689952963 -0.4470631440483039
1.0846618249745281 -0.455688784214867
1.1102384497166535 -0.46390367961159384
1.1345971399472494 -0.4717273895132384
1.1577958925478167 -0.47917854180051894
1.1798899426435951 -0.48627487731221475
1.200931895115765 -0.4930332920852583
1.220971849851165 -0.49946987758339506
1.2400575210277363 -0.505599959010192
1.2582343507197091 -0.5114381317976175
1.2755456170930164 -0.5169982963570705
1.2920325374485473 -0.5222936911755972
1.3077343663585765 -0.5273369243360988
1.3226884891300332 -0.5321400035365764
1.3369305108171345 -0.5367143646798885
1.3504943409953265 -0.5410708991020905
1.3634122744983663 -0.5452199795041875
1.3757150683107853 -0.549171484649042
1.387432014798803 -0.5529348228822366
1.3985910114540583 -0.5565189545328982
1.4092186273162062 -0.5599324132478141
1.4193401662325376 -0.5631833263096386
1.428979727105234 -0.5662794339875667
1.4381602612697069 -0.569228107966546
1.4469036271406335 -0.5720363688989071
1.4552306422558015 -0.5747109031202033
1.4631611328416758 -0.5772580785690571
1.470713981018699 -0.5796839599489176
1.4779071697587212 -0.5819943231678325
1.4847578257015992 -0.5841946690906086
1.4912822599329119 -0.5862902366361096
1.4974960068198762 -0.5882860152508724
1.5034138609979375 -0.5901867567887419
1.5090499125960912 -0.591996986824808
1.5144175807848088 -0.5937210154305852
1.5195296457264447 -0.5953629474360873
1.5243982790041932 -0.5969266922032321
1.529035072602049 -0.5984159729338464
1.5334510665047687 -0.5998343355344313
1.5376567749835495 -0.6011851570587978
1.5416622116300072 -0.6024716537486708
1.5454769131980624 -0.6036968886914069
1.5491099623104956 -0.6048637791130604
1.5525700090842416 -0.6059751033241589
1.5558652917259046 -0.607033507334729
1.559003656146536 -0.6080415111543196
1.5619925746423755 -0.6090015147920248
