# CURVE 2D, normalized by CHORD
# COLUMN#1 = X-coordinate, COLUMN#2 = Y-coordinate
#-------------------------------------------------------------------------------
0.0 0.0
0.052991557106850565 -0.042016931443279816
0.10345970673242265 -0.08203305662735592
0.1515246111377294 -0.12014365204076174
0.19730071057135487 -0.15643945719638633
0.24089699574623627 -0.19100689067793356
0.2824172673413614 -0.22392825589845472
0.3219603831462425 -0.25528193706085583
0.35962049343660546 -0.2851425857869521
0.395487265141713 -0.3135812988594248
0.42964609533705356 -0.340665787499875
0.4621783145707112 -0.36646053858601796
0.493161380507528 -0.39102696819186844
0.5226690623521154 -0.4144235678164879
0.5507716164898178 -0.43670604364945886
0.57753595376382 -0.4579274492046693
0.6030257987866793 -0.4781383116382031
0.6273018416655928 -0.49738675205109234
0.6504218825026533 -0.5157186000633679
0.6724409690141395 -0.5331775029322017
0.6934115275965074 -0.549805029473948
0.7133834881511434 -0.5656407690375161
0.7324044029650825 -0.5807224257647239
0.7505195599307386 -0.5950859083620644
0.7677720903742208 -0.608765415597627
0.7842030717489656 -0.6217935177267342
0.799851625439199 -0.6342012340401696
0.8147550099060877 -0.6460181067196319
0.8289487093983627 -0.6572722711762626
0.8424665184386246 -0.6679905230397204
0.8553406222864932 -0.6781983819572994
0.8676016735701775 -0.6879201523549935
0.8792788652689244 -0.6971789813051784
0.890400000220112 -0.705996913638688
0.9009915573164812 -0.7143949444325065
0.9110787545511184 -0.722393068998048
0.9206856090602967 -0.7300103304890398
0.9298349943071333 -0.7372648652423656
0.9385486945422157 -0.7441739459598185
0.9468474566708657 -0.7507540228335832
0.9547510396505322 -0.757020762713359
0.9622782615359289 -0.7629890864083837
0.9694470442839258 -0.7686732042131692
0.9762744564248752 -0.7740866497415362
0.9827767537019698 -0.7792423121495048
0.9889694177753934 -0.7841524668237607
0.9948671930834158 -0.7888288046087663
1.000484121948199 -0.7932824596421049
1.0058335780098973 -0.7975240358643322
1.0109282980686576 -0.8015636322664533
1.0 0.1481471791140243
1.0005728472853044 0.09836456367788582
1.0011184161284512 0.05095254897680143
1.001638005502877 0.005798249261482952
1.0021328525261395 -0.03720584570548699
1.0026041354054371 -0.07816212662641078
1.0030529762428637 -0.11716810845586201
1.0034804437070792 -0.15431666257914883
1.0038875555777607 -0.18969623793466017
1.004275281168886 -0.22339107160657573
1.0046445436366243 -0.25548138938935244
1.0049962221773274 -0.2860435968015207
1.0053311541208543 -0.3151504610035857
1.0056501369242132 -0.3428712840531714
1.0059539300702693 -0.36927206790991973
1.0062432568760369 -0.3944156715830134
1.0065188062148633 -0.4183619607954836
1.0067812341566027 -0.4411679505216456
1.007031165529688 -0.462887940737038
1.0072691954088167 -0.48357364570407835
1.0074958905317963 -0.5032743171012596
1.00771179064892 -0.5220368612890514
1.0079174098080852 -0.5399059509917101
1.0081132375787187 -0.5569241316609089
1.0082997402174174 -0.5731319227744316
1.008477361778083 -0.5885679143111199
1.0086465251691927 -0.6032688586317755
1.008807633160726 -0.6172697579847807
1.0089610693431386 -0.6306039478447857
1.0091071990406744 -0.6433031762828857
1.0092463701811847 -0.6553976795572667
1.009378914124528 -0.6669162541042961
1.0095051464515215 -0.677886325101467
1.0096253677153246 -0.6883340117654393
1.009739864157042 -0.6982841895406511
1.0098489083872493 -0.707760549326567
1.0099527600350655 -0.7167856538845822
1.010051666366319 -0.7253809915588824
1.0101458628722748 -0.7335670274391682
1.010235573830328 -0.7413632520870596
1.0103210128379976 -0.7487882279421941
1.0104023833214926 -0.7558596335185127
1.010479879020059 -0.7625943054959591
1.0105536844472653 -0.7690082788078126
1.010623975330319 -0.7751168248191018
1.0106909190284652 -0.7809344876869964
1.0107546749314618 -0.786475118989753
1.0108153948390775 -0.7917519107066641
1.0108732233225208 -0.7967774266275318
