# CURVE 2D, normalized by CHORD
# COLUMN#1 = X-coordinate, COLUMN#2 = Y-coordinate
#-------------------------------------------------------------------------------
0.0 0.0
0.05803496621910768 -0.01607270238170472
0.11330636261825797 -0.0313800379833283
0.16594578776030586 -0.045958452842017425
0.21607857360987529 -0.0598426574693404
0.26382408394279855 -0.07306570949536227
0.3092959985455826 -0.08565909237728787
0.3526025838815674 -0.09765279036007417
0.39384695086821964 -0.10907535986748967
0.433127300379317 -0.1199539974935997
0.4705371570565526 -0.13031460475656162
0.5061655919872531 -0.14018184976890627
0.5400974347783964 -0.1495792259711393
0.5724134755318663 -0.1585291080685041
0.6031906572018376 -0.1670528053040896
0.6325022587922865 -0.17517061219512342
0.6604180698308092 -0.1829018568532509
0.6870045565341641 -0.19026494700384844
0.7123250200611689 -0.19727741381394137
0.7364397472297448 -0.20395595363307747
0.75940615405696 -0.21031646774654045
0.7812789224638316 -0.21637410023555279
0.8021101304703759 -0.22214327403461215
0.8219493761908943 -0.22763772527181156
0.8408438959247214 -0.23287053597390622
0.8588386766236044 -0.23785416521399638
0.8759765630034929 -0.24260047877598703
0.8922983595557676 -0.2471207774064543
0.9078429277007912 -0.25142582372118505
0.9226472783150994 -0.2555258678304524
0.9367466598525358 -0.2594306717440404
0.9501746422691418 -0.2631495326141241
0.9629631969516237 -0.26669130487134673
0.9751427728397019 -0.2700644213067969
0.9867423689235857 -0.2732769131500828
0.9977896032891894 -0.27633642919130735
1.0083107788754786 -0.27925025399247366
1.018330946100516 -0.28202532523167967
1.0278739625053135 -0.2846682502213997
1.0369625495575017 -0.2871853216401806
1.0456183467500615 -0.2895825325152101
1.0538619631239283 -0.29186559049142863
1.0617130263371346 -0.2940399314211606
1.0691902293973312 -0.2961107323066196
1.076311375168947 -0.29808292362610433
1.0830934187609622 -0.2999612010732327
1.0895525078962145 -0.3017500367371645
1.0957040213583598 -0.3034536897504328
1.1015626056080219 -0.30507621642973604
1.107142209655319 -0.30662147993383426
1.0 -0.12719216674118816
1.0056162563975615 -0.13659761984291283
1.0109650720142866 -0.14555519422550775
1.0160591821254534 -0.15408621744702672
1.02091071556466 -0.162211001467521
1.0255312236019996 -0.16994889101084887
1.0299317074470848 -0.1773183096235421
1.034122644442404 -0.18433680354039275
1.038114013009375 -0.19102108346120295
1.0419153164064898 -0.197387064338165
1.0455356053561233 -0.20344990326860507
1.0489834995938694 -0.20922403558330988
1.0522672083917226 -0.2147232092163621
1.055394550103964 -0.21996051743831657
1.058372970782289 -0.22494843003065418
1.0612095619045034 -0.22969882297573763
1.0639110772589933 -0.23422300673295993
1.066483949025174 -0.23853175316840977
1.0689343030882035 -0.24263532120217152
1.071267973624422 -0.24654348123432554
1.0734905169922488 -0.2502655384078056
1.075607224961608 -0.25381035476350083
1.0776231373133787 -0.25718637034035347
1.0795430538388744 -0.2604016232706893
1.081371545767918 -0.2634637689186282
1.0831129666527215 -0.26638009810714147
1.0847714627334866 -0.26915755447715406
1.0863509828104059 -0.2718027510200232
1.0878552876455672 -0.27432198582275574
1.0892879589171491 -0.2767212570634534
1.0906524077472273 -0.27900627729268923
1.0919518828234922 -0.28118248703481863
1.0931894781342206 -0.28325506774160847
1.0943681403349144 -0.28522895412902743
1.0954906757641467 -0.28710884592656927
1.09655975712532 -0.2888992190670853
1.0975779298502473 -0.29060433634376726
1.0985476181597018 -0.29222825755965487
1.0994711308353726 -0.29377484919383345
1.100350666716964 -0.29524779360733694
1.101188319937527 -0.2966505978106736
1.101986084909492 -0.2979866018138513
1.102745861073268 -0.29925898657878247
1.1034694574197215 -0.30047078159300267
1.1041585967972962 -0.30162487208273614
1.104814920014034 -0.3027240058824824
1.1054399897442606 -0.30377079997747874
1.1060352942492382 -0.30476774673461815
1.1066022509206455 -0.3057172198366557
