# CURVE 2D, normalized by CHORD
# COLUMN#1 = X-coordinate, COLUMN#2 = Y-coordinate
#-------------------------------------------------------------------------------
0.0 0.0
-0.03191831881851503 -0.045073873849013145
-0.062316717693291314 -0.08800137275283527
-0.09126757376450682 -0.12888470504218968
-0.11883981764185493 -0.167821211984432
-0.1450990975250436 -0.2049035995484723
-0.1701079355090328 -0.24022015913327255
-0.1939258764461654 -0.2738549777854633
-0.216609629719625 -0.30588813840659734
-0.23821320426577702 -0.336395910426725
-0.25878803716687415 -0.36545093139827517
-0.2783831161203 -0.39312237994260857
-0.29704509607594365 -0.41947614046102144
-0.3148184103194138 -0.44457496000236696
-0.3317453762655759 -0.4684785976607913
-0.34786629621430165 -0.49124396685929067
-0.3632195533083262 -0.5129252708578615
-0.3778417029216829 -0.5335741318088814
-0.39176755969630833 -0.5532397136669954
-0.4050302804340468 -0.5719688392461517
-0.4176614430414168 -0.589806101702491
-0.4296911217151025 -0.6067939707085285
-0.44114795854718414 -0.6229728935714213
-0.45205923172059514 -0.6383813915360811
-0.4624509204571772 -0.6530561515024238
-0.47234776687296953 -0.6670321133751311
-0.4817733348880099 -0.6803425532539
-0.49075006633090545 -0.6930191626622513
-0.49929933437175833 -0.7050921240035383
-0.5074414944106659 -0.7165901824238116
-0.5151959325429588 -0.7275407142526432
-0.5225811117165711 -0.7379697921848639
-0.5296146156914399 -0.7479022473584074
-0.5363131909056007 -0.7573617284760679
-0.5426927863476586 -0.766370758111935
-0.5487685915305709 -0.7749507863365703
-0.554555072657154 -0.783122241788604
-0.5600660070634237 -0.7909045803143504
-0.5653145160217757 -0.7983163312912517
-0.570313095982111 -0.8053751417454434
-0.5750736483252874 -0.812097818368483
-0.5796075076997412 -0.8185003675332828
-0.5839254690087448 -0.8245980334045206
-0.5880378131125578 -0.830405334234271
-0.5919543313066653 -0.8359360969292713
-0.5956843486343868 -0.8412034899721287
-0.5992367460893596 -0.8462200547748501
-0.6026199817607624 -0.8509977355393467
-0.6058421109716221 -0.85554790769601
-0.6089108054581551 -0.8598814049880703
1.0 0.6699350302364877
0.9156629713599387 0.5897440264382193
0.8353419917027374 0.5133716418684398
0.7588458206006408 0.4406360375162687
0.6859923243129298 0.3713640333713438
0.6166080421341573 0.3053906960904631
0.5505277733924694 0.24255894629914804
0.48759418411467126 0.1827191845931338
0.4276574324215302 0.12572893534931062
0.37057481176139595 0.07145250749805043
0.31621041113269654 0.019760671449231215
0.2644347914863162 -0.0294696485972632
0.21512467753738262 -0.07635566768916258
0.1681626642526839 -0.12100901920525742
0.1234369373148756 -0.16353602064915707
0.08084100689791529 -0.20403792678620447
0.04027345411985783 -0.24261117072624971
0.0016376895693270832 -0.27934759352629257
-0.035158276669273736 -0.3143346628596668
-0.07020205403936974 -0.3476556812724043
-0.10357708010612776 -0.3793899845226303
-0.13536281921732596 -0.4096131304752264
-0.1656349517041813 -0.4383970790015086
-0.194465554072615 -0.46581036331225345
-0.22192327061398043 -0.49191825313201054
-0.2480734768438524 -0.5167829101032078
-0.272978435158016 -0.5404635357900622
-0.2966974430762672 -0.5630165126346856
-0.3192869744269826 -0.5844955382009933
-0.34080081380861604 -0.6049517530260484
-0.36129018464826723 -0.6244338623832439
-0.3808038711622206 -0.6429882522472394
-0.3993883345088429 -0.660659099736759
-0.4170878234103881 -0.6774884782982062
-0.4339444795070977 -0.6935164578805371
-0.44999843769444015 -0.7087812003398997
-0.4652879216823853 -0.7233190503011973
-0.4798493350042379 -0.7371646216929095
-0.4937173476917165 -0.7503508801612067
-0.5069249788226486 -0.762909221559585
-0.5195036751378219 -0.7748695467008977
-0.5314833859141774 -0.7862603325497668
-0.5428926342726115 -0.7971087000248802
-0.5537585850901674 -0.8074404785726075
-0.5641071096783161 -0.817280267665681
-0.5739628473813148 -0.8266514953733701
-0.5833492642413136 -0.8355764741425977
-0.5922887088698838 -0.8440764539228145
-0.6008024656589985 -0.8521716727611164
