# CURVE 2D, normalized by CHORD
# COLUMN#1 = X-coordinate, COLUMN#2 = Y-coordinate
#-------------------------------------------------------------------------------
0.0 0.0
0.06952981411548335 0.022819856636346846
0.13574868470165813 0.0445530534328677
0.1988142757361103 0.0652513360962209
0.25887674338796945 0.08496398625179537
0.3160790935325973 0.1037379387809139
0.37055752224176663 0.12161789357055061
0.42244174006002316 0.1386464219416332
0.47185528083931505 0.1548640680093309
0.5189157958672121 0.17030944521666203
0.5637353339890189 0.18501932827126313
0.6064206083907395 0.19902874070421653
0.6470732506780926 0.21237103825941026
0.6857900528565241 0.2250779883119757
0.7226631977883635 0.23717984550489518
0.7577804786758298 0.24870542378386612
0.7912255080924643 0.2596821650019337
0.8230779170606874 0.2701362042572361
0.8534135446494716 0.28009243211942886
0.8823046185435517 0.28957455389294584
0.9098199270141041 0.29860514605820004
0.9360249827003444 0.3072057100251088
0.960982178592002 0.3153967233269267
0.9847509365840567 0.32319768837627705
1.0073878489574424 0.3306271788994679
1.0289468131225714 0.33770288415964966
1.0494791599465039 0.34444165107410846
1.0690337759692967 0.350859524325974
1.0876572198005279 0.3569717845658459
1.105393832973129 0.36279298479429534
1.1222858455184634 0.3683369850118663
1.13837347651402 0.37361698521907666
1.1536950298431214 0.3786455568449913
1.168286985394647 0.38343467267919573
1.182184085919909 0.38799573537843807
1.1954194197534922 0.3923396046158117
1.2080244995949998 0.39647662293711994
1.2200293375392928 0.40041664038598496
1.2314625165338575 0.4041690379563325
1.242351258433443 0.4077427499280922
1.2527214888140006 0.41114628513929175
1.262597898700246 0.41438774724519617
1.272004003353813 0.41747485401272416
1.2809621982619719 0.42041495569608417
1.2894938124602184 0.42321505253737945
1.2976191593156916 0.4258818114338511
1.3053575848923327 0.4284215818114432
1.312727514012943 0.43084041074248325
1.3197464941278103 0.4331440573434738
1.3264312370943503 0.4353380064872743
1.0 0.1342879423341019
1.0171111042939371 0.15006859828870492
1.0334073940976867 0.16509779443594594
1.048927670101258 0.17941131457617548
1.063708885342754 0.1930432385192512
1.0777862331917982 0.2060260232269424
1.0911932311432688 0.21839058009141019
1.1039618006208598 0.23016634853376047
1.1161223429804703 0.24138136609790362
1.1277038118943852 0.25206233520661137
1.1387337822885897 0.262234686738714
1.149238515997356 0.27192264057881166
1.159243024291419 0.28114926328366663
1.1687711274286219 0.2899365230025761
1.177845511368815 0.2983053417824899
1.1864877817880468 0.3062756453824078
1.1947185155206483 0.313866410715663
1.2025573095516975 0.32109571103304885
1.2100228276765062 0.32798075895436873
1.2171328449382286 0.33453794745086385
1.223904289949393 0.34078288887609726
1.230353285198121 0.3467304521382243
1.2364951854350048 0.3523947981021549
1.242344614232037 0.35778941330589825
1.247915498800639 0.3629271420713681
1.2532211031516884 0.36782021708610135
1.2582740596764976 0.37248028852870446
1.2630863992239347 0.37691845180737404
1.2676695797453037 0.38114527397753556
1.2720345135751787 0.3851708189014989
1.276191593413155 0.38900467121003546
1.2801507170683704 0.39265595912292733
1.2839213110257184 0.3961333761828244
1.2875123528898595 0.39944520195415495
1.2909323927604701 0.4025993217363745
1.2941895735896227 0.4056032453384884
1.2972916505697685 0.40846412495954926
1.3002460095984785 0.41118877221770245
1.3030596848639167 0.41378367436832447
1.3057393755929054 0.41625500974986934
1.308291462001466 0.4186086624941977
1.3107220204858097 0.42085023653641523
1.3130368380899462 0.4229850689575748
1.3152414262843621 0.4250182426920125
1.3173410340885678 0.42695459862957214
1.3193406605687636 0.42879874714153376
1.3212450667403786 0.43055507905768764
1.3230587869038215 0.4322277761206914
1.3247861394404339 0.4338208209425997
