# CURVE 2D, normalized by CHORD
# COLUMN#1 = X-coordinate, COLUMN#2 = Y-coordinate
#-------------------------------------------------------------------------------
0.0 0.0
0.10100449779329514 -0.03780054161579083
0.19719925759643359 -0.0738010574403536
0.28881331455180353 -0.10808726298755623
0.37606479736644155 -0.14074079208013018
0.45916144766609684 -0.17183939121591488
0.5383011146181494 -0.20145710467856698
0.6136722260010568 -0.22966445083347375
0.6854542368419209 -0.25652859002862305
0.7538180566903628 -0.2821134845001938
0.8189264565460219 -0.30648005066359457
0.8809344564085543 -0.3296863041525476
0.9399896943728708 -0.3517874979515505
0.9962327781484104 -0.37283625395060094
1.0497976198394006 -0.39288268823541084
1.1008117547832006 -0.4119745304114203
1.1493966452058675 -0.430157237245715
1.1956679694179309 -0.44747410089742423
1.2397358972389438 -0.46396635199429015
1.2817053523065751 -0.47967325780082914
1.3216762618947955 -0.4946322157118186
1.3597437948359574 -0.5088788422937134
1.3959985881132548 -0.5224470580859941
1.4305269626630617 -0.5353691683643567
1.4634111289009732 -0.5476759400580353
1.4947293824608887 -0.5593966750043959
1.5245562906131895 -0.5705592797152157
1.5529628698058566 -0.5811903318207582
1.580016754751254 -0.5913151433498463
1.6057823594611562 -0.6009578209965968
1.6303210306134441 -0.6101413235173117
1.653691193615623 -0.6188875163941829
1.6759484917129361 -0.627217223895965
1.6971459184722821 -0.6351502786595672
1.7173339439573736 -0.6427055689106168
1.7365606348955558 -0.6499010834354259
1.754871769122396 -0.6567539544114346
1.7723109445765297 -0.6632804981981096
1.788919683104276 -0.669496254185419
1.8047375293211771 -0.6754160217923805
1.819802144765845 -0.6810538957037723
1.8341493975702903 -0.6864232994289073
1.8478134478602384 -0.6915370172623693
1.8608268290887604 -0.6964072247228092
1.8732205254968766 -0.7010455175422758
1.8850240458855587 -0.7054629392751012
1.8962654938747798 -0.7096700075920778
1.9069716348168952 -0.7136767393225316
1.9171679595236717 -0.7174926743039163
1.9268787449586968 -0.7211268980957111
1.0 -0.659172954575215
1.0485857879717488 -0.6624205003629163
1.0948579669924623 -0.6655134011131081
1.138926708916951 -0.6684590208751955
1.1808969393212263 -0.6712643730295644
1.2208685873252978 -0.6739361369861063
1.2589368235196516 -0.6764806740875747
1.2951922865618934 -0.6789040427556399
1.3297212989830762 -0.681212012915702
1.3626060727175358 -0.6834100797348087
1.3939249048455926 -0.6855034767053866
1.4237523640151706 -0.6874971881059369
1.452159467986197 -0.6893959608683657
1.479213852720508 -0.6912043158802028
1.5049799334198521 -0.6929265587486191
1.5295190578954174 -0.6945667900518726
1.5528896526340514 -0.6961289151025902
1.575147361908941 -0.6976166532461309
1.5963451802659785 -0.6990335467161696
1.6165335787012522 -0.7003829690685873
1.6357606248300844 -0.7016681332137472
1.6540720973337342 -0.7028920990662804
1.6715115949562576 -0.7040577808305977
1.688120640311042 -0.7051679539394712
1.70393877874417 -0.706225261662208
1.719003672490006 -0.7072322213981478
1.7333511903431833 -0.7081912306704714
1.7470154930604949 -0.709104572834589
1.7600291146960299 -0.7099744225147012
1.772423040063206 -0.7108028507814746
1.7842267785081356 -0.7115918300831636
1.7954684341699734 -0.7123432389419151
1.8061747728955329 -0.7130588664264402
1.8163712859674948 -0.7137404164117023
1.8260822507979344 -0.7143895116357614
1.8353307887316865 -0.7150076975634367
1.8441389200971647 -0.7155964460659846
1.8525276166357154 -0.7161571589255541
1.860516851434335 -0.7166911711727632
1.8681256464806395 -0.7171997542653431
1.8753721179533103 -0.7176841191154193
1.882273519355854 -0.7181454189726347
1.8888462825963719 -0.7185847521699829
1.8951060571111507 -0.7190031647388857
1.901067747125226 -0.7194016528997456
1.9067455471386308 -0.7197811654338979
1.912152975722826 -0.7201426059426144
1.9173029077077737 -0.7204868349985347
1.9222076048362953 -0.7208146721946495
