# CURVE 2D, normalized by CHORD
# COLUMN#1 = X-coordinate, COLUMN#2 = Y-coordinate
#-------------------------------------------------------------------------------
0.0 0.0
0.07518508399145245 -0.02289426138905744
0.146789925888074 -0.04469831985482649
0.2149850134086659 -0.06546408982222557
0.2799327158092297 -0.0852410136007009
0.3417876704764332 -0.10407617910401072
0.4006971511118652 -0.1220144319643058
0.4568014183837052 -0.13909848230744395
0.5102340538806956 -0.15536900644376603
0.5611222781635438 -0.17086474371645372
0.6095872536710181 -0.18562258873806103
0.655744373201946 -0.1996776792348299
0.6997035346599726 -0.2130634797079431
0.741569402715236 -0.22581186111090806
0.7814416580059631 -0.23795317673277946
0.8194152344733222 -0.24951633446789506
0.8555805453946166 -0.26052886564419564
0.8900236986529921 -0.27101699057400574
0.9228267017562071 -0.28100568098334866
0.9540676570926022 -0.29051871946843716
0.9838209478891689 -0.2995787561209024
1.0121574153144706 -0.30820736245658353
1.0391445271480912 -0.3164250827762799
1.064846538418206 -0.32425148308075263
1.089324644389744 -0.3317051976564409
1.1126371262673993 -0.3388039734428107
1.1348394899604042 -0.3455647122869725
1.1559845982394565 -0.3520035111861741
1.1761227966004588 -0.3581357006139852
1.1953020331347466 -0.3639758810214243
1.2135679726912114 -0.3695379575999378
1.2309641056021299 -0.37483517338899824
1.2475318512315763 -0.379880140807151
1.2633106565929537 -0.3846848716815823
1.2783380902704562 -0.3892608058477073
1.2926499318680775 -0.3936188383868739
1.3062802571991454 -0.39776934556703264
1.31926151941921 -0.4017222095481362
1.3316246262954623 -0.40548684191109197
1.3433990137966547 -0.4090722060662879
1.3546127161787427 -0.4124868385950459
1.3652924327331122 -0.4157388695748155
1.3754635913563213 -0.4188360419365008
1.385150409092711 -0.4217857299000106
1.3943759497940345 -0.42459495653192475
1.4031621790333901 -0.42727041046708103
1.411530016404205 -0.42981846183389655
1.4194993853287907 -0.43224517742133994
1.4270892604950627 -0.4345563351236669
1.4343177130343694 -0.4367574376973117
1.0 0.29848542281275314
1.0227663741699062 0.25994494065931245
1.0444486352841027 0.2232397195607974
1.0650984077738135 0.18828236613364024
1.0847648577640143 0.15498964858396677
1.103494810135634 0.1232822985366587
1.1213328600133674 0.09308482230112716
1.138321478944542 0.06432532112443051
1.154501116021851 0.03693532000376698
1.1699102941907167 0.01084960465075413
1.1845857019705888 -0.013993933780686696
1.198562280808562 -0.03765444657253508
1.2118733082732989 -0.06018826827905738
1.2245504772873337 -0.0816490508566976
1.2366239715864145 -0.10208789140683122
1.2481225375855391 -0.1215534538355299
1.2590735528228008 -0.14009208472000478
1.2695030911440022 -0.15774792365759993
1.2794359847832415 -0.1745630083600715
1.2888958834872792 -0.19057737474337777
1.2979053108244578 -0.2058291522512884
1.306485717812247 -0.22035465463977477
1.314657533991094 -0.23418846643833324
1.3224402160661861 -0.24736352529410321
1.3298522942329407 -0.2599112003948365
1.3369114162965163 -0.2718613671574397
1.343634389690398 -0.2832424783599189
1.3500372214940948 -0.2940816318860895
1.3561351565452346 -0.30440463524434724
1.3619427137367963 -0.31423606701411655
1.3674737205859029 -0.32359933536627783
1.3727413461564804 -0.3325167337969075
1.3777581324141732 -0.3410094942070311
1.3825360240881663 -0.34909783745476786
1.387086397111017 -0.3568010215002314
1.3914200857042083 -0.36413738725781575
1.395547408173914 -0.37112440226503896
1.3994781914783958 -0.37777870227191823
1.4032217946255212 -0.3841161308498984
1.406787130956117 -0.39015177711464144
1.4101826893662082 -0.395900011652492
1.4134165545186759 -0.4013745207361591
1.4164964260924546 -0.40658833891108026
1.4194296371151012 -0.41155388003005267
1.4222231714223836 -0.4162829668100265
1.424883680286462 -0.4207868589814301
1.427417498252251 -0.42507628009705256
1.4298306582196691 -0.42916144306431214
1.4321289058076863 -0.43305207446170213
