# CURVE 2D, normalized by CHORD
# COLUMN#1 = X-coordinate, COLUMN#2 = Y-coordinate
#-------------------------------------------------------------------------------
0.0 0.0
-0.027985518849282097 -0.0041784505137872924
-0.05463839394383653 -0.008157927193584722
-0.08002208451007886 -0.01194790498386799
-0.10419702790650011 -0.015557407641280625
-0.1272207835221394 -0.01899502921976885
-0.14914816982274826 -0.022268954532614776
-0.17003139487094715 -0.02538697864008709
-0.18992018063113658 -0.028356525409108338
-0.20886188135512654 -0.031184665189128574
-0.22690159633035506 -0.03387813164629071
-0.2440822772591441 -0.03644333779596892
-0.2604448305246575 -0.03888639127185294
-0.2760282145870512 -0.04121310886793296
-0.29086953274171184 -0.04342903038800917
-0.3050041214604363 -0.0455394318357008
-0.31846563452588816 -0.04754933797635949
-0.33128612315965184 -0.049463534300796336
-0.3434961123346648 -0.05128657841930762
-0.35512467345372484 -0.05302281091312789
-0.36619949356711534 -0.054676365669147194
-0.37674694129415387 -0.056251179722498906
-0.38679212960561915 -0.05775100263045293
-0.39635897561653843 -0.05917940539993294
-0.40547025753169974 -0.06053978898991391
-0.41414766887947235 -0.0618353924089434
-0.42241187016306536 -0.06306930042706674
-0.4302825380522015 -0.06424445092051752
-0.4377784122323312 -0.06536364186666113
-0.4449173400229309 -0.06642953800584551
-0.4517163188711211 -0.06744467718602112
-0.4581915368217784 -0.06841147640523598
-0.46435841106049963 -0.06933223756639299
-0.47023162462118656 -0.0702091529579711
-0.47582516134565034 -0.07104431047375978
-0.4811523391784729 -0.0718396985840347
-0.4862258418763992 -0.07259721107001083
-0.4910577492077576 -0.07331865153284524
-0.49565956571381314 -0.07400573768792562
-0.5000422481005328 -0.07466010545466883
-0.50421623132598 -0.07528331285156714
-0.5081914534454536 -0.07587684370575601
-0.5119773792735236 -0.07644211118593587
-0.5155830229193046 -0.07698046116705956
-0.5190169692486198 -0.0774931754347964
-0.5222873943241582 -0.07798147473740293
-0.5254020848722899 -0.07844652169226626
-0.5283684568228916 -0.07888942355404088
-0.5311935729663217 -0.0793112348509691
-0.5338841597695886 -0.07971295989566263
1.0 0.739247863867553
0.9195957713291717 0.6963189940914946
0.8430203154521921 0.655434356209534
0.7700913098550688 0.616496605845762
0.7006351140482845 0.5794130340707412
0.6344863561370615 0.5440953466659594
0.5714875390787539 0.5104594538995004
0.5114886656898895 0.47842527031239684
0.4543468815100187 0.44791652403896476
0.3999261346720463 0.41886057520712466
0.3480968519692156 0.39118824298632454
0.2987356303474721 0.3648336408712769
0.2517249430886688 0.3397340198093267
0.20695285998504642 0.31582961879794563
0.16431278083873957 0.29306352259663027
0.12370318165178051 0.27138152621442513
0.08502737290229578 0.25073200585042027
0.048193269331358035 0.23106579597993948
0.013113170692369613 0.21233607229376728
-0.020296447059047873 0.19449824021169848
-0.05211513063182638 0.17750982870496645
-0.08241863879637745 0.1613303891747454
-0.11127912276261642 0.14592139914596336
-0.1387652979685583 0.1312461705471234
-0.16494260768850322 0.117269762357752
-0.18987337885035527 0.10395889741549347
-0.2136169704330717 0.09128188318477104
-0.23622991479756328 0.07920853629836888
-0.25776605228755556 0.06771011069227151
-0.2782766594208812 0.05675922916265497
-0.2978105709764298 0.04632981818206772
-0.3164142962674281 0.03639704581960379
-0.33413212987790275 0.02693726261725715
-0.351006257125974 0.01792794528168884
-0.36707685450508953 0.00934764305733804
-0.38238218534234236 0.0011759266531945478
-0.3969586909016307 -0.006606660398370767
-0.410841077148572 -0.014018648066528194
-0.42406239738375406 -0.021077683940963765
-0.43665413094107053 -0.027800575249950166
-0.44864625813851466 -0.03420332887755606
-0.46006733165989 -0.040301189475276056
-0.4709445445373903 -0.04610867575881894
-0.48130379489691455 -0.05163961507647885
-0.49116974762027077 -0.05690717633139297
-0.5005658930710863 -0.06192390133607317
-0.5095146030242441 -0.06670173467386376
-0.5180371839320133 -0.07125205213842623
-0.5261539276536984 -0.07558568781896202
-0.5338841597695887 -0.07971295989566263
