# CURVE 2D, normalized by CHORD
# COLUMN#1 = X-coordinate, COLUMN#2 = Y-coordinate
#-------------------------------------------------------------------------------
0.0 0.0
-0.03699511218437742 0.03542468511938605
-0.07222855235997504 0.06916248047118236
-0.10578420967006802 0.1012937141395598
-0.13774197853682324 0.13189488906182403
-0.1681779488861139 0.16103886517826616
-0.1971645873140098 0.188795032908211
-0.2247709096262916 0.21522947836530137
-0.25106264516179805 0.24040514070538743
-0.27610239329085184 0.26438196198165986
-0.29994977246137927 0.28721702986382414
-0.32266156214759584 0.30896471356112337
-0.3442918380392307 0.32967679327283694
-0.36489210079316864 0.3494025834744689
-0.3845113986540619 0.368189050333166
-0.40319644423586504 0.3860809235319252
-0.4209917257423442 0.4031208027688387
-0.43793961289137195 0.41934925918494675
-0.45408045779520795 0.43480493196219255
-0.46945269103695647 0.4495246203214743
-0.4840929131719551 0.4635433711398378
-0.4980359818719537 0.47689456239542205
-0.5113150949195715 0.4896099826388357
-0.523961869250636 0.501719906680182
-0.5360064162326023 0.5132531676719404
-0.5474774133582844 0.5242372257593293
-0.5584021725256008 0.5346982334616045
-0.568806705065902 0.5446610979399619
-0.5787157836757126 0.5541495403003021
-0.5881530013993419 0.5631861520720548
-0.5971408278027984 0.5717924489975336
-0.6057006624727569 0.5799889222598942
-0.6138528859679554 0.5877950872716662
-0.621616908344335 0.5952295301400207
-0.6290112153694585 0.6023099519194057
-0.6360534125362427 0.6090532107569154
-0.6427602669807991 0.615475362030734
-0.6491477474041861 0.6215916965772281
-0.6552310620931262 0.6274167770976986
-0.661024695130212 0.63296447283148
-0.6665424408798174 0.6382479925779385
-0.6717974368318226 0.6432799161459941
-0.6768021948813514 0.6480722243060472
-0.6815686311189978 0.6526363273156215
-0.6861080942024707 0.6569830920866446
-0.6904313923772066 0.6611228680590477
-0.6945488192102885 0.6650655118422887
-0.6984701780989381 0.6688204106834705
-0.7022048056119375 0.6723965048179295
-0.705761593719556 0.6758023087555094
1.0 -0.20031319406224912
0.9105861779940764 -0.15438834974988697
0.8254301570360536 -0.11065040278573242
0.7443291846950796 -0.06899521520082333
0.6670901634179615 -0.029323607977100402
0.5935291907730871 0.008458875093111912
0.5234711215874923 0.04444219230283794
0.45674915093454516 0.07871201821686274
0.39320441697935715 0.11134994765879108
0.3326856227363211 0.14243368998443717
0.27504867583819137 0.1720372541041001
0.2201563454590204 0.2002311246942552
0.16787793557409558 0.2270824300182125
0.11808897377892913 0.2526551017553147
0.07067091492638955 0.2770100272192215
0.02551085887635196 0.3002051943277042
-0.017498718314160167 0.3222958296691163
-0.05846022040036192 0.3433345299942707
-0.09747117476817335 0.36337138744679864
-0.1346244646422794 0.3824541088301586
-0.17000855023666617 0.40062812919526336
-0.20370767937417722 0.4179367200191726
-0.23580208807656877 0.43442109223241954
-0.2663681916026559 0.4501204943402737
-0.2954787663894056 0.46507230587156345
-0.32320312332916723 0.4793121263775536
-0.349607272795607 0.49287386019278245
-0.3747540818112638 0.505789797159667
-0.3987034237309368 0.5180906895090808
-0.4215123207972922 0.5298058250799511
-0.44323507990810684 0.5409630970522086
-0.4639234219184065 0.5515890703591204
-0.48362660478535857 0.5617090449371317
-0.5023915408491224 0.5713471159638092
-0.5202629085288974 0.5805262312273115
-0.537283258700112 0.5892682457639803
-0.5534931160060304 0.5975939738941412
-0.5689310753450005 0.6055232387800087
-0.583633893763067 0.613074919623692
-0.5976365779707495 0.620266996617676
-0.610972467692352 0.6271165937548037
-0.623673315046259 0.6336400195996872
-0.6357693601452179 0.6398528061186239
-0.6472894030966077 0.6457697456604684
-0.6582608725741215 0.6514049261765107
-0.6687098911241347 0.6567717647632177
-0.6786613373622425 0.6618830396077006
-0.6881389052080595 0.6667509204119699
-0.6971651602993139 0.671386997368417
