# CURVE 2D, normalized by CHORD
# COLUMN#1 = X-coordinate, COLUMN#2 = Y-coordinate
#-------------------------------------------------------------------------------
0.0 0.0
0.03839357745596067 -0.05079794768396477
0.07495888931878045 -0.09917694547821704
0.10978299585479927 -0.14525218147274302
0.14294881160338863 -0.1891333586103868
0.17453530279252136 -0.23092495588433326
0.20461767535360015 -0.2707264770976156
0.23326755398319898 -0.3086326877769321
0.260553152678055 -0.3447338408048526
0.2865394371493465 -0.379115891307634
0.31128827950295745 -0.411860701310283
0.3348586055540154 -0.4430462346461392
0.3573065351264516 -0.4727467425850498
0.378685515671629 -0.5010329406221076
0.39904644952417884 -0.5279721768478768
0.41843781509803585 -0.5536285923009904
0.436905782311233 -0.5780632736849082
0.45449432251427785 -0.6013343988124488
0.47124531318384444 -0.6234973751243923
0.4871986376310507 -0.6446049716119575
0.5023922799617233 -0.6647074444572577
0.5168624155147448 -0.6838526566908769
0.5306434969938129 -0.7020861921514667
0.5437683364976873 -0.719451464018695
0.5562681836442344 -0.73598981817796
0.5681727999742792 -0.7517406316629744
0.5795105298124171 -0.7667414064106073
0.5903083677535008 -0.7810278585512098
0.6005920229354853 -0.7946340034470218
0.610385980251661 -0.8075922366811285
0.6197135586480188 -0.8199334111898015
0.6285969666445501 -0.831686910721871
0.637057355212675 -0.8428807198000324
0.6451148681346989 -0.8535414903506624
0.6527886899651978 -0.8636946051607862
0.66009709170853 -0.873364238313285
0.6670574743212274 -0.8825734127442363
0.673686410142844 -0.891344055059428
0.6799996823539074 -0.8996970477405629
0.6860123225549202 -0.9076522788654534
0.6917386465558847 -0.9152286894605871
0.6971922884615652 -0.9224443185988097
0.7023862331336419 -0.9293163463494979
0.7073328471070482 -0.9358611346834866
0.7120439080341019 -0.9420942664301425
0.716530632726534 -0.9480305823793387
0.7208037038621835 -0.9536842166166684
0.724873295419945 -0.95906863017603
0.7287490969035275 -0.9641966430897078
0.7324403364117011 -0.9690804649122579
1.0 -0.09221760112137456
0.9859748676344144 -0.1381816211317189
0.9726175987148091 -0.1819568782844279
0.9598963902199469 -0.223647599382246
0.9477809535581734 -0.2633530480468346
0.9362424424517224 -0.3011677610607286
0.9252533842551023 -0.3371817734549133
0.9147876145440357 -0.37148083287794637
0.9048202148192103 -0.4041466037570255
0.8953274531765194 -0.4352568617371009
0.8862867278025282 -0.46488567886098214
0.8776765131606317 -0.4931035999313452
0.8694763087397779 -0.5199778104745483
0.8616665902437267 -0.54557229670617
0.8542287631046304 -0.5699479978791433
0.8471451182102527 -0.5931629513772131
0.8403987897394171 -0.6152724308991843
0.8339737150052877 -0.6363290780629662
0.827854596210879 -0.6563830277427587
0.8220268640257277 -0.6754820274377992
0.8164766428970123 -0.6936715509568853
0.8111907180125213 -0.7109949066893482
0.8061565038368157 -0.7274933407202653
0.8013620141456674 -0.7432061350354243
0.796795833487431 -0.7581707010498616
0.7924470900033963 -0.7724226686826591
0.7883054295424109 -0.7859959711900852
0.784360991008139 -0.7989229259590624
0.7806043828802611 -0.8112343114533265
0.7770266608537107 -0.8229594404954826
0.7736193065427104 -0.834126230059441
0.7703742071989005 -0.8447612677394012
0.767283636395272 -0.8548898750536491
0.7643402356299116 -0.8645361677338852
0.7615369968057587 -0.8737231131436339
0.7588672455446608 -0.8824725849624422
0.7563246252959961 -0.890805415266069
0.7539030822020297 -0.8987414441266661
0.7515968506839665 -0.9062995668510443
0.7494004397143825 -0.9134977789694997
0.7473086197433503 -0.9203532190823143
0.7453164102471289 -0.9268822096659473
0.7434190678697752 -0.9331002959360739
0.7416120751294384 -0.939022282860004
0.7398911296624511 -0.9446622704066042
0.7382521339796059 -0.9500336871176519
0.7366911857102295 -0.9551493220805546
0.7352045683108235 -0.960021355378557
0.7337887422161511 -0.9646613870909404
