# CURVE 2D, normalized by CHORD
# COLUMN#1 = X-coordinate, COLUMN#2 = Y-coordinate
#-------------------------------------------------------------------------------
0.0 0.0
0.09005394933125445 0.033098428469505
0.1758196153610208 0.06462074129760506
0.2575012020560364 0.09464199161008131
0.3352931893846226 0.12323365857434442
0.4093807963642286 0.15046381758792832
0.4799404220590914 0.17639730236277013
0.5471400655780083 0.2010958592911909
0.611139726072215 0.22461829446111545
0.6720917836857452 0.2470206136705674
0.7301413623652977 0.26835615577480737
0.7854266753934428 0.2886757196836073
0.8380793544678669 0.3080276853110358
0.8882247631101755 0.32645812876572966
0.9359822951504694 0.34401093205591426
0.9814656589983684 0.36072788757037577
1.0247831483773198 0.3766487975841487
1.0660379001667972 0.39181156902583714
1.1053281399662995 0.4062523037322071
1.1427474159658257 0.4200053844049404
1.17838482167966 0.43310355647421017
1.2123252080737879 0.4455780060639909
1.2446493855920049 0.4574584342447345
1.2754343165617354 0.4687731277502045
1.3047532984376693 0.4795490263268427
1.3326761383195111 0.4898117868760219
1.3592693191593606 0.4995858445419069
1.384596158054455 0.5088944708903688
1.408716957002164 0.5177598293174752
1.4316891464761727 0.5262030278194815
1.453567422165705 0.5342441692499637
1.4744038752033544 0.541902399183756
1.4942481161915921 0.5491959515016537
1.513147393323247 0.5561421918044133
1.5311467048772043 0.5627576587594225
1.5482889063571634 0.5690581034784788
1.564614812528553 0.5750585270204372
1.5801632945965434 0.5807732161080168
1.5949713727565338 0.5862157771438067
1.6090743043374773 0.5913991686064638
1.6225056677478997 0.5963357319042325
1.6352974424244924 0.6010372207592503
1.6474800849736282 0.6055148291926005
1.659082601687091 0.6097792181767436
1.6701326176046745 0.6138405410187847
1.6806564422880874 0.6177084675350143
1.6906791324627666 0.6213922070742806
1.7002245516767465 0.6249005304450104
1.7093154271186322 0.6282417907980863
1.7179734037299519 0.6314239435153015
1.0 0.6204361562109597
1.0376352395097082 0.6210121218452469
1.0734783247570494 0.6215606605445679
1.1076145964211839 0.6220830783534452
1.1401253313394073 0.6225806191238045
1.1710879360234294 0.6230544674765276
1.2005761309605936 0.6235057516219782
1.228660126138845 0.6239355460462169
1.2554067882133702 0.6243448740693013
1.280879799712918 0.6247347102817628
1.3051398106648684 0.6251059828650593
1.328244583000059 0.6254595758015321
1.350249128081193 0.6257963309791253
1.371205837682273 0.6261170501958808
1.3911646087309208 0.6264224970689813
1.4101729621105852 0.6267133988528865
1.428276155805504 0.6269904481708914
1.445517292657807 0.6272543046642295
1.4619374229933342 0.6275055965626466
1.4775756423605027 0.6277449221801868
1.492469184614949 0.6279728513397489
1.5066535105715644 0.628189926729808
1.5201623924350076 0.6283966651965309
1.5330279942097156 0.6285935589743623
1.5452809482808658 0.6287810768580112
1.5569504283486282 0.6289596653186293
1.5680642188893543 0.629129749566837
1.5786487813090933 0.62929173456513
1.58872931694694 0.6294460059920757
1.5983298270782225 0.6295929311605954
1.6074731700603964 0.629732859892519
1.6161811157577048 0.6298661253514938
1.6244743973741889 0.6299930448362318
1.6323727608184597 0.6301139205359821
1.639895011717765 0.6302290402500301
1.6470590601932942 0.630338678072933
1.6538819635033217 0.6304430950471261
1.660379966655729 0.6305425397844531
1.6665685410865931 0.6306372490580977
1.6724624214969397 0.6307274483663307
1.678075640935365 0.6308133524694096
1.683421564210056 0.6308951659009135
1.6885129197097615 0.6309730834547267
1.6933618297094812 0.6310472906488345
1.6979798392330236 0.6311179641670324
1.7023779435411595 0.6311852722796018
1.7065666143108125 0.6312493752439536
1.710555824567625 0.6313104256861934
1.714355072431256 0.6313685689645171
