# CURVE 2D, normalized by CHORD
# COLUMN#1 = X-coordinate, COLUMN#2 = Y-coordinate
#-------------------------------------------------------------------------------
0.0 0.0
0.00456650568346034 0.04974478518112303
0.00891555871532734 0.09712077106790698
0.0130575139837721 0.14224075762674884
0.017002233287052824 0.1852121733970744
0.02075910881398685 0.22613733127357494
0.024337085506304968 0.26511367210833736
0.02774468235613175 0.30223399671287304
0.030990012689300107 0.33758668681243076
0.03408080348279379 0.37125591547867626
0.037024413762311574 0.4033218475417672
0.039827852123757085 0.43386083045899665
0.04249779342037186 0.46294557609445325
0.04504059465524307 0.4906453338425072
0.04746231011702518 0.5170260555073205
0.0497687057949129 0.5421505523309522
0.051965273107186925 0.5660786445439348
0.05405724197601932 0.5888673037943943
0.05604959327966923 0.610570788794832
0.05794707071171675 0.6312407745095345
0.05975419207557154 0.6509264751902036
0.06147526004114752 0.6696747615527455
0.06311437238931514 0.6875302723742142
0.06467543176852238 0.7045355207756127
0.06616215498681499 0.7207309954436114
0.06757808186137938 0.7361552570321817
0.06892658364667881 0.7508450299736771
0.0702108710612497 0.7648352899179583
0.07143400193226958 0.7781593470077501
0.07259888847609804 0.7908489251885041
0.07370830423212514 0.8029342377416033
0.07476489066643667 0.8144440592207453
0.07577116346101907 0.8254057939627852
0.07672951850347852 0.8358455413361566
0.07764223759153513 0.8457881578822247
0.07851149386587475 0.8552573164975276
0.07933935698429344 0.864275562797816
0.08012779804945411 0.8728643687980908
0.08087869430198806 0.8810441840364477
0.08159383359011564 0.8888344842634542
0.08227491862642762 0.8962538178129843
0.08292357104196285 0.9033198497649176
0.08354133524723448 0.9100494040048541
0.08412968210939795 0.9164585032809842
0.08469001245431554 0.922562407353489
0.0852236604018561 0.9283756493273031
0.08573189654237091 0.9339120702547451
0.08621593096190884 0.9391848520904041
0.08667691612337353 0.9442065490767462
0.08711594961048275 0.948989117635167
1.0 -0.882765625149758
0.9521477958619141 -0.7867474048234739
0.906574268111356 -0.6953014807032032
0.8631709083489197 -0.6082101243981834
0.8218343752418376 -0.5252659755362599
0.7824662484731878 -0.4462715480487136
0.7449727944078072 -0.3710387599653362
0.7092647429169685 -0.2993884856002149
0.6752570748304554 -0.23115012906200416
0.6428688195099668 -0.16616121807323192
0.6120228620618823 -0.10426701713154407
0.5826457597303734 -0.045320159091841505
0.5546675670336981 0.010819705707875271
0.5280216692273407 0.06428624361236746
0.5026446236974766 0.11520675590236007
0.4784760089071298 0.1637024818928292
0.45545828053537096 0.2098888875980378
0.4335366344670293 0.25387594065061747
0.4126588763067037 0.29576837212926477
0.3927752971063938 0.3356659259184527
0.3738385550108605 0.3736635961938697
0.3558035625389241 0.40985185359902876
0.3386273792323179 0.4443168606515613
0.32226910941650255 0.4771406768920683
0.3066898048300116 0.5084014542639799
0.2918523718904965 0.5381736231896099
0.2777214833766726 0.566528069785448
0.2642634943158879 0.5935323046386272
0.2514463618770454 0.6192506235464168
0.2392395690781478 0.6437442606014545
0.22761405212681662 0.6670715339872049
0.21654213122078703 0.6892879848307765
0.20599744464361602 0.7104465094437018
0.19595488599869115 0.7305974852655357
0.18639054443209602 0.7497888908101393
0.1772816477020055 0.7680664199002378
0.16860650795906207 0.7854735904622365
0.16034447010863984 0.8020518481403307
0.15247586263204715 0.8178406649766106
0.14498195074957798 0.8328776333921153
0.13784489181389314 0.8471985556925961
0.13104769282752649 0.8608375293121013
0.1245741699833679 0.8738270279973446
0.11840891013178823 0.8861979791261478
0.1125372340826647 0.8979798373440555
0.10694516165492807 0.9092006546944438
0.1016193783904169 0.9198871474090993
0.09654720385278726 0.9300647595182951
0.09171656143599705 0.9397577234318151
