# CURVE 2D, normalized by CHORD
# COLUMN#1 = X-coordinate, COLUMN#2 = Y-coordinate
#-------------------------------------------------------------------------------
0.0 0.0
-0.03477440826502066 -0.04615133616300846
-0.06789289232694518 -0.09010498965158806
-0.09943430571925423 -0.13196561202166385
-0.12947374704526285 -0.17183287142173603
-0.1580827387843187 -0.20980168989799527
-0.1853293975834195 -0.24596246939919453
-0.21127859643970595 -0.2804013070193843
-0.23599211915997878 -0.31320019999099363
-0.25952880746500057 -0.3444372409163358
-0.2819447010888308 -0.374186803702376
-0.3032931712067643 -0.4025197206414619
-0.3236250475095582 -0.42950345105963894
-0.3429887392265047 -0.45520224193409325
-0.3614303503855014 -0.479677280862145
-0.3789937895845459 -0.5029868417460038
-0.39572087453601684 -0.5251864235401551
-0.4116514316326558 -0.5463288823917276
-0.42682339077231196 -0.5664645574884635
-0.44127287566722256 -0.5856413909139261
-0.4550342898528517 -0.6039050417953191
-0.46814039860106993 -0.6212989950156934
-0.4806224069327064 -0.6378646647493832
-0.49251003391521725 -0.653641493067183
-0.5038315834223704 -0.6686670438460399
-0.5146140115244212 -0.6829770922068561
-0.5248829906692314 -0.6966057096933477
-0.5346629708071459 -0.7095853453947683
-0.5439772376051596 -0.7219469032056449
-0.5528479678889822 -0.7337198154064799
-0.5612962824450037 -0.7449321127406084
-0.5693422963078815 -0.7556104911540642
-0.5770051666534792 -0.7657803753573553
-0.5843031384111914 -0.7754659793604898
-0.5912535877042506 -0.7846903641253798
-0.5978730632214498 -0.7934754924728941
-0.6041773256187825 -0.8018422813752886
-0.6101813850448136 -0.8098106517585215
-0.6158995368791289 -0.817399575933029
-0.621345395768953 -0.8246271227658933
-0.6265319280449759 -0.8315105007019545
-0.6314714825935692 -0.8380660987362986
-0.6361758202588961 -0.8443095254356738
-0.6406561418449218 -0.8502556461017454
-0.6449231147839938 -0.8559186181646709
-0.648986898535491 -0.8613119248912665
-0.6528571687750121 -0.8664484074880242
-0.6565431404316989 -0.8713402956754126
-0.6600535896285435 -0.8759992368062587
-0.6633968745779193 -0.8804363235975405
1.0 -0.5503980896693815
0.9128068819134331 -0.5676982680836773
0.8297658170690835 -0.5841746284782448
0.7506790886458934 -0.5998664002825946
0.6753583949095219 -0.614810944858166
0.6036244008748823 -0.6290438444539483
0.5353063113180827 -0.6425989869261218
0.47024146412113077 -0.65550864642343
0.4082749429811765 -0.6678035602303902
0.3492592085621724 -0.6795130019513046
0.29305374721073996 -0.6906648512093184
0.23952473639985195 -0.7012856600264743
0.18854472610376816 -0.7114007160428133
0.13999233534559297 -0.721034102725041
0.09375196319495005 -0.7302087567081148
0.04971351352767106 -0.7389465224062806
0.007772132892167272 -0.7472682040235812
-0.03217203914164579 -0.7551936150876769
-0.07021410774527737 -0.7627416256249111
-0.10644464927254549 -0.7699302070889436
-0.1409499269175627 -0.7767764751499269
-0.1738120961032934 -0.7832967304461014
-0.20510940008970358 -0.7895064973948391
-0.23491635626723717 -0.7954205611555417
-0.2633039335791738 -0.8010530028324012
-0.29033972149530407 -0.806417233000839
-0.3160880909392376 -0.8115260236374464
-0.3406103475525075 -0.8163915385294533
-0.36396487766038366 -0.8210253622361267
-0.38620728728693243 -0.8254385276710536
-0.4073905345503124 -0.8296415423709841
-0.4275650557535311 -0.833644413513775
-0.4467788854708823 -0.8374566717450044
-0.4650777709159788 -0.8410873938699848
-0.4825052808636896 -0.8445452244652043
-0.4991029093853192 -0.8478383964606513
-0.5149101746440139 -0.8509747507420296
-0.529964712985628 -0.8539617548195326
-0.5443023685490698 -0.8568065206076307
-0.5579572786094906 -0.8595158213582004
-0.5709619548575104 -0.8620961077873143
-0.5833473608080055 -0.8645535234340895
-0.5951429855227628 -0.8668939192881611
-0.6063769138225314 -0.8691228677206102
-0.6170758931556446 -0.8712456757515141
-0.6272653972824191 -0.8732673976857084
-0.6369696869269661 -0.8751928471468458
-0.6462118675408206 -0.8770266085384051
-0.65501394431592 -0.878773047958938
