# CURVE 2D, normalized by CHORD
# COLUMN#1 = X-coordinate, COLUMN#2 = Y-coordinate
#-------------------------------------------------------------------------------
0.0 0.0
0.07210257949253686 -0.002827111379084932
0.1407717028187626 -0.005519598406784873
0.20617086789135855 -0.008083871766499103
0.26845578700811656 -0.010526036870988846
0.3277747575955052 -0.012851908399074314
0.38426901529778007 -0.015067024140108095
0.43807307025232756 -0.017176658179187884
0.4893150273518966 -0.01918583345450197
0.5381168912562481 -0.021099333716705863
0.58459485687944 -0.02292171491880481
0.6288595860443845 -0.024657316063660947
0.6710164709633795 -0.026310269534952503
0.711165885171946 -0.02788451093618256
0.749403422513438 -0.029383788461163567
0.7858201247434303 -0.030811671818288335
0.820502698295804 -0.032171560729835735
0.853533720726636 -0.03346669302654754
0.8849918373274285 -0.03470015235674926
0.9149519483758023 -0.035874875528369946
0.9434853874694914 -0.03699365950134203
0.970660091368243 -0.038059168047029725
0.9965407617480067 -0.03907393809054182
1.0211890192525432 -0.04004038575102952
1.0446635502092447 -0.04096081209435115
1.0670202463584844 -0.04183740861180032
1.0883123379291888 -0.04267226243794238
1.1085905203774788 -0.04346736131998244
1.1279030750901358 -0.04422459835049679
1.1462959843402853 -0.04494577647479616
1.1638130407689993 -0.04563261278365271
1.1804959516534885 -0.04628674260161132
1.196384438210145 -0.04690972338061953
1.2115163301688656 -0.04750303840824639
1.2259276558438377 -0.048068100339319596
1.2396527279152394 -0.048606254559389314
1.2527242251260984 -0.04911878238802714
1.2651732700888212 -0.04960690412958697
1.2770295033866523 -0.05007178197869158
1.2883211541464916 -0.05051452278736263
1.2990751072511004 -0.05093618070038268
1.3093169673507277 -0.05133775966516368
1.3190711198265634 -0.05172021582209796
1.3283607888511688 -0.052084459781082997
1.3372080926841263 -0.05243135878964017
1.345634096334562 -0.05276173879778986
1.3536588617159293 -0.05307638642459909
1.3613014954124698 -0.053376050831084064
1.3685801941710796 -0.05366144550392691
1.3755122882268984 -0.053933249954253415
1.0 -0.8208226664923515
1.0196838696709907 -0.780623312701626
1.0384304122147912 -0.7423382138533159
1.056284262256506 -0.7058762149501635
1.0732879289629014 -0.671150501709066
1.0894818972547062 -0.6380783938604017
1.1049047241992822 -0.6065811482902451
1.1195931308131644 -0.5765837715567628
1.133582089493052 -0.5480148413343986
1.146904907283421 -0.5208063363607183
1.1595933051790106 -0.49489347448102294
1.1716774936510008 -0.47021455840512255
1.1831862445767056 -0.44671082880902696
1.1941469597440437 -0.4243263244317931
1.2045857360938894 -0.4030077488344274
1.2145274278556473 -0.382704343503603
1.223995705723988 -0.36336776699805595
1.233013113217646 -0.34495197984991594
1.241601120354463 -0.3274131349469254
1.2497801747704793 -0.31070947313455344
1.2575697504047805 -0.2948012237894374
1.2649883938660196 -0.27965051012742204
1.2720537685910094 -0.2652212590207408
1.2787826969005234 -0.25147911510961585
1.2851912000524415 -0.2383913590037824
1.2912945363876016 -0.2259268293791793
1.2971072376591826 -0.21405584878431905
1.302643143632117 -0.20275015297969023
1.3079154350349116 -0.19198282364194863
1.312936664942335 -0.18172822427267088
1.3177187886636907 -0.17196193915907299
1.322273192207839 -0.16266071524136072
1.3266107193927419 -0.15380240674830148
1.3307416976640782 -0.14536592246919733
1.3346759626843985 -0.13733117553671725
1.3384228817513701 -0.1296790356010219
1.341991376100867 -0.1223912832813121
1.345389942148007 -0.11545056678635024
1.3486266717167115 -0.10884036060067248
1.351709271305954 -0.10254492613812205
1.354645080438566 -0.0965492742690266
1.3574410891362914 -0.09083912963179275
1.3601039545626967 -0.08540089664395101
1.362640016873559 -0.08022162713172065
1.3650553143124755 -0.07528898950102525
1.367355597587634 -0.07059123937655332
1.3695463435639754 -0.06611719163896101
1.371632768303348 -0.06185619379363505
1.3736198394837031 -0.05779810060761026
