# CURVE 2D, normalized by CHORD
# COLUMN#1 = X-coordinate, COLUMN#2 = Y-coordinate
#-------------------------------------------------------------------------------
0.0 0.0
0.03521562280096698 0.025195113071359347
0.06875431118284037 0.0491904588536064
0.10069591916557694 0.07204316912241311
0.1311164981967546 0.09380765509270522
0.16008847822644764 0.11453573696917389
0.18768084015948863 0.13427676732771548
0.21395928009571813 0.15307774862156462
0.23898636574927004 0.17098344509189714
0.2628216854193195 0.18803648934935668
0.2855219898669856 0.20427748388027053
0.30714132743619144 0.2197450977192361
0.327731172740197 0.2344761585182509
0.3473405492202023 0.24850574023159838
0.3660161458678264 0.2618672466252626
0.3838024283893731 0.27459249080970477
0.4007417450765605 0.28671177098536393
0.4168744276357866 0.2982539425812298
0.4322388872160019 0.3092464869582449
0.44687170586382596 0.31971557684111646
0.46080772362365846 0.32968613863432744
0.47408012149016554 0.3391819117707188
0.4867205004106485 0.34822550523394874
0.49875895652539415 0.3568384513894058
0.510224152825152 0.36504125725174585
0.5211433873963498 0.37285345331111736
0.5315426584165384 0.3802936400343283
0.541446726054813 0.3873795321516721
0.5508791714245985 0.3941280008348566
0.5598624527291561 0.40055511386646087
0.5684179587334967 0.40667617389656024
0.5765660596900114 0.4125057548776072
0.5843261558390731 0.4180577367643186
0.5917167236000843 0.42334533856118667
0.5987553595629521 0.42838114979629904
0.6054588223847309 0.4331771604964061
0.611843072691187 0.4377447897346033
0.617923311078288 0.44209491281860064
0.6237140143040985 0.4462378871843124
0.6292289697572513 0.4501835770564188
0.6344813082840635 0.4539413769346154
0.6394835354524561 0.45752023396146924
0.6442475613271157 0.4609286692251396
0.6487847288267915 0.4641747980476828
0.6531058407312446 0.46726634930724775
0.6572211854021524 0.4702106838401668
0.6611405612792074 0.4730148119667563
0.664873300209736 0.4756854101825559
0.6684282896673823 0.47822883705474595
0.6718139939127596 0.4806511483615936
1.0 0.7020702150531306
0.9827969129794207 0.6904637132472693
0.966413020578869 0.6794099020035919
0.9508093135307245 0.6688824627238992
0.9359486401515393 0.6588563300765726
0.9217956178856486 0.6493076323172141
0.9083165490609908 0.6402136344511584
0.8954793406565548 0.6315526841025338
0.8832534278904253 0.6233041599609866
0.8716097014464924 0.6154484226833227
0.8605204381665563 0.6079667681331665
0.8499592350428077 0.6008413828473036
0.8399009463535232 0.5940553016226722
0.8303216237923 0.5875923671230231
0.8211984594482779 0.5814371914090717
0.8125097315015901 0.5755751193005465
0.8042347525047446 0.5699921934829035
0.7963538201267966 0.5646751212756245
0.7888481702430364 0.5596112429829778
0.781699932258503 0.5547885017518857
0.7748920865589474 0.5501954148651312
0.7684084239879421 0.5458210464015557
0.7622335072536512 0.5416549811981504
0.7563526341733743 0.53768730005205
0.7507518026683486 0.5339085561033831
0.745417677425467 0.5303097523427478
0.7403375581465321 0.5268823201897619
0.7354993493094513 0.5236180990916801
0.7308915313693743 0.5205093170935069
0.7265031333312058 0.517548572333342
0.7223237066281881 0.5147288154188991
0.7183433002443618 0.5120433326432394
0.71455243702167 0.509485729999754
0.7109420910952969 0.5070499179583391
0.707503666403513 0.5047300969665155
0.7042289762208618 0.5025207436409692
0.7011102236659557 0.5004165976166395
0.6981399831374737 0.49841264902203963
0.6953111826341576 0.4965041265509922
0.6926170869167136 0.49468648610237553
0.6900512814715289 0.4929553999608359
0.6876076572380198 0.491306746492703
0.685280396063249 0.4897366003325764
0.6830639568491816 0.4882412230372176
0.6809530623595939 0.48681705418449506
0.6789426866552243 0.48546070289618787
0.6770280431272534 0.48416893976446673
0.6752045731006144 0.4829386891628275
0.6734679349800059 0.4817670219231711
