# CURVE 2D, normalized by CHORD
# COLUMN#1 = X-coordinate, COLUMN#2 = Y-coordinate
#-------------------------------------------------------------------------------
0.0 0.0
-0.02477217299336467 0.016932027473598784
-0.04836471870133108 0.033057767924645286
-0.07083380985177527 0.048415615973260995
-0.09223294428076974 0.06304213792432357
-0.11261307230838352 0.07697215883009746
-0.1320227180489681 0.09023884540702498
-0.1505080949447629 0.1028737850040988
-0.1681132157979008 0.11490706081083578
-0.18487999756279408 0.1263673234839186
-0.2008483611484067 0.13728185936304513
-0.21605632646803777 0.1476766554384037
-0.2305401029629245 0.15757646122445948
-0.24433417581519756 0.16700484768736976
-0.25747138805545766 0.1759842633663319
-0.26998301876046726 0.18453608782248637
-0.28189885752714305 0.19268068254263346
-0.2932472754001676 0.200437439418964
-0.3040552924220958 0.20782482692023121
-0.3143486419667893 0.2148604340642952
-0.3241518320093545 0.22156101229673708
-0.3334882034784642 0.22794251537525317
-0.3423799858299973 0.23402013735479232
-0.35084834997431447 0.2398083487638772
-0.358913458683188 0.24532093105824376
-0.36659451459640097 0.250571009433831
-0.373909805942318 0.2555710840772474
-0.38087675008128663 0.2603330599281201
-0.3875119349755424 0.26486827502418936
-0.3938311586843575 0.2691875274966363
-0.39984946697846707 0.27330110127991913
-0.40558118916333336 0.2772187905973313
-0.4110399721965393 0.280949923280581
-0.416238813180545 0.28450338297891403
-0.4211900903081695 0.2878876303106598
-0.4259055923344785 0.2911107230075605
-0.430396546645249 0.2941803350998469
-0.43467364598883995 0.2971037751877388
-0.438747073935117 0.29988800384287384
-0.44262652912204764 0.3025396501810977
-0.44632124834769576 0.3050650276460728
-0.44984002856259875 0.30747014904128717
-0.45319124781488734 0.30976074084625327
-0.4563828851980193 0.31194225685098287
-0.45942253984862114 0.31401989114120155
-0.4623174490396706 0.31599859046521933
-0.4650745054120986 0.3178830660119029
-0.4677002733858396 0.31967780462779205
-0.4702010047894024 0.32138707950006745
-0.4725826537451765 0.3230149603308059
1.0 0.9386392007771114
0.9228091171850891 0.9063689723580467
0.8492939906946976 0.8756354214827469
0.7792795845133723 0.8463653730300804
0.7125991976740149 0.8184891364084933
0.6490940673508174 0.7919403396260294
0.5886129908525342 0.7666557712617781
0.5310119656160738 0.742575229962491
0.4761538463432544 0.7196413811060273
0.42390801846437887 0.6977996202903475
0.37415008715116393 0.6769979433230333
0.32676158113857845 0.6571868224017818
0.2816296706504018 0.6383190881910661
0.23864689875690015 0.6203498175141939
0.1977109255249938 0.6032362263933634
0.15872428435174968 0.5869375681830484
0.121594149901041 0.5714150365541772
0.08623211709084233 0.5566316730981093
0.052553990604938705 0.5425522793304256
0.020479584427887776 0.5291433328850126
-0.010067469074065416 0.516372907698905
-0.03915990098068778 0.50421059799785
-0.06686697898699467 0.49262744590160723
-0.09325467232633433 0.4815958724766141
-0.11838580883999139 0.47108961207185873
-0.14232022456728388 0.4610836497816156
-0.16511490621232428 0.45155416188614583
-0.1868241268266484 0.44247845912855566
-0.20749957503076666 0.4338349326927554
-0.22719047808230775 0.4256030027538982
-0.24594371908377566 0.41776306947879593
-0.26380394860898293 0.410296466359651
-0.28081369101394227 0.4031854157699891
-0.2970134456853324 0.39641298663697777
-0.31244178346760854 0.38996305412934795
-0.3271354384983478 0.3838202612649386
-0.3411293956704804 0.3779699823464535
-0.35445697392965436 0.3723982881383725
-0.367149905605058 0.36709191270210484
-0.37923841196258534 0.36203822181042133
-0.3907512751602302 0.35722518286596094
-0.40171590677703506 0.3526413362521891
-0.4121584130787539 0.34827576804859683
-0.42210365717562914 0.34411808404517563
-0.43157531822027195 0.3401583849942983
-0.4405959477865986 0.3363872430410818
-0.4491870235640525 0.33279567927611364
-0.4573690004949611 0.3293751423570964
-0.4651613594767787 0.3261174881485086
