# CURVE 2D, normalized by CHORD
# COLUMN#1 = X-coordinate, COLUMN#2 = Y-coordinate
#-------------------------------------------------------------------------------
0.0 0.0
0.09295807707683396 -0.034284769118290835
0.18148957905477126 -0.06693693018332979
0.26580529522423535 -0.09803422643574786
0.34610597729039166 -0.1276506990570984
0.42258281735339764 -0.1558568634583846
0.4954179031276891 -0.1827198771738953
0.564784651484157 -0.20830369976009594
0.63084822134746 -0.23266924508028705
0.6937659069315579 -0.25587452633761193
0.7536875122497465 -0.2779747942017308
0.8107557077908784 -0.29902266835803454
0.865106370211004 -0.3190682627926095
0.916868905849219 -0.33815930511125236
0.9661665588379951 -0.35634125017662643
1.0131167045415914 -0.37365738833412565
1.057831129021207 -0.39014894848412485
1.1004162951922694 -0.40585519624602884
1.140973596307567 -0.4208135274478422
1.1795995973697548 -0.43505955716385486
1.2163862650480293 -0.44862720451243837
1.2514211866463856 -0.4615487734158512
1.2847877786448205 -0.47385502951433967
1.3165654853099964 -0.485575273417662
1.3468299678482594 -0.49673741046844516
1.3756532845513667 -0.5073680171834768
1.4031040623638502 -0.5174924045311259
1.4292476602805009 -0.5271346781955537
1.4541463249630253 -0.5363177959711991
1.477859338946382 -0.5450636224241948
1.5004431617876743 -0.5533929809508574
1.5219515644936665 -0.5613257033572027
1.5424357575469927 -0.5688806770775314
1.5619445128358749 -0.5760758901445113
1.5805242797776673 -0.5829284740178255
1.5982192959127077 -0.5894547443733628
1.6150716922317938 -0.595670239950065
1.6311215934880665 -0.6015897595469243
1.6464072137321355 -0.6072273972582187
1.6609649472979156 -0.6125965760308801
1.6748294554558012 -0.617710079623891
1.6880337489395019 -0.6225800830458061
1.7006092665430264 -0.6272181815428681
1.7125859499749543 -0.6316354182067367
1.7239923151482193 -0.6358423102675639
1.734855520075138 -0.6398488741350185
1.7452014295293465 -0.6436646492468798
1.7550546766285928 -0.647298720781986
1.7644387214850177 -0.650759741291611
1.7733759070625652 -0.6540559513007774
1.0 -0.0272488154714442
1.0405393672552876 -0.060105236838556536
1.0791482884508 -0.09139706671199693
1.115918689589383 -0.12119880944860682
1.1509381192451764 -0.1495814215787115
1.1842899570125986 -0.17661248075023975
1.2160536120291912 -0.2023563466278857
1.2463047120449937 -0.22687431413040565
1.2751152834886152 -0.25022475937090083
1.3025539229587308 -0.2724632786475629
1.328685960549317 -0.29364282081581256
1.3535736153974947 -0.31381381335700265
1.3772761438243304 -0.33302428244385035
1.3998499804213167 -0.35131996728846726
1.4213488724184464 -0.36874442904524524
1.4418240076538082 -0.3853391545278909
1.461324136449391 -0.4011436549875535
1.4798956876832792 -0.41619556018723214
1.4975828793346013 -0.4305307079964498
1.514427823764432 -0.44418322971951435
1.530470627983318 -0.45718563136052814
1.5457494891441623 -0.46956887101863654
1.5603007854878232 -0.4813624325977874
1.5741591629579765 -0.49259439600650246
1.587357617691456 -0.5032915040148025
1.599927574580484 -0.5134792259274693
1.611898962093844 -0.5231818182252472
1.623300283535139 -0.532422382318369
1.6341586849078014 -0.5412229195499135
1.6445000195484318 -0.5496043835799559
1.6543489096823656 -0.5575867302752344
1.663728805048017 -0.5651889652231187
1.6726620387295896 -0.5724291889830084
1.6811698803310875 -0.5793246401829035
1.689272586618228 -0.5858917365637559
1.6969894497488385 -0.5921461140693297
1.7043388432065625 -0.598102664074638
1.7113382655472522 -0.6037755688415983
1.7180043820621944 -0.6091783352863224
1.724353064457378 -0.6143238271384406
1.7303994286432667 -0.6192242955690294
1.7361578707250656 -0.6238914083600662
1.7416421012791599 -0.6283362776848633
1.7468651779973445 -0.6325694865656224
1.7518395367765685 -0.6366011140711072
1.75657702132821 -0.6404407593144261
1.7610889113773927 -0.6440975643080632
1.7653859495194713 -0.6475802357305747
1.7694783667976415 -0.6508970656567761
