# CURVE 2D, normalized by CHORD
# COLUMN#1 = X-coordinate, COLUMN#2 = Y-coordinate
#-------------------------------------------------------------------------------
0.0 0.0
0.09845374713022825 -0.03492111394790749
0.19221922058758872 -0.06817931770781946
0.2815196714993606 -0.0998537974791642
0.36656771998676235 -0.1300199686899687
0.4475658614033355 -0.15874965555740156
0.5247069484667385 -0.1861112620978138
0.5981746504318841 -0.21216993499344453
0.6681438903986896 -0.23698771870356902
0.7347812617956471 -0.26062370318940187
0.7982454250308448 -0.2831341646044808
0.8586874852548425 -0.3045726992855083
0.9162513521348403 -0.3249903513626774
0.9710740824967431 -0.3444357342933146
1.0232862066509363 -0.36295514660820716
1.0730120391787392 -0.3805926821462001
1.120369974919504 -0.39739033503952675
1.1654727708630892 -0.41338809969983775
1.208427814618885 -0.42862406604299114
1.249337380100595 -0.4431345101793277
1.288298871035557 -0.4569539807853625
1.3254050528783778 -0.47011538136253844
1.3607442736810644 -0.4826500485788966
1.3944006744455277 -0.49458782688019
1.4264543894593025 -0.5059571395480885
1.4569817370914688 -0.5167850563746584
1.486055401503056 -0.527097358114249
1.5137446057045674 -0.5369185978662399
1.5401152763726735 -0.5462721595348027
1.5652302008184888 -0.5551803135048624
1.5891491764811703 -0.5636642696668241
1.6119291533027715 -0.5717442279163115
1.633624369323344 -0.5794394262491566
1.6542864798191275 -0.5867681865661519
1.6739646802913024 -0.5937479582966236
1.6927058235981354 -0.600395359944692
1.7105545315094048 -0.606726218657138
1.7275533009487094 -0.6127556079070866
1.7437426051766183 -0.6184978833832281
1.7591609901555791 -0.6239667171700296
1.773845166326018 -0.6291751303003167
1.7878300960121503 -0.6341355237577329
1.8011490766656095 -0.6388597080028913
1.8138338201450948 -0.6433589310935183
1.8259145282207947 -0.647643905465544
1.8374199644833662 -0.6517248334389019
1.8483775228286725 -0.6556114315087664
1.858813292681345 -0.659312953480066
1.8687521211124618 -0.6628382125003514
1.8782176719992396 -0.6661956020434803
1.0 -0.40009712145638776
1.046035037308682 -0.4140456604942369
1.0898779299836174 -0.4273299833874266
1.1316330658645082 -0.4399817194761787
1.171399861941547 -0.4520309919416569
1.2092730010625365 -0.46350648952782664
1.2453426573682407 -0.4744355348479882
1.2796947109927208 -0.48484414943861837
1.3124109525398449 -0.4947571157154089
1.34356927782282 -0.504198035979019
1.3732438733304155 -0.5131893886110286
1.4015053928614587 -0.5217525815938949
1.4284211257481667 -0.529908003482339
1.454055157068841 -0.5376750719475238
1.4784685202313876 -0.5450722800096046
1.501719342290956 -0.5521172400687292
1.523862982347688 -0.558826725839324
1.544952163354099 -0.5652167122875096
1.5650370976459194 -0.571302413666734
1.584165606495272 -0.5770983197421857
1.602383233970846 -0.582618230290235
1.6197333553761544 -0.5878752879550437
1.6362572805240672 -0.592882009540576
1.6519943520935079 -0.5976503158125115
1.6669820393024992 -0.6021915598810215
1.681256027120586 -0.6065165542319833
1.6948503012330498 -0.6106355964709946
1.7077972289592056 -0.6145584938414815
1.7201276363174496 -0.6182945865752787
1.7318708814205386 -0.6218527701312758
1.743054924375862 -0.6252415163750827
1.7537063938571218 -0.6284688937501369
1.7638506505059408 -0.6315425864882838
1.77351184731434 -0.6344699129055664
1.7827129871318632 -0.6372578428267881
1.7914759774342661 -0.6399130141803325
1.7998216824841737 -0.6424417488027557
1.807769973007895 -0.6448500674907779
1.8153397735066774 -0.6471437043365132
1.8225491073150415 -0.6493281203800707
1.8294151395134834 -0.6514085166120303
1.835954217797714 -0.6533898463567536
1.842181911401743 -0.6552768270660139
1.8481130481674848 -0.6570739515510238
1.8537617498491439 -0.6587854986796045
1.8591414657364382 -0.6604155435639671
1.8642650046767186 -0.6619679672633603
1.8691445655722236 -0.6634464660246869
1.8737917664250854 -0.6648545600830933
