# CURVE 2D, normalized by CHORD
# COLUMN#1 = X-coordinate, COLUMN#2 = Y-coordinate
#-------------------------------------------------------------------------------
0.0 0.0
0.02771481704682048 0.014967137326308992
0.054109880900935284 0.02922155382755568
0.07924803695247319 0.04279718859064777
0.10318913795393787 0.05572636455549738
0.12599018652676136 0.06803986547440176
0.14770547088183136 0.07976700920669165
0.16838669407713613 0.09093571752315821
0.1880830971202835 0.10157258258645971
0.20684157620899535 0.11170293026579446
0.22470679438872088 0.12135088043658947
0.24172128789322136 0.13053940440877518
0.25792556742131706 0.13929037962038063
0.273358214590932 0.14762464172667153
0.2880559738000891 0.1555620342088533
0.3020538397135721 0.16312145562045505
0.3153851405835559 0.17032090458388527
0.328081617602588 0.17717752264429498
0.34017350047785677 0.18370763508278043
0.3516895794066841 0.18992678978609992
0.3626572736246149 0.19584979426545177
0.3731026966893109 0.20149075091245355
0.38305071865568807 0.20686309057626479
0.39252502529033295 0.2119796045417993
0.40154817446618524 0.21685247498516547
0.41014164987175883 0.22149330397884756
0.41832591216278137 0.22591314111568767
0.42612044767804086 0.23012250981744012
0.43354381483543086 0.23413143239053769
0.44061368831865944 0.23794945388872585
0.4473469011598295 0.24158566483938126
0.4537594848180867 0.2450487228876245
0.4598667073497602 0.2483468734097609
0.4656831097608779 0.25148796914512894
0.471222540628609 0.25447948889309846
0.4764981890740672 0.25732855531973614
0.48152261616497977 0.2600419519165339
0.48630778482299175 0.2626261391515794
0.49086508830681264 0.26508726985162273
0.4952053773390231 0.267431203851664
0.4993389859411282 0.2696635219469414
0.5032757560383712 0.2717895391805389
0.5070250608928883 0.2738143174982508
0.5105958274209998 0.2757426778008336
0.5139965574477727 0.277579211422341
0.5172353479494612 0.2793282910618719
0.5203199103320217 0.28099408119475844
0.5232575887916031 0.2825805479879837
0.5260553778007283 0.2840914687434364
0.5287199387617998 0.2855304408914865
1.0 0.5384301756417624
0.9752961072252743 0.5251734978319417
0.9517685902969639 0.5125480903940172
0.9293614313176208 0.500523892834089
0.9080212799087226 0.489072276110348
0.8876973261859623 0.4781659744686898
0.8683411797833336 0.46777902052425346
0.8499067546379728 0.4578866834343141
0.8323501592614387 0.4484654100153242
0.8156295922361683 0.43949276866390524
0.7997052426882916 0.43094739594826814
0.7845391954998376 0.4228089457428995
0.7700953410346434 0.4150580407854056
0.7563392891630297 0.4076762265401732
0.7432382873805405 0.4006459272589996
0.730761142825789 0.39395040413407234
0.7188781480117399 0.38757371544366537
0.707561010093598 0.3815006785956587
0.6967827835048913 0.37571683397850963
0.6865178058013611 0.37020841053360565
0.6767416365599039 0.3649622929670305
0.6674309991870875 0.3599659905226732
0.6585637254986908 0.3552076072423328
0.6501187029383131 0.3506758136420087
0.6420758243093818 0.3463598197369382
0.634415939900876 0.3422493493511567
0.6271208118927751 0.33833461565041234
0.6201730709326791 0.3346062978401797
0.6135561747802067 0.3310555189732915
0.6072543689207092 0.3276738248143503
0.6012526490545209 0.3244531637105968
0.5955367253724371 0.32138586742130776
0.5900929885323571 0.3184646328600801
0.5849084772560905 0.3156825047065299
0.5799708474691699 0.31303285884600596
0.5752683429101979 0.3105093865978879
0.5707897671397484 0.3081060796949183
0.5665244568821775 0.3058172159778044
0.5624622566368718 0.3036373457710293
0.5585934944984854 0.30156127890743395
0.5549089591285936 0.29958407237067647
0.5513998778239348 0.2977010185261455
0.5480578956290216 0.29590763391230657
0.5448750554433901 0.2941996485657932
0.5418437790761219 0.29257299585482816
0.5389568492025332 0.2910238027967662
0.5362073921800676 0.28954838083670714
0.5335888616824815 0.2881432170652224
0.5310950231133518 0.28680496585428444
