# CURVE 2D, normalized by CHORD
# COLUMN#1 = X-coordinate, COLUMN#2 = Y-coordinate
#-------------------------------------------------------------------------------
0.0 0.0
0.05463109838403531 -0.00621557936462432
0.10666071589264049 -0.012135178759504638
0.15621273256750257 -0.017772892468914465
0.20340512940070454 -0.023142143620733347
0.24835026924184928 -0.02825571614627514
0.2911551643286538 -0.033125785218219704
0.3319217310779914 -0.037763946239119286
0.37074703274402726 -0.04218124244949985
0.40772351052120426 -0.046388191221290856
0.4429392036423252 -0.05039480909918705
0.47647795899577366 -0.05421063564956438
0.5084196307609627 -0.05784475617373327
0.5388402705373333 -0.0613058233396084
0.567812308419591 -0.064602077783299
0.5954047254503125 -0.067741367729671
0.6216832178605235 -0.07073116767859672
0.646710353489296 -0.0735785962013831
0.6705457207547935 -0.0762904328897511
0.6932460705314577 -0.07887313449772061
0.714865451271138 -0.08133285031483443
0.735455337689881 -0.0836754368073238
0.7550647533267792 -0.08590647156207556
0.7737403872666823 -0.08803126656660105
0.7915267053046852 -0.09005488085662533
0.8084660558170689 -0.09198213256141036
0.8245987705907678 -0.09381761037549134
0.8399632608514332 -0.09556568448413989
0.8545961087187337 -0.09723051696856708
0.8685321543066389 -0.0988160717156406
0.8818045786760724 -0.10032612385571062
0.8944449828374377 -0.1017642687510154
0.9064834629911188 -0.10313393055606755
0.9179486821851011 -0.10443837037040295
0.9288679385603221 -0.10568069400310333
0.9392672303462469 -0.10686385936757989
0.9491713177614134 -0.10799068352422422
0.9586037819663339 -0.10906384938769502
0.9675870812091153 -0.11008591211481006
0.9761426042974786 -0.11105930518825297
0.9842907215244912 -0.11198634621057953
0.992050833169265 -0.11286924242231912
0.9994414156880973 -0.1137100959573092
1.0064800657060329 -0.11451090884777594
1.0131835419135904 -0.1152735877910776
1.0195678049684072 -0.11599994868946015
1.0256480554968042 -0.11669172097363399
1.0314387702857537 -0.11735055172046623
1.0369537367514199 -0.11797800957459217
1.04220608576634 -0.11857558848328353
1.0 0.8882205018813223
1.0022123885624892 0.8354455497710328
1.0043194252886691 0.785183690618376
1.0063261269326502 0.7373152533301314
1.0082372713554892 0.6917262654365651
1.0100574089010503 0.6483081817284068
1.011790873230156 0.6069576258158751
1.013441791638828 0.5675761439944162
1.0150140948851825 0.5300699708311221
1.016511526548377 0.49434980591369915
1.017937651941896 0.4603306012304392
1.01929586660239 0.4279313586749535
1.020589404374289 0.3970749371935386
1.021821345109431 0.3676878691160006
1.0229946220000423 0.339700185232631
1.0241120285625294 0.31304524820085045
1.0251762252887076 0.28765959388486906
1.0261897459803058 0.263482780250601
1.027155003781828 0.24045724345606
1.0280742969261347 0.21852816079459236
1.0289498142064268 0.19764332016462327
1.0297836401876577 0.17775299575512893
1.030577760169782 0.15880982965084856
1.0313340649146625 0.14076871907534338
1.0320543551478818 0.12358670900343371
1.0327403458461861 0.10722288988732931
1.0333936703207616 0.09163830025294406
1.0340158841060714 0.07679583393448208
1.0346084686635095 0.06266015172642292
1.0351728349086886 0.04919759724255712
1.035710326570764 0.03637611678173247
1.0362222233917882 0.024165183009518643
1.0367097441737159 0.012535722274076844
1.0371740496803137 0.0014600453831798976
1.037616245400883 -0.009088218322436337
1.0380373841823776 -0.01913418375635645
1.038438468736182 -0.028701769883899386
1.0388204540255197 -0.03781375667203568
1.0391842495391745 -0.04649183932740342
1.039530721456941 -0.0547566799515633
1.0398606947119566 -0.06262795673647736
1.0401749549548287 -0.07012441081734788
1.0404742504242308 -0.07726389089436747
1.0407592937284231 -0.08406339572962418
1.0410307635419396 -0.09053911462034492
1.0412893062214792 -0.09670646594484078
1.0415355373448503 -0.10258013387293219
1.0417700431766321 -0.10817410332825728
1.0419933820640435 -0.1135016932857098
