# CURVE 2D, normalized by CHORD
# COLUMN#1 = X-coordinate, COLUMN#2 = Y-coordinate
#-------------------------------------------------------------------------------
0.0 0.0
0.046332949819391116 0.012447234961164177
0.0904595686950018 0.02430174444798723
0.13248492000510723 0.03559175348305681
0.17250906410996952 0.04634414304026592
0.21062729659079074 0.056584514047131745
0.24693037514395383 0.06633724833938491
0.28150473567077583 0.07562556671295936
0.314432698077273 0.0844715842116017
0.3457926622739369 0.09289636278173724
0.3756592948421883 0.10091996141996158
0.40410370681195146 0.10856148393255619
0.4311936229736307 0.11583912442074151
0.4569935431276109 0.12277021059996565
0.4815648956552111 0.12937124505636957
0.5049661837767352 0.13565794453865904
0.5272531248448533 0.14164527737893473
0.5484787830049658 0.1473474991315782
0.5686936955384062 0.1527781865150482
0.5879459931893019 0.15795026973740062
0.6062815147615834 0.1628760632824981
0.6237439162589944 0.16756729523021
0.6403747748279573 0.17203513518041183
0.656213687750779 0.17629022084727067
0.6712983667248951 0.18034268338713627
0.6856647276526247 0.1842021715203416
0.6993469761552242 0.18787787450434668
0.7123776890148428 0.19137854401292295
0.7247878917382891 0.19471251497347175
0.7366071324272855 0.19788772541208968
0.7478635521310917 0.20091173535363055
0.7585839518490023 0.2037917448217647
0.7687938563422505 0.2065346109818925
0.7785175749072488 0.20914686446772848
0.7877782592548662 0.21163472493042942
0.7965979586335495 0.21400411584728746
0.8049976723275336 0.21626067862524748
0.8129973996551375 0.21840978603282848
0.8206161875861888 0.22045655499242942
0.827872176091952 0.22240585876347793
0.8347826413355359 0.22426233854542887
0.8413640368056158 0.2260304145282393
0.8476320324914062 0.2277142964166302
0.853601552192159 0.22931799345319295
0.8592868090500188 0.2308453239642051
0.8647013393908377 0.23229992445088335
0.8698580349535223 0.23368525824771977
0.8747691735846506 0.23500462376851636
0.8794464484714394 0.2362611623597512
0.8839009959826667 0.23745786577997485
1.0 0.6576286393140718
0.9939142399978449 0.6356038294606934
0.9881182780910305 0.6146278200765234
0.9825983143702548 0.5946506682820757
0.9773412060647542 0.5756248094302209
0.9723344362499917 0.5575049438570258
0.9675660840454561 0.5402479290254113
0.9630247962316125 0.5238126768048261
0.9586997602184282 0.5081600556423642
0.9545806783011098 0.4932527973924003
0.950657743141759 0.4790554085829109
0.9469216144185677 0.4655340859072068
0.943363396586957 0.4526566357398695
0.9399746176997086 0.4403923974852625
0.9367472092356626 0.428712170576113
0.9336734868889521 0.4175881449483516
0.9307461322730374 0.40699383482667406
0.9279581754959757 0.3969040156631717
0.9253029785654407 0.38729466407888363
0.9227742195839789 0.378142900665276
0.9203658776968724 0.36942693550945926
0.9180722187567709 0.36112601631344327
0.9158877816709601 0.35322037898390424
0.9138073653987592 0.3456912005748195
0.9118260165680917 0.3385205544709292
0.9099390176817417 0.33169136770531943
0.908141875885218 0.32518738030950056
0.906430312269481 0.3189931065991969
0.9048002516830649 0.3130937983036696
0.9032478130293352 0.30747540945078644
0.9017693000257831 0.30212456292423107
0.9003611924033527 0.297028518613226
0.8990201375248474 0.29217514307893544
0.8977429424024614 0.2875528806653253
0.8965265660954271 0.2831507259856967
0.8953681124696803 0.2789581977193837
0.8942648233023023 0.2749653136562284
0.8932140717143232 0.2711625669294139
0.892213355916248 0.26754090338006675
0.8912602932514143 0.26409169999973614
0.8903526145230014 0.26080674439942125
0.8894881585911795 0.2576782152562642
0.8886648672275397 0.2546986636913528
0.8878807802145493 0.25186099553429425
0.8871340306783679 0.24915845443233375
0.8864228406439096 0.24658460576379992
0.8857455168015683 0.24413332131757726
0.885100446475529 0.24179876470212708
0.884486093784063 0.2395753774493174
