# CURVE 2D, normalized by CHORD
# COLUMN#1 = X-coordinate, COLUMN#2 = Y-coordinate
#-------------------------------------------------------------------------------
0.0 0.0
0.07665346788215398 -0.006553243322167265
0.1496567706270627 -0.012794427438517055
0.21918372562221386 -0.01873841231123114
0.28539987323664356 -0.024399350285244557
0.3484628709646718 -0.02979071978430495
0.4085228688008892 -0.03492535740245771
0.46572286674014385 -0.039815488467365094
0.5201990552537198 -0.04447275614822928
0.5720811395523634 -0.048908249177623736
0.6214926484082146 -0.053132528253237506
0.6685512282709299 -0.05715565118239347
0.7133689233782778 -0.06098719682920868
0.7560524425281331 -0.06463628792141364
0.7967034131470427 -0.06811161277113265
0.8354186232602901 -0.07142144596134123
0.8722902519395733 -0.07457366804725417
0.9074060887769858 -0.0775757843195522
0.940849742907855 -0.08043494267412175
0.9727008420801112 -0.08315795063085465
1.0030352222441647 -0.08575129154202886
1.0319251081146918 -0.08822114002886142
1.0594392851342418 -0.09057337668298768
1.0856432632480986 -0.09281360206786982
1.1105994328803432 -0.09494715005347186
1.134367213482481 -0.09697910051595
1.1570031950083266 -0.09891429143259586
1.1785612726519887 -0.10075733040083
1.1990927751697624 -0.10251260560867202
1.2186465870914516 -0.1041842962828073
1.2372692651121082 -0.10577638263912661
1.2550051489413045 -0.10729265535943071
1.2718964668738728 -0.10873672461686318
1.2879834363334615 -0.1101120286715608
1.303304359628308 -0.11142184205698707
1.3178957151472093 -0.11266928337644068
1.3317922442128296 -0.11385732272830125
1.3450270337991348 -0.11498878877769228
1.3576315953099014 -0.11606637549139802
1.3696359396058697 -0.11709264855207016
1.381068648459173 -0.11807005146699599
1.3919569426051759 -0.11900091138597298
1.4023267465537501 -0.11988744464214153
1.412202750314297 -0.12073176202896874
1.4216084681814847 -0.12153587382594702
1.4305662947216633 -0.12230169458497396
1.439097558093262 -0.12303104768880914
1.447222570828118 -0.1237256696924617
1.4549606781946474 -0.12438721445784509
1.4623303042580087 -0.12501725709154354
1.0 0.03274555470668994
1.0242347580606077 0.024475831654407126
1.0473154800230913 0.016599904937947288
1.0692971199873615 0.009099022350842676
1.0902320151914282 0.00195532464883829
1.1101700106238728 -0.004848196972118274
1.1291585777023914 -0.011327741373029283
1.1472429273009805 -0.01749873604056358
1.164466117394875 -0.02337587381916767
1.1808691555795363 -0.028973147894028717
1.1964910967077853 -0.03430388510818208
1.2113691358775462 -0.03938077769309005
1.2255386969916042 -0.0442159134882405
1.2390335171002307 -0.048820804721717126
1.2518857267274943 -0.05320641542026629
1.264125926372507 -0.05738318751412262
1.2757832593677574 -0.06136106569874772
1.2868854812679957 -0.06514952111267637
1.2974590259348895 -0.06875757388784652
1.3075290684747882 -0.0721938146261038
1.3171195851794537 -0.0754664248530155
1.3262534106124684 -0.0785831964976933
1.3349522919772445 -0.08155155044500549
1.3432369408960787 -0.08437855420435043
1.3511270827235398 -0.08707093873705991
1.3586415035115982 -0.0896351144824975
1.3657980947383201 -0.0920771866210095
1.372613895906627 -0.09440296961006855
1.3791051351145382 -0.09661800102822002
1.3852872676935015 -0.09872755475979283
1.3911750130067997 -0.10073665355176697
1.396782389495655 -0.10265008097269468
1.4021227480564695 -0.10447239280214968
1.407208803828674 -0.1062079278778211
1.4120526664688688 -0.10786081842607959
1.41666586898334 -0.10943499990061148
1.4210593951875983 -0.11093422035254663
1.4252437058583205 -0.11236204935438962
1.4292287636399605 -0.11372188649900197
1.433024056765332 -0.11501696949387091
1.4366386216466385 -0.11625038186993655
1.4400810643907396 -0.11742506032333239
1.4433595812898836 -0.11854380170751891
1.4464819783366873 -0.11960926969245847
1.4494556898098339 -0.12062400110668658
1.4522877959747351 -0.12159041197738008
1.454985039941308 -0.12251080328280242
1.4575538437189963 -0.12338736643082371
1.460000323507271 -0.12422218847655825
