# CURVE 2D, normalized by CHORD
# COLUMN#1 = X-coordinate, COLUMN#2 = Y-coordinate
#-------------------------------------------------------------------------------
0.0 0.0
-0.019311113705359668 -0.026306397587452728
-0.037702650567607014 -0.051360109575503
-0.055218399960223534 -0.0752207876593604
-0.07190006604842974 -0.09794524297731984
-0.0877873670848166 -0.11958758137537644
-0.10291812997661362 -0.14019933223066844
-0.11732838034975362 -0.15982957114047033
-0.1310524283241727 -0.17852503676885312
-0.1441229502045718 -0.19633024212921765
-0.1565710662811424 -0.2132875805676601
-0.1684264149254953 -0.22943742669950998
-0.17971722315821237 -0.24481823253936705
-0.19047037385603816 -0.25946661905351665
-0.2007114697587294 -0.2734174633527067
-0.21046489442795913 -0.28670398173288775
-0.21975387030341603 -0.2993578087616316
-0.22860051399432735 -0.3114090725985305
-0.2370258889380524 -0.3228864667289104
-0.2450500555511239 -0.3338173182816532
-0.2526921189921444 -0.3442276530937891
-0.25997027465025907 -0.3541422576767757
-0.2669018514675112 -0.36358473823200105
-0.2735033531982275 -0.37257757685602516
-0.2797904977036716 -0.3811421850693815
-0.2857782543755231 -0.38929895479638754
-0.29148087977728654 -0.3970673069173457
-0.2969119515884897 -0.4044657375087344
-0.3020844009324927 -0.4115118618814855
-0.3070105431648766 -0.41822245652220086
-0.3117021071957184 -0.4246134990371679
-0.31617026341556764 -0.4307002061942793
-0.32042565029161457 -0.43649707015343303
-0.3244783996973736 -0.4420178929716747
-0.3283381610361917 -0.4472758194652382
-0.33201412421601845 -0.45228336850672723
-0.33551504153013917 -0.45705246283195494
-0.3388492484959685 -0.46159445742740984
-0.3420246837015201 -0.4659201665659383
-0.34504890770680746 -0.4700398895550131
-0.3479291210451763 -0.4739634352588938
-0.35067218136743233 -0.4777001454530659
-0.353284619769581 -0.48125891706656315
-0.3557726563430559 -0.4846482233651319
-0.3581422149844605 -0.48787613412567366
-0.360398937500084 -0.4909503348499991
-0.36254819703877306 -0.49387814506364236
-0.3645951108851435 -0.49666653574330266
-0.36654455264359165 -0.4993221459144077
-0.36840116384211363 -0.5018512984583172
1.0 0.6936544492216123
0.9282701764730941 0.6309875803439875
0.8599560588284216 0.5713048480795826
0.7948949944049241 0.5144641506849114
0.7329320759063549 0.46033015316617687
0.6739197725743844 0.4087739650530964
0.6177175789248885 0.3596728335168292
0.5641916802110831 0.31290985110133673
0.5132146338169825 0.2683736773722962
0.46466506582260114 0.22595827382082906
0.41842738201842833 0.18556265139086037
0.37439149268112093 0.14709063002898548
0.3324525504551139 0.11045060968434262
0.29251070071605956 0.07555535221325427
0.25447084382172214 0.04232177366936052
0.21824240868425782 0.0106707464846999
0.18373913712476808 -0.019473088929262694
0.15087887849668258 -0.048181503609226906
0.11958339408898211 -0.07552285092347866
0.0897781708435531 -0.10156222931800418
0.061392243943144575 -0.12636163731279026
0.0343580278475174 -0.14998012111734838
0.008611155375491508 -0.17247391521692768
-0.01590967555024747 -0.19389657626414591
-0.03926284786047507 -0.2142991105948301
-0.061503964346405926 -0.23373009567167213
-0.08268598004729277 -0.2522357957448551
-0.10285932833385147 -0.26986027200502927
-0.12207204098771696 -0.28664548749090935
-0.1403698625628269 -0.30263140700127145
-0.15779635930102698 -0.3178560922492353
-0.17439302286121738 -0.33235579248539127
-0.19019936910901758 -0.34616503080553995
-0.20525303220216107 -0.35931668634853864
-0.2195898541956307 -0.37184207257996604
-0.23324397037988764 -0.383771011847992
-0.24624789055537044 -0.39513190638896933
-0.2586325764367827 -0.4059518059518048
-0.27042751537146104 -0.41625647220212403
-0.28166079054734516 -0.4260704400595712
-0.2923591478577108 -0.4354170761142826
-0.3025480595818686 -0.444318634261627
-0.31225178503344764 -0.4527963086876692
-0.32149342832066563 -0.46087028433151866
-0.33029499335611123 -0.46855978494470896
-0.33867743624701196 -0.47588311886203294
-0.34666071519072705 -0.4828577225928177
-0.3542638379942651 -0.4895002023364221
-0.3615049073309682 -0.4958263735208075
