# CURVE 2D, normalized by CHORD
# COLUMN#1 = X-coordinate, COLUMN#2 = Y-coordinate
#-------------------------------------------------------------------------------
0.0 0.0
0.025043533579584817 -0.024791648134641502
0.04889451794109422 -0.04840274159620489
0.07160974114253175 -0.07088949727388431
0.09324328704866272 -0.09230545506215042
0.1138466641021208 -0.11270160533668958
0.13346892796255708 -0.1321265103600602
0.15215679830582968 -0.15062641990612746
0.16995477006132745 -0.16824538137857245
0.18690521935227766 -0.18502534468566295
0.2030485043912779 -0.20100626212098724
0.2184230615712781 -0.21622618348796271
0.2330654969808021 -0.23072134669460603
0.24701067356130116 -0.24452626403426636
0.2602917941141574 -0.2576738043577524
0.27294048035497287 -0.27019527133250093
0.28498684820336856 -0.2821204779751187
0.2964595794875549 -0.29347781763475456
0.30738599023439905 -0.30429433159631253
0.317792095707584 -0.31459577346446305
0.3277026723487125 -0.32440667048174915
0.3371413167688348 -0.3337503819267836
0.3461305019308561 -0.3426491547315783
0.35469163065659065 -0.35112417645043037
0.3628450865858617 -0.35919562570648
0.37061028270897695 -0.36688272023605106
0.37800570758813434 -0.3742037626451664
0.385048969377808 -0.38117618398718095
0.39175683774892583 -0.38781658526529006
0.39814528381665704 -0.3941407769587273
0.4042295181668773 -0.4001638166667628
0.41002402707184893 -0.4059000449601299
0.4155426069813457 -0.4113631195252414
0.4207983973713427 -0.4165660476824905
0.42580391202848267 -0.4215212173560611
0.43057106884480645 -0.4262404265689854
0.43511121819368626 -0.43073491153367527
0.43943516995452414 -0.4350153734048085
0.44355321925056024 -0.4390920037582687
0.4474751709610708 -0.4429745088568022
0.45121036306631895 -0.44667213276016743
0.45476768888084096 -0.450193679334801
0.4581556182280048 -0.45354753321540436
0.4613822176062561 -0.45674167976836
0.46445516939506687 -0.4597837241045082
0.4673817901463152 -0.4626809091865541
0.47016904800464693 -0.4654401330742169
0.4728235792982962 -0.4680679653481814
0.475351704339867 -0.4705706627519572
0.47775944247469626 -0.47295418408888645
1.0 0.22721600526872843
0.9726248237580386 0.19051398728709454
0.9465532273371229 0.15555968444744311
0.9217231355076794 0.12226987221920367
0.8980754290034474 0.09056528914468992
0.8755538037613217 0.060370448121343484
0.8541046368640592 0.03161345667053736
0.8336768588666663 0.00422584576500773
0.8142218322024827 -0.02185759319263955
0.7956932353794506 -0.04669896362849413
0.7780469526908486 -0.07035741166264131
0.7612409691778943 -0.09288926693325766
0.7452352705941283 -0.11434817671479708
0.7299917481333988 -0.1347852336495965
0.715474107694609 -0.15424909739702453
0.7016477834671898 -0.17278611048981313
0.6884798556315526 -0.19044040867342132
0.6759389719785649 -0.2072540259911434
0.6639952732614336 -0.22326699486516438
0.6526203221022611 -0.2385174414118511
0.6417870352840014 -0.2530416762182193
0.6314696192666114 -0.2668742807957129
0.6216435087738588 -0.2800481899171354
0.6122853083045707 -0.2925947700327758
0.6033727364290583 -0.3045438939524334
0.594884572738094 -0.31592401197115483
0.5868006073181281 -0.32676221960803253
0.5791015926324463 -0.33708432211934447
0.5717691976937016 -0.34691489593964164
0.5647859644187068 -0.3562773471970675
0.5581352660615688 -0.365193967442235
0.5518012676261993 -0.37368598672334685
0.5457688881639426 -0.38177362413392957
0.5400237648665553 -0.38947613595353225
0.5345522188690436 -0.3968118614960109
0.5293412226809372 -0.403798266774562
0.5243783691684549 -0.4104519860874679
0.5196518420137098 -0.41678886162356865
0.5151503875806194 -0.4228239811817599
0.5108632881205332 -0.42857171409432304
0.5067803362537844 -0.43404574543962116
0.5028918106664046 -0.43925910862561945
0.49918845296413816 -0.4442242164218082
0.49566144562864634 -0.4489528905134166
0.492302391023416 -0.4534563896482817
0.48910329139938713 -0.4577454364433914
0.486056529852693 -0.46183024291492436
0.48315485218917464 -0.4657205347925749
0.48039134965249053 -0.4694255746760516
