# CURVE 2D, normalized by CHORD
# COLUMN#1 = X-coordinate, COLUMN#2 = Y-coordinate
#-------------------------------------------------------------------------------
0.0 0.0
0.0076907188900371464 0.006756074120375265
0.015015213071024922 0.01319043042549458
0.021990921814822803 0.019318388811322498
0.028634453951773168 0.025154539654968135
0.034961627415535414 0.030712778553678266
0.0409875069048328 0.03600633940959268
0.046726439751782686 0.04104782593903497
0.05219209008221115 0.04584924168136097
0.05739747134928588 0.050422018578814294
0.06235497731792848 0.05477704419543652
0.06707641157377857 0.05892468763983862
0.07157301562696913 0.06287482425355492
0.07585549567762681 0.06663685912376092
0.0799340481068246 0.07021974947633806
0.08381838375367964 0.073632026002602
0.08751775103639874 0.07688181317047242
0.09104095797232166 0.07997684856844425
0.09439639314939113 0.08292450132841743
0.0975920456989811 0.08573178967124902
0.1006355243176382 0.08840539761680291
0.1035340753830259 0.0909516908982828
0.1062946002072047 0.09337673211873986
0.10892367146832733 0.09568629518584179
0.11142754885987273 0.09788587905927222
0.11381219399467785 0.09998072084349169
0.11608328459925417 0.10197580825703403
0.11824622803218397 0.10387589150802673
0.12030617415878381 0.10568549460421026
0.1222680276126884 0.10740892612438503
0.12413645947354993 0.10905028947693246
0.12591591838865612 0.11061349266983475
0.12761064116494775 0.11210225761545599
0.12922466285665407 0.11352012899223812
0.13076182637256484 0.11487048268441159
0.1322257916258132 0.11615653381981489
0.13362004424795448 0.11738134442496088
0.13494790388808905 0.11854783071557612
0.13621253211678863 0.11965877003997158
0.1374169399536454 0.12071680749177678
0.1385639950363661 0.12172446220778173
0.13965642844848106 0.12268413336588167
0.14069684122192389 0.12359810589740544
0.14168771052996465 0.12446855592742807
0.1426313955852416 0.12529755595602107
0.14353014325693392 0.12608707979277628
0.14438609342045042 0.1268390072563527
0.1452012840523709 0.127555128650235
0.14597765608277133 0.12823714902536099
0.14671705801648605 0.12888669223976668
1.0 -0.9676875487669708
0.9552720090684909 -0.9102065418298564
0.9126739224670536 -0.855462725699271
0.8721043161799704 -0.8033257579558564
0.8334665959065579 -0.7536715029621281
0.7966687670747363 -0.7063817363014346
0.761623215806335 -0.6613438632912503
0.7282465003126194 -0.6184506509005986
0.6964591522233664 -0.5775999724333112
0.6661854873764588 -0.538694564369228
0.6373534256174992 -0.5016417947843868
0.6098943191803948 -0.46635344279882385
0.5837427892402953 -0.4327454885268591
0.5588365702497246 -0.4007379130297498
0.535116361687276 -0.3702545077944076
0.5125256868658966 -0.3412226932845579
0.49101075846458275 -0.31357334613232013
0.4705203504633316 -0.28724063455876025
0.4510056761764256 -0.2621618616315605
0.4324202720936581 -0.23827731598660828
0.4147198872529272 -0.21553012965808238
0.3978623778808025 -0.19386614267853397
0.38180760705020744 -0.17323377412658303
0.3665173491163075 -0.15358389931520122
0.35195519870306935 -0.13486973282817094
0.33808648402379504 -0.11704671712623727
0.324878184329248 -0.10007241645772902
0.3122988512868222 -0.08390641582105451
0.3003185341035596 -0.06851022473850743
0.28890870821473813 -0.053847185612272086
0.27804220736824137 -0.03988238644442876
0.2676931589430065 -0.026582577713149647
0.25783692234754463 -0.013916093207169467
0.24845003035186664 -0.0018527746300454062
0.23951013321312575 0.009636100205310916
0.2309959454619439 0.020577885762792958
0.22288719522272316 0.03099863391277602
0.21516457594727478 0.040923155960378765
0.20780970044684777 0.05037508172000049
0.2008050571131077 0.05937691577678328
0.19413396822383155 0.06795009106895711
0.18778055023404472 0.07611501991864655
0.18172967595805722 0.08389114263263642
0.1759669385523549 0.09129697378881729
0.1704786172135908 0.09835014631851335
0.16525164451000585 0.10506745348965263
0.1602735752684964 0.11146488889073736
0.1555325569432493 0.11755768451081827
0.15101730139539493 0.12336034700613341
0.14671705801648605 0.1288866922397668
