# CURVE 2D, normalized by CHORD
# COLUMN#1 = X-coordinate, COLUMN#2 = Y-coordinate
#-------------------------------------------------------------------------------
0.0 0.0
0.08351488076092788 -0.0293488592603829
0.1630528624380022 -0.05730015379408097
0.238803321178073 -0.08392043430236484
0.3109466152162357 -0.10927308240549233
0.37965451430020014 -0.13341846155132805
0.44509060866588057 -0.15641406073783826
0.5074106985379572 -0.17831463139165749
0.566763165082792 -0.19917231772862817
0.6232893236969205 -0.21903678090669554
0.677123760472281 -0.23795531726675967
0.7283946526392908 -0.2559729709430112
0.7772240737507288 -0.2731326411108698
0.8237282843330507 -0.28947518412787804
0.8680180086971668 -0.305039510810743
0.9101986985677536 -0.3198626790801382
0.9503707841587886 -0.33397998219384795
0.9886299132931077 -0.34742503277833336
1.0250671791353163 -0.36022984285879567
1.0597693370802768 -0.3724249000782836
1.0928190113135725 -0.38403924028731967
1.124294891535759 -0.3951005166768779
1.1542719203187937 -0.4056350656193143
1.1828214715407315 -0.41566796937401557
1.2100115203235295 -0.42522311580706446
1.235906804878575 -0.43432325526711096
1.2605689806452853 -0.4429900547528696
1.2840567670897711 -0.45124414950121117
1.3064260875130909 -0.4591051921186793
1.327730202201967 -0.46659189937341083
1.3480198352389918 -0.47372209675886945
1.3673432952742535 -0.48051276093549666
1.3857465905459312 -0.48698006015133216
1.4032735384237198 -0.49313939273784213
1.4199658697358992 -0.4990054237726136
1.435863328128451 -0.5045921199962053
1.4510037646927862 -0.5099127830662928
1.4654232280873911 -0.5149800812282809
1.479156050367967 -0.5198060794777933
1.4922349287304204 -0.5244022682868528
1.5046910033613283 -0.5287795909621475
1.5165539315812406 -0.5329484697005235
1.5278519584573478 -0.5369188304037386
1.53861198405364 -0.5407001263115625
1.5488596274786803 -0.5443013605094901
1.5586192878834808 -0.5477311073646592
1.5679142025547192 -0.5509975329410108
1.576766502241613 -0.554108414442298
1.5851972638481786 -0.5570711587292382
1.593226560616336 -0.5598928199548955
1.0 -0.858529343726198
1.0310961709393816 -0.8428752024445149
1.060711571834031 -0.8279664964619594
1.0889167155432207 -0.8137677288595256
1.1157787571710205 -0.8002450930476839
1.1413616539594011 -0.7873663922745013
1.1657263175673829 -0.7751009629667084
1.1889307590987939 -0.7634196017211914
1.2110302272239473 -0.7522944957730798
1.2320773397240934 -0.7416991567748784
1.2521222087718515 -0.7316083577289723
1.271212560245907 -0.7219980729233475
1.289393847364055 -0.7128454207275142
1.3067093589051484 -0.704128609112435
1.3232003222776183 -0.6958268837647404
1.3389060016799705 -0.687920478671698
1.3538637915869727 -0.6803905690592768
1.3681093057841176 -0.6732192265712564
1.3816764621623507 -0.6663893765826656
1.394597563474954 -0.6598847575459126
1.4069033742488615 -0.6536898822728143
1.4186231940335357 -0.6477900010603399
1.4297849271617964 -0.6421710665722689
1.4404151491887116 -0.6368197003931537
1.450539170166726 -0.6317231611749488
1.4601810949076923 -0.626869314300468
1.469363880375279 -0.6222466029914385
1.4781093903444094 -0.6178440207923629
1.486438447457867 -0.6136510853646718
1.4943708828040168 -0.6096578135287756
1.5019255831336833 -0.6058546974945886
1.509120535828604 -0.6022326822239344
1.5159728717285281 -0.5987831438709303
1.5224989059189324 -0.5954978692490218
1.52871417657646 -0.5923690362757756
1.534633481964582 -0.5893891953488744
1.5402709156675547 -0.5865512516089684
1.5456399001465768 -0.5838484480471533
1.5507532186980262 -0.5812743494168531
1.5556230458898828 -0.5788228269118054
1.5602609765487938 -0.5764880435736647
1.5646780533668045 -0.574264440394483
1.568884793193481 -0.5721467230809767
1.5728912120760303 -0.5701298494490659
1.5767068491070297 -0.5682090174186747
1.5803407891365526 -0.5663796535802068
1.5838016844027654 -0.5646374023054757
1.5870977751324915 -0.5629781153771601
1.5902369091608022 -0.5613978421120978
