# CURVE 2D, normalized by CHORD
# COLUMN#1 = X-coordinate, COLUMN#2 = Y-coordinate
#-------------------------------------------------------------------------------
0.0 0.0
0.06413173124087551 0.018320130819127364
0.12520957051789994 0.03576787445639156
0.1833789412579232 0.052384773158547934
0.23877834196270728 0.06821039097012543
0.29153967596726355 0.08328240793353259
0.34178856549541237 0.09763670980344415
0.38964465076031596 0.11130747348907422
0.43522187482212893 0.1243272484277695
0.4786287548809985 0.1367270340836698
0.5199686406513504 0.14853635375595578
0.5593399604326379 0.15978332487241861
0.5968364554624356 0.17049472593571657
0.6325474031098619 0.18069606028171462
0.6665578294407442 0.19041161680171273
0.698948711660632 0.19966452777313953
0.7297971709176679 0.20847682393640316
0.7591766559243689 0.21686948694903516
0.7871571178355127 0.22486249934201802
0.8138051767985068 0.23247489209723982
0.8391842805727868 0.23972478995935578
0.8633548555959106 0.2466294545899424
0.8863744508560286 0.25320532566669157
0.9082978749132837 0.2594680600255003
0.929177326396384 0.2654325689386515
0.9490625182850508 0.2711130536178431
0.9680007962742574 0.27652303902659703
0.9860372515020731 0.28167540608255315
1.0032148279095165 0.28658242232632086
1.0195744244880343 0.29125577112990914
1.0351549926580512 0.295706579514279
1.0499936290104481 0.2999454446422502
1.0641256636317784 0.3039824590498419
1.0775847442235218 0.30782723467611967
1.0904029162156583 0.3114889257487652
1.1026106990653122 0.3149762505798561
1.1142371589221252 0.31829751232375225
1.125309977833376 0.32146061874651055
1.1358555196536144 0.3244731010538993
1.1458988928157465 0.32734213182284105
1.1554640101130151 0.33007454207897596
1.1645736456342233 0.33267683756100924
1.173249488987755 0.33515521421056477
1.1815121969434994 0.3375155729244272
1.1893814426156368 0.3397635336042961
1.1968759623033869 0.3419044485375047
1.2040136001012443 0.3439434151405604
1.2108113503849176 0.3458852880958516
1.2172853982741305 0.34773469091041465
1.223451158168619 0.34949602692428416
1.0 0.7930591550317081
1.0117130214193293 0.7698081481319077
1.0228682799139286 0.7476643320368597
1.0334923356230707 0.7265749833749091
1.043610483917492 0.7064898894111468
1.0532468156264645 0.6873612284932777
1.0624242743969146 0.6691434561905454
1.0711647113211527 0.6517931968546099
1.0794889369632843 0.635269140344195
1.0874167709081715 0.6195319436676096
1.094967088950921 0.6045441373089566
1.102157868039254 0.5902700360150015
1.1090062290757619 0.5766756538302823
1.1155284776819596 0.5637286231781689
1.1217401430211955 0.5513981177952035
1.127656014772849 0.5396547793352366
1.133290178345852 0.5284706474686015
1.138656048415379 0.5178190933099014
1.1437664008625472 0.5076747560159013
1.1486334031931837 0.4980134824025678
1.1532686435080757 0.4888122694374884
1.157683158093687 0.48004920947074603
1.1618874576990312 0.47170343807384857
1.1658915525612639 0.46375508436251767
1.1697049762395806 0.4561852236850596
1.173336808314168 0.448975832563671
1.1767956960042512 0.4421097457813961
1.1800898747567112 0.43557061551256293
1.1832271878542924 0.42934287239938845
1.186215105090084 0.42341168848207944
1.1890607405527427 0.4177629418941661
1.1917708695647984 0.4123831832390105
1.1943519448143753 0.40725960356743385
1.1968101117187344 0.40238000388021783
1.1991512230562194 0.39773276608286934
1.201380852901443 0.3933068253234898
1.2035043098968938 0.38909164364789023
1.2055266498925616 0.385077184909224
1.2074526879836736 0.38125389087239897
1.2092870099752089 0.37761265845637515
1.2110339833004806 0.37414481806016203
1.2126977674197872 0.3708421129209114
1.2142823237238884 0.36769667945495843
1.2157914249658897 0.36470102853500325
1.217228664243986 0.36184802765885543
1.218597463556459 0.3591308839672861
1.2199010819492901 0.3565431280705534
1.221142623275796 0.3540785986450936
1.222325043586754 0.3517314277637034
