# CURVE 2D, normalized by CHORD
# COLUMN#1 = X-coordinate, COLUMN#2 = Y-coordinate
#-------------------------------------------------------------------------------
0.0 0.0
0.07871368449604578 0.02123945150646901
0.15367909830180385 0.04146750056024906
0.2250747304977639 0.06073230918289673
0.2930705706843925 0.0790797459663707
0.35782851371927693 0.09655349528396495
0.41950274518107156 0.1131951613007214
0.47824010847801884 0.1290443670309656
0.5341804544751115 0.14413884867881727
0.5874569744723427 0.158514545486295
0.6381965173268486 0.1722056853029405
0.6865198914739968 0.1852448660806981
0.7325421525665191 0.19766313348808628
0.7763728774165404 0.20949005482845598
0.818116424892751 0.2207537894383319
0.8578721843939041 0.23148115573345182
0.8957348124902403 0.24169769506213745
0.9317944582962748 0.2514277325180285
0.9661369781115458 0.2606944348569724
0.9988441398403752 0.2695198656559666
1.0299938176773555 0.27792503784548483
1.0596601775220988 0.2859299637402641
1.0879138535647115 0.29355370268767295
1.1148221164624377 0.30081440644710994
1.1404490335078914 0.3077293624084785
1.1648556211702281 0.31431503475263906
1.1880999903724538 0.32058710365183957
1.2102374848507638 0.3265605026034591
1.2313208129253446 0.3322494539859539
1.2514001729963742 0.3376675029216632
1.2705233730640213 0.3428275495271007
1.2887359445570186 0.3477418796275173
1.3060812507408253 0.35242219400886643
1.3226005899634987 0.35687963627681807
1.3383332939850923 0.3611248193891529
1.3533168216247051 0.3651678509247099
1.3675868479481461 0.3690183571490499
1.3811773492085662 0.37268550593413563
1.3941206837422992 0.3761780285865982
1.4064476690125214 0.3795042406365626
1.4181876549841614 0.3826720616365286
1.4293685940047711 0.38568903401744864
1.4400171073577326 0.38856234104689635
1.4501585486462674 0.3912988239320846
1.4598170641591577 0.39390499810845436
1.4690156503619105 0.39638706875261603
1.4777762086502462 0.3987509455565796
1.4861195974962804 0.4010022567984496
1.4940656821115512 0.4031463627430877
1.5016333817451422 0.4051883684046478
1.0 -0.18134793324822696
1.0262949746744996 -0.150602457052082
1.0513378076978326 -0.12132105115099151
1.0751881248629114 -0.09343399791185769
1.0979027126391772 -0.06687489958887312
1.119535653378478 -0.04158052023364972
1.1401384540825739 -0.017490635133436933
1.1597601690388555 0.00545211258105141
1.178447516616267 0.027302348499611745
1.1962449904995156 0.04811209699347874
1.2131949656264192 0.06793090508287589
1.2293377990806131 0.08680596040611122
1.2447119261798454 0.1047822035710973
1.259353951988638 0.12190243515679827
1.2732987384732026 0.13820741761937066
1.286579487506121 0.15373597234563008
1.2992278199184244 0.1685250720849248
1.3112738507872848 0.18260992897949113
1.3227462611385803 0.19602407840288766
1.3336723662350523 0.20879945880612244
1.3440781806126445 0.22096648776158412
1.3539884800198754 0.2325541343858334
1.3634268604077142 0.24358998831368978
1.3724157941104178 0.2541003253878387
1.3809766833510881 0.2641101702203616
1.3891299111993454 0.2736433557751452
1.3968948901024474 0.2827225801130344
1.404290108105402 0.29136946043483364
1.4113331728701204 0.2996045845508329
1.418040853598424 0.3074475598994036
1.4244291209587128 0.3149170602313757
1.4305131851113688 0.3220308700713491
1.4363075319234224 0.3288059270618
1.4418259574587113 0.33525836229080086
1.4470816008256533 0.3414035386993731
1.452086975460836 0.3472560876599181
1.4568539989229148 0.3528299438128182
1.4613940212677519 0.3581383782441515
1.4657178520723584 0.3631940300835166
1.4698357861719837 0.3680089365971976
1.473757628171627 0.3725945618483224
1.4774927157903348 0.37696182399225076
1.481049942093866 0.38112112127218245
1.4844377766686576 0.3850823567768794
1.4876642857875069 0.3888549620194479
1.4907371516149823 0.3924479193933227
1.4936636904982923 0.39586978355891767
1.4964508703871588 0.3991287018118653
1.4991053274241748 0.4022324334813393
