# CURVE 2D, normalized by CHORD
# COLUMN#1 = X-coordinate, COLUMN#2 = Y-coordinate
#-------------------------------------------------------------------------------
0.0 0.0
-0.012276669324521159 0.04922137648215021
-0.023968735347874668 0.09609887789372194
-0.03510403632249706 0.14074411733331407
-0.04570908486975648 0.18326339299006847
-0.05580913110524164 0.2237579412345965
-0.06542822275808464 0.2623241776579565
-0.07458926242745895 0.29905392663258507
-0.08331406211257733 0.33403463994175514
-0.0916233951460234 0.3673496049981076
-0.09953704565406729 0.39907814314701473
-0.10707385566172811 0.42929579852692623
-0.11425176995473843 0.4580745179363657
-0.12108787880522445 0.485482822135832
-0.12759845866283018 0.5115859689924664
-0.13379901090816898 0.5364461088559279
-0.1397042987608726 0.560122432535415
-0.14532838243011412 0.5826713122301646
-0.15068465259129654 0.6041464357489738
-0.15578586226861313 0.6245989343383158
-0.16064415719939082 0.6440775044234034
-0.16527110475251242 0.6626285235520583
-0.16967772146977111 0.6802961608174438
-0.17387449929573176 0.697122482022573
-0.17787143055855142 0.7131475498369817
-0.1816780317612368 0.7284095191840376
-0.1853033662399848 0.7429447280859957
-0.18875606574355433 0.7567877841830986
-0.1920443509850491 0.7699716471327203
-0.19517605121504414 0.7825277070847411
-0.19815862286265845 0.7944858594199989
-0.20099916728895778 0.8058745759297683
-0.20370444769495716 0.8167209726057391
-0.2062809052244804 0.8270508742019018
-0.20873467430021678 0.8368888757220568
-0.21107159722948954 0.8462584009793472
-0.2132972381145112 0.8551817583672429
-0.21541689610024617 0.8636801939747626
-0.21743561799142228 0.8717739421724003
-0.21935821026873287 0.8794822737891983
-0.2211892505328382 0.8868235419956724
-0.2229330984034147 0.8938152260018383
-0.22459390589920183 0.9004739726743772
-0.226175627323761 0.9068156361720333
-0.22768202868048404 0.9128553156936106
-0.22911669663926787 0.918607391428446
-0.23048304707620487 0.924085558794956
-0.23178433320662106 0.9293028610487751
-0.23302365333082695 0.9342717203381267
-0.23420395821102302 0.9390039672803661
1.0 -0.282490970318095
0.9353046208539326 -0.21846178163563354
0.873689974048154 -0.15748160193805105
0.8150093580426505 -0.09940524032130585
0.7591230570850283 -0.04409441973392944
0.7058980085539593 0.008582552254048081
0.6552074861434176 0.05875109700450287
0.6069307981333778 0.10653066343350742
0.560953000028578 0.15203501241351175
0.5171646208811496 0.19537248763256354
0.4754614026455034 0.23664627355546997
0.4357440519448882 0.27595464110109513
0.39791800365858787 0.3133911816207381
0.3618931957668733 0.3490450297346839
0.3275838549176213 0.3830010755574893
0.294908292204048 0.415340166817304
0.2637887086673115 0.44613930135046087
0.2341510100608959 0.4754718104296579
0.20592463043573805 0.5034075333622265
0.179042364126064 0.5300129837741966
0.15344020573589823 0.5553515079760728
0.12905719774526414 0.5794834357873835
0.10583528537323172 0.602466224179108
0.08371917835224851 0.6243545940759884
0.06265621928464526 0.645200660644446
0.04259625826788038 0.6650540573763104
0.023491533490008987 0.6839620542638003
0.0052965575110840435 0.701969670347124
-0.012031991040273304 0.7191197809026703
-0.02853537061299427 0.7354532195270002
-0.044252874967966926 0.7510088753596954
-0.059221926734607244 0.7658237856765479
-0.07347816651236005 0.77993322407355
-0.08705553772926766 0.7933707844516477
-0.09998636745965572 0.8061684610022167
-0.11230144339335868 0.818356724383711
-0.1240300871397424 0.8299645942708486
-0.13520022404106036 0.8410197084490748
-0.14583844966136295 0.8515483886188139
-0.15597009310927046 0.8615757030661845
-0.16561927734537263 0.8711255263493946
-0.1748089766178509 0.880220596142928
-0.1835610711630684 0.8888825673748647
-0.1918963993013707 0.8971320637862329
-0.19983480705213474 0.904988727035155
-0.20739519538619589 0.9124712634627
-0.2145955652281588 0.9195974886317902
-0.22145306031574252 0.9263843697452098
-0.22798400801820318 0.9328480660437045
-0.2342039582110229 0.939003967280366
