# CURVE 2D, normalized by CHORD
# COLUMN#1 = X-coordinate, COLUMN#2 = Y-coordinate
#-------------------------------------------------------------------------------
0.0 0.0
0.08655114020723244 0.034491086598138335
0.168980797547454 0.0673397405011273
0.24748523310956977 0.09862417278968821
0.32225136221634665 0.12841887020736528
0.39345719946089613 0.15679477250991486
0.4612722825509432 0.18381944136948591
0.5258580759700356 0.20955722123574402
0.5873683554167904 0.23406939253694226
0.6459495739375092 0.2574143175857025
0.7017412106239082 0.27964757953690267
0.7548761027061927 0.3008221147285219
0.805480761832178 0.32098833872054017
0.8536756752854974 0.34019426633198624
0.8995755928600873 0.3584856259619348
0.9432898000739824 0.37590596846664776
0.9849223783729302 0.39249677085208867
1.0245724529433566 0.40829753502869903
1.062334428724715 0.42334588186356603
1.0982982151831517 0.4376776407539156
1.1325494403816627 0.4513269349352008
1.1651696548564352 0.46432626272690103
1.1962365257847898 0.47670657490947277
1.2258240219070324 0.48849734841668385
1.2540025896425016 0.49972665651878967
1.2808393208191389 0.5104212356636524
1.3063981124159363 0.5206065491349502
1.3307398186986004 0.5303068476790433
1.3539223961106615 0.5395452272448463
1.3760010412650054 0.5483436839741824
1.3970283223643807 0.5567231665735503
1.4170543043637853 0.5647036261919958
1.4361266681727425 0.5723040639238486
1.454290824181273 0.5795425760494228
1.4715900203798735 0.5864363971213982
1.4880654453309217 0.59300194099947
1.5037563262366818 0.599254839930967
1.5187000223374059 0.6052099817704879
1.5329321138619048 0.6108815454271744
1.54648648674238 0.6162830346240189
1.5593954132952135 0.6214273100495848
1.5716896290598168 0.6263266199786954
1.5833984059784865 0.6309926294349911
1.5945496220915054 0.6354364479647966
1.6051698279134283 0.6396686560884208
1.6152843096485927 0.6436993304918726
1.6249171493963686 0.6475380680189694
1.6340912824894884 0.6511940085209664
1.6428285521019834 0.6546758566181065
1.6511497612567405 0.6579919024249063
1.0 0.11128633475304817
1.0341324303856863 0.13994393526266302
1.0666395069434826 0.16723688812896292
1.0975986274747174 0.19323017657305808
1.1270835041711313 0.21798568937695822
1.155164339120097 0.24156236823781552
1.1819079914524453 0.2640163481052986
1.2073781365308724 0.285401090836235
1.2316354175579456 0.30576751248474576
1.2547375899646822 0.32516410453094646
1.2767396589234787 0.34363704933685196
1.297694010312809 0.36123033010438094
1.3176505354455044 0.37798583559726573
1.3366567498575952 0.3939434598762036
1.3547579064405388 0.4091411972847159
1.3719971031861995 0.4236152329118704
1.3884153858011143 0.4374000287472557
1.4040518454343665 0.4505284057333369
1.4189437117517496 0.4630316219105571
1.4331264415778286 0.474939446841243
1.4466338033169517 0.48628023248951524
1.4594979573542117 0.497080980725965
1.4717495326277925 0.5073674076178221
1.4834176995550123 0.5171640046576857
1.494530239485698 0.5264940970766037
1.505113610848256 0.5353798993803349
1.51519301214593 0.5438425682410314
1.5247924419532386 0.5519022528702662
1.5339347560554373 0.5595781429933468
1.5426417218670552 0.566888514539138
1.5509340702590722 0.5738507731541771
1.5588315449181358 0.5804814956446906
1.5663529493553394 0.5867964694451797
1.5735161916764857 0.5928107302075503
1.5803383272204345 0.598538597600284
1.5868355991670524 0.6039937094028878
1.5930234772114504 0.6091890539767959
1.5989166943965913 0.614137001190042
1.604529282191964 0.6188493318693238
1.6098746039018423 0.6233372658495923
1.614965386482679 0.6276114886879431
1.6198137508453803 0.6316821771054201
1.62443124071462 0.635559023217303
1.6288288501138957 0.6392512576095725
1.6330170495417775 0.6427676713164957
1.6370058109016647 0.6461166367516606
1.6408046312444147 0.649306127642294
1.6444225553803666 0.6523437380143258
1.647868197414607 0.6552367002734036
