# CURVE 2D, normalized by CHORD
# COLUMN#1 = X-coordinate, COLUMN#2 = Y-coordinate
#-------------------------------------------------------------------------------
0.0 0.0
-0.049095656725675035 0.04224117920969973
-0.09585342503584184 0.08247087369512812
-0.14038463295028641 0.12078486844315517
-0.18279530715451933 0.15727438725079998
-0.22318642544426498 0.19202630992474742
-0.26165415714878465 0.22512337913803068
-0.29829009210547003 0.2566443974363957
-0.3331814587308847 0.28666441486341
-0.3664113317074701 0.3152549076510427
-0.3980588297804086 0.3424839484011691
-0.42819930413558804 0.3684163681631941
-0.45690451780718755 0.39311391079369423
-0.48424281654204426 0.4166353799655991
-0.5102792915276221 0.439036779176937
-0.5350759343710295 0.460371445092497
-0.5586917846980842 0.4806901745358874
-0.5811830707238506 0.5000413454343545
-0.6026033431293423 0.5184710320043231
-0.623003602563144 0.5360231144519123
-0.6424324210715265 0.5527393834496163
-0.6609360577461765 0.5686596396379058
-0.6785585688648909 0.5838217883886576
-0.6953419127874759 0.5982619300560403
-0.7113260498566045 0.6120144459297383
-0.7265490375414889 0.6251120800951648
-0.7410471210509028 0.6375860173955711
-0.7548548196312967 0.6494659576816723
-0.7680050087554815 0.6607801865255781
-0.7805289983975623 0.6715556425673932
-0.7924566075804963 0.6818179816548362
-0.8038162353737668 0.6915916379285914
-0.8146349285102149 0.7008998819988344
-0.8249384457830227 0.7097648763514468
-0.8347513193761729 0.7182077281158397
-0.8440969132744112 0.7262485393200233
-0.852997478891781 0.7339064547525791
-0.8614742080511809 0.7411997075454895
-0.8695472834410855 0.7481456625863564
-0.8772359266695661 0.7547608578633725
-0.8845584440300237 0.7610610438414831
-0.8915322700876024 0.7670612209634933
-0.8981740091900583 0.7727756753654076
-0.9044994750019211 0.7782180128910404
-0.9105237281560762 0.783401191486881
-0.9162611121124143 0.7883375520543484
-0.9217252873089269 0.7930388478328888
-0.9269292636865578 0.7975162723838796
-0.9318854316652541 0.8017804862419661
-0.9366055916449646 0.8058416422972865
1.0 -0.483555003276087
0.8984856334527788 -0.4159664946669013
0.8018052843601868 -0.3515964864676766
0.7097287614148612 -0.29029171675412924
0.6220368348002654 -0.23190622178884607
0.538520714214936 -0.1763009884885764
0.4589815517527175 -0.12334362344070054
0.3832299684553666 -0.07290803768081877
0.3110856034102705 -0.024874146480931336
0.24237668431970272 0.020872416566580565
0.17693961851916207 0.06444057184992513
0.11461860347102815 0.10593405307215809
0.05526525580613861 0.14545165423618944
-0.0012617419699465504 0.18308746486860028
-0.05509697794717061 0.21893109404232491
-0.10636863125881257 0.2530678837315864
-0.15519877726990017 0.28557911200707364
-0.20170367823284074 0.31654218655515665
-0.24599406010230784 0.3460308289819023
-0.2881753761684671 0.3741152503407078
-0.3283480581362377 0.4008623183014748
-0.36660775524839995 0.4263357163593482
-0.40304556202188824 0.4505960954620848
-0.4377482351394959 0.4737012184170719
-0.470798400013408 0.4957060974218217
-0.5022747475123719 0.5166631250453929
-0.5322522213209091 0.5366221989726035
-0.5608021963766585 0.5556308408080423
-0.5879926488107057 0.5737343092227457
-0.6138883177955126 0.5909757077129395
-0.6385508596858049 0.6073960872274099
-0.6620389948194165 0.6230345439078578
-0.6844086473276181 0.6379283121749509
-0.70571307828781 0.6521128533817065
-0.7260030125356121 0.6656219402452831
-0.7453267594382806 0.6784877372582133
-0.7637303279170125 0.6907408772705278
-0.7812575359919953 0.7024105344251129
-0.7979501151110264 0.713524493619956
-0.8138478095101038 0.7241092166626636
-0.8289884708425583 0.7341899052747661
-0.8434081483020388 0.7437905610958161
-0.857141174453925 0.7529340428301493
-0.870220246979531 0.7616421206723717
-0.8826765065277271 0.7699355281411547
-0.8945396108593424 0.7778340114447576
-0.9058378054608809 0.7853563764958079
-0.9165979907956796 0.7925205336872846
-0.9268457863526305 0.79934354053631
-0.9366055916449647 0.8058416422972864
