# CURVE 2D, normalized by CHORD
# COLUMN#1 = X-coordinate, COLUMN#2 = Y-coordinate
#-------------------------------------------------------------------------------
0.0 0.0
0.03348855013263077 0.03881025441972371
0.06538240740180301 0.07577240148612734
0.09575750956291942 0.11097444631127364
0.1246861782877922 0.14450020328760346
0.1522372913590996 0.1764294956460128
0.17847644666510667 0.20683834551116456
0.2034661183851134 0.23579915490654718
0.22726580573750074 0.2633808781402449
0.24993217464453632 0.28964918598186185
0.27151919265123686 0.314666622021497
0.2920782574195231 0.33849275158305425
0.3116583191036052 0.3611843035464421
0.33030599689796913 0.38279530541633533
0.3480656900354586 0.40337721195909076
0.36497968349973425 0.42297902771409596
0.38108824870380636 0.44164742367124377
0.39642973937435116 0.4594268483923369
0.41104068287010814 0.476359633840997
0.42495586715178146 0.4924860961730543
0.4382084236105179 0.5078446317273945
0.45082990595217165 0.5224718084458138
0.46285036532517526 0.5364024529395464
0.474298421870893 0.5496697334097679
0.4852013328668146 0.5623052386195028
0.49558505762483523 0.5743390531049645
0.5054743192991406 0.5857998288054043
0.51489266375086 0.5967148532820136
0.5238625156096403 0.6071101146883081
0.5324052316656216 0.6170103636466838
0.5405411517189371 0.6264391721784703
0.548289647007809 0.6354189898277907
0.5556691663305441 0.6439711971128578
0.5626972799712443 0.6521161564319693
0.5693907215338159 0.6598732605454088
0.5757654277838841 0.6672609787486845
0.5818365765934728 0.6742969008470424
0.5876186230787954 0.6809977790359546
0.5931253340171978 0.6873795677872996
0.5983698206252003 0.6934574618361996
0.6033645697756786 0.6992459323589615
0.6081214737285152 0.7047587614282584
0.6126518584455024 0.710009074827589
0.6169665105569189 0.7150093733031418
0.6210757030439821 0.7197715623274779
0.6249892196983281 0.7243069804458933
0.6287163784167528 0.7286264262729554
0.6322660533866812 0.7327401842034909
0.6356466962151843 0.7366580488992389
0.6388663560518539 0.740389348609475
1.0 -0.3866209782415546
0.9810698403110846 -0.3275445509524645
0.9630411167978317 -0.27128128686761666
0.945870903928067 -0.21769722583442824
0.9295183202425769 -0.16666478675520116
0.9139444310183006 -0.11806246382260394
0.8991121555666088 -0.07177453722013039
0.8849861789459501 -0.027690797598727057
0.871532867878656 0.014293716326419015
0.8587201906717092 0.054278967683700996
0.8465176409508075 0.092360159452541
0.8348961650261393 0.12862796113715047
0.8238280927169315 0.16316872464630228
0.8132870714700668 0.19606468989311365
0.8032480036159101 0.22739418060436256
0.7936869866119513 0.25723179080555203
0.7845812561319905 0.28564856242573233
0.775909131865361 0.3127121544449518
0.7676499658971427 0.33848700398706555
0.7597840935464585 0.3630344797414595
0.7522927865458069 0.3864130280789776
0.7451582084499482 0.4086783122099472
0.7383633721681779 0.4298833447156326
0.7318920995188731 0.4500786137686662
0.7257289827100113 0.46931220334298396
0.7198593476539523 0.4876299076994771
0.7142692190291344 0.5050753404199468
0.7089452870054982 0.5216900382489654
0.7038748755544162 0.537513559990888
0.6990459122676713 0.5525835806974809
0.6944468996136286 0.5669359813704267
0.6900668875621594 0.5806049343922796
0.6858954475131411 0.5936229848892823
0.6819226474664569 0.6060211282197613
0.6781390283743768 0.6178288837725985
0.6745355816200148 0.6290743652514907
0.6711037275682414 0.6397843476123408
0.6678352951379811 0.6499843308131503
0.6647225023472569 0.6596986005282068
0.6617579377846625 0.668950285971118
0.6589345429631441 0.6777614149643667
0.6562455955140789 0.6861529663865082
0.6536846931816358 0.694144920121881
0.6512457385793091 0.7017563046317601
0.6489229246723314 0.7090052422602162
0.6467107209514 0.7159089923825555
0.6446038602647988 0.7224839924990689
0.6425973262775595 0.728745897371939
0.6406863415278079 0.7347096162984819
