# CURVE 2D, normalized by CHORD
# COLUMN#1 = X-coordinate, COLUMN#2 = Y-coordinate
#-------------------------------------------------------------------------------
0.0 0.0
0.10174094817670801 -0.01804503043792977
0.19863708929738252 -0.03523077371214864
0.2909191284599297 -0.05159814825902375
0.3788067848052127 -0.06718612401795243
0.46250931465786316 -0.08203181521693212
0.5422260097556255 -0.09617056873976992
0.6181466717534945 -0.10963604828532973
0.6904520641324172 -0.12246031451919621
0.7593143425885341 -0.1346739014085929
0.8248974649276932 -0.14630588892230398
0.8873575814411778 -0.1573839722686955
0.9468434066921158 -0.16793452783668741
1.0034965735977708 -0.17798267599667975
1.0574519706507757 -0.18755234091095813
1.1088380630822088 -0.19666630749598518
1.157777198731193 -0.2053462756722014
1.2043858993492729 -0.21361291203050256
1.2487751380331584 -0.22148589903840843
1.291050603446383 -0.2289839819030807
1.3313129514589777 -0.23612501320276855
1.3696580448043059 -0.24292599539294746
1.406177181323666 -0.24940312128835596
1.4409573113421044 -0.2555718126173164
1.474081244692998 -0.2614467567401359
1.5056278478843255 -0.2670419416190116
1.5356722318760658 -0.2723706891227028
1.5642859309158184 -0.27744568674526576
1.59153707285844 -0.28227901781437337
1.6174905413752223 -0.28688219026114253
1.6422081304388247 -0.2912661640199703
1.6657486914517794 -0.2954413771236158
1.6881682733688788 -0.2994177705556591
1.709520256147069 -0.30320481191950993
1.7298554778405835 -0.3068115179803202
1.7492223556439306 -0.31024647613347284
1.7676670011709277 -0.31351786485076105
1.7852333302442585 -0.3166334731529404
1.8019631674569543 -0.31960071915501587
1.81789634575476 -0.3224266677284211
1.8330708012764794 -0.32511804732214034
1.847522663678117 -0.3276812659828254
1.8612863421558672 -0.33012242661204916
1.8743946073727722 -0.33244734149702426
1.8868786694841102 -0.3346615461493815
1.8987682524472893 -0.33677031248495976
1.9100916647931743 -0.3387786613759867
1.9208758670273502 -0.34069137460553617
1.9311465358218038 -0.3425130062527262
1.9409281251498545 -0.34424789353576424
1.0 -0.3046316400611956
1.0493222383551617 -0.3067082729562958
1.0962957986934112 -0.308686018570677
1.1410325228250773 -0.31056958582246863
1.1836389267599974 -0.31236345939560345
1.2242164543170642 -0.31407191041763666
1.2628617186571276 -0.31569900662909683
1.2996667323143312 -0.31724862206858273
1.3347191262735725 -0.3187244462966646
1.368102358615707 -0.320129993180552
1.399895913227264 -0.3214686092604448
1.430175489047794 -0.32274348171748557
1.459013180305442 -0.32395764596228627
1.4864776481698685 -0.32511399286209647
1.5126342842312273 -0.32621527562382047
1.5375453661944258 -0.32726411634927194
1.561270206159377 -0.32826301227827326
1.5838652918402827 -0.32921434173446507
1.605384421060193 -0.33012036978798104
1.62587882984106 -0.3309832536484725
1.6453973143942666 -0.3318050478013214
1.6639863473020824 -0.3325877088992728
1.681690188166669 -0.3333331004211313
1.6985509889900845 -0.3340429971086155
1.7146088945361948 -0.3347190891919339
1.7299021379134425 -0.3353629864141418
1.7444671316060596 -0.33597622186386367
1.7583385541704568 -0.3365602556255035
1.7715494328032158 -0.33711647825563673
1.784131221977272 -0.3376462140938588
1.7961138783335162 -0.3381507244159751
1.8075259320061297 -0.3386312104370382
1.818394554551476 -0.33908881617138403
1.8287456236422817 -0.3395246311564753
1.8386037846811445 -0.3399396930470384
1.8479925094800613 -0.3403349900856699
1.8569341521456963 -0.3407114634557952
1.8654500023034442 -0.3410700095225812
1.8735603357870134 -0.3414114819671393
1.8812844629142222 -0.3417366938190993
1.8886407744639448 -0.3420464193923946
1.8956467854636807 -0.3423413961288663
1.9023191768920007 -0.3426223263540775
1.9086738353951624 -0.34288987894951667
1.9147258911124594 -0.3431446909451731
1.9204897537003611 -0.34338736903627437
1.9259791466412202 -0.34361849102779946
1.9312071399182287 -0.34383860721020426
1.9361861811344272 -0.34404824166963743
