# CURVE 2D, normalized by CHORD
# COLUMN#1 = X-coordinate, COLUMN#2 = Y-coordinate
#-------------------------------------------------------------------------------
0.0 0.0
0.06823074992303418 0.008749482168773776
0.13321241651640023 0.017082322329510725
0.1950997180338917 0.02501836057783163
0.25404000519340736 0.03257649224289916
0.3101736120119937 0.0397747128762968
0.36363418993445695 0.04663016109858027
0.41454902605108856 0.05315915940551691
0.4630393461621663 0.059377253031170855
0.5092206034108118 0.06529924696036508
0.5532027531714265 0.07093924117864531
0.5950905148482024 0.07631066424367408
0.6349836212070367 0.0814263052579872
0.6729770558344977 0.0862983443192378
0.7091612792892227 0.09093838152042885
0.7436224444841988 0.09535746456918222
0.7764426018127475 0.09956611509180448
0.8076998945066033 0.10357435368477806
0.837468744691228 0.10739172377332433
0.8658200305813467 0.11102731433384458
0.8928212552386026 0.11448978153434006
0.9185367072931319 0.11778736934433574
0.9430276140117314 0.12092792916337926
0.9663522870770641 0.12391893851484927
0.9885662614250001 0.12676751884958262
1.0097224274706535 0.12948045250170961
1.0298711570379424 0.13206419883706869
1.0490604232925032 0.1345249096326487
1.0673359149635135 0.13686844372367732
1.0847411451263804 0.13910038095322838
1.1013175548053016 0.14122603545756274
1.117104611642369 0.14325046831883353
1.1321399038681474 0.1451784996152819
1.1464592297974605 0.1470147198976137
1.160096683063473 0.1487635011188821
1.1730847337930086 0.15042900704389958
1.1854543059163758 0.15201520316296388
1.197234850795773 0.15352586613350128
1.2084544173475802 0.15496459277210833
1.2191397188254915 0.1563348086184008
1.2293161964235024 0.15763977609106025
1.2390080798501795 0.15888260225549783
1.2482384450184432 0.16006624622162888
1.2570292689882183 0.16119352618937272
1.265401482292766 0.16226712615865255
1.2733750187732877 0.16328960231987147
1.280968863040451 0.16426338914007996
1.288201095675845 0.16519080515932613
1.2950889362809819 0.16607405851098914
1.3016487844763502 0.16691525217923964
1.0 0.16117993066503833
1.0158120401014878 0.1614805688192245
1.0308711259124288 0.1617668908708304
1.0452131123990394 0.1620395785390265
1.0588721471481921 0.16229928108016564
1.0718807516711948 0.16254661683363147
1.0842698988359591 0.16278217469407513
1.0960690866119251 0.16300651551354528
1.1073064083033215 0.1632201734368502
1.1180086194379848 0.16342365717333107
1.1282012014709972 0.16361745120807475
1.1379084224548186 0.1638020169554497
1.147153394820363 0.16397779385771152
1.1559581304065956 0.1641452004312942
1.1643435928696741 0.16430463526327774
1.1723297475964158 0.1644564779604049
1.1799356092409314 0.164601090052907
1.1871792869976132 0.1647388158552899
1.1940780277182625 0.16486998328613078
1.2006482569760237 0.16499490464883637
1.2069056181738915 0.16511387737522265
1.2128650097909084 0.16522718473368578
1.218540620854734 0.16533509650365066
1.2239459647250444 0.16543786961790294
1.2290939112681967 0.16553574877433366
1.2339967174997706 0.16562896701855342
1.2386660567679362 0.1657177462987627
1.2431130465471414 0.1658022979942001
1.2473482749082894 0.16588282341842622
1.2513818257284302 0.16595951429864156
1.255223302699993 0.16603255323217997
1.2588818521967193 0.1661021141212642
1.2623661850507446 0.16616836258705867
1.2656845972926731 0.1662314563640058
1.268844989904034 0.166291545675384
1.2718548876291393 0.1663487735909823
1.2747214568911445 0.1664032763677426
1.277451522854959 0.16645518377418095
1.2800515856776393 0.16650461939936034
1.282527835984954 0.16655170094715027
1.284886169610968 0.166596540516474
1.2871322016357432 0.16663924486821086
1.2892712797545767 0.16667991567938883
1.2913084970106086 0.16671864978527262
1.2932487039211151 0.16675553940992383
1.2950965200263596 0.16679067238578216
1.296856344888497 0.16682413236279006
1.2985323685667232 0.16685599900755949
1.3001285815936054 0.1668863481930542
