# CURVE 2D, normalized by CHORD
# COLUMN#1 = X-coordinate, COLUMN#2 = Y-coordinate
#-------------------------------------------------------------------------------
0.0 0.0
0.014599115352335802 0.02133332684567014
0.0278710383999138 0.0407272603417339
0.03993642298862107 0.05835810897451913
0.0509049544329004 0.07438615318614206
0.060876346654972525 0.08895710246943564
0.06994124867503809 0.10220341999970253
0.07818206869327951 0.11424552684539971
0.08567372325531716 0.1251928967051244
0.09248431831171504 0.13514505112305594
0.09867576836298582 0.14419246423026644
0.10430435931868653 0.1524173852368214
0.10942126018750536 0.1598945861518714
0.11407298825006795 0.1666920415291896
0.11830183194330665 0.17287154641766064
0.12214623530079638 0.17848927813445253
0.12564114744396887 0.1835963069678997
0.12881834030139838 0.18823906045285166
0.13170669744451613 0.19245974543917163
0.13433247666553227 0.1962967317903716
0.13671954868463787 0.1997849012005534
0.13888961415655204 0.2029559643007187
0.14086240094920127 0.20583874893723256
0.1426558434879733 0.20845946224315426
0.1442862457959479 0.21084192888490128
0.14576842971228843 0.21300780765012584
0.14711586963623435 0.21497678834578451
0.14834081502163976 0.21676677079638332
0.14945440173564467 0.21839402756965495
0.15046675329383094 0.21987335190899282
0.1552684459130301 0.21980162212757995
0.16055030779414917 0.2197227193680258
0.16636035586338013 0.21963592633251622
0.1727514087395342 0.2195404539934557
0.17978156690330369 0.21943543442048913
0.1875147408834501 0.21931991289022587
0.1960212322616112 0.2191928392069363
0.20537837277758836 0.21905305815531778
0.21567122734516325 0.2188992989985374
0.22699336736949566 0.21873016392607902
0.2394477213962613 0.21854411534637477
0.25314751082570347 0.21833946190870007
0.2682172791980899 0.21811434312725794
0.284794024407715 0.21786671246767159
0.3013707696173401 0.21761908180808523
0.31644053798972654 0.2173939630266431
0.3301403274191687 0.21718930958896843
0.34259468144593436 0.21700326100926418
0.35391682147026676 0.21683412593680576
0.36420967603784166 0.2166803667800254
0.37356681655381885 0.21654058572840687
0.3820733079319799 0.21641351204511733
0.38980648191212636 0.21629799051485407
0.3968366400758958 0.2161929709418875
0.4032276929520499 0.21609749860282698
0.4090377410212809 0.2160107055673174
0.41431960290239994 0.21593180280776325
0.4191212955215991 0.21586007302635038
0.42426480010598144 0.2149471106306068
0.42992265514880207 0.2139428519952889
0.43614629569590474 0.21283816749643916
0.44299230029771763 0.21162301454770446
0.4505229053597119 0.21028634630409632
0.45880657092790555 0.20881601123612734
0.46791860305291855 0.20719864266136145
0.47794183839043286 0.205419537229119
0.4889673972616986 0.2034625212536523
0.501095512020091 0.20130980368063892
0.5144364382543225 0.1989418143503242
0.5291114571119772 0.196337026086978
0.5452539778553974 0.19347175899729718
0.5630107506731596 0.1903199651986483
0.5807675234909219 0.18716817139999942
0.5969100442343421 0.1843029043103186
0.6115850630919968 0.1816981160469724
0.6249259893262283 0.17933012671665768
0.6370541040846207 0.1771774091436443
0.6480796629558865 0.1752203931681776
0.6581028982934007 0.17344128773593515
0.6672149304184138 0.17182391916116926
0.6754985959866074 0.17035358409320028
0.6830292010486017 0.16901691584959214
0.6898752056504146 0.16780176290085744
0.6960988461975173 0.1666970784020077
0.7017567012403378 0.1656928197666898
0.7069002058247202 0.16477985737094622
0.7109791465010507 0.16516013442604005
0.715465981245014 0.16557843918664322
0.7204014994633737 0.16603857442330675
0.7258305695035694 0.16654472318363664
0.7318025465477846 0.16710148681999948
0.7383717212964215 0.16771392681999864
0.745597813519922 0.1683876108199977
0.7535465149657725 0.16912866321999664
0.7622900865562081 0.16994382085999551
0.7719080153056873 0.17084049426399425
0.7824877369301144 0.17182683500839288
0.7941254307169842 0.17291180982723137
0.8069268938825409 0.1741052821279537
0.8210085033646534 0.17541810165874827
0.8350901128467658 0.17673092118954284
0.8478915760123226 0.17792439349026518
0.8595292697991923 0.17900936830910366
0.8701089914236194 0.17999570905350226
0.8797269201730986 0.180892382457501
0.8884704917635342 0.18170754009749987
0.8964191932093847 0.18244859249749884
0.9036452854328852 0.1831222764974979
0.9102144601815221 0.18373471649749704
0.9161864372257373 0.1842914801338599
0.921615507265933 0.18479762889418977
0.9265510254842927 0.1852577641308533
0.9310378602282561 0.1856760688914565
0.9351168009045865 0.1860563459465503
0.9370889975043951 0.1888384884558319
0.9392584137641846 0.19189884521604167
0.941644771649953 0.1952652376522724
0.9442697653242983 0.19896826933212625
0.9471572583660781 0.20304160417996542
0.9503335007120358 0.20752227251258853
0.9538273672925894 0.21245100767847397
0.9576706205311983 0.21787261636094796
0.9618981990936681 0.22383638591166932
0.9665485355123848 0.23039653241746286
0.9716639055729733 0.23761269357383571
0.9772908126396206 0.24555047084584586
0.9834804104129327 0.25428202584505705
0.9902889679635759 0.26388673634418935
0.9970975255142192 0.27349144684332166
1.0 0.6363937347303432
1.0032871232875311 0.28222300184253285
1.004410890377534 0.6078025828812806
1.0084207907207468 0.58181062665486
1.0089140303541786 0.29016077911454297
1.012066154669122 0.5581815755399322
1.014029400414767 0.2973769402709159
1.0153801218949177 0.536700619980907
1.0183928193729137 0.5171724785636113
1.0186797368334837 0.3039370867767094
1.021131635262001 0.49941962272970614
1.0229073153959536 0.30990085632743075
1.023621467888444 0.48328066288070143
1.0258849520943014 0.46860888119978805
1.0267505686345624 0.31532246500990474
1.0279426650087171 0.45527089785350316
1.0298133131127314 0.4431454584477897
1.0302444352151159 0.3202512001757902
1.031513902298199 0.4321223317153229
1.0330598924668057 0.4221013074130803
1.0334206775610737 0.3247318685084133
1.03446533807463 0.41299128532013246
1.035743015899925 0.4047094470538163
1.0363081706028536 0.32880520335625246
1.0369045411956477 0.39718050317534703
1.0379604732826682 0.390336008740375
1.0389204115435962 0.38411374107221863
1.0389331642771988 0.33250823503610627
1.039793082689894 0.3784571341011673
1.0405864200956196 0.3733147641274844
1.0413076359190063 0.3686398823332271
1.0413195221629672 0.33587462747233704
1.0419632866675397 0.3643899897929932
1.0425593328025702 0.3605264511200533
1.043101192925325 0.3570141432355625
1.0434889384227568 0.3389349842325468
1.0435937930369206 0.3538211360678436
1.044041611320189 0.3509184022790082
1.044448718850433 0.348279553380067
1.0448188166052004 0.34588059983557495
1.0451552691095345 0.34369973297694584
1.0454611350225653 0.3417171267418284
