# CURVE 2D, normalized by CHORD
# COLUMN#1 = X-coordinate, COLUMN#2 = Y-coordinate
#-------------------------------------------------------------------------------
0.0 0.0
0.0010449835009869568 0.05021212718851085
0.00199496850188419 0.09585951554170252
0.0028585912299725837 0.13735714131733132
0.0036437028009620323 0.175082255658812
0.004357440592770622 0.20937781415106718
0.005006293130778431 0.2405555945985719
0.005596159074421894 0.26889903136903076
0.0061324008413704955 0.2946657920694479
0.006619893356778316 0.31809011997891795
0.0070630683707854245 0.3393849635329817
0.0074659547471555236 0.3587439122184941
0.00783221508931016 0.37634295647805094
0.008165179036723464 0.3923420876231026
0.008467873534371924 0.4068867523004222
0.008743050350415978 0.42010917473434917
0.008993211092274208 0.4321295587651919
0.009220629948508963 0.4430571806114125
0.009427374363267831 0.4529913822897949
0.009615323831230439 0.462022474724688
0.009786186983923719 0.470232558756409
0.009941517122735792 0.477696271512519
0.010082726339837676 0.48448146492716443
0.010211098355384843 0.49064982257684214
0.01032780018770045 0.4962574204401855
0.01043389276253282 0.5013552366795885
0.010530340557834974 0.5059896150790458
0.010618020371746023 0.5102026863512797
0.010697729293483341 0.5140327511442196
0.010770191949608175 0.5175146282287105
0.010770191949608182 0.5175146282287105
0.016642063266331525 0.5192233349685718
0.023101121714727196 0.5211029123824191
0.03020608600796243 0.5231704475376512
0.03802154673052119 0.5254447362084065
0.04661855352533581 0.5279464537462374
0.05607526099963192 0.5306983430378512
0.06647763922135765 0.5337254212586265
0.07792025526525594 0.5370552073014795
0.09050713291354405 0.5407179719486176
0.10435269832666097 0.5447470130604695
0.1195828202810896 0.5491789582835066
0.13633595443096108 0.5540540980288475
0.15476440199581973 0.5594167517487224
0.1750356943171643 0.5653156708405849
0.19530698663850884 0.5712145899324473
0.2137354342033675 0.5765772436523222
0.23048856835323897 0.581452383397663
0.2457186903076676 0.5858843286207002
0.25956425572078456 0.5899133697325522
0.27215113336907265 0.5935761343796903
0.28359374941297094 0.5969059204225431
0.2939961276346967 0.5999329986433184
0.3034528351089928 0.6026848879349322
0.3120498419038074 0.6051866054727632
0.31986530262636614 0.6074608941435184
0.3269702669196014 0.6095284292987505
0.3334293253679971 0.6114080067125979
0.3393011966847204 0.6131167134524591
0.34851033898594735 0.6097702978418491
0.358640395517297 0.6060892406701782
0.36978345770178156 0.6020400777813402
0.3820408261047146 0.5975859986036184
0.39552393134794095 0.5926865115081243
0.41035534711549 0.587297075703081
0.4266699044597939 0.5813686963175332
0.44461591753852814 0.5748474789934307
0.46435653192513593 0.567674139936918
0.48607120775040435 0.5597834669747539
0.5099573511581997 0.5511037267163734
0.5362321089067746 0.5415560124321549
0.565134342430207 0.5310535267195146
0.5969267993059827 0.5195007924356101
0.6287192561817584 0.5079480581517056
0.6576214897051907 0.4974455724390653
0.6838962474537656 0.48789785815484676
0.707782390861561 0.4792181178964663
0.7294970666868295 0.47132744493430223
0.7492376810734371 0.46415410587778944
0.7671836941521715 0.4576328885536869
0.7834982514964753 0.4517045091681391
0.7983296672640243 0.4463150733630957
0.8118127725072507 0.4414155862676017
0.8240701409101837 0.43696150708987985
0.8352132030946684 0.43291234420104185
0.845343259626018 0.4292312870293709
0.8545524019272449 0.42588487141876097
0.8555309842341009 0.4265758991333183
0.8566074247716424 0.42733602961933137
0.8577915093629381 0.42817217315394573
0.8590940024133634 0.42909193104202153
0.8605267447688313 0.4301036647189049
0.8621027613598459 0.4312165717634766
0.863836379609962 0.43244076951250554
0.8657433596850896 0.43378738703643727
0.86784103776773 0.43526866631276223
0.8701484836586346 0.4368980735167197
0.8726866741386294 0.4386904214410729
0.875478683666624 0.4406620041578614
0.8785498941474178 0.44283074514632875
0.881928225676291 0.44521636023364286
0.8856443903580516 0.4478405368296884
0.8897321715079882 0.45072713108533846
0.8942287307729185 0.45390238476655353
0.8991749459643419 0.45739516381589007
0.9046157826749075 0.4612372207701603
0.9106007030565297 0.4654634834198576
0.9171841154763142 0.4701123723345246
0.9244258691380771 0.4752261501406583
0.9323917981660163 0.4808513057274053
0.9411543200967494 0.4870389768728271
0.9507930942205558 0.493845415132791
0.9613957457567429 0.5013324972187514
0.9730586624465487 0.5095682875133077
0.985887870805335 0.5186276568373197
1.0 0.5285929630937329
