# CURVE 2D, normalized by CHORD
# COLUMN#1 = X-coordinate, COLUMN#2 = Y-coordinate
#-------------------------------------------------------------------------------
-0.0030752882680239544 -0.7913132775324685
-0.0030752882680239457 -0.7913132775324685
-0.003054597498788531 -0.7859892626787743
-0.0030318376526295653 -0.7801328463397108
-0.003006801821854703 -0.773690788366741
-0.002979262408002355 -0.7666045245964741
-0.0029489690527647714 -0.7588096344491805
-0.00291564636200343 -0.7502352552871576
-0.0028789914021659538 -0.7408034382089324
-0.0028386709463447306 -0.7304284394228847
-0.002794318444941385 -0.7190159407582322
-0.0027455306933977046 -0.7064621922271144
-0.0026918641666996562 -0.6926530688428849
-0.002632830987331803 -0.6774630331202324
-0.0025678944900271654 -0.6607539938253147
-0.002496464342992063 -0.6423740506009052
-0.0024178911812534508 -0.6221561130540548
-0.002331460703340977 -0.5999163817525194
-0.002236387177637256 -0.5754526773208303
-0.0021318062993631627 -0.5485426024459724
-0.0020167673332616605 -0.5189415200836287
-0.0018902244705500078 -0.4863803294850506
-0.0017510273215671898 -0.45056301982661473
-0.00159791045768609 -0.4111639792023352
-0.0014294819074168802 -0.36782503451562776
-0.0012442105021207492 -0.3201521953602495
-0.0010404119562950054 -0.26771207228933347
-0.0008162335558866871 -0.21002793691132587
-0.000569637315437537 -0.14657538799551748
-0.0002983814509434718 -0.0767775841881282
0.0 0.0
0.0039854069716062646 -0.7956331915250873
0.011752171735199463 -0.800385096916968
0.020295612975152005 -0.8056121928480368
0.029693398339099786 -0.8113619983722125
0.04003096223944233 -0.8176867844488056
0.051402282529819154 -0.8246440491330581
0.06391073484923368 -0.8322970402857359
0.07767003240058964 -0.8407153305536814
0.0928052597070812 -0.8499754498484215
0.10945400974422191 -0.8601615810726357
0.1277676347850767 -0.8713663254192713
0.14791262233001698 -0.8836915442005703
0.17007210862945127 -0.8972492848599993
0.19444754355882907 -0.9121627995853713
0.21882297848820687 -0.9270763143107432
0.24098246478764115 -0.9406340549701723
0.26112745233258144 -0.9529592737514713
0.2794410773734362 -0.9641640180981068
0.29608982741057693 -0.974350149322321
0.3112250547170685 -0.9836102686170611
0.3249843522684245 -0.9920285588850066
0.337492804587839 -0.9996815500376844
0.34886412487821583 -1.006638814721937
0.35920168877855835 -1.01296360079853
0.36859947414250616 -1.0187134063227057
0.3771429153824587 -1.0239405022537746
0.38490968014605187 -1.0286924076456552
0.391970375385682 -1.033012321638274
0.3919703753856821 -1.033012321638274
0.3960612441286242 -1.0303718541268319
0.4005611997458606 -1.0274673398642453
0.4055111509248206 -1.0242723741754003
0.4109560972216766 -1.0207579119176706
0.4169455381482182 -1.016892003434168
0.423533923167414 -1.0126395041023153
0.4307811466885293 -1.007961754837277
0.4387530925617562 -1.002816230645735
0.44752223302230576 -0.9971561540350391
0.45716828752891037 -0.9909300697632734
0.4677789474861753 -0.9840813770643311
0.4794506734391668 -0.9765478150954945
0.4922895719874574 -0.9682608969297744
0.506412360390577 -0.9591452869474821
0.5219474276340088 -0.9491181159669608
0.5390360016017836 -0.9380882278883873
0.5578334329663359 -0.9259553510019564
0.5785106074673434 -0.9126091864268824
0.6012554994184516 -0.897928405394301
0.6262748805646707 -0.8817795462584614
0.6537961998255117 -0.864015801209038
0.6840696510124369 -0.8444756816546721
0.7173704473180547 -0.8229815501448696
0.754001323254234 -0.799338005484087
0.7942952867840314 -0.773330106357226
0.8386186466668085 -0.7447214173176789
0.8873743425378633 -0.7132518593741772
0.9410056079960236 -0.6786353456363252
1.0 -0.6405571805246881
