# CURVE 2D, normalized by CHORD
# COLUMN#1 = X-coordinate, COLUMN#2 = Y-coordinate
#-------------------------------------------------------------------------------
0.0 0.0
0.014918618304980225 0.030535851347053482
0.028480998582234972 0.05829571620801119
0.0408104351979211 0.08353195699070001
0.05201901393945395 0.10647399406587166
0.06220863097721108 0.12733039140693678
0.07147191919335392 0.1462907526260869
0.07989309029893833 0.1635274446434961
0.08754870039492416 0.17919716465932267
0.09450834593672945 0.19344236467371043
0.10083529642927971 0.20639254650497202
0.1065870696043254 0.2181654390788462
0.11181595430891239 0.2288680686914591
0.11656948585853694 0.23859773197565265
0.12089087817637742 0.24744288041582857
0.12481941664714151 0.2554839244523522
0.12839081525692703 0.2627939644855554
0.13163754126582297 0.2694394554248311
0.13458911036481927 0.27548081082417264
0.13727235500027046 0.2809729520963013
0.1397116683052261 0.2859658077982365
0.14192922585518575 0.29050476752726845
0.14394518726424 0.29463109455366115
0.1457778794542893 0.29838230094129087
0.14744396326342504 0.3017924885664088
0.14895858490809388 0.3048926591346978
0.15033551367597467 0.3077109960149606
0.1515872671013208 0.3102731204515631
0.1527252247607264 0.31260232448483805
0.1537597317238224 0.31471978269690626
0.15924889037467713 0.3264086114015157
0.1652869648906173 0.33926632297658604
0.17192884685815152 0.35340980570916347
0.17923491702243916 0.36896763671499866
0.18727159420315553 0.3860812508214173
0.19611193910194358 0.40490622633847784
0.20583631849061043 0.4256136994072445
0.21653313581814396 0.4483919197828877
0.22829963487843083 0.4734479621960953
0.2412427838447464 0.5010096088506237
0.2554802477076935 0.5313274201706049
0.27114145795693534 0.5646770126225842
0.2883687892311014 0.6013615643197615
0.3073188536326841 0.6417145711866565
0.3262689180342668 0.6820675780535517
0.3434962493084328 0.7187521297507289
0.35915745955767464 0.7521017222027082
0.37339492342062175 0.7824195335226894
0.3863380723869373 0.8099811801772178
0.3981045714472242 0.8350372225904255
0.4088013887747577 0.8578154429660687
0.41852576816342457 0.8785229160348353
0.4273661130622126 0.8973478915518959
0.435402790242929 0.9144615056583145
0.44270886040721663 0.9300193366641496
0.4493507423747508 0.9441628193967271
0.455388816890691 0.9570205309717974
0.46087797554154575 0.9687093596764069
0.46450522880225287 0.9703335241759734
0.4684952073890306 0.9721201051254965
0.47288418383448616 0.974085344169972
0.47771205792448734 0.976247107118895
0.4830227194234885 0.9786250463627102
0.48886444707238996 0.9812407795309069
0.4952903474861814 0.9841180860159234
0.502358837941352 0.9872831231494416
0.5101341774420398 0.9907646639963115
0.5186870508927963 0.9945943589278684
0.5280952116886284 0.998807023352581
0.5384441885640437 1.0034409542197649
0.5498280631270006 1.0085382781736671
0.5623503251462532 1.0141453345229596
0.576124813367431 1.0203130965071812
0.5912767504107266 1.027097634689825
0.6079438811583517 1.0345606266907335
0.6262777249807394 1.0427699178917327
0.6464449531853658 1.0518001382128317
0.668628904210455 1.0617333805660405
0.6930312503380529 1.0726599471545704
0.7198738310784107 1.0846791704019532
0.7494006698928043 1.0979003159740743
0.7818801925886373 1.1124435761034075
0.8176076675540535 1.128441162245674
0.8569078900160114 1.1460385070021673
0.900138134724165 1.1653955862343097
0.947691403903134 1.1866883733896665
1.0 1.2101104392605588
