# CURVE 2D, normalized by CHORD
# COLUMN#1 = X-coordinate, COLUMN#2 = Y-coordinate
#-------------------------------------------------------------------------------
0.0 0.0
0.023245004182481727 0.002037792868507646
0.04437682616655602 0.003890331839878233
0.06358757342480537 0.005574458177487857
0.08105188911412296 0.007105482120769333
0.09692853974077531 0.008497322069207038
0.11136185849227746 0.009762631113241316
0.12448305735727941 0.010912912062363387
0.13641141996182662 0.011958622016110724
0.14725538596596047 0.012909267428608302
0.15711353687880938 0.013773490530878828
0.1660754922541266 0.014559147896579305
0.1742227244135059 0.015273381865397923
0.18162929910385073 0.015922685473414848
0.188362548822346 0.01651296148070296
0.19448368493006896 0.01704957603278306
0.20004835411890803 0.017537407443764974
0.2051071442905799 0.017980890544657617
0.20970604444664526 0.01838405700001457
0.21388686277034105 0.01875057195942998
0.21768760670097356 0.019083767377080355
0.22114282845609406 0.019386672302217058
0.2242839391425672 0.019662040415977695
0.22713949431208827 0.019912375064851006
0.22973545355710742 0.020139952018372195
0.2320954165071248 0.02034684015793691
0.234240837370777 0.02053492028481393
0.23619121997409714 0.020705902218338488
0.23796429506802458 0.020861340339724452
0.2395761815170495 0.021002647722802602
0.2432689040065853 0.0227762784859733
0.24733089874507463 0.024727272325461062
0.25179909295741293 0.02687336554889761
0.25671410659098504 0.02923406809467781
0.2621206215879144 0.031830840895036024
0.2680677880845367 0.03468729097543006
0.27460967123082114 0.037829386063863504
0.2818057426917341 0.041285690661140295
0.28972142129873835 0.045087625718144765
0.298428667766443 0.049269754280849676
0.30800663888091817 0.05387009569982509
0.3185424071068408 0.05893047126069804
0.33013175215535573 0.06449688437765828
0.34288003170872217 0.07061993880631456
0.3556283112620886 0.07674299323497084
0.3672176563106035 0.0823094063519311
0.37775342453652616 0.08736978191280403
0.3873313956510013 0.09197012333177945
0.39603864211870593 0.09615225189448436
0.4039543207257102 0.09995418695148883
0.41115039218662314 0.10341049154876561
0.41769227533290765 0.10655258663719906
0.4236394418295299 0.1094090367175931
0.42904595682645924 0.11200580951795132
0.43396097046003135 0.11436651206373151
0.43842916467236964 0.11651260528716806
0.442491159410859 0.11846359912665583
0.44618388190039476 0.12023722988982652
0.4481716480085344 0.12468630637610836
0.4503581907274879 0.12958029051101838
0.4527633877183368 0.13496367305941942
0.4554091044082706 0.14088539386266058
0.4583193927671978 0.14739928674622582
0.46152070996201766 0.15456456891814757
0.46504215887631956 0.16244637930726155
0.46891575268205166 0.1711163707352869
0.4731767058683569 0.18065336130611478
0.47786375437329276 0.19114405093402548
0.48301950772872215 0.2026838095247272
0.48869083641969446 0.21537754397449912
0.49492929797976404 0.22934065186924826
0.5017916056958406 0.24470007055347232
0.5086539134119171 0.2600594892376964
0.5148923749719867 0.2740225971324455
0.520563703662959 0.28671633158221743
0.5257194570183884 0.29825609017291915
0.5304065055233242 0.3087467798008298
0.5346674587096295 0.3182837703716577
0.5385410525153616 0.32695376179968305
0.5420625014296634 0.334835572188797
0.5452638186244834 0.3420008543607188
0.5481741069834105 0.34851474724428405
0.5508198236733443 0.35443646804752516
0.5532250206641932 0.3598198505959262
0.5554115633831468 0.36471383473083624
0.5573993294912863 0.3691629112171181
0.5581220429485261 0.3756329451571841
0.5589170277514899 0.3827499824912567
0.55979151103475 0.3905787235587366
0.5607534426463361 0.3991903387329645
0.5618115674190809 0.40866311542461514
0.5629755046691001 0.41908316978543086
0.5642558356441212 0.43054522958232816
0.5656641997166445 0.4431534953589152
0.5672134001964201 0.45702258771316095
0.5689175207241732 0.47227858930283123
0.5707920533047017 0.4890601910514686
0.572854039143283 0.5075199529749697
0.5751222235657224 0.5278256910908209
0.5776172264304058 0.5501620030182572
0.5801122292950892 0.5724983149456936
0.5823804137175287 0.5928040530615448
0.58444239955611 0.6112638149850459
0.5863169321366385 0.6280454167336832
0.5880210526643916 0.6433014183233535
0.5895702531441672 0.6571705106775992
0.5909786172166904 0.6697787764541863
0.5922589481917117 0.6812408362510836
0.5934228854417308 0.6916608906118993
0.5944810102144756 0.7011336673035499
0.5954429418260617 0.7097452824777778
0.5963174251093218 0.7175740235452577
0.5971124099122856 0.7246910608793302
0.5978351233695254 0.7311610948193963
0.599288298675164 0.7370659120476852
0.6008867915113665 0.7435612109988031
0.6026451336311893 0.7507060398450327
0.6045793099629944 0.7585653515758853
0.6067069039279799 0.7672105944798232
0.609047257289464 0.7767203616741548
0.6116216459870965 0.7871811055879196
0.6144534735544922 0.798687923893061
0.6175684838786276 0.8113454240287163
0.6209949952351764 0.8252686741779374
0.6247641577273803 0.8405842493420804
0.6289102364688044 0.8574313820226378
0.6334709230843709 0.8759632279712509
0.6384876783614941 0.8963482585147254
0.6435044336386173 0.9167332890582
0.6480651202541838 0.9352651350068131
0.652211198995608 0.9521122676873705
0.6559803614878118 0.9674278428515135
0.6594068728443606 0.9813510930007345
0.662521883168496 0.9940085931363899
0.6653537107358918 1.0055154114415312
0.6679280994335243 1.015976155355296
0.6702684527950084 1.0254859225496276
0.6723960467599939 1.0341311654535654
0.6743302230917989 1.0419904771844182
0.6760885652116218 1.0491353060306479
0.6776870580478243 1.0556306049817656
0.6791402333534629 1.0615354222100546
0.681299001836289 1.0618447545352887
0.6836736471673979 1.062185020093046
0.6862857570316175 1.0625593122065793
0.6891590778822592 1.0629710335314657
0.692319730817965 1.063423926988841
0.6957964490472415 1.0639221097919536
0.6996208390994456 1.0644701108753776
0.70382766815687 1.065072912067144
0.7084551801200369 1.065735993378087
0.7135454432795205 1.0664653828201243
0.7191447327549525 1.0672677112063653
0.7253039511779277 1.0681502724312304
0.7320790914432003 1.069121089778582
0.7395317457350002 1.0701889888606688
0.7477296654559802 1.071363677850964
0.7567473771490582 1.072655835740289
0.7666668600114439 1.0740772094185467
0.7775782911600682 1.0756407204646299
0.7895808654235549 1.0773605826153214
0.8027836971133903 1.0792524309810823
0.8173068119722091 1.0813334641834191
0.8332822383169101 1.0836226007059895
0.8508552072960809 1.0861406508808171
0.870185473173169 1.0889105060731274
0.8914487656379657 1.0919573467846688
0.9148383873492423 1.0953088715673642
0.9405669712316465 1.0989955488283292
0.9688684135022909 1.1030508938153907
1.0 1.1075117733011584
