# CURVE 2D, normalized by CHORD
# COLUMN#1 = X-coordinate, COLUMN#2 = Y-coordinate
#-------------------------------------------------------------------------------
0.0 0.0
0.01968343940233335 -0.008344079531457377
0.037577475222636395 -0.01592960637823681
0.05384478051382098 -0.02282553987530902
0.06863323986944332 -0.029094570327192842
0.08207729382909999 -0.034793688919814506
0.09429916106515153 -0.03997470582219783
0.105409949461562 -0.044684721188000855
0.11551066618557151 -0.04896655333873087
0.12469313593467109 -0.05285912802121271
0.13304083570657976 -0.056397832278014384
0.14062965368104222 -0.059614836147834076
0.14752857911237172 -0.06253938512039744
0.15380032950448946 -0.06519806600454596
0.15950192077005101 -0.06761504862649914
0.16468518555692516 -0.0698123055555475
0.1693972444540835 -0.07180981185468237
0.17368093436059104 -0.0736257266720777
0.17757519791196155 -0.07527655832425528
0.18111543750411657 -0.07677731437168944
0.18433383713334842 -0.07814163805117505
0.18725965497810462 -0.07938193230525287
0.18991948938242845 -0.08050947253623271
0.19233752065908646 -0.08153450910985074
0.19453573091059376 -0.08246636054041259
0.1965341038665095 -0.08331349820455973
0.1983508065537056 -0.0840836233537844
0.2000023544511566 -0.08478373712580682
0.20150376163065753 -0.08542020419128175
0.20286867724838564 -0.08599881061444078
0.2101971963955462 -0.08368986624384511
0.2182585674574228 -0.08115002743618988
0.2271260756254871 -0.07835620474776911
0.2368803346103578 -0.07528299979050627
0.24761001949371553 -0.07190247433751715
0.2594126728654091 -0.06818389633922911
0.272395591574272 -0.06409346054111227
0.2866768021540212 -0.05959398116318375
0.3023861337917453 -0.05464455384746237
0.31966639859324186 -0.049200183800168856
0.338674689874888 -0.043211376748145985
0.3595838102846988 -0.03662368899092083
0.38258384273549073 -0.029377232457973163
0.40788387843136187 -0.021406130271730703
0.433183914127233 -0.013435028085488245
0.4561839465780249 -0.006188571552540573
0.4770930669878357 0.0003991162046845832
0.4961013582694819 0.006387923256707451
0.5133816230709785 0.011832293304000964
0.5290909547087026 0.016781720619722343
0.5433721652884518 0.021281199997650865
0.5563550839973146 0.025371635795767712
0.5681577373690082 0.02909021379405575
0.5788874222523659 0.03247073924704487
0.5886416812372366 0.035543944204307704
0.597509189405301 0.03833776689272847
0.6055705604671775 0.04087760570038371
0.6128990796143381 0.04318655007097938
0.6188665952792121 0.049456203601689674
0.6254308625105733 0.056352822485470994
0.6326515564650708 0.06393910325763044
0.6405943198150179 0.07228401210700586
0.6493313594999598 0.08146341184131878
0.658942103153396 0.09156075154906301
0.6695139211721756 0.10266782522758168
0.6811429209928332 0.11488560627395221
0.6939348207955567 0.12832516542495978
0.7080059105785524 0.14310868049106812
0.7234841093398479 0.1593705470637873
0.7405101279772728 0.1772586002937784
0.7592387484784402 0.1969354588467686
0.7798402310297243 0.2185800032550579
0.8004417135810085 0.24022454766334717
0.8191703340821759 0.2599014062163374
0.8361963527196008 0.2777894594463285
0.8516745514808962 0.29405132601904765
0.865745641263892 0.308834841085156
0.8785375410666154 0.32227440023616355
0.8901665408872731 0.3344921812825341
0.9007383589060527 0.34559925496105276
0.9103491025594889 0.355696594668797
0.9190861422444307 0.3648759944031099
0.9270289055943779 0.37322090325248536
0.9342495995488753 0.38080718402464475
0.9408138667802366 0.3877038029084261
0.9467813824451106 0.3939734564391364
0.9471394412802142 0.3960619591758911
0.9475333059988281 0.3983593121863213
0.9479665571893036 0.4008864004977945
0.9484431334988265 0.40366619764041506
0.9489673674393017 0.40672397449729764
0.9495440247738244 0.41008752903986845
0.9501783478417993 0.4137874390366964
0.9508761032165718 0.41785734003320707
0.9516436341288216 0.42233423112936885
0.9524879181322963 0.42725881133514687
0.9534166305361185 0.4326758495615026
0.9544382141803229 0.43863459161049395
0.9555619561889477 0.4451892078643844
0.9567980723984351 0.4523992857436639
0.9581578002288711 0.4603303714108714
0.9596535008423508 0.4690545656447996
0.9612987715171785 0.47865117930212064
0.9631085692594888 0.48920745432517376
0.9650993467760303 0.5008193568505321
0.9672892020442259 0.5135924496284265
0.969698042839241 0.5276428516841102
0.9723477677137576 0.5430982939453624
0.975262465075726 0.5600992804327396
0.9784686321738911 0.5788003655688546
0.9819954159818728 0.5993715592185812
0.9858748781706526 0.6219998722332805
0.9901422865783104 0.6468910165494496
0.9948364358267341 0.6742712752972356
1.0 0.7043895599198002
