# CURVE 2D, normalized by CHORD
# COLUMN#1 = X-coordinate, COLUMN#2 = Y-coordinate
#-------------------------------------------------------------------------------
0.0 0.0
0.019690302368797583 -0.002419064971087649
0.037590577249522646 -0.004618214944803693
0.05386355441381816 -0.00661744219363646
0.06865717001772317 -0.008434921510757155
0.08210591147581864 -0.010087175435412335
0.09433204007408724 -0.011589224457826133
0.1054467024361496 -0.012954723569111405
0.11555094094711539 -0.01419608639755256
0.12473661232072066 -0.015324598059771793
0.1330872226603618 -0.016350517752698367
0.1406786866054901 -0.017283172018995253
0.14758001746469765 -0.018131039533810605
0.1538539546094318 -0.018901828183642742
0.15955753383191737 -0.019602545138035592
0.1647426058523588 -0.020239560551120004
0.16945630768912376 -0.020818665472105834
0.1737414911770919 -0.021345124491183858
0.17763711252979017 -0.021823723599436608
0.18117858648678864 -0.022258813697848198
0.18439810826587816 -0.022654350150949645
0.18732494624686863 -0.023013928744678235
0.18998570804776901 -0.023340818375340588
0.19240458241222397 -0.02363799076685182
0.194603559107183 -0.02390814748640748
0.196602628829873 -0.024153744504185358
0.1984199649414094 -0.024377014520347063
0.20007208867916973 -0.02457998726231225
0.20157401934986097 -0.024764507936826056
0.20293941086867118 -0.02493225400456588
0.20293941086867118 -0.024932254004565876
0.21105272704989922 -0.024373085265350633
0.21997737484925006 -0.023757999652213865
0.22979448742853598 -0.02308140547776342
0.2405933112657505 -0.022337151885867927
0.25247201748668646 -0.021518472934782887
0.26553859432971605 -0.020617926088589346
0.2799118288570486 -0.019627324557776445
0.2957223868371144 -0.018537662873882258
0.3131140006151867 -0.01733903502159865
0.3322447757710663 -0.016020544384086684
0.3532886284425339 -0.014570204682823518
0.3764368663811482 -0.012974831011434037
0.40189992811362396 -0.011219919972905607
0.42990929601934735 -0.009289517830524329
0.45791866392507075 -0.0073591156881430515
0.4833817256575465 -0.0056042046496146206
0.5065299635961609 -0.0040088309782251395
0.5275738162676284 -0.0025584912769619746
0.546704591423508 -0.0012400006394500066
0.5640962052015803 -4.137278716639936e-05
0.5799067631816461 0.001048288896727789
0.5942799977089787 0.0020388904275406884
0.6073465745520082 0.002939437273734231
0.6192252807729441 0.0037581162248192697
0.6300241046101587 0.004502369816714761
0.6398412171894446 0.005178963991165207
0.6487658649887955 0.0057940496043019755
0.6568791811700235 0.0063532183435172085
0.6568791811700235 0.006353218343517221
0.65918772367516 0.004384927768385227
0.66172712043081 0.00221980813574002
0.6645204568620249 -0.00016182346016968552
0.6675931269363615 -0.0027816182156704117
0.6709730640181316 -0.005663392446721149
0.6746909948080788 -0.008833344100876994
0.6787807186770207 -0.012320290920448451
0.6832794149328568 -0.016155932421976993
0.6882279808142766 -0.020375138073658372
0.6936714032838383 -0.02501626429050796
0.6996591680003561 -0.030121503129042493
0.7062457091885257 -0.035737265851430444
0.7134909044955122 -0.04191460484605719
0.7214606193331976 -0.04870967774014662
0.7302273056546513 -0.05618425792364498
0.7398706606082505 -0.0644062961254932
0.7504783510572095 -0.07345053814752625
0.7621468105510645 -0.08339920437176257
0.774982115994305 -0.09434273721842254
0.7891009519818695 -0.10638062334974852
0.8046316715681905 -0.11962229809420707
0.8217154631131436 -0.13418814031311152
0.8405076338125919 -0.1502105667539064
0.8611790215819851 -0.16783523583878074
0.8839175481283177 -0.18722237183214258
0.9089299273292835 -0.20854822142484053
0.9364435444503458 -0.2320066559768083
0.9667085232835145 -0.25781093398397287
1.0 -0.2861956397918539
