# CURVE 2D, normalized by CHORD
# COLUMN#1 = X-coordinate, COLUMN#2 = Y-coordinate
#-------------------------------------------------------------------------------
0.0 0.0
0.00891182749503197 0.04215764233331628
0.017013488854151937 0.08048277172724015
0.024378635544261 0.11532379844898913
0.031074223444360144 0.14699745910512454
0.037161121535359366 0.17579169606524767
0.04269466525444957 0.20196827511990503
0.047725159544531576 0.22576516516959355
0.052298336171878845 0.2473987015784013
0.05645576946946728 0.26706555285913564
0.06023525428545676 0.2849445085688941
0.06367114957271992 0.30119810466867447
0.06679469074295916 0.3159741011230203
0.06963427362499484 0.32940682517242564
0.07221571260866363 0.3416183924900668
0.07456247532108981 0.35271981732428603
0.07669589596874997 0.3628120217190308
0.07863536928480465 0.37198675298698064
0.08039852684485436 0.38032741777602586
0.08200139735399048 0.3879098403115216
0.08345855236229603 0.3948029517074268
0.08478323873348291 0.40106941661279516
0.08598749907092551 0.4067662028904027
0.08708228119587334 0.4119450995064097
0.08807753767309863 0.4166531873391432
0.088982316288758 0.4209332671870828
0.08980484230299378 0.4248242488670279
0.09055259322502629 0.4283615049397052
0.09123236679051042 0.43157719227850283
0.09185034275913234 0.43450054440468244
0.09301941098714642 0.44909945362181375
0.09430538603796189 0.46515825376065817
0.09571995859385893 0.48282293391338704
0.09727598840534565 0.5022540820813888
0.09898762119798105 0.5236283450661907
0.10087041726988 0.5471400343494729
0.10294149294896883 0.5730028925610833
0.10521967619596656 0.6014520365938546
0.10772567776766405 0.6327460950299032
0.11048227949653129 0.6671695593095566
0.11351454139828526 0.7050353700171753
0.11685002949021463 0.7466877617955558
0.12051906639133693 0.7925053927517746
0.12455500698257148 0.8429047868036152
0.128590947573806 0.8933041808554559
0.13225998447492832 0.9391218118116746
0.1355954725668577 0.9807742035900553
0.13862773446861165 1.018640014297674
0.14138433619747892 1.0530634785773274
0.1438903377691764 1.084357537013376
0.1461685210161741 1.1128066810461474
0.14823959669526296 1.1386695392577577
0.1501223927671619 1.1621812285410398
0.1518340255597973 1.1835554915258417
0.15339005537128403 1.2029866396938436
0.15480462792718105 1.2206513198465725
0.15609060297799654 1.236710119985417
0.1572596712060106 1.2513090292025482
0.15725967120601061 1.2513090292025482
0.16292969110293087 1.2527665812738664
0.1691667129895431 1.2543698885523167
0.1760274370648166 1.2561335265586118
0.18357423354761748 1.2580735283655364
0.19187570967869838 1.2602075303531537
0.20100733342288735 1.2625549325395327
0.2110521195414954 1.2651370749445494
0.22210138427196402 1.2679774315900678
0.2342555754754796 1.2711018239001382
0.24762518579934678 1.2745386554412155
0.26233175715560064 1.2783191701364005
0.27850898564747983 1.282477736301104
0.29630393698854696 1.2870521590822779
0.31587838346372077 1.2920840241415692
0.33741027458641204 1.2976190757067896
0.36109535482137245 1.3037076324285322
0.38714894307982883 1.3104050448224487
0.4158078901641309 1.317772198455757
0.4473327319568632 1.3258760674523964
0.48201005792886864 1.3347903233486995
0.5201551164980747 1.344596004834633
0.5621146809242012 1.3553822544691598
0.6082702017929407 1.3672471290671393
0.6590412747485539 1.3802984911249168
0.7148894549997284 1.394654989388472
0.7763224532760206 1.4104471374783827
0.8438987513799419 1.4278185003772845
0.9182326792942552 1.4469269995660765
1.0 1.4679463486737476
