# CURVE 2D, normalized by CHORD
# COLUMN#1 = X-coordinate, COLUMN#2 = Y-coordinate
#-------------------------------------------------------------------------------
0.0 0.0
0.00857858784189541 -0.008596337315969585
0.016377304061800328 -0.016411189421396476
0.023467046079895703 -0.023515600426330014
0.029912266096346046 -0.0299741558853605
0.03577155702039181 -0.03584556993902458
0.041098185133160686 -0.0411832190787192
0.04594057432658694 -0.04603562738753249
0.0503427463206108 -0.05044690766827184
0.0543447208606325 -0.05445716246894398
0.057982879533379494 -0.05810284865137319
0.06129029650860403 -0.06141710881721793
0.06429703921335361 -0.06443007260434952
0.06703044167221688 -0.06716913059265095
0.0695153529984562 -0.06965918330928862
0.07177436329503739 -0.07192286759714105
0.07382800901920213 -0.07398076240427963
0.0756949596775337 -0.07585157586531469
0.07739218754874422 -0.07755231537534656
0.07893512197711743 -0.07909844220264826
0.08033778963927488 -0.08050401204564983
0.08161294205941802 -0.08178180281201487
0.08277217153227542 -0.08294343078143764
0.08382601650760034 -0.08399945620818562
0.08478405739425934 -0.08495947932341105
0.08565500365485845 -0.08583222760997962
0.0864467729826758 -0.08662563514322379
0.0871665632806916 -0.08734691471890028
0.08782091809706959 -0.08800262342406075
0.08841578611195866 -0.0885987222469339
0.09230429257795465 -0.09152251519872662
0.09658164969055023 -0.0947386874456986
0.10128674251440538 -0.0982764769173678
0.10646234462064603 -0.10216804533620391
0.11215550693751075 -0.10644877059692362
0.11841798548606196 -0.11115756838371532
0.1253067118894683 -0.11633724594918618
0.13288431093321523 -0.12203489127120414
0.14121966988133688 -0.12830230112542387
0.1503885647242707 -0.1351964519650656
0.16047434905149788 -0.1427800178886715
0.17156871181144778 -0.15112194040463797
0.1837725108473927 -0.1602980551722011
0.19719668978693214 -0.1703917814165206
0.21062086872647157 -0.18048550766084007
0.2228246677624165 -0.1896616224284032
0.2339190305223664 -0.19800354494436967
0.24400481484959358 -0.2055871108679756
0.2531737096925274 -0.2124812617076173
0.26150906864064905 -0.21874867156183705
0.269086667684396 -0.224446316883855
0.2759753940878023 -0.22962599444932585
0.2822378726363535 -0.23433479223611756
0.28793103495321826 -0.2386155174968373
0.2931066370594589 -0.24250708591567338
0.29781172988331406 -0.2460448753873426
0.30208908699590964 -0.24926104763431456
0.3059775934619056 -0.2521848405861073
0.3106475915212269 -0.25414962955863196
0.31578458938648035 -0.25631089742840907
0.3214352870382591 -0.25868829208516386
0.32765105445521575 -0.26130342620759417
0.33448839861386803 -0.2641800737422675
0.3420094771883856 -0.26734438603040817
0.3502826636203549 -0.2708251295473629
0.3593831686955211 -0.27465394741601307
0.36939372427820394 -0.2788656470715283
0.38040533541915506 -0.28349851669259507
0.3925181076742013 -0.2885946732757685
0.4058421571547522 -0.2942004455172592
0.42049861158335816 -0.3003667949828991
0.43662071145482473 -0.3071497793951029
0.45274281132629135 -0.3139327638073067
0.4673992657548973 -0.3200991132729466
0.48072331523544815 -0.3257048855144374
0.4928360874904944 -0.3308010420976108
0.5038476986314455 -0.33543391171867754
0.5138582542141283 -0.33964561137419275
0.5229587592892946 -0.343474429242843
0.531231945721264 -0.3469551727597977
0.5387530242957814 -0.3501194850479384
0.5455903684544338 -0.3529961325826117
0.5518061358713904 -0.355611266705042
0.5574568335231692 -0.3579886613617968
0.5625938313884226 -0.3601499292315739
0.5672638294477439 -0.3621147182040986
0.5714754290899686 -0.36189842777435416
0.5761081886964159 -0.3616605083016354
0.5812042242635079 -0.3613987968816446
0.586809863387309 -0.36111091431965486
0.5929760664234903 -0.3607942435014661
0.5997588897632897 -0.36044590560145845
0.6072199954370691 -0.36006273391145005
0.6154272116782264 -0.35964124505244077
0.6244551495434995 -0.3591776073075306
0.6343858811952997 -0.35866760578812945
0.6453096860122801 -0.35810660411678813
0.6573258713109585 -0.35748950227831267
0.6705436751395047 -0.3568106902559897
0.6850832593509056 -0.35606399703143443
0.6996228435623065 -0.35531730380687915
0.7128406473908527 -0.3546384917845562
0.7248568326895312 -0.35402138994608073
0.7357806375065116 -0.35346038827473947
0.7457113691583118 -0.35295038675533824
0.7547393070235848 -0.3524867490104281
0.7629465232647422 -0.35206526015141887
0.7704076289385215 -0.35168208846141047
0.777190452278321 -0.3513337505614028
0.7833566553145023 -0.35101707974321406
0.7889622944383033 -0.35072919718122425
0.7940583300053954 -0.35046748576123354
0.7986910896118427 -0.35022956628851476
0.8029026892540674 -0.35001327585877035
0.8057028601172875 -0.34747101726012175
0.8087830480668297 -0.3446745328016083
0.8121712548113259 -0.3415983998972435
0.8158982822302719 -0.33821465370244225
0.8199980123911125 -0.33449253288816083
0.8245077155680371 -0.3303981999924513
0.8294683890626542 -0.32589443380717076
0.834925129906733 -0.32094029100336224
0.8409275448352197 -0.3154907339191728
0.847530201256555 -0.30949622112656444
0.8547931233200239 -0.30290225705469526
0.8627823375898397 -0.2956488965756392
0.871570473286637 -0.28767020004867744
0.8812374225531141 -0.27889363386901955
0.8909043718195913 -0.27011706768936167
0.8996925075163885 -0.26213837116239996
0.9076817217862043 -0.25488501068334385
0.9149446438496732 -0.24829104661147466
0.9215473002710085 -0.24229653381886632
0.9275497151994953 -0.23684697673467692
0.933006456043574 -0.23189283393086838
0.9379671295381911 -0.22738906774558787
0.9424768327151157 -0.22329473484987833
0.9465765628759563 -0.2195726140355969
0.9503035902949023 -0.21618886784079566
0.9536917970393985 -0.21311273493643085
0.9567719849889407 -0.2103162504779174
0.9595721558521608 -0.20777399187926882
0.9598441574081276 -0.20629236830245123
0.9601433591196908 -0.2046625823679519
0.9604724810024106 -0.20286981784000263
0.9608345150734022 -0.20089777685925841
0.961232752551493 -0.1987285317804398
0.9616708137773929 -0.19634236219373932
0.9621526811258828 -0.19371757564836878
0.9626827352092217 -0.19083031044846122
0.9632657947008945 -0.18765431872856286
0.9639071601417345 -0.1841607278366747
0.9646126621266585 -0.18031777785559772
0.965388714310075 -0.17609053287641302
0.9662423717118331 -0.17144056339930988
0.967181394853767 -0.1663255969744964
0.9682143203098943 -0.16069913390720159
0.9693505383116343 -0.1545100245331773
0.9706003781135484 -0.14770200422175056
0.9719752018956538 -0.14021318187918116
0.9734875080559698 -0.13197547730235482
0.9751510448323174 -0.12291400226784585
0.9769809352862997 -0.11294637972988597
0.9789938147856803 -0.10198199493813011
0.9812079822349989 -0.08992117166719865
0.9836435664292494 -0.07665426606917405
0.986322709042925 -0.06206066991134698
0.9892697659179681 -0.04600771413773723
0.9925115284805155 -0.028349462786766477
0.9960774672993177 -0.008925386300698657
1.0 0.012441097833975956
