# CURVE 2D, normalized by CHORD
# COLUMN#1 = X-coordinate, COLUMN#2 = Y-coordinate
#-------------------------------------------------------------------------------
-0.13818800345132604 -0.3466936449668304
-0.1374431286803043 -0.3533696759504995
-0.13725826423947893 -0.3443610642205039
-0.13662376643218044 -0.3607133100325356
-0.13623555110644708 -0.3417952253995447
-0.13572246795924414 -0.3687913075227752
-0.1351105666601121 -0.33897280269648966
-0.13473103963901426 -0.37767710476203886
-0.13387308376914359 -0.33586813772312907
-0.13364046848676137 -0.3874514817252288
-0.13251185258907822 -0.33245300625243246
-0.13244084021928318 -0.3982032963847377
-0.13112124912505718 -0.4100302925101976
-0.1310144982910063 -0.32869636163466615
-0.12966969892140856 -0.4230399882482035
-0.12936740856312723 -0.3245640525551232
-0.1280729936973951 -0.4373506535600099
-0.12755560986246026 -0.320018512567626
-0.12631661795098031 -0.453092385402997
-0.12556263129172654 -0.315018418581379
-0.12438460462992401 -0.47040829043028276
-0.12337035486391948 -0.30951831519650735
-0.12225938997676208 -0.48945578596029715
-0.12095885079333171 -0.30346820147314857
-0.11992165385828397 -0.510408031043313
-0.11830619631568517 -0.29681307637745385
-0.11735014412795805 -0.5334555006346304
-0.11538827639027398 -0.2894924387721897
-0.11477863439763213 -0.5565029702259479
-0.11244089827915402 -0.5774552153089637
-0.11217856447232166 -0.28143973740639916
-0.11031568362599209 -0.5965027108389781
-0.10864788136257411 -0.27258176590402955
-0.1083836703049358 -0.6138186158662639
-0.10662729455852099 -0.629560347709251
-0.10503058933450753 -0.6438710130210574
-0.10476412994185182 -0.262837997251423
-0.10357903913085892 -0.6568807087590632
-0.10225944803663292 -0.6687077048845231
-0.10105981976915474 -0.679459519544032
-0.10049200337905727 -0.2521198517335557
-0.09996924861690185 -0.689233896507222
-0.09897782029667195 -0.6981196937464856
-0.09807652182373566 -0.7061976912367253
-0.09725715957561178 -0.7135413253187614
-0.09651228480459006 -0.7202173563024304
-0.09579266415998328 -0.24032989166390173
-0.0921774844182988 -0.7259678394276565
-0.0906233910190019 -0.22736093558728238
-0.08740920399337843 -0.7322933708654051
-0.08493719056392238 -0.21309508390300105
-0.082164095525966 -0.7392514554469285
-0.0786823700633349 -0.19740264705029162
-0.07639447621181235 -0.7469053484866044
-0.07180206751268867 -0.18014096651231123
-0.07004789496624332 -0.7553246308302478
-0.06423373470697781 -0.1611531179205328
-0.06306665559611739 -0.7645858414082556
-0.05590856862069587 -0.1402664844695765
-0.05538729228897886 -0.7747731730440641
-0.04693999265112647 -0.7859792378434535
-0.04675088592578573 -0.1172911876735246
-0.03764796304948886 -0.7983059091227818
-0.03667743496138459 -0.09201836119786752
-0.02742673048768747 -0.811865247530043
-0.025596638900543325 -0.06421825207464471
-0.01618337466970595 -0.8267805197780302
-0.013407763233617935 -0.033638132039099614
-0.003815683269926276 -0.8431873192508162
0.0 0.0
0.009788777269831371 -0.8612347986708808
0.024753683863564815 -0.881087026032952
0.03971859045729826 -0.9009392533950231
0.05332305099705591 -0.9189867328150877
0.06569074239683559 -0.9353935322878737
0.0769340982148171 -0.950308804535861
0.0871553307766185 -0.9638681429431221
0.0964473603782561 -0.9761948142224504
0.10489466001610849 -0.9874008790218398
0.11257402332324702 -0.9975882106576484
0.11955526269337295 -1.006849421235656
0.125901843938942 -1.0152687035792995
0.13167146325309564 -1.0229225966189752
0.13691657172050806 -1.0298806812004988
0.14168485214542842 -1.0362062126382474
0.1460196525317197 -1.0419566957634734
0.15278406769264177 -1.0460375221354918
0.16022492436965605 -1.050526431144712
0.16840986671437178 -1.0554642310548545
0.17741330329355906 -1.060895810956011
0.18731708353066506 -1.0668705488472832
0.19821124179148167 -1.0734427605276826
0.21019481587837996 -1.080672193376122
0.22337674737396807 -1.0886245695094052
0.237876872019115 -1.097372183256017
0.2538270091287766 -1.1069945583772898
0.2713721599494044 -1.1175791710106897
0.29067182585209494 -1.1292222449074298
0.31190145834505456 -1.142029626193844
0.3352540540873102 -1.1561177456088996
0.3586066498295658 -1.170205865023955
0.3798362823225254 -1.1830132463103693
0.399135948225216 -1.1946563202071094
0.4166810990458438 -1.2052409328405096
0.43263123615550536 -1.2148633079617823
0.4471313608006523 -1.223610921708394
0.4603132922962404 -1.2315632978416773
0.4722968663831387 -1.2387927306901168
0.48319102464395536 -1.2453649423705162
0.49309480488106133 -1.2513396802617884
0.5020982414602486 -1.2567712601629448
0.5102831838049644 -1.2617090600730871
0.5177240404819786 -1.2661979690823075
0.5244884556429007 -1.270278795454326
0.5309866626625119 -1.2726068319129065
0.5381346903840842 -1.275167672017345
0.5459975208778138 -1.2779845961322274
0.5546466344209163 -1.281083212658598
0.564160659318329 -1.2844916908376056
0.5746260867054831 -1.288241016834514
0.5861380568313526 -1.2923652754311132
0.598801223969809 -1.2969019598873726
0.6127307078221109 -1.3018923127892577
0.6280531400596432 -1.3073817009813313
0.6449078155209287 -1.3134200279926123
0.6634479585283427 -1.3200621877050214
0.6838421158364981 -1.3273685633886714
0.7062756888754691 -1.3354055766406865
0.7287092619144401 -1.3434425898927016
0.7491034192225955 -1.3507489655763516
0.7676435622300095 -1.3573911252887605
0.784498237691295 -1.3634294523000416
0.7998206699288272 -1.368918840492115
0.8137501537811292 -1.3739091933940002
0.8264133209195856 -1.3784458778502595
0.8379252910454551 -1.3825701364468588
0.848390718432609 -1.3863194624437671
0.8579047433300218 -1.389727940622775
0.8665538568731244 -1.3928265571491454
0.8744166873668539 -1.3956434812640277
0.8815647150884262 -1.3982043213684663
0.8880629221080374 -1.4005323578270468
0.8888160431314003 -1.4009664215712292
0.8896444762570995 -1.40144389168983
0.8905557526953687 -1.4019691088202906
0.8915581567774647 -1.4025468476637974
0.8926608012677704 -1.403182360391655
0.8938737102071066 -1.4038814243922981
0.8952079100403765 -1.4046503947930056
0.8966755298569733 -1.4054962622337839
0.8982899116552299 -1.4064267164186401
0.900065731633312 -1.407450216021982
0.9020191336092024 -1.4085760655856578
0.9041678757826819 -1.4098145001057012
0.9065314921735091 -1.411176778077749
0.9091314702034192 -1.4126752838470018
0.9119914460363204 -1.4143236401931798
0.9151374194525116 -1.4161368321739756
0.918597990210322 -1.4181313433528508
0.9224046180439134 -1.4203253056496137
0.9265919086608638 -1.4227386641760527
0.9311979283395094 -1.4253933585551357
0.9362645499860196 -1.428313522372127
0.9418378337971807 -1.4315257025708175
0.947968445989458 -1.435059100789377
0.954712119400963 -1.4389458388297924
0.9621301601536185 -1.4432212506742494
0.9702900049815395 -1.4479242037031521
0.9792658342922527 -1.4530974520349451
0.9891392465340371 -1.4587880251999172
1.0 -1.4650476556813867
