# CURVE 2D, normalized by CHORD
# COLUMN#1 = X-coordinate, COLUMN#2 = Y-coordinate
#-------------------------------------------------------------------------------
0.0 0.0
0.04307048675516902 0.004219319896958178
0.08222547471441358 0.008055065257829248
0.1178209183137268 0.011542106494984765
0.15018041249492065 0.014712143983307962
0.17959813447782413 0.01759399624541996
0.20634151809864548 0.020213861938249048
0.2306536850266649 0.02259555802263913
0.252755654961228 0.024760736281175567
0.2728483549017399 0.026729080152572325
0.2911144457567507 0.028518483672023927
0.3077199828976696 0.03014521414425265
0.32281592575305046 0.03162406002809695
0.33653951016703304 0.03296846537704631
0.3490154959979263 0.03419065205790937
0.36035730129873833 0.03530173085869396
0.3706680333903857 0.036311802495770866
0.38004142620097414 0.03723004943856805
0.3885626923924182 0.038064819386565495
0.3963092980210037 0.03882370115747226
0.40335166677426326 0.039513593676478415
0.40975382018631745 0.04014076869375673
0.4155739596518212 0.04071092780037339
0.4208649955295519 0.04122925426093398
0.4256750281456707 0.041700460134170884
0.4300477850694151 0.042128829109840796
0.4340230186364555 0.0425182554513589
0.43763686733376483 0.04287227939819354
0.44092218433131886 0.04319411934986139
0.44390883614727705 0.043486701124104896
0.4505907920665767 0.042193584512236565
0.45794094357780635 0.0407711562391814
0.466026110240159 0.039206485138820725
0.4749197935687469 0.03748534692842398
0.4847028452301936 0.03559209489698756
0.49546420205778485 0.03350951766240749
0.5073016945681353 0.031218682704369418
0.5203229363295209 0.02869876425052754
0.5346463022670449 0.025926853951301475
0.5504020047983215 0.022877752622152803
0.5677332775827255 0.01952374116008926
0.5867976776455701 0.015834328551819363
0.6077685177146991 0.011775974682722477
0.630836441790741 0.007311785426715893
0.653904365866783 0.0028475961707093078
0.674875205935912 -0.0012107576983875785
0.6939396059987565 -0.004900170306657474
0.7112708787831606 -0.008254181768721015
0.7270265813144371 -0.011303283097869689
0.7413499472519611 -0.014075193397095755
0.7543711890133467 -0.016595111850937632
0.7662086815236971 -0.018885946808975707
0.7769700383512885 -0.02096852404355577
0.7867530900127351 -0.02286177607499219
0.795646773341323 -0.02458291428538894
0.8037319400036756 -0.026147585385749614
0.8110820915149053 -0.02757001365880478
0.8177640474342049 -0.02886313027067311
0.818990144538708 -0.031612599785219186
0.8203388513536614 -0.0346370162512199
0.8218224288501101 -0.03796387436382065
0.8234543640962037 -0.04162341828768151
0.8252494928669066 -0.04564891660392845
0.8272241345146798 -0.05007696475180007
0.8293962403272304 -0.054947817714458835
0.8317855567210359 -0.0603057559733835
0.8344138047542222 -0.06619948805820064
0.837304877590727 -0.07268259335149946
0.8404850577108822 -0.07981400917412823
0.843983255843053 -0.08765856657901983
0.8478312737884409 -0.09628757972440055
0.8520640935283675 -0.10577949418431937
0.8567201952422868 -0.11622060009023005
0.8618419071275981 -0.1277058165867318
0.8674757902014405 -0.1403395547328838
0.8736730615826671 -0.15423666669365094
0.8804900601020164 -0.1695234898504948
0.8879887584733006 -0.18633899532302306
0.8962373266817132 -0.20483605134280414
0.9053107517109671 -0.22518281296456333
0.9152915192431463 -0.24756425074849844
0.9262703635285436 -0.2721838323108271
0.9383470922424806 -0.2992653720293886
0.9516314938278112 -0.3290550657198062
0.9662443355716749 -0.3618237287792656
0.982318461489925 -0.397869258144671
1.0 -0.4375193404466169
