# CURVE 2D, normalized by CHORD
# COLUMN#1 = X-coordinate, COLUMN#2 = Y-coordinate
#-------------------------------------------------------------------------------
0.0 0.0
0.029342526414221408 -0.028727938390572215
0.05601755042714995 -0.05484424601836513
0.08026757225708499 -0.07858634386181323
0.102313046647935 -0.10017006917403877
0.12235438700325321 -0.11979163763969836
0.14057378732626977 -0.13762942715393434
0.1571368785290121 -0.15384559943960344
0.17219423416786875 -0.16858757424475712
0.18588273929410207 -0.1819893695221696
0.19832683486340508 -0.19417281977436274
0.20963964901731688 -0.20524868363999285
0.21992402552087312 -0.2153176507905657
0.22927345870592422 -0.22447125729108647
0.23777294341960703 -0.23279271774610533
0.2454997477047732 -0.2403576817961225
0.2525241152367425 -0.24723492184159263
0.25890990390216906 -0.2534869582465655
0.2647151663252842 -0.2591706277056317
0.2699926776190252 -0.2643375999411465
0.27479041515878977 -0.2690348474279781
0.27915199474039387 -0.2733050724160068
0.2831170670873067 -0.2771870951323966
0.286721678311773 -0.2807162066927509
0.28999859760674224 -0.28392448992943664
0.29297761514762344 -0.2868411110536964
0.29568581291206086 -0.28949258480302353
0.29814781087973125 -0.2919030154842299
0.30038599085034073 -0.2940943161035085
0.30242069991453113 -0.2960864075755799
0.3076434869736069 -0.29761339338071247
0.3133885527385901 -0.2992930777663583
0.31970812508007174 -0.3011407305905686
0.3266596546557015 -0.3031731486972
0.33430633718889424 -0.3054088086144946
0.34271768797540625 -0.30786803452351863
0.3519701738405695 -0.31057318302344505
0.3621479082922491 -0.3135488463733641
0.37334341618909656 -0.31682207605827506
0.3856584748756288 -0.3204226287116771
0.3992050394308143 -0.3243832366304194
0.4141062604415183 -0.32873990534103587
0.43049760355329275 -0.33353224092271405
0.4485280809762447 -0.33880381006256
0.46655855839919663 -0.34407537920240594
0.48294990151097106 -0.34886771478408407
0.49785112252167507 -0.3532243834947006
0.5113976870768606 -0.35718499141344284
0.5237127457633929 -0.36078554406684493
0.5349082536602403 -0.3640587737517559
0.5450859881119199 -0.36703443710167494
0.5543384739770831 -0.3697395856016013
0.5627498247635951 -0.37219881151062534
0.5703965072967879 -0.3744344714279199
0.5773480368724176 -0.3764668895345513
0.5836676092138993 -0.37831454235876166
0.5894126749788825 -0.37999422674440747
0.5946354620379583 -0.38152121254954
0.5987406486467591 -0.37822752652860986
0.6032563539164401 -0.37460447190558666
0.6082236297130891 -0.3706191118202612
0.613687633089403 -0.3662352157264031
0.6196980368033482 -0.3614129300231593
0.6263094808886881 -0.356108415749591
0.633582069382562 -0.35027345004866595
0.6415819167258232 -0.34385498777764834
0.6503817488034105 -0.336794679279529
0.6600615640887566 -0.32902833993159775
0.6707093609026373 -0.32048536664887334
0.682421937397906 -0.3110880960378765
0.6953057715427017 -0.30075109836577996
0.7094779891019769 -0.28938040092647377
0.7236502066612521 -0.2780097034871676
0.7365340408060478 -0.267672705815071
0.7482466173013165 -0.2582754352040742
0.7588944141151972 -0.24973246192134982
0.7685742294005433 -0.24196612257341854
0.7773740614781306 -0.2349058140752992
0.7853739088213918 -0.22848735180428165
0.7926464973152657 -0.22265238610335658
0.7992579414006056 -0.21734787182978832
0.8052683451145508 -0.21252558612654449
0.8107323484908647 -0.20814169003268643
0.8156996242875137 -0.20415632994736094
0.8202153295571947 -0.20053327532433773
0.8243205161659956 -0.19723958930340757
0.8267775380387844 -0.19166502317620615
0.8294802620988521 -0.18553300043628462
0.8324532585649265 -0.17878777542237093
0.8357235546776084 -0.17136802790706587
0.8393208804015585 -0.16320630564023028
0.8432779386979036 -0.15422841114671115
0.8476307028238832 -0.1443527272038401
0.8524187433624607 -0.13348947486668195
0.857685587954896 -0.12153989729580797
0.8634791170065749 -0.1083953619678466
0.8698519989634217 -0.0939363731070891
0.876862169115953 -0.07803148536025584
0.8845733562837377 -0.06053610883873926
0.8930556621683007 -0.04129119466507097
0.9015379680528637 -0.022046280491402677
0.9092491552206483 -0.00455090396988609
0.9162593253731797 0.011353983776947171
0.9226322073300265 0.025812972637704677
0.9284257363817053 0.03895750796566604
0.9336925809741407 0.05090708553654002
0.9384806215127182 0.06177033787369817
0.9428333856386978 0.07164602181656923
0.9467904439350429 0.08062391631008836
0.950387769658993 0.08878563857692393
0.9536580657716749 0.09620538609222898
0.9566310622377493 0.10295061110614268
0.959333786297817 0.1090826338460642
0.9617908081706058 0.11465719997326562
0.9617908081706058 0.11465719997326564
0.9620478824680089 0.11530474086864183
0.9623306641951521 0.11601703585355565
0.9626417240950098 0.11680056033696083
0.9629838899848533 0.11766243726870655
0.9633602724636809 0.11861050189362685
0.9637742931903915 0.11965337298103916
0.9642297159897731 0.12080053117719271
0.9647306810690929 0.1220624051929616
0.9652817426563446 0.1234504666103074
0.9658879104023216 0.12497733416938776
0.9665546949228961 0.12665688848437617
0.9672881578955281 0.1285043982308634
0.9680949671654234 0.1305366589519994
0.9689824573623083 0.13277214574524895
0.9699586965788815 0.13523118121782346
0.9710325597171121 0.13793612023765545
0.9722138091691658 0.14091155315947063
0.9735131835664248 0.14418452937346732
0.9749424954034097 0.14778480320886367
0.9765147384240931 0.15174510442779968
0.9782442057468448 0.15610143576862928
0.9801466198018718 0.16089340024354185
0.9822392752624014 0.16616456116594566
0.984541196268984 0.17196283818058986
0.9870733093762248 0.17834094289669847
0.9898586337941897 0.18535685808441796
0.9929224906539511 0.1930743647909094
0.9962927331996887 0.20156362216804996
1.0 0.2109018052829046
