# CURVE 2D, normalized by CHORD
# COLUMN#1 = X-coordinate, COLUMN#2 = Y-coordinate
#-------------------------------------------------------------------------------
0.0 0.0
0.03621865829668205 0.030362363075272656
0.06914471129366571 0.05796451132552052
0.09907748674546905 0.0830573733712004
0.12628910079256297 0.10586906614000026
0.15102693174446655 0.12660696865709106
0.17351586897346982 0.1454596073089918
0.19396035736347278 0.16259836971981062
0.21254625589983908 0.17817906282055504
0.22944252729653575 0.19234332927577721
0.2448027740208054 0.205219935144161
0.2587666346792324 0.21692594047905533
0.27146105345962057 0.2275677635107775
0.28300143416906437 0.23724214808507035
0.29349268935946776 0.24603704315260932
0.30303019407801635 0.25403240230491747
0.31170065291306054 0.2613009106251976
0.31958288821764613 0.26790864546181586
0.3267485566763603 0.27391567713146886
0.33326280072973685 0.2793766150129716
0.339184840778261 0.2843411039961559
0.34456851354964657 0.28885427579905076
0.3494627615236334 0.29295715925622784
0.3539120778636215 0.29668705330820705
0.3579569108999743 0.3000778660827336
0.3616340318421132 0.303160423150485
0.3649768690622395 0.30596274775753174
0.368015811989627 0.30851031558211967
0.3707784873781611 0.310826286331745
0.3732900104586467 0.31293171428594996
0.3809031028792338 0.3144675914925757
0.38927750454187965 0.316157056419864
0.3984893463707901 0.31801546783988116
0.4086223723825916 0.3200597204019
0.4197687009955732 0.32230839822012075
0.43202966246985297 0.32478194382016357
0.44551672009156074 0.3275028439802107
0.46035248347543933 0.3304958341562625
0.4766718231977057 0.3337881233499195
0.49462309689219874 0.33740964146294217
0.5143694979561411 0.34139331138726714
0.5360905391264776 0.3457753483040246
0.5599836844138479 0.35059558891245785
0.5862661442299553 0.35589785358173437
0.6125486040460626 0.3612001182510109
0.6364417493334329 0.3660203588594441
0.6581627905037695 0.3704023957762016
0.6779091915677118 0.37438606570052657
0.6958604652622049 0.37800758381354926
0.7121798049844713 0.38129987300720625
0.7270155683683498 0.38429286318325806
0.7405026259900576 0.3870137633433052
0.7527635874643374 0.389487308943348
0.7639099160773191 0.39173598676156873
0.7740429420891205 0.3937802393235876
0.7832547839180309 0.3956386507436047
0.7916291855806767 0.39732811567089305
0.7992422780012639 0.3988639928775188
0.8038799880099294 0.39579222568688177
0.8089814690194614 0.39241328177718104
0.8145930981299467 0.3886964434765103
0.8207658901514805 0.3846079213457724
0.8275559613751677 0.38011054700196073
0.8350250397212235 0.37516343522376794
0.8432410259018851 0.3697216122677558
0.8522786107006127 0.3637356070161425
0.8622199539792131 0.3571510012393679
0.8731554315856735 0.34990793488491573
0.88518445695278 0.3419405618950184
0.8984163848565971 0.33317645160613135
0.912971505550796 0.3235359302883556
0.9289821383144148 0.31293135683880224
0.9449927710780336 0.3023267833892489
0.9595478917722324 0.29268626207147314
0.9727798196760495 0.28392215178258606
0.984808845043156 0.27595477879268876
0.9957443226496164 0.26871171243823666
1.0 -0.6928152070382413
1.0056856659282167 0.262127106661462
1.0089505512496326 -0.6420268736485621
1.0147232507269444 0.2561411014098487
1.017087416022026 -0.5958556614761266
1.0229392369076058 0.2506992784538366
1.024484565815111 -0.5538818322284578
1.0304083152536618 0.24575216667564376
1.031209247445188 -0.5157238056396681
1.0371983864773489 0.2412547923318321
1.0373225943816218 -0.4810346905589502
1.0428801825056524 -0.44949913139466113
1.0433711784988828 0.23716627020109426
1.0479325353456803 -0.4208304412453075
1.048982807609368 0.23344943190042344
1.0525255833820693 -0.394767995654986
1.0540842886189001 0.23007048799072277
1.0567010815969684 -0.3710748633001482
1.0587219986275656 0.2269987208000857
1.0587219986275656 0.22699872080008573
1.0593212385387076 0.2199145236979861
1.0599804024409638 0.2121219068856765
1.0604969890650586 -0.3495356520684776
1.0607054827334457 0.20355002839213598
1.0615030710551758 0.1941209620492414
1.0623804182090788 0.18374898907205733
1.0633455000783723 0.17233981879715488
1.0639478140360494 -0.329954550948777
1.0644070901345948 0.15978973149476217
1.06557483919644 0.14598463546213017
1.0668593631644694 0.13079902982623498
1.0670849276460412 -0.31215354993086736
1.0682723395293017 0.11409486362675028
1.0698266135306174 0.0957202808073171
1.0699368491096701 -0.2959708217327677
1.0715363149320645 0.07550823970594062
1.0725295049856964 -0.2812592506435862
1.0734169864736565 0.053274994494426464
1.0748864648729932 -0.26788509510796665
1.0754857251694077 0.028818424761760844
1.0770291556796263 -0.255726771893767
1.0775544638651589 0.004361855029095224
1.0789770564129295 -0.24467375078994924
1.0794351354067508 -0.01787139018241892
1.0807478752613866 -0.23462554978647848
1.081144836808198 -0.03808343128379542
1.082357710578166 -0.22549082160150508
1.0826991108095136 -0.05645801410322859
1.0838211972297835 -0.2171865232515292
1.0841120871743462 -0.0731621803027133
1.0851516396403451 -0.20963716111518754
1.0853966111423756 -0.08834778593860848
1.0863611327408553 -0.20277410462760426
1.0865643602042205 -0.10215288197124046
1.0874606719231377 -0.19653496236616486
1.0876259502604433 -0.11470296927363317
1.0884602529979395 -0.1908630148557654
1.0885910321297367 -0.12611213954853562
1.0893689630659413 -0.18570669893722047
1.0894683792836397 -0.13648411252571968
1.0901950631277613 -0.18101913901127042
1.0902659676053699 -0.14591317886861427
1.090946063183961 -0.17675772089677055
1.0909910478978517 -0.15448505736215484
1.091628790507779 -0.17288370442904333
1.091650211800108 -0.16227767417446443
1.09224945171125 -0.16936187127656405
1.09224945171125 -0.169361871276564
