# CURVE 2D, normalized by CHORD
# COLUMN#1 = X-coordinate, COLUMN#2 = Y-coordinate
#-------------------------------------------------------------------------------
0.0 0.0
0.024997710614704058 -0.0005138493648158704
0.04772290208261683 -0.000980985151012116
0.06838216705344663 -0.0014056540475541575
0.08716331702692824 -0.001791716680774195
0.10423708973009335 -0.0021426827109742295
0.11975870127842528 -0.002461742738428806
0.1338692572314543 -0.0027517973088420572
0.14669703537057158 -0.003015483281945013
0.1583586518606782 -0.0032551978029477
0.16896012139713878 -0.0034731200947683244
0.17859782097573929 -0.0036712312691507105
0.1873593660471943 -0.0038513323367710614
0.19532440702124432 -0.00401506058006229
0.20256535336128975 -0.004163904437599769
0.20914803185224018 -0.004299217035361114
0.21513228502583148 -0.004422228487871428
0.22057251518364174 -0.004534057081062623
0.22551817896346923 -0.004635719438509164
0.23001423694513062 -0.004728139763460564
0.2341015623830046 -0.0048121582406891105
0.23781731278107188 -0.004888538674533243
0.24119526768840574 -0.004957975432573363
0.244266135785982 -0.005021099758064382
0.24705783405650586 -0.005078485508510764
0.2495957415751639 -0.005130654372552928
0.2519029302284894 -0.005178080612591259
0.2540003744587853 -0.005221195376262469
0.2559071419408725 -0.0052603906159635686
0.25764056692458814 -0.005296022652055478
0.25764056692458814 -0.0052960226520554765
0.26436773381995704 -0.004424544591818631
0.27176761740486277 -0.003465918725558105
0.2799074893482591 -0.0024114302726715234
0.2888613484859951 -0.0012514929744962856
0.2987105935375046 2.4438053496476236e-05
0.3095447630941651 0.0014279621842885164
0.3214623496064917 0.002971838728159759
0.334571694770051 0.004670102926418129
0.3489919744499661 0.006538193544502333
0.36485428209787285 0.008593093224394959
0.3823028205105702 0.010853482872276847
0.40149621276453723 0.013339911484946926
0.42260894424390105 0.016074982958884012
0.4458329488712013 0.019083561580214813
0.4690569534985015 0.022092140201545613
0.49016968497786534 0.0248272116754827
0.5093630772318324 0.02731364028815278
0.5268116156445297 0.029574029936034668
0.5426739232924365 0.031628929615927295
0.5570942029723516 0.03349702023401149
0.5702035481359108 0.035195284432269866
0.5821211346482374 0.036739160976141105
0.592955304204898 0.03814268510693315
0.6028045492564075 0.03941861613492591
0.6117584083941434 0.04057855343310115
0.6198982803375398 0.04163304188598773
0.6272981639224455 0.042591667752248256
0.6340253308178144 0.0434631458124851
0.6398132152163584 0.04695404375552173
0.6461798880547567 0.050794031492862005
0.6531832281769948 0.05501801800393631
0.6608869023114567 0.059664403166118055
0.6693609438593648 0.06477542684451797
0.6786823895620638 0.07039755289075787
0.6889359798350327 0.07658189154162177
0.7002149291352985 0.08338466405757207
0.7126217733655908 0.0908677138251174
0.7262693020189124 0.09909906856941725
0.7412815835375661 0.10815355878814709
0.7577950932080852 0.1181134980287499
0.7759599538456563 0.12906943119341302
0.7959413005469844 0.14112095767454247
0.8159226472483125 0.15317248415567192
0.8340875078858836 0.16412841732033503
0.8506010175564027 0.17408835656093785
0.8656132990750565 0.1831428467796677
0.879260827728378 0.19137420152396753
0.8916676719586704 0.19885725129151285
0.9029466212589361 0.20566002380746315
0.913200211531905 0.21184436245832705
0.922521657234604 0.21746648850456696
0.9309956987825121 0.22257751218296687
0.938699372916974 0.2272238973451486
0.9457027130392122 0.23144788385622292
0.9520693858776105 0.23528787159356318
0.9578572702761544 0.23877876953659982
0.9609536861500643 0.2449884656351508
0.964359743611365 0.2518191313435569
0.9681064068187959 0.2593328636228036
0.9722277363469698 0.2675979691299749
0.9767611988279612 0.27668958518786346
0.9817480075570517 0.2866903628515408
0.9872334971590513 0.29769121828158585
0.9932675357212507 0.3097921592546355
0.9999049781396702 0.32310319432499
1.0 1.3249612173125915
1.0072061647999315 0.33774533290238007
1.0125149289573723 1.2938565770542612
1.015237470126219 0.35385168533750905
1.0238921371004381 1.2655796313648697
1.0240719059851353 0.371568673016151
1.0337897854299434 0.3910573594626571
1.0342350535941343 1.2398733171017868
1.0436377049520398 1.2165039404989841
1.044479452819232 0.4124949145538139
1.052185569822863 1.1952590526782543
1.0551691202085207 0.4339324696449707
1.059956356069066 1.1759455182957728
1.0648869996533286 0.45342115609147676
1.0670207072019777 1.158387759766244
1.0734428445955337 1.142426161103036
1.0737214355122449 0.4711381437701187
1.0792811513169485 1.127915616863756
1.0817527408385326 0.4872444962052477
1.084588702881871 1.1147242130098654
1.0890539274987938 0.5018866347826377
1.0894137497590732 1.1027320276881463
1.093800156011075 1.0918300410320383
1.0956913699172133 0.5151976698529923
1.0977877980583497 1.0819191440719398
1.1014129271922357 1.072909237744578
1.1017254084794128 0.5272986108260419
1.104708499132132 1.0647184138106123
1.1072108980814124 0.5382994662560869
1.1077044736229469 1.05727221023428
1.110428086796415 1.050502934255796
1.112197706810503 0.5483002439197643
1.112904098772295 1.0443490470026289
1.1151550187503676 1.038754604045204
1.116731169291494 0.5573918599776528
1.1172013096395248 1.0336687468111816
1.119061574084213 1.0290452402347976
1.1207527235793842 1.0248420524380848
1.1208524988196682 0.5656569654848241
1.1222901322113579 1.0210209726228914
1.123687776422243 1.017547263699988
1.124599162027099 0.5731706977640709
1.1249583620685024 1.014389346497349
1.126113439928738 1.0115185126767678
1.1271635107107705 1.0089086637489668
1.1280052194883998 0.580001363472477
1.1281181205126183 1.0065360738146023
1.128985947605207 1.004379173874271
1.129023761528633 0.9969052084933618
1.1290653568444013 0.9886838465743619
1.1291111116917467 0.9796403484634619
1.1291614420238265 0.9696925005414719
1.1292168053891143 0.958749867827283
1.1292777050909308 0.9467129718416751
1.129344694762929 0.9334723862575065
1.1294183834021272 0.918907742114921
1.129499440905245 0.902886633558077
1.1295886041586747 0.8852634141455485
1.129686683737447 0.8658778727917672
1.129794571274097 0.8445537773026077
1.1299132475644118 0.8210972722645324
1.1300437914837582 0.7952951167226494
1.1301743354031046 0.7694929611807664
1.1302930116934196 0.7460364561426911
1.1304008992300694 0.7247123606535316
1.130498978808842 0.7053268192997503
1.1305881420622717 0.6877035998872219
1.1306691995653895 0.6716824913303778
1.1307428882045876 0.6571178471877923
1.1308098778765858 0.6438772616036237
1.1308707775784024 0.6318403656180158
1.1309261409436902 0.6208977329038269
1.13097647127577 0.6109498849818369
1.1310222261231153 0.6019063868709369
1.1310638214388837 0.593685024951937
1.1311016353623096 0.5862110595710279
