# CURVE 2D, normalized by CHORD
# COLUMN#1 = X-coordinate, COLUMN#2 = Y-coordinate
#-------------------------------------------------------------------------------
0.0 0.0
0.0312942405907136 -0.016305501412859413
0.05974355021863504 -0.031128684515458874
0.0856065589712909 -0.04460430551782202
0.10911838511006892 -0.056854870065424876
0.13049277250895808 -0.06799174692688202
0.14992403378067545 -0.07811618043729761
0.167588816754964 -0.08732021090131177
0.18364771036795358 -0.09568751132314283
0.19824670456158044 -0.10329414807026198
0.21151851746487763 -0.11020927238582483
0.22358380192242047 -0.11649574903633651
0.23455224233836855 -0.12221072780952895
0.24452355180741228 -0.12740616305788574
0.253588378597452 -0.13212928601093732
0.26182913022476084 -0.13642303415007515
0.26932072261322343 -0.14032644154929136
0.27613126114818937 -0.14387499373039697
0.2823226598163403 -0.14710095025867484
0.2879512040601138 -0.1500336380116547
0.29306806246354433 -0.15269971778709096
0.2977197519212084 -0.15512342667385118
0.30194856051908486 -0.15732679838908775
0.3057929319716998 -0.15932986358475734
0.3092878151104407 -0.161150831944457
0.3124649816002051 -0.16280625772600213
0.3153533147727182 -0.16431119025467952
0.31797907220227556 -0.16567931073529532
0.3203661244109641 -0.16692305662676424
0.3225361718734082 -0.1680537347099178
0.33030621894434026 -0.17573634275710776
0.3388532707223655 -0.1841872116090167
0.3482550276781933 -0.19348316734611654
0.3585969603296038 -0.20370871865692636
0.3699730862461554 -0.21495682509881714
0.38248682475436213 -0.22732974218489702
0.3962519371133896 -0.2409399509795849
0.4113935607083198 -0.2559111806537416
0.42804934666274297 -0.2723795332953139
0.4463707112126085 -0.29049472120104347
0.46652421221746054 -0.310421427897346
0.4886930633227979 -0.33234080526327875
0.5130787995386689 -0.3564521203658048
0.5399031093761271 -0.38297456697858356
0.5667274192135853 -0.4094970135913623
0.5911131554294563 -0.4336083286938884
0.6132820065347936 -0.4555277060598211
0.6334355075396456 -0.47545441275612366
0.6517568720895112 -0.49356960066185324
0.6684126580439343 -0.5100379533034256
0.6835542816388646 -0.5250091829775823
0.697319393997892 -0.5386193917722701
0.7098331325060987 -0.5509923088583499
0.7212092584226504 -0.5622404153002407
0.7315511910740609 -0.5724659666110505
0.7409529480298886 -0.5817619223481505
0.7494999998079139 -0.5902127912000594
0.7572700468788459 -0.5978953992472493
0.7589031521388553 -0.5988193064898282
0.7606995679248656 -0.5998356044566648
0.7626756252894769 -0.6009535322201852
0.7648492883905492 -0.6021832527600577
0.7672403178017289 -0.6035359453539173
0.7698704501540266 -0.6050239072071629
0.772763595741554 -0.6066606652457331
0.775946055887834 -0.6084610990881603
0.7794467620487422 -0.6104415763148303
0.7832975388257413 -0.6126201012641672
0.78753339328044 -0.6150164787084378
0.7921928331806088 -0.6176524938971355
0.7973182170707944 -0.6205521106047029
0.8029561393499987 -0.6237416889830271
0.8091578538571232 -0.6272502251991836
0.8159797398149603 -0.631109615036956
0.823483814368581 -0.6353549438585054
0.8317382963775639 -0.6400248055622099
0.840818226587445 -0.6451616534362847
0.8508061498183143 -0.650812186097767
0.8617928653722704 -0.6570277720253976
0.8738782524816222 -0.6638649165457913
0.8871721783019092 -0.6713857755182243
0.9017954967042249 -0.6796587203879007
0.917881146946772 -0.6887589597445447
0.9355753622135741 -0.698769223036853
0.9550389990070562 -0.7097805126583923
0.9764489994798866 -0.7218929312420853
1.0 -0.7352165916841478
