# CURVE 2D, normalized by CHORD
# COLUMN#1 = X-coordinate, COLUMN#2 = Y-coordinate
#-------------------------------------------------------------------------------
0.0 0.0
0.006641794801614472 -0.0488847687150147
0.012679790075809445 -0.09332546754684623
0.018168876688713965 -0.13372610284851125
0.023158955427718075 -0.17045395312275216
0.027695390644994537 -0.20384290791751664
0.03181942266070041 -0.23419650318548435
0.03556854267497848 -0.26179068070181866
0.03897683359704945 -0.28687629662575886
0.04207527988984124 -0.3096814020111591
0.044892049246924685 -0.3304133159978866
0.04745274866245509 -0.34926051053127516
0.04978065722202818 -0.3663943237434466
0.051896937730731 -0.3819705175726934
0.05382082910227901 -0.39613069378109955
0.05556982125823175 -0.409003581243287
0.05715981412727969 -0.4207062062089119
0.05860526219005055 -0.43134495617766183
0.0599193058834786 -0.4410165470583436
0.06111389105932229 -0.44980890240441795
0.062199877582816546 -0.45780195271903096
0.06318713805872042 -0.4650683620959519
0.0640846475822694 -0.47167418880224365
0.06490056533095027 -0.47767948580796343
0.065642308738842 -0.48313884672225416
0.06631662092783447 -0.4881019020988821
0.06692963200873671 -0.4926137706230893
0.06748691480955693 -0.4967154692814595
0.06799353553757531 -0.5004442862436141
0.06845409983577384 -0.503834119845573
0.07259179730523403 -0.5071041391303295
0.07714326452164025 -0.5107011603435616
0.08214987845968708 -0.5146578836781169
0.08765715379153859 -0.5190102793461278
0.09371515665657525 -0.5237979145809396
0.10037895980811558 -0.5290643133392328
0.10770914327480995 -0.5348573519733552
0.11577234508817374 -0.5412296944708899
0.12464186708287393 -0.5482392712181781
0.13439834127704414 -0.5559498056401949
0.14513046289063136 -0.5644313935044136
0.1569357966655773 -0.5737611401550541
0.16992166381801788 -0.5840238614707587
0.1842061176857025 -0.5953128549180338
0.19849057155338715 -0.6066018483653088
0.2114764387058277 -0.6168645696810134
0.22328177248077363 -0.6261943163316539
0.23401389409436085 -0.6346759041958726
0.24377036828853108 -0.6423864386178896
0.25263989028323125 -0.6493960153651778
0.26070309209659503 -0.6557683578627124
0.26803327556328943 -0.6615613964968349
0.27469707871482973 -0.6668277952551279
0.2807550815798664 -0.6716154304899399
0.2862623569117179 -0.6759678261579507
0.2912689708497648 -0.679924549492506
0.295820438066171 -0.6835215707057382
0.29995813553563117 -0.6867915899904946
0.3063377219224848 -0.6854644694228378
0.31335526694802385 -0.6840046367984152
0.32107456647611676 -0.6823988209115505
0.32956579595701896 -0.6806324234359992
0.3389061483860114 -0.6786893862128928
0.3491805360579031 -0.6765520452674757
0.36048236249698395 -0.674200970227517
0.37291437157997287 -0.6716147876835623
0.3865895815712607 -0.6687699868852123
0.4016323125616773 -0.6656407060070272
0.4181793166511356 -0.6621984970410236
0.4363810211495397 -0.6584120671784196
0.4564028960977842 -0.6542469943295552
0.47842695854085326 -0.6496654141958045
0.5004510209839222 -0.6450838340620537
0.5204728959321668 -0.6409187612131894
0.5386746004305709 -0.6371323313505853
0.5552216045200292 -0.6336901223845818
0.5702643355104459 -0.6305608415063967
0.5839395455017337 -0.6277160407080467
0.5963715545847226 -0.625129858164092
0.6076733810238035 -0.6227787831241333
0.6179477686956951 -0.6206414421787162
0.6272881211246876 -0.6186984049556098
0.6357793506055898 -0.6169320074800585
0.6434986501336828 -0.6153261915931938
0.6505161951592218 -0.6138663589687712
0.6568957815460754 -0.6125392384011143
0.6592042123626414 -0.6104739560647106
0.661743486260864 -0.6082021454946663
0.6645366875489089 -0.6057031538676176
0.6676092089657584 -0.6029542630778641
0.6709889825242926 -0.5999304832091354
0.6747067334386803 -0.5966043253535337
0.6787962594445068 -0.5929455517123718
0.683294738050916 -0.5889209007070937
0.688243064517966 -0.5844937846012879
0.6936862236317212 -0.5796239568849013
0.6996736986568517 -0.5742671463968763
0.7062599211844953 -0.5683746548600486
0.7135047659649034 -0.5618929141695382
0.7214740952233523 -0.5547629994099769
0.7302403574076459 -0.5469200931744593
0.7398832458103689 -0.5382928963153899
0.7504904230533643 -0.5288029797704137
0.7621583180206593 -0.5183640715709398
0.7749930024846836 -0.5068812725515186
0.7891111553951105 -0.49425019363015515
0.8046411235965799 -0.4803560068166554
0.8217240886181963 -0.4650724013218057
0.8405153501419745 -0.448260435277471
0.8611857378181305 -0.42976727262870285
0.883923164261902 -0.40942479371505786
0.9089343333500506 -0.3870480669100484
0.9364466193470142 -0.362433667424538
0.9667101339436741 -0.33535782799047653
1.0 -0.3055744046130089
