# CURVE 2D, normalized by CHORD
# COLUMN#1 = X-coordinate, COLUMN#2 = Y-coordinate
#-------------------------------------------------------------------------------
0.0 0.0
0.01480555421876991 -0.020136752432885534
0.028265148963106185 -0.03844289100823601
0.04050114418523008 -0.055084835167645535
0.05162477620534269 -0.07021387531256328
0.061737168950899625 -0.08396754817157942
0.07093025326504229 -0.09647088713432135
0.07928760264153561 -0.10783755891863221
0.08688519298380228 -0.11817089690436934
0.09379209329495379 -0.12756484052776673
0.10007109357781879 -0.1361047892763098
0.10577927565315062 -0.14386837904771263
0.11096853208527047 -0.1509261879308061
0.11568603793265214 -0.15734237782452742
0.11997467961209002 -0.16317527772791043
0.12387344477521536 -0.16847791400371318
0.12741777674169297 -0.17329849243626114
0.13063989671121803 -0.17768083646585017
0.13356909668351355 -0.1816647855836584
0.13623200574923677 -0.1852865575089386
0.1386528321726215 -0.18857907744101154
0.14085358346660765 -0.19157227737925964
0.14285426646114047 -0.19429336823221247
0.14467306918344305 -0.1967670871894423
0.14632652620371814 -0.19901592260510578
0.14782966894942276 -0.20106031843752714
0.14919616235460878 -0.20291886010336474
0.15043842908659605 -0.20460844343594436
0.15156776247931175 -0.20614442828374405
0.1525944291999624 -0.2075407781453801
0.15660651999192066 -0.21402688081610774
0.1610198198630747 -0.22116159375390812
0.16587444972134419 -0.22900977798548855
0.17121454256544055 -0.237642780640227
0.17708864469394664 -0.24713908356043932
0.18355015703530328 -0.25758501677267287
0.19065782061079561 -0.26907554330612976
0.19847625054383716 -0.28171512249293235
0.20707652347018288 -0.2956186595984152
0.21653682368916316 -0.3109125504144463
0.22694315393004147 -0.3277358303120806
0.2383901171950076 -0.3462414381994783
0.2509817767864704 -0.3665976068756157
0.26483260233707945 -0.388989392419367
0.2786834278876885 -0.41138117796311824
0.29127508747915126 -0.43173734663925567
0.3027220507441174 -0.45024295452665336
0.31312838098499574 -0.46706623442428763
0.32258868120397605 -0.4823601252403188
0.33118895413032173 -0.4962636623458016
0.3390073840633633 -0.5089032415326042
0.3461150476388556 -0.5203937680660611
0.35257655998021226 -0.5308397012782946
0.35845066210871834 -0.540336004198507
0.3637907549528147 -0.5489690068532455
0.3686453848110842 -0.5568171910848259
0.37305868468223824 -0.5639519040226262
0.3770707754741965 -0.5704380066933539
0.3818036923959516 -0.5730629269958134
0.3870099010098822 -0.5759503393285188
0.3927367304852059 -0.5791264928944947
0.39903624290806194 -0.5826202618170683
0.4059657065732036 -0.5864634076318992
0.4135881166048594 -0.5906908680282132
0.42197276763968083 -0.5953410744641586
0.43119588377798435 -0.6004563015436986
0.44134131153011824 -0.6060830513311926
0.45250128205746554 -0.6122724760974358
0.4647772496375476 -0.6190808433403036
0.4782808139756378 -0.626570047307458
0.49313473474753705 -0.6348081716713279
0.5094740475966263 -0.6438701084715848
0.5258133604457155 -0.6529320452718417
0.5406672812176148 -0.6611701696357115
0.554170845555705 -0.668659373602866
0.5664468131357869 -0.6754677408457337
0.5776067836631342 -0.681657165611977
0.5877522114152682 -0.687283915399471
0.5969753275535717 -0.6923991424790109
0.6053599785883931 -0.6970493489149563
0.612982388620049 -0.7012768093112703
0.6199118522851906 -0.7051199551261013
0.6262113647080466 -0.7086137240486748
0.6319381941833703 -0.7117898776146507
0.6371444027973009 -0.7146772899473561
0.641877319719056 -0.7173022102498157
0.6461727681719166 -0.7136442793277187
0.6508977614700632 -0.7096205553134118
0.6560952540980245 -0.7051944588976744
0.6618124959887818 -0.7003257528403632
0.668101462068615 -0.694970176177321
0.6750193247564313 -0.6890790418479745
0.6826289737130294 -0.6825987940856934
0.6909995875652873 -0.675470521547184
0.700207262802771 -0.6676294217548239
0.710335705564003 -0.6590042119832277
0.7214769926013583 -0.6495164812344718
0.7337324083424491 -0.6390799774108403
0.747213365657649 -0.6275998232048458
0.7620424187043688 -0.6149716535782517
0.7768714717510887 -0.6023434839516576
0.7903524290662886 -0.590863329745663
0.8026078448073793 -0.5804268259220315
0.8137491318447345 -0.5709390951732757
0.8238775746059666 -0.5623138854016795
0.8330852498434502 -0.5544727856093192
0.8414558636957081 -0.5473445130708099
0.8490655126523062 -0.5408642653085287
0.8559833753401227 -0.5349731309791823
0.8622723414199558 -0.52961755431614
0.8679895833107132 -0.5247488482588288
0.8731870759386744 -0.5203227518430914
0.877912069236821 -0.5162990278287847
0.8822075176896815 -0.5126410969066876
0.8830000343114539 -0.5095745646611305
0.8838718025954034 -0.5062013791910176
0.8848307477077479 -0.5024908751738936
0.885885587331327 -0.49840932075505706
0.8870459109172639 -0.49391961089433695
0.8883222668617945 -0.4889809300475448
0.8897262584007781 -0.4835483811160734
0.8912706490936602 -0.47757257729145486
0.8929694788558303 -0.4709991930843745
0.8948381915942176 -0.4637684704565861
0.8968937756064436 -0.45581467556601885
0.8991549180198921 -0.4470655011863949
0.9016421746746854 -0.43744140936880854
0.9043781569949583 -0.42685490836946355
0.9073877375472582 -0.41520975727018405
0.9106982761547883 -0.40240009106097663
0.9143398686230713 -0.38830945823084845
0.9183456203381826 -0.37280976211770744
0.922751947224805 -0.35576009639325235
0.9275989068000897 -0.33700546409635174
0.932930562332903 -0.31637536856976106
0.9387953834189974 -0.2936822634905113
0.9452466866137014 -0.2687198479033366
0.9523431201278757 -0.24126119075744434
0.9601491969934675 -0.21105666789696292
0.9687358815456184 -0.17783169275043337
0.9781812345529844 -0.14128422008925082
0.9885711228610871 -0.10108200016195001
1.0 -0.05685955824191913
