# CURVE 2D, normalized by CHORD
# COLUMN#1 = X-coordinate, COLUMN#2 = Y-coordinate
#-------------------------------------------------------------------------------
0.0 0.0
0.0118320351719959 -0.061964316418267974
0.022588430782901257 -0.11829551316214793
0.032366972247360674 -0.16950569202022062
0.04125655539686923 -0.21606040007301394
0.049337994623695196 -0.2583828619391897
0.056684757557173344 -0.29685782727207677
0.06336363295124439 -0.3318350684837923
0.06943533785494534 -0.36363256049444276
0.07495506958558255 -0.3925393714132159
0.07997300752252548 -0.41881829043028235
0.08453476928338269 -0.4427082168094337
0.08868182542961651 -0.46442633169957126
0.09245187647164727 -0.4841700725087873
0.09587919560076613 -0.5021189277898926
0.09899494026360146 -0.518436068954534
0.10182743541163358 -0.5332698336496625
0.10440243100075368 -0.5467550742815974
0.10674333608177196 -0.5590143839469929
0.1088714316099704 -0.5701592109155341
0.11080606390833263 -0.5802908717960262
0.11256482054320736 -0.5895014725964737
0.11416369021127531 -0.5978747460514258
0.11561720809133708 -0.605486812828655
0.11693858798230233 -0.612406873535227
0.11813984242863437 -0.6186978378139288
0.11923189192529987 -0.6244168962491123
0.12022466419499576 -0.6296160402810973
0.12112718444017385 -0.6343425348556291
0.12194765739033575 -0.6386393481052035
0.12194765739033576 -0.6386393481052035
0.13107945135808813 -0.6414589458861923
0.14112442472261574 -0.6445605034452802
0.15217389542359613 -0.6479722167602767
0.16432831319467453 -0.6517251014067729
0.1776981727428608 -0.6558532745179187
0.19240501824586567 -0.660394264940179
0.20858254829917106 -0.6653893544046655
0.22637783135780695 -0.6708839528156006
0.24595264272230646 -0.6769280110676292
0.26748493522325595 -0.6835764751448606
0.29117045697430033 -0.6908897856298153
0.3172245309004492 -0.6989344271632654
0.34588401221921294 -0.7077835328500605
0.37740944166985313 -0.717517549105535
0.4089348711204933 -0.7272515653610095
0.43759435243925704 -0.7361006710478046
0.46364842636540593 -0.7441453125812547
0.4873339481164503 -0.7514586230662094
0.5088662406173998 -0.7581070871434408
0.5284410519818993 -0.7641511453954694
0.5462363350405353 -0.7696457438064045
0.5624138650938406 -0.774640833270891
0.5771207105968454 -0.7791818236931513
0.5904905701450317 -0.7833099968042971
0.6026449879161101 -0.7870628814507933
0.6136944586170905 -0.7904745947657899
0.6237394319816181 -0.7935761523248777
0.6328712259493705 -0.7963957501058665
0.6353412957709701 -0.7981912391152644
0.6380583725747297 -0.8001662770256022
0.6410471570588654 -0.8023388187269735
0.6443348199914145 -0.8047286145984822
0.6479512492172186 -0.8073573900571416
0.651929321365603 -0.8102490430616671
0.6563052007288259 -0.8134298613666451
0.6611186680283712 -0.8169287615021208
0.6664134820578709 -0.8207775516511441
0.6722377774903205 -0.8250112208150697
0.6786445024660153 -0.8296682568953879
0.6856918999392794 -0.834790996583738
0.6934440371598698 -0.8404260102409231
0.7019713881025194 -0.8466245252638266
0.711351474139434 -0.8534428917890206
0.72166956878004 -0.8609430949667338
0.7330194728847066 -0.8691933184622185
0.7455043673998398 -0.8782685643072515
0.7592377513664864 -0.888251334736788
0.7743444737297976 -0.899232382209278
0.79096186832944 -0.911311534429017
0.8092410023890466 -0.9245986018707301
0.8293480498546139 -0.9392143760566143
0.8514658020667378 -0.9552917276610869
0.8757953295000743 -0.9729768144260069
0.9025578096767444 -0.9924304098674188
0.9319965378710814 -1.013829364852972
0.9643791388848522 -1.0373682153370805
1.0 -1.0632609508695998
