# CURVE 2D, normalized by CHORD
# COLUMN#1 = X-coordinate, COLUMN#2 = Y-coordinate
#-------------------------------------------------------------------------------
0.0 0.0
0.027610019614600644 -0.007207862931308137
0.05271003744605576 -0.013760465596133715
0.07552823547465133 -0.019717377109611512
0.09627205186428366 -0.02513275121277314
0.1151300667639494 -0.030055818579283716
0.13227371667273646 -0.034531334367020605
0.14785885295345194 -0.03859998508314505
0.1620271586631933 -0.04229875846143999
0.17490743658114 -0.0456612797144354
0.1866167801429097 -0.04871811721715849
0.1972616379263367 -0.05149706040145221
0.2069387813658158 -0.05402337238717378
0.215736184492615 -0.05632001964692066
0.22373382369879607 -0.058407880792145095
0.2310044047953243 -0.06030593637871276
0.23761402397398637 -0.062031441457410644
0.24362276868186095 -0.06360008243804507
0.24908526387083782 -0.06502611969316728
0.25405116858808957 -0.06632251719782385
0.25856562742195477 -0.06750106038387527
0.26266968090728676 -0.06857246328028566
0.266400638621225 -0.069546465913386
0.2697924183611688 -0.07043192285256812
0.2728758544883904 -0.07123688370637006
0.2756789782404101 -0.07196866630073546
0.278227272560428 -0.072633923204704
0.28054390376044425 -0.07323870220831177
0.2826499321240954 -0.07378850130250066
0.28456450336377825 -0.07428831866085418
0.2896817064470566 -0.07623431497430677
0.29531062983866274 -0.07837491091910462
0.3015024455694295 -0.08072956645838227
0.30831344287327295 -0.08331968755158767
0.31580553990750077 -0.0861688207541136
0.3240468466451513 -0.08930286727689213
0.33311228405656695 -0.09275031845194853
0.34308426520912416 -0.09654251474451056
0.3540534444769371 -0.10071393066632878
0.36611954167153127 -0.10530248818032883
0.37939224858558496 -0.1103499014457289
0.3939922261910439 -0.11590205603766895
0.41005220155704886 -0.12200942608880304
0.42771817445965427 -0.12872753314505053
0.4453841473622597 -0.13544564020129804
0.4614441227282646 -0.1415530102524321
0.4760441003337236 -0.14710516484437217
0.48931680724777726 -0.15215257810977223
0.5013829044423714 -0.1567411356237723
0.5123520837101844 -0.1609125515455905
0.5223240648627416 -0.16470474783815253
0.5313895022741573 -0.16815219901320894
0.5396308090118078 -0.17128624553598745
0.5471229060460355 -0.1741353787385134
0.553933903349879 -0.17672549983171879
0.5601257190806458 -0.17908015537099642
0.5657546424722519 -0.18122075131579427
0.5708718455555303 -0.18316674762924687
0.5754608206327454 -0.1837417592431292
0.580508693217682 -0.18437427201839976
0.5860613530611122 -0.18507003607119737
0.5921692788888855 -0.18583537652927476
0.598887997299436 -0.18667725103315988
0.6062785875510417 -0.18760331298743352
0.6144082368278079 -0.18862198113713452
0.6233508510322507 -0.18974251610180562
0.6331877266571379 -0.19097510456294384
0.6440082898445136 -0.19233095187019586
0.6559109093506271 -0.19382238390817308
0.6690037908073518 -0.19546295914994805
0.6834059604097491 -0.1972675919159005
0.6992483469723861 -0.1992526879584482
0.7150907335350232 -0.2012377840009959
0.7294929031374204 -0.20304241676694834
0.7425857845941451 -0.20468299200872328
0.7544884041002586 -0.20617442404670053
0.7653089672876344 -0.20753027135395255
0.7751458429125215 -0.20876285981509074
0.7840884571169644 -0.20988339477976184
0.7922181063937306 -0.21090206292946284
0.7996086966453363 -0.21182812488373648
0.8063274150558868 -0.2126699993876216
0.8124353408836601 -0.21343533984569898
0.8179880007270903 -0.2141311038984966
0.8230358733120269 -0.21476361667376717
0.827624848389242 -0.2153386282876495
0.8287846012881763 -0.2150856284925837
0.8300603294770039 -0.21480732871801134
0.8314636304847144 -0.21450119896598174
0.8330072615931959 -0.21416445623874916
0.8347052558125255 -0.21379403923879337
0.8365730494537882 -0.21338658053884196
0.8386276224591771 -0.21293837596889542
0.8408876527651048 -0.21244535094195421
0.8433736861016253 -0.2119030234123189
0.8461083227717979 -0.21130646312972004
0.8491164231089878 -0.21065024681886133
0.8524253334798967 -0.20992840887691672
0.8560651348878964 -0.20913438714077764
0.860068916436696 -0.20826096323102467
0.8644730761403757 -0.20730019693029642
0.8693176518144233 -0.2062433539994953
0.8746466850558757 -0.20508082677561412
0.8805086216214734 -0.20380204682934477
0.8869567518436308 -0.20239538888844852
0.8940496950880039 -0.20084806515346265
0.9018519326568144 -0.19914600904497817
0.9104343939825058 -0.19727374732564526
0.9198751014407665 -0.19521425943437903
0.9302598796448532 -0.1929488227539862
0.9416831356693486 -0.1904568424055541
0.9542487172962935 -0.18771566402227877
0.9680708570859329 -0.1847003678006759
0.9832752108545363 -0.18138354195691275
1.0 -0.1777350335287733
