# CURVE 2D, normalized by CHORD
# COLUMN#1 = X-coordinate, COLUMN#2 = Y-coordinate
#-------------------------------------------------------------------------------
0.0 0.0
0.03307546701041079 -0.008278926422302045
0.0631440733835115 -0.015805223169849354
0.09047917008633032 -0.02264731112216509
0.11532925799798378 -0.02886739107881576
0.13792024700857786 -0.034522009221225454
0.15845750974548156 -0.03966257116887064
0.17712774859721217 -0.044335809303093526
0.19410069300787638 -0.04858420760693252
0.20953064247211658 -0.052446387883149787
0.22355786925778948 -0.05595746086152911
0.23630989360840118 -0.0591493453873285
0.2479026430180482 -0.062051058592600676
0.2584415061177273 -0.06468897968830266
0.26802229075379924 -0.06708708977530445
0.27673209496841006 -0.06926718985439699
0.28465009879987446 -0.0712490990172084
0.29184828410120567 -0.07305083461976421
0.29839208892059776 -0.07468877607663313
0.30434100239277234 -0.0761778137646958
0.30974910554929475 -0.07753148439020731
0.3146655629643151 -0.07876209404976323
0.31913506970524264 -0.07988083010390497
0.3231982576515404 -0.08089786288039746
0.32689206487544753 -0.08182243813175429
0.3302500714426358 -0.08266296108753321
0.33330280468553425 -0.08342707286551404
0.33607801672453275 -0.08412171993640571
0.33860093675998604 -0.08475321727357996
0.3408945004285799 -0.08532730576192019
0.34299798952155536 -0.09074330209492551
0.34531182752382833 -0.09670089806123133
0.34785704932632866 -0.10325425362416776
0.35065679330907895 -0.11046294474339785
0.35373651169010434 -0.11839250497455091
0.3571242019092322 -0.1271150212288193
0.3608506611502729 -0.13670978910851453
0.3649497663154177 -0.14726403377617928
0.36945878199707693 -0.1588737029106105
0.3744186992469021 -0.17164433895848485
0.37987460822170976 -0.18569203861114664
0.3858761080939982 -0.20114450822907462
0.39247775795351547 -0.2181422248087954
0.39973957279898453 -0.23683971304648826
0.4070013876444536 -0.25553720128418117
0.41360303750397087 -0.27253491786390194
0.4196045373762593 -0.2879873874818299
0.425060446351067 -0.3020350871344917
0.43002036360089213 -0.31480572318236605
0.43452937928255136 -0.3264153923167973
0.43862848444769614 -0.33696963698446203
0.44235494368873685 -0.34656440486415724
0.4457426339078647 -0.35528692111842564
0.4488223522888901 -0.36321648134957873
0.4516220962716404 -0.3704251724688088
0.45416731807414074 -0.37697852803174525
0.4564811560764137 -0.38293612399805105
0.4585846451693892 -0.38835212033105637
0.4593545009716514 -0.39400763690559354
0.4602013423541399 -0.4002287051375844
0.46113286787487723 -0.4070718801927744
0.4621575459476883 -0.41459937275348335
0.4632846918277805 -0.4228796145702632
0.46452455229588185 -0.43198788056872106
0.4658883988107934 -0.44200697316702464
0.4673886299771961 -0.4530279750251587
0.46903888426023904 -0.4651510770691061
0.47085416397158625 -0.4784864893174482
0.47285097165406825 -0.49315544279062457
0.4750474601047984 -0.5092912916111185
0.47746359740060157 -0.527040725313662
0.4801213484259851 -0.5465651023864597
0.4827790994513686 -0.5660894794592575
0.4851952367471718 -0.5838389131618009
0.48739172519790197 -0.5999747619822948
0.4893885328803839 -0.6146437154554713
0.4912038125917312 -0.6279791277038134
0.4928540668747741 -0.6401022297477608
0.4943542980411768 -0.6511232316058948
0.4957181445560883 -0.6611423242041984
0.49695800502418974 -0.6702505902026562
0.4980851509042819 -0.6785308320194361
0.49910982897709294 -0.686058324580145
0.5000413544978303 -0.6929014996353351
0.5008881958803187 -0.6991225678673259
0.501658051682581 -0.7047780844418631
0.5038990407149315 -0.7083165701065283
0.506364128650517 -0.7122089043376599
0.5090757253796611 -0.7164904719919047
0.5120584817817195 -0.7212001964115742
0.5153395138239839 -0.7263808932732104
0.5189486490704747 -0.7320796598210103
0.5229186978416145 -0.7383483030235902
0.5272857514898683 -0.7452438105464281
0.5320895105029475 -0.7528288688215498
0.5373736454173346 -0.7611724329241836
0.5431861938231605 -0.7703503534370808
0.5495799970695688 -0.7804460660012678
0.556613180640618 -0.7915513498218735
0.5643496825687723 -0.8037671620245397
0.5720861844969265 -0.8159829742272059
0.5791193680679757 -0.8270882580478115
0.5855131713143841 -0.8371839706119985
0.59132571972021 -0.8463618911248957
0.596609854634597 -0.8547054552275295
0.6014136136476762 -0.8622905135026512
0.60578066729593 -0.8691860210254891
0.6097507160670699 -0.875454664228069
0.6133598513135606 -0.8811534307758688
0.616640883355825 -0.8863341276375052
0.6196236397578835 -0.8910438520571745
0.6223352364870275 -0.8953254197114193
0.624800324422613 -0.899217753942551
0.6270413134549635 -0.9027562396072162
0.6295506073634036 -0.9028916676002289
0.6323108306626878 -0.9030406383925428
0.6353470762919003 -0.903204506264088
0.6386869464840341 -0.9033847609227879
0.6423608036953814 -0.9035830410473576
0.6464020466278633 -0.9038011491843845
0.6508474138535935 -0.904041068135114
0.6557373178018966 -0.9043049789809163
0.66111621214503 -0.904595280911299
0.6670329959224768 -0.90491461303472
0.6735414580776683 -0.905265878370483
0.6807007664483788 -0.9056522702398223
0.6885760056561605 -0.9060773012960956
0.6972387687847204 -0.9065448354579961
0.7067678082261362 -0.9070591230360868
0.7172497516116936 -0.9076248393719866
0.7287798893358067 -0.9082471273414763
0.7414630408323312 -0.9089316441079148
0.7554145074785081 -0.9096846125509974
0.7707611207893026 -0.9105128778383882
0.7876423954311766 -0.911423969654518
0.8062117975372382 -0.9124261706522608
0.8266381398539058 -0.913528591749778
0.8491071164022401 -0.9147412549570467
0.873822990605408 -0.9160751844850424
0.9010104522288925 -0.9175425069658377
0.9309166600147256 -0.9191565616947125
0.963813488579142 -0.9209320218964748
1.0 -0.9228850281184133
