# CURVE 2D, normalized by CHORD
# COLUMN#1 = X-coordinate, COLUMN#2 = Y-coordinate
#-------------------------------------------------------------------------------
0.0 0.0
0.006060379772269187 -0.002846819099730905
0.011569815928877536 -0.005434836463122636
0.016578394253066946 -0.007787579520751482
0.021131647275057317 -0.009926436845868613
0.02527096820413947 -0.011870852595975097
0.029033987230577794 -0.013638503277890084
0.032454913618248996 -0.015245458443267343
0.03556484669795009 -0.016706326775428486
0.03839205858858745 -0.01803438889557498
0.04096225121643959 -0.019241718095708158
0.04329878996903244 -0.020339290095829226
0.04542291610775322 -0.02133708282321202
0.04735393987022666 -0.02224416712083274
0.04910941601792978 -0.023068789209578847
0.05070530342493262 -0.02381844565389349
0.05215611015857156 -0.024499951512361347
0.0534750253709706 -0.025119502292786672
0.05467403920042427 -0.025682730274991513
0.05576405177265488 -0.026194755713359552
0.05675497229286453 -0.026660233384603223
0.057655809129418756 -0.02708339490391565
0.058474751708104414 -0.027468087194199676
0.05921924496145502 -0.027817807458094243
0.05989605700995556 -0.02813573497072567
0.0605113406904106 -0.028424759982208784
0.061070689490824275 -0.02868750999264798
0.06157918840029125 -0.02892637363850179
0.06204146013617032 -0.029143522407459807
0.062461707168787656 -0.029340930379239818
0.06647607059871437 -0.029330806679862636
0.07089187037163373 -0.029319670610547736
0.07574925012184505 -0.02930742093430135
0.0810923678470775 -0.02929394629043032
0.08696979734483319 -0.02927912418217219
0.09343496979236444 -0.02926281986308825
0.10054665948464885 -0.02924488511209591
0.10836951814616168 -0.029225156886004338
0.11697466267382578 -0.029203455837303608
0.1264403216542563 -0.029179584683732808
0.13685254653272988 -0.029153326414804927
0.14830599389905083 -0.029124442318984256
0.16090478600200386 -0.02909266981358152
0.17476345731525222 -0.029057720057638507
0.18862212862850058 -0.029022770301695498
0.20122092073145362 -0.02899099779629276
0.21267436809777457 -0.02896211370047209
0.22308659297624814 -0.02893585543154421
0.23255225195667867 -0.028911984277973406
0.24115739648434276 -0.02889028322927268
0.2489802551458556 -0.028870555003181107
0.25609194483813996 -0.02885262025218877
0.2625571172856712 -0.028836315933104827
0.26843454678342693 -0.028821493824846695
0.27377766450865937 -0.02880801918097567
0.2786350442588707 -0.028795769504729278
0.28305084403179004 -0.028784633435414382
0.28706520746171676 -0.0287745097360372
0.28706520746171676 -0.028774509736037193
0.2912820797010059 -0.026123134434774986
0.2959206391642239 -0.02320662160338656
0.3010230545737637 -0.019998457488859284
0.3066357115242575 -0.016469476962879287
0.3128096341698007 -0.01258759838430129
0.31960094907989817 -0.008317531947865497
0.32707139548100544 -0.003620458867786114
0.33528888652222344 0.0015463215203012012
0.3443281266675632 0.00722977994719725
0.3542712908274369 0.013481584216782909
0.3652087714032981 0.02035856891332713
0.3772400000367453 0.02792325207952577
0.39047435153353727 0.036244403562344284
0.4050321381800085 0.045397670193444664
0.4195899248264797 0.05455093682454505
0.4328242763232717 0.06287208830736356
0.44485550495671894 0.0704367714735622
0.4557929855325801 0.07731375617010643
0.4657361496924538 0.08356556043969209
0.4747753898377936 0.08924901886658813
0.4829928808790116 0.09441579925467544
0.4904633272801189 0.09911287233475483
0.49725464219021637 0.10338293877119063
0.5034285648357595 0.10726481734976863
0.5090412217862533 0.11079379787574863
0.5141436371957931 0.1140019619902759
0.5187821966590112 0.11691847482166433
0.5229990688983003 0.11956985012292654
0.526163948181944 0.12444343136540126
0.5296453153939521 0.12980437073212345
0.5334748193271611 0.1357014040355179
0.5376872736536908 0.14218814066925173
0.5423209734128737 0.14932355096635896
0.5474180431479748 0.15717250229317692
0.553024819856586 0.1658063487526767
0.5591922742360583 0.17530357985812645
0.5659764740534778 0.18575053407412118
0.5734390938526394 0.19724218371171537
0.5816479756317171 0.209882998313069
0.5906777455887025 0.22378789437455798
0.6006104925413864 0.23908328004219584
0.6115365141893389 0.25590820427659755
0.6224625358372913 0.2727331285109993
0.6323952827899753 0.2880285141786372
0.6414250527469606 0.30193341024012615
0.6496339345260383 0.31457422484147973
0.6570965543251999 0.326065874479074
0.6638807541426194 0.3365128286950687
0.6700482085220917 0.3460100598005184
0.6756549852307029 0.3546439062600182
0.680752054965804 0.3624928575868362
0.6853857547249869 0.36962826788394343
0.6895982090515166 0.37611500451767726
0.6934277129847256 0.38201203782107174
0.6969090801967337 0.3873729771877939
0.7000739594803774 0.3922465584302686
0.7023733118350135 0.39639754011366846
0.7049025994251132 0.4009636199654083
0.7076848157742228 0.4059863078023221
0.7107452537582435 0.4115112644229273
0.7141117355406662 0.41758871670559294
0.7178148655013312 0.42427391421652527
0.7218883084580626 0.43162763147855077
0.7263690957104673 0.4397167204667788
0.7312979616881123 0.44861471835382966
0.7367197142635219 0.4584025160295856
0.7426836420964724 0.46916909347291713
0.749243962712718 0.48101232866058186
0.7564603153905882 0.494039887367013
0.7643983033362454 0.5083702019440873
0.7723362912819026 0.5227005165211617
0.7795526439597728 0.5357280752275928
0.7861129645760183 0.5475713104152575
0.7920768924089688 0.5583378878585891
0.7974986449843785 0.568125685534345
0.8024275109620236 0.5770236834213959
0.8069082982144282 0.5851127724096239
0.8109817411711596 0.5924664896716494
0.8146848711318246 0.5991516871825816
0.8180513529142474 0.6052291394652474
0.8211117908982679 0.6107540960858525
0.8238940072473776 0.6157767839227664
0.8264232948374773 0.6203428637745061
0.8287226471921134 0.624493845457906
0.8298750140186806 0.6237250950830123
0.8311426175279046 0.6228794696706292
0.8325369813880509 0.6219492817170079
0.8340707816342119 0.6209260749680245
0.835757961904989 0.6198005475441427
0.8376138602028438 0.6185624673778727
0.8396553483304839 0.6172005791949757
0.8419009852708883 0.615702502193789
0.8443711859053329 0.6140546174924837
0.8470884066032222 0.6122419443210477
0.8500773493709002 0.6102480038324682
0.8533651864153461 0.6080546692950308
0.8569818071642366 0.6056420013038496
0.8609600899880161 0.6029880665135503
0.8653362010941736 0.6000687382442211
0.8701499233109469 0.596857477147959
0.8754450177493974 0.5933250899420706
0.8812696216316931 0.5894394640155934
0.8876766859022183 0.5851652754964685
0.8947244565997959 0.580463668125431
0.9024770043671314 0.5752919000172899
0.9110048069112004 0.5696029550983347
0.9203853897096763 0.5633451156874839
0.9307040307879998 0.556461492335548
0.9420545359741557 0.5488895066484185
0.9545400916789272 0.5405603223925761
0.9682742029541758 0.5313982197111494
0.9833817253569492 0.5213199067615801
1.0 0.5102337625170539
