# CURVE 2D, normalized by CHORD
# COLUMN#1 = X-coordinate, COLUMN#2 = Y-coordinate
#-------------------------------------------------------------------------------
0.0 0.0
0.021011320907947217 0.01890310062500839
0.04011252173335377 0.0360877375568342
0.05747724975645064 0.05171013476758493
0.07326336614108415 0.06591231405008559
0.08761438103620553 0.07882338612508619
0.1006607582135886 0.09056072437508673
0.11252110110211866 0.10123103187508724
0.12330323100078235 0.11093131142054223
0.1331051672722948 0.11974974737095587
0.14201601842821518 0.12776650732587735
0.15011679220632462 0.1350544709212605
0.15748113200460595 0.14167989237160883
0.1641759863666799 0.14770300278101642
0.1702622176049289 0.15317855769865965
0.1757951550942462 0.15815633489651715
0.18082509826635285 0.16268158689456944
0.18539777387735887 0.16679545234734422
0.18955475170554617 0.17053533003168492
0.19333382245844372 0.17393521883563104
0.19676934132471421 0.17702602683921842
0.19989254029405104 0.17983585229702512
0.20273181208435723 0.1823902390768494
0.20531296825736287 0.18471240887668966
0.20765947386918618 0.1868234723310899
0.20979266078902556 0.18874262092599917
0.21173192162524315 0.19048730146682583
0.2134948860218046 0.1920733746857591
0.2150975809277696 0.19351525943024395
0.21655457629682864 0.19482606374341196
0.21789072084831734 0.20236611408819602
0.21936047985495494 0.21066016946745844
0.22097721476225626 0.21978363038464713
0.22275562316028774 0.2298194373935547
0.22471187239812235 0.240858825103353
0.22686374655974043 0.25300215158413114
0.2292308081375203 0.2663598107129871
0.23183457587307818 0.2810532357547287
0.23469872038219186 0.2972160033006444
0.2378492793422169 0.3149950476011517
0.24131489419824442 0.33455199633170973
0.2451270705398747 0.35606463993532356
0.24932046451566803 0.3797285478992988
0.2539331978890407 0.40575884665967155
0.2585459312624133 0.4317891454200443
0.26273932523820664 0.45545305338401953
0.2665515015798369 0.47696569698763336
0.27001711643586446 0.49652264571819144
0.2731676753958895 0.5143016900186987
0.27603181990500314 0.5304644575646145
0.278635587640561 0.545157882606356
0.2810026492183409 0.558515541735212
0.283154523379959 0.5706588682159901
0.2851107726177936 0.5816982559257884
0.28688918101582506 0.591734062934696
0.2885059159231264 0.6008575238518847
0.28997567492976395 0.609151579231147
0.2913118194812527 0.6166916295759312
0.29262674481324424 0.6241658005109869
0.29407316267843503 0.6323873885395482
0.29566422233014483 0.6414311353709657
0.2974143879470257 0.6513792568855249
0.29933957012559453 0.6623221905515401
0.3014572705220203 0.6743594175841567
0.30378674095808866 0.687600367320035
0.3063491584377639 0.7021654120295012
0.3091678176654066 0.718186961209914
0.31226834281581356 0.735810665308368
0.3156789204812612 0.7551967398166675
0.3194305559132537 0.7765214217757969
0.3235573548884454 0.7999785719308392
0.3280968337611563 0.8257814371013859
0.33263631263386717 0.8515843022719325
0.33676311160905886 0.8750414524269748
0.34051474704105134 0.8963661343861042
0.343925324706499 0.9157522088944037
0.347025849856906 0.9333759129928577
0.3498445090845487 0.9493974621732705
0.3524069265642239 0.9639625068827367
0.3547363970002923 0.977203456618615
0.3568540973967181 0.9892406836512315
0.35877927957528694 1.0001836173172467
0.3605294451921678 1.0101317388318058
0.3621205048438776 1.0191754856632234
0.3635669227090683 1.0273970736917848
0.36488184804105994 1.0348712446268404
0.3684352511446265 1.039171765484496
0.3723439945585497 1.0439023384279171
0.37664361231386523 1.0491059686656805
0.3813731918447123 1.05482996192722
0.3865757293286441 1.0611263545149134
0.39229852056096903 1.0680523863613764
0.3985935909165265 1.0756710213924856
0.40551816830763976 1.0840515199267058
0.41313520343786425 1.093270068314348
0.42151394208111126 1.1034104715407542
0.430730554588683 1.1145649150898012
0.4408688283470118 1.1268348029937527
0.45202092948117356 1.1403316796880996
0.4642882407287515 1.1551782440518812
0.4765555519763295 1.1700248084156628
0.48770765311049125 1.1835216851100094
0.49784592686882007 1.1957915730139612
0.5070625393763918 1.2069460165630082
0.5154412780196388 1.2170864197894145
0.5230583131498633 1.2263049681770566
0.5299828905409765 1.2346854667112765
0.536277960896534 1.2423041017423857
0.542000752128859 1.2492301335888487
0.5472032896127907 1.2555265261765423
0.5519328691436378 1.2612505194380819
0.5562324868989533 1.266454149675845
0.5601412303128765 1.271184722619266
0.5636946334164431 1.2754852434769217
0.5666301285210883 1.2751220250309279
0.569859173136198 1.274722484740335
0.5734111222128186 1.2742829904206825
0.5773182661971015 1.2737995466690648
0.5816161245798126 1.2732677585422854
0.5863437688007946 1.2726827916028278
0.5915441774438751 1.2720393279694249
0.5972646269512635 1.2713315179726814
0.6035571214093907 1.2705529269762637
0.6104788653133306 1.269696476880204
0.6180927836076646 1.2687543817745384
0.626468093731432 1.2677180771583063
0.635680934867576 1.2665781420804512
0.6458150601173346 1.2653242134948104
0.6569625978920689 1.2639448920506053
0.6692248894442767 1.2624276384619801
0.6827134101517053 1.2607586595144922
0.6975507829298767 1.2589227826722555
0.7138718929858652 1.2569033181457951
0.7318251140474527 1.2546819071666886
0.7515736572151988 1.2522383550896716
0.7732970546997195 1.2495504478049528
0.7971927919326924 1.2465937497917623
0.8234781028889626 1.2433413819772525
0.8523919449408598 1.239763777381292
0.8841971711979466 1.235828412325735
0.9191829200807422 1.2314995107646227
0.9576672438518173 1.2267377190473991
1.0 1.221499748158453
