# CURVE 2D, normalized by CHORD
# COLUMN#1 = X-coordinate, COLUMN#2 = Y-coordinate
#-------------------------------------------------------------------------------
0.0 0.0
0.006640303480830973 0.010584106260208153
0.012676943008859128 0.020206021042215562
0.01816479712524836 0.028953216298585934
0.023153755412874934 0.036905211986195355
0.027689172037989998 0.0441342989749312
0.031812278060821875 0.05070619623741833
0.03556055626339631 0.05668064829422481
0.03896808190210035 0.06211196834586707
0.04206583248274037 0.06704953202917821
0.044881969374231306 0.07153822628673379
0.04744209382104124 0.07561885742996613
0.04976947968177755 0.0793285221056319
0.05188528500971965 0.08270094453805532
0.05380874439875792 0.08576678311298572
0.05555734384333817 0.08855390909019516
0.05714697970204748 0.09108765997856738
0.058592103209965045 0.09339106987708758
0.05990585185352646 0.0954850788757423
0.061100168802218656 0.09738872341997387
0.06218591148284793 0.09911930936927531
0.06317295028342 0.1006925693231857
0.06407025828394006 0.1021228056449224
0.06488599282986739 0.10342302048286488
0.06562756968980132 0.1046050339719035
0.06630173047155943 0.10567959168921133
0.06691460390952136 0.10665646234130935
0.06747176158039585 0.10754452657048937
0.0679782685539181 0.10835185768792575
0.06843872943893833 0.10908579506741338
0.06843872943893833 0.1090857950674134
0.0700405409487386 0.11506899602410131
0.07180253360951888 0.12165051707645802
0.0737407255363772 0.1288901902340504
0.07587273665592134 0.13685383070740204
0.07821794888741991 0.14561383522808882
0.08079768234206833 0.15524984020084429
0.0836353891421816 0.1658494456708753
0.0867568666223062 0.17750901168790945
0.09019049185044324 0.19033453430664696
0.093967479601394 0.20444260918725826
0.09812216612743982 0.21996149155593067
0.10269232130609024 0.23703226216147033
0.1077194920026057 0.25581010982756397
0.11324937976877271 0.276465742260267
0.11877926753493973 0.29712137469297006
0.12380643823145518 0.31589922235906365
0.1283765934101056 0.33296999296460333
0.13253127993615144 0.34848887533327577
0.1363082676871022 0.36259695021388705
0.13974189291523922 0.3754224728326246
0.14286337039536381 0.3870820388496587
0.1457010771954771 0.3976816443196897
0.1482808106501255 0.4073176492924452
0.15062602288162408 0.416077653813132
0.15275803400116822 0.4240412942864836
0.15469622592802654 0.431280967444076
0.15645821858880682 0.4378624884964327
0.15806003009860708 0.44384568945312064
0.16227046622554142 0.44846893877758776
0.16690194596516916 0.4535545130345015
0.17199657367875967 0.4591486447171067
0.17760066416370923 0.46530218956797237
0.1837651636971538 0.4720710889039246
0.19054611318394277 0.4795168781734721
0.19800515761941068 0.4877072463699743
0.20621010649842536 0.49671665138612675
0.2152355502653415 0.5066269969038945
0.22516353840894926 0.5175283769734389
0.2360843253669178 0.5295198950499378
0.2480971910206832 0.5427105649340866
0.26131134323982513 0.5572203018066504
0.2758469106808813 0.5731810123664705
0.29038247812193746 0.5891417229262905
0.3035966303410794 0.6036514597988543
0.3156094959948448 0.616842129683003
0.32653028295281333 0.6288336477595019
0.3364582710964211 0.6397350278290463
0.34548371486333723 0.649645373346814
0.3536886637423519 0.6586547783629665
0.3611477081778198 0.6668451465594687
0.3679286576646088 0.6742909358290162
0.37409315719805336 0.6810598351649685
0.37969724768300295 0.6872133800158341
0.38479187539659343 0.6928075116984393
0.38942335513622117 0.697893085955353
0.3936337912631555 0.7025163352798202
0.400033167049353 0.7037942931859595
0.40707248041417016 0.7052000468827129
0.4148157251154691 0.7067463759491415
0.4233332942868979 0.708447337922213
0.4327026203754696 0.7103183960925916
0.44300887907289843 0.7123765600800082
0.45434576364007023 0.7146405404661664
0.46681633666395916 0.7171309188909404
0.480533966990237 0.7198703351581918
0.49562336034914256 0.7228836930521683
0.5122216930439387 0.7261983867355425
0.5304798590082146 0.7298445497872541
0.5505638415689179 0.7338553291441369
0.5726562223856917 0.738267186436708
0.5947486032024655 0.7426790437292791
0.6148325857631689 0.7466898230861618
0.6330907517274447 0.7503359861378734
0.6496890844222408 0.7536506798212477
0.6647784777811464 0.7566640377152242
0.6784961081074242 0.7594034539824756
0.6909666811313132 0.7618938324072495
0.702303565698485 0.7641578127934078
0.7126098243959138 0.7662159767808243
0.7219791504844855 0.7680870349512029
0.7304967196559143 0.7697879969242745
0.7382399643572133 0.7713343259907031
0.7452792777220305 0.7727400796874564
0.7516786535082279 0.7740180375935958
0.7571975728805402 0.7733734745072169
0.7632683841900837 0.7726644551122
0.7699462766305816 0.7718845337776816
0.7772919583151292 0.7710266203097114
0.7853722081681316 0.770082915494944
0.7942604830064341 0.7690448401986999
0.8040375853285671 0.7679029573728314
0.8147923978829132 0.7666468862643762
0.826622691692694 0.7652652080450753
0.8396360148834529 0.7637453620038444
0.8539506703932876 0.7620735313584903
0.8696967914541059 0.7602345176486008
0.887017524621006 0.7582116025677225
0.9060703311045961 0.7559863959787563
0.9251231375881862 0.7537611893897901
0.9424438707550864 0.7517382743089116
0.9581899918159046 0.7498992605990222
0.9725046473257394 0.7482274299536682
0.9855179705164983 0.7467075839124372
0.9973482643262791 0.7453259056931364
1.0 0.8646140964836371
1.005866357983651 0.8523249076390701
1.0081030768806252 0.744069834584681
1.011199410696061 0.8411529177803728
1.0160476404346155 0.8309965633633752
1.017880179202758 0.7429279517588125
1.0204551220151197 0.8217635138933775
1.0244619234519416 0.8133698325570159
1.0267684540410609 0.7418898764625684
1.028104470212689 0.8057392131603236
1.0314158763588226 0.7988022864360578
1.0344262455825808 0.792495989413998
1.0348487038940632 0.7409461716478011
1.0371629448769062 0.7867629921212164
1.039650853326293 0.7815511764005059
1.0419125882802809 0.7768131621089508
1.0421943855786109 0.7400882581798308
1.0439687109657245 0.7725058763893553
1.045837913407037 0.7685901620988138
1.0475371883536846 0.7650304218346854
1.0488722780191087 0.7393083368453124
1.0490819837597278 0.7617942943218412
1.0504863432197673 0.7588523602192557
1.0517630336379848 0.7561778746714507
1.0529236612909099 0.753746524173446
1.0539787773390237 0.7515362055388964
1.0549379737463997 0.7495268249620332
1.0549430893286522 0.7385993174502956
1.055809970480378 0.7477001153467029
1.0566026947839948 0.7460394702418571
1.057323353241828 0.7445297928738156
1.0579784972944037 0.7431573589028687
1.0585740827967454 0.7419096916565534
1.0591155241625103 0.7407754487053576
1.0596077435859332 0.7397443187497251
1.0600552157890448 0.7388069278809684
1.0604620087009644 0.7379547543639167
