# CURVE 2D, normalized by CHORD
# COLUMN#1 = X-coordinate, COLUMN#2 = Y-coordinate
#-------------------------------------------------------------------------------
0.0 0.0
0.031071410489467384 0.007659800089484983
0.05931814729807408 0.01462325471628951
0.084996998942262 0.020953668013384535
0.10834140952788736 0.02670858919256183
0.12956360096936495 0.031940335719086645
0.14885650227979916 0.03669646892501829
0.16639550347110296 0.04102022638495615
0.18234005000865186 0.04495091498489966
0.19683509231551452 0.04852426825757558
0.21001240350357145 0.0517727712327355
0.22199177731089595 0.05472595575560816
0.2328821171357364 0.05741066895821967
0.24278242606740955 0.05985131732423013
0.2517827069143851 0.06207008856605782
0.2599647804116356 0.06408715333135573
0.2674030290454998 0.06592084857253563
0.27416507325810346 0.06758784424633554
0.28031238617865234 0.06910329485888093
0.2859008524700604 0.07048097723392219
0.29098127637134047 0.07173341575668697
0.29559984355432234 0.07287199623192768
0.2997985409933967 0.07390706939123741
0.30361553866528257 0.07484804499060989
0.30708553654881515 0.07570347735367579
0.3102400800792993 0.07648114313828115
0.313107846925194 0.07718811203337693
0.3157149076941892 0.07783081102891855
0.3180849629387303 0.0784150828430473
0.3202395586155858 0.07894623903770978
0.3202395586155858 0.0789462390377098
0.33197245543549664 0.08344122895308427
0.34487864193739853 0.08838571785999622
0.35907544708949063 0.09382465565759934
0.37469193275679197 0.09980748723496279
0.39187006699082344 0.10638860197006257
0.410766014648258 0.11362782817867234
0.4315515570714361 0.1215909770081431
0.454415653736932 0.13035044072056093
0.47956616006897745 0.13998585080422055
0.5072317170342274 0.1505848018962461
0.5376638296960025 0.16224364809747424
0.571139153623955 0.17506837891882518
0.6079620099447028 0.18917558282231123
0.6484671518975255 0.2046935071161459
0.6889722938503481 0.22021143140998056
0.725795150171096 0.2343186353134666
0.7592704740990485 0.24714336613481755
0.7897025867608235 0.25880221233604567
0.8173681437260735 0.26940116342807124
0.842518650058119 0.27903657351173083
0.8653827467236148 0.2877960372241487
0.8861682891467929 0.2957591860536194
0.9050642368042275 0.3029984122622292
0.922242371038259 0.309579526997329
0.9378588567055604 0.3155623585746924
0.9520556618576524 0.3210012963722956
0.9649618483595543 0.3259457852792075
0.9766947451794652 0.3304407751945819
0.9766947451794652 0.330440775194582
0.9768515446751347 0.3351263121076422
0.9770240241203711 0.34028040271200855
0.9772137515101311 0.34594990237681134
0.9774224516388672 0.35218635200809456
0.9776520217804769 0.3590464466025062
0.9779045489362476 0.3665925506563589
0.9781823288075953 0.37489326511559684
0.9784878866660778 0.38402405102075854
0.9788240003104085 0.3940679155164365
0.9791937253191724 0.40511616646168214
0.9796004228288125 0.4172692425014525
0.9800477900894168 0.43063762614519974
0.9805398940760814 0.4453428481533218
0.9810812084614124 0.461518592362256
0.9816766542852767 0.4793119109920837
0.9823316446915273 0.49888456148489413
0.983052134138403 0.5204144770269856
0.9838446725299663 0.5440973841232861
0.9847164647606859 0.5701485819292169
0.9856754362144774 0.5988048995157407
0.9867303048136481 0.6303268488609167
0.9878906602727359 0.6650009931406105
0.9891670512777324 0.7031425518482737
0.9905710813832287 0.7450982664267031
0.9921155144992745 0.7912495524629755
0.9938143909269249 0.8420159671028751
0.9956831549973403 0.8978590232067647
0.9977387954747973 0.9592863849210432
1.0 1.0268564828067497
