# CURVE 2D, normalized by CHORD
# COLUMN#1 = X-coordinate, COLUMN#2 = Y-coordinate
#-------------------------------------------------------------------------------
0.0 0.0
0.04402379458850512 0.009660908500324458
0.08404542603260066 0.01844355259152851
0.1204287273454148 0.0264277744926231
0.15350445581160946 0.033686158039072725
0.18357329987178642 0.04028468853584511
0.21090861265376548 0.04628335262382001
0.23575889700101915 0.0517366836128881
0.2583500645894316 0.056694257239313636
0.27888748966980653 0.06120114235424594
0.297557876106511 0.06529831064054803
0.31453095468533326 0.06902300908264083
0.3299610261206262 0.07240909857545248
0.3439883637890744 0.07548736175073581
0.35674048894220906 0.07828578281917518
0.3683333299905133 0.08082980197230188
0.37887227639806265 0.08314254665696252
0.388453136768562 0.08524504182483583
0.39716300983265235 0.08715640106835702
0.4050810762545527 0.08889400038064903
0.41227931845628024 0.0904736361190963
0.4188231750033053 0.09190966860859381
0.42477213550060083 0.09321515268995519
0.4301802814072331 0.09440195640028372
0.43509677768598976 0.09548086886421873
0.43956631975758664 0.09646169837688694
0.4436295398226748 0.09735336157022167
0.44732337624548213 0.09816396447325323
0.4506814093571252 0.09890087620328195
0.4537341667313462 0.0995707959578535
0.4537341667313462 0.09957079595785351
0.46067756515536495 0.10466914982769404
0.4683153034217856 0.11027733908451859
0.47671681551484835 0.11644634726702563
0.4859584788172173 0.12323225626778335
0.49612430844982325 0.13069675616861687
0.5073067210456897 0.1389077060595337
0.5196073749011428 0.14793975093954226
0.5331380941421413 0.15787500030755164
0.5480218853072396 0.16880377461236196
0.5643940555888477 0.18082542634765336
0.5824034428986167 0.19404924325647385
0.6022137689393625 0.20859544185617643
0.6240051275841829 0.22459626031584923
0.6479756220934855 0.24219716062148938
0.671946116602788 0.25979806092712954
0.6937374752476084 0.27579887938680236
0.7135478012883543 0.2903450779865049
0.7315571885981231 0.3035688948953254
0.7479293588797313 0.3155905466306168
0.7628131500448296 0.3265193209354271
0.776343869285828 0.3364545703034365
0.7886445231412812 0.34548661518344503
0.7998269357371477 0.3536975650743619
0.8099927653697535 0.36116206497519543
0.8192344286721225 0.36794797397595314
0.8276359407651852 0.3741169821584602
0.8352736790316059 0.3797251714152847
0.8422170774556247 0.38482352528512526
0.8432786527471514 0.38744881322002905
0.8444463855678309 0.3903366299484233
0.8457308916705782 0.39351322834965685
0.8471438483836004 0.3970074865910138
0.8486981007679246 0.4008511706565065
0.8504077783906814 0.40507922312854844
0.8522884237757139 0.4097300808477946
0.8543571336992495 0.4148460243389653
0.8566327146151388 0.42047356217925314
0.859135853622617 0.42666385380356975
0.861889306530843 0.433473174590318
0.8649181047298915 0.4409634274557411
0.8682497827488449 0.4492027056077064
0.8719146285696937 0.45826591157486835
0.8759459589726274 0.46823543813874646
0.8803804224158545 0.47920191735901235
0.8852583322034041 0.49126504450130487
0.8906240329697088 0.5045344843578267
0.896526303812644 0.5191308682000007
0.9030188017398727 0.5351868904263919
0.9101605494598243 0.5528485148754224
0.9180164719517709 0.572276301769356
0.9266579866929123 0.5936468673526828
0.9361636529081678 0.6171544894943424
0.9466198857449489 0.6430128738501679
0.9581217418654081 0.671457096641576
0.9707737835979132 0.7027457417121249
0.9846910295036688 0.7371632512897287
1.0 0.7750225118250929
