# CURVE 2D, normalized by CHORD
# COLUMN#1 = X-coordinate, COLUMN#2 = Y-coordinate
#-------------------------------------------------------------------------------
-0.0915837997416581 0.35471485481524717
-0.09096761709437233 0.35232830676976107
-0.09058997118679243 0.35998103254738467
-0.09028981618235798 0.3497031039197263
-0.08954423517914221 0.3468153807846881
-0.08949675977644021 0.36577382805273595
-0.08872409607560484 0.34363888533614606
-0.08829422722505276 0.3721459031086224
-0.08782194306171374 0.34014474034274983
-0.08697144141852656 0.3791551856700975
-0.08682957474643355 0.336301180850014
-0.08573796959962532 0.3320732654080045
-0.08551637703134775 0.38686539648772
-0.08453720393813627 0.3274225584217942
-0.08391580620545105 0.3953466283871048
-0.08321636171049832 0.3223067807369628
-0.08215517829696467 0.40467598347642814
-0.08176343526009656 0.3166794252836482
-0.08021848759762967 0.41493827407468376
-0.08016521616465465 0.3104893342850022
-0.07840717515966854 0.30368023418649154
-0.07808812782836116 0.42622679373276495
-0.07647333005418382 0.2961902240781299
-0.07574473208216581 0.4386441653566543
-0.07434610043815061 0.28795121295893206
-0.07316699676135091 0.4523032741429326
-0.0720061478605141 0.27888830072781445
-0.07033148790845453 0.46732829380783864
-0.06943220002511394 0.26891909727358504
-0.0672124281702685 0.48385581543923534
-0.06660085740617375 0.2579529734739327
-0.06378146245826387 0.5020360892337717
-0.06348638052533954 0.24589023729431517
-0.06035049674625924 0.5202163630283081
-0.06006045595642192 0.23262122749673586
-0.05723143700807321 0.5367438846597048
-0.05629193893061253 0.21802531671939862
-0.054395928155176826 0.5517689043246109
-0.05214657020222221 0.20196981486432763
-0.05181819283436193 0.5654280131108892
-0.04947479708816657 0.5778453847347784
-0.047586664600992847 0.18430876282374956
-0.047344437318898064 0.5891339043928596
-0.04540774661956306 0.5993961949911153
-0.04364711871107669 0.6087255500804386
-0.04257076843964055 0.16488160557911366
-0.04204654788517999 0.6172067819798235
-0.04059148349800118 0.624916992797446
-0.03926869769147498 0.631926275358921
-0.038066165140087524 0.6382983504148074
-0.03705328266215302 0.14351173261001418
-0.036972953729735296 0.6440911459201587
-0.03597912517486964 0.6493573236522963
-0.03597912517486963 0.6493573236522963
-0.032929280766572554 0.6519581245901119
-0.03098404830691674 0.12000487234400475
-0.02957445191744578 0.6548190056217092
-0.02588414018340631 0.6579659747564662
-0.024307890516156835 0.09414732605139439
-0.021824797275962905 0.6614276408046988
-0.017359520077775158 0.6652354734577548
-0.016964116946320933 0.06570402512952297
-0.012447715159768627 0.6694240893761164
-0.008885966019501442 0.034416394115464426
-0.00704472974996144 0.674031566886314
-0.0011014457991735394 0.6790997921475316
0.0 0.0
0.005436166546693148 0.6846748399348708
0.012627540127146508 0.6908073925009439
0.020538051065645206 0.6975532003236244
0.029239613097993774 0.7049735889285729
0.0388113313335772 0.7131360163940162
0.04934022139271899 0.722114686606004
0.05986911145186079 0.7310933568179917
0.06944082968744421 0.7392557842834351
0.07814239171979279 0.7466761728883836
0.08605290265829148 0.753421980711064
0.09324427623874484 0.7595545332771372
0.09978188858461152 0.7651295810644765
0.10572517253539943 0.7701978063256939
0.11112815794520661 0.7748052838358916
0.11603996286321314 0.7789938997542531
0.1205052400614009 0.7828017324073092
0.12456458296884429 0.7862633984555418
0.12825489470288376 0.7894103675902988
0.13160972355201053 0.7922712486218961
0.13465956796030762 0.7948720495597118
0.1391725746820197 0.7943510957658722
0.14413688207590303 0.7937780465926485
0.14959762020917466 0.7931476925021025
0.15560443215577346 0.7924543030025019
0.16221192529703216 0.7916915745529411
0.1694801677524167 0.7908525732584244
0.17747523445333974 0.7899296718344561
0.18626980782435504 0.7889144802680907
0.19594383853247188 0.787797769545089
0.2065852723114004 0.786569387749787
0.2182908494682218 0.7852181677749549
0.2311669843407253 0.7837318258026396
0.2453307327004792 0.7820968496330926
0.2609108558962085 0.780298375846591
0.2764909790919378 0.7784999020600895
0.2906547274516917 0.7768649258905425
0.3035308623241952 0.7753785839182271
0.3152364394810166 0.774027363943395
0.3258778732599451 0.7727989821480931
0.335551903968062 0.7716822714250913
0.3443464773390773 0.770667079858726
0.3523415440400003 0.7697441784347576
0.3596097864953849 0.7689051771402409
0.3662172796366435 0.7681424486906802
0.3722240915832423 0.7674490591910795
0.37768482971651396 0.7668187051005335
0.3826491371103973 0.7662456559273099
0.3871621438321094 0.7657247021334702
0.3925273059635756 0.7627609340680431
0.3984289843081884 0.7595007891960732
0.4049208304872626 0.7559146298369065
0.41206186128424405 0.751969854541823
0.41991699516092373 0.7476306017172312
0.4285576424252714 0.7428574236101801
0.43806235441605385 0.737606927692424
0.4485175376059145 0.7318313821828923
0.46001823911476125 0.7254782821224074
0.47266901077449264 0.718489872055874
0.48658485960019715 0.7108026209826872
0.5018922933084722 0.7023466448021818
0.5187304703875747 0.6930450710036259
0.5372524651745875 0.6828133398252143
0.5557744599616002 0.6725816086468027
0.5726126370407028 0.6632800348482468
0.5879200707489778 0.6548240586677414
0.6018359195746823 0.6471368075945546
0.6144866912344138 0.6401483975280212
0.6259873927432604 0.6337952974675363
0.6364425759331211 0.6280197519580046
0.6459472879239035 0.6227692560402485
0.6545879351882512 0.6179960779331974
0.6624430690649309 0.6136568251086056
0.6695840998619125 0.6097120498135221
0.6760759460409865 0.6061258904543554
0.6819776243855994 0.6028657455823855
0.6873427865170656 0.5999019775169584
0.6894463676093587 0.5985496992294009
0.6917603068108811 0.5970621931130877
0.6943056399325556 0.5954259363851431
0.6971055063663978 0.593626053984404
0.700185359443624 0.5916461833435912
0.7035731978285729 0.589468325638697
0.7072998200520166 0.5870726821633133
0.7113991044978049 0.5844374743403914
0.7159083173881718 0.5815387457351772
0.7208684515675756 0.5783501442694415
0.7263245991649196 0.5748426826571325
0.7323263615219981 0.5709844748835924
0.7389283001147844 0.5667404463326983
0.7461904325668494 0.5620720149267148
0.7541787782641207 0.5569367403801329
0.7629659585311193 0.5512879383788929
0.7726318568248178 0.5450742561775288
0.783264344947886 0.5382392057560283
0.7949600818832612 0.5307206502923779
0.8078253925121738 0.5224502392823623
0.8219772342039776 0.5133527871713452
0.8375442600649619 0.5033455898492265
0.8546679885120446 0.4923376727948958
0.8735040898038355 0.48022896403513204
0.8942238012248056 0.46690938439939195
0.9170154837878728 0.4522578468000778
0.9420863346072466 0.43614115544083226
0.9696642705085577 0.41841279494566214
1.0 0.398911598400975
