# CURVE 2D, normalized by CHORD
# COLUMN#1 = X-coordinate, COLUMN#2 = Y-coordinate
#-------------------------------------------------------------------------------
0.0 0.0
0.00426281550144923 0.028213108148601094
0.008138102320948528 0.05386138828369299
0.011661090338675163 0.07717800658832198
0.014863806718426648 0.09837493231980288
0.017775367063655272 0.11764486480296733
0.020422240104772203 0.13516298524220774
0.02282848832396941 0.15108854927788085
0.025015986705057783 0.16556633476485638
0.0270046215969563 0.17872795793483415
0.028812471498682227 0.1906930699075412
0.03045597140934216 0.20157044442818398
0.031950062237214825 0.21145896671967743
0.03330832662618998 0.22044853243921692
0.0345431124343492 0.22862086491152553
0.03566564498722123 0.23605025806816973
0.0366861291261958 0.24280425184693719
0.03761384197980904 0.24894424619127123
0.038457217301275624 0.2545260592315749
0.03922392213897252 0.25960043472276007
0.039920926536878794 0.2642135033511102
0.04055456689861177 0.26840720210415586
0.041130603591096285 0.27221965551601546
0.04165427331153676 0.27568552225406967
0.04213033669375537 0.27883631019775534
0.042563121586681386 0.2817006628738332
0.042956562398432305 0.2843046198520858
0.04331423586366041 0.28667185346867907
0.04363939355932233 0.2888238840292184
0.043934991464469525 0.29078027544789053
0.0468668924494441 0.294112652900472
0.050091983532916134 0.29777826809831165
0.05363958372473536 0.3018104448159352
0.057541943935736514 0.30624583920532117
0.06183454016783779 0.31112477303364566
0.0665563960231492 0.31649160024480266
0.07175043746399173 0.32239511017707534
0.07746388304891852 0.3288889711025753
0.083748673192338 0.3360322181206253
0.09066194235009943 0.34388978984048024
0.098266538423637 0.3525331187323207
0.10663159410452833 0.36204078051334515
0.11583315535350878 0.3724992084724721
0.1259548727273873 0.38400347922751177
0.13607659010126583 0.39550774998255145
0.1452781513502463 0.4059661779416784
0.15364320703113762 0.41547383972270285
0.16124780310467518 0.4241171686145433
0.1681610722624366 0.43197474033439826
0.17444586240585608 0.43911798735244817
0.1801593079907829 0.44561184827794814
0.1853533494316254 0.4515153582102208
0.19007520528693683 0.4568821854213778
0.1943678015190381 0.4617611192497023
0.19827016173003925 0.46619651363908826
0.20181776192185846 0.4702286903567119
0.20504285300533048 0.4738943055545515
0.20797475399030507 0.47722668300713295
0.212758053198028 0.4758286493647144
0.21801968232652325 0.47429081235805404
0.22380747436786796 0.47259919165072767
0.2301740456133472 0.4707384088726686
0.23717727398337435 0.46869154781680367
0.24488082519040422 0.46644000065535224
0.25335473151813703 0.46396329877775566
0.2626760284786432 0.4612389267123994
0.27292945513519995 0.4582421174405075
0.28420822445741234 0.45494562724142645
0.29661487071184606 0.4513194880224373
0.3102621815917231 0.44733073488154923
0.3252742235595878 0.4429431064265723
0.34178746972423907 0.43811671512609773
0.35830071588889034 0.43329032382562316
0.37331275785675505 0.42890269537064624
0.3869600687366321 0.42491394222975815
0.3993667149910658 0.42128780301076896
0.4106454843132782 0.4179913128116879
0.42089891096983495 0.41499450353979606
0.4302202079303411 0.4122701314744398
0.4386941142580739 0.4097934295968432
0.4463976654651038 0.40754188243539174
0.45340089383513094 0.4054950213795268
0.45976746508061017 0.40363423860146774
0.4655552571219549 0.4019426178941414
0.47081688625045015 0.400404780887481
0.47560018545817306 0.39900674724506247
0.4810262060039851 0.3949123766228797
0.4869948286043783 0.39040856893847864
0.4935603134648109 0.38545438048563746
0.5007823468112866 0.3800047731875122
0.5087265834924101 0.3740102051595744
0.5174652438416458 0.3674161803288428
0.5270777702258052 0.3601627530150381
0.5376515492483803 0.35218398296985287
0.5492827061732131 0.3434073359201491
0.5620769787905291 0.333753024165475
0.5761506786695768 0.32313328123533347
0.5916317485365292 0.3114515640121778
0.6086609253901768 0.29860167506670654
0.6273930199291893 0.2844667972266881
0.6461251144682018 0.2703319193866697
0.6631542913218493 0.25748203044119844
0.6786353611888017 0.24580031321804274
0.6927090610678495 0.23518057028790124
0.7055033336851655 0.2255262585332271
0.7171344906099982 0.21674961148352337
0.7277082696325734 0.20877084143833813
0.7373207960167327 0.2015174141245334
0.7460594563659685 0.19492338929380182
0.7540036930470919 0.18892882126586402
0.7612257263935677 0.18347921396773875
0.7677912112540002 0.17852502551489757
0.7737598338543934 0.1740212178304965
0.7791858544002055 0.16992684720831375
0.7806715084697858 0.1699807079305049
0.7823057279463242 0.17003995472491515
0.7841033693705165 0.17010512619876642
0.7860807749371279 0.17017681482000283
0.7882559210604005 0.1702556723033629
0.7906485817960004 0.17034241553505894
0.7932805086051602 0.1704378330899246
0.7961756280952361 0.17054279240027684
0.7993602595343194 0.1706582476416643
0.8028633541173112 0.17078524840719048
0.8067167581586021 0.1709249492492693
0.8109555026040222 0.171078620175556
0.8156181214939842 0.17124765819447135
0.8207470022729424 0.17143360001527827
0.8263887711297965 0.17163813601816585
0.8325947168723359 0.1718631256213422
0.8394212571891293 0.1721106141848362
0.846930451537602 0.1723828516046796
0.8551905653209221 0.17268231276650733
0.864276690482574 0.1730117200445178
0.8742714281603913 0.17337406805032937
0.8852656396059903 0.17377265085672208
0.8973592721961491 0.17421109194375406
0.9106622680453238 0.17469337713948924
0.925295563479416 0.17522389085479792
0.9413921884569174 0.17580745594163746
0.9590984759321689 0.176449377537161
0.9785753921549456 0.17715549129223684
1.0 0.1779322164228203
