# CURVE 2D, normalized by CHORD
# COLUMN#1 = X-coordinate, COLUMN#2 = Y-coordinate
#-------------------------------------------------------------------------------
0.0 0.0
0.01818330794621907 -0.03467248629501779
0.034713587897327314 -0.06619292838139759
0.049741115125607534 -0.09484787573265195
0.06340250351495318 -0.1208978278701559
0.07582194750526741 -0.14457960254061406
0.0871123511328258 -0.1661084886046669
0.09737635443060615 -0.18568020320835132
0.10670726651949737 -0.20347267102988262
0.11518991387303486 -0.2196476417767292
0.12290141146715983 -0.23435216063749886
0.12991186382545525 -0.24771990505638036
0.13628500233299656 -0.2598723999826363
0.14207876461257957 -0.2709201226428689
0.1473458212303823 -0.28096350687944405
0.15213405451929388 -0.29009385618542144
0.15648699387284984 -0.29839417373631
0.16044421146699164 -0.30593991696439043
0.16404168200712055 -0.3127996835353727
0.1673121097708741 -0.31903583496353843
0.17028522591974096 -0.32470506353459816
0.17298805878234721 -0.329858907690107
0.1754451795665347 -0.3345442205587514
0.1776789257339779 -0.33880359589388265
0.17970960406801714 -0.34267575528945654
0.1815556752807801 -0.34619590019452373
0.18323392183783732 -0.34939603192640295
0.18475960052607115 -0.3523052425917477
0.1861465811517383 -0.354949979560243
0.18740747262961752 -0.35735428589523865
0.1961149566100681 -0.3618047896500164
0.20569318898856367 -0.3667003437802719
0.21622924460490886 -0.372085453323553
0.22781890578288855 -0.3780090738211621
0.24056753307866618 -0.38452505636853224
0.2545910231040216 -0.3916926371706393
0.27001686213191256 -0.39957697605295717
0.2869852850625927 -0.40824974882350673
0.3056505502863407 -0.4177897988711113
0.3261823420324636 -0.4282838539234763
0.3487673129531988 -0.4398273144810778
0.3736107809660075 -0.45252512109443943
0.40093859578009705 -0.4664927083691373
0.43099919207559567 -0.48185705437130494
0.4610597883710943 -0.49722140037347257
0.4883876031851838 -0.5111889876481704
0.5132310711979925 -0.5238867942615321
0.5358160421187277 -0.5354302548191336
0.5563478338648506 -0.5459243098714985
0.5750130990885987 -0.5554643599191031
0.5919815220192788 -0.5641371326896527
0.6074073610471697 -0.5720214715719706
0.6214308510725252 -0.5791890523740777
0.6341794783683028 -0.5857050349214478
0.6457691395462825 -0.5916286554190568
0.6563051951626276 -0.5970137649623379
0.6658834275411232 -0.6019093190925935
0.6745909115215738 -0.6063598228473712
0.6767802881815845 -0.6076916576249044
0.6791886025075964 -0.609156675880191
0.6818377482662095 -0.6107681959610061
0.6847518086006837 -0.6125408680499027
0.6879572749686055 -0.614490807347689
0.6914832879733195 -0.6166357405752539
0.6953619022785047 -0.6189951671255755
0.6996283780142086 -0.621590536330929
0.7043215013234829 -0.624445442456818
0.7094839369636845 -0.6275858391952958
0.7151626161679063 -0.6310402756076214
0.7214091632925503 -0.6348401556611796
0.7282803651296588 -0.6390200237200936
0.7358386871504781 -0.643617878584899
0.7441528413733792 -0.648675518936185
0.7532984110185705 -0.6542389233225996
0.763358537628281 -0.6603586681476555
0.7744246768989624 -0.6670903874552172
0.786597430096712 -0.6744952786935349
0.7999874586142366 -0.6826406590556844
0.8147164899835136 -0.6916005774540489
0.8309184244897184 -0.7014564876922499
0.8487405524465437 -0.7122979889542709
0.8683448931990514 -0.7242236403424941
0.8899096680268099 -0.7373418568695396
0.9136309203373443 -0.7517718950492895
0.9397242978789321 -0.7676449370470145
0.9684270131746787 -0.7851052832445121
1.0 -0.8043116640617594
