# CURVE 2D, normalized by CHORD
# COLUMN#1 = X-coordinate, COLUMN#2 = Y-coordinate
#-------------------------------------------------------------------------------
-0.02527948860250842 0.6478187905767383
-0.025279488602508407 0.6478187905767383
-0.02510940631445022 0.6434602173523793
-0.024922315797586213 0.6386657868055845
-0.024716516229035805 0.6333919132041103
-0.024490136703630358 0.6275906522424886
-0.024241119225684366 0.6212092651847047
-0.02396719999994377 0.6141897394211424
-0.02366588885162912 0.6064682610812239
-0.023334446588483007 0.5979746349073135
-0.022969860099022278 0.5886316461160122
-0.022568814960615476 0.5783543584455806
-0.022127665308367996 0.5670493420081059
-0.021642400690895767 0.5546138239268837
-0.021108609611676318 0.5409347540375394
-0.02057263199522419 0.6531221083427495
-0.02052143942453492 0.5258877771592606
-0.019875552218679385 0.5093361025931539
-0.019165076292238296 0.4911292605704366
-0.018383552773153098 0.4711017343454475
-0.01752387690215938 0.4490714554979595
-0.016578233444066292 0.42483814876572273
-0.015538025640163891 0.39818151136026225
-0.015395089727211528 0.658955757885362
-0.014393797055871252 0.3688592102142558
-0.013135145613149348 0.3366046789536486
-0.011750629026155255 0.30112469456698066
-0.01022766078046175 0.262096711741646
-0.0096997932323976 0.6653727723822356
-0.008552395710198897 0.21916593063377782
-0.006709604132909759 0.17194207141512285
-0.004682533397891705 0.11999582627460235
-0.0034349670881022865 0.6724314883287966
-0.0024527555893718456 0.06285495662002982
0.0 0.0
0.003456341670622573 0.6801960758700136
0.0110367813052199 0.6887371221653524
0.019375264903276984 0.6981322730902252
0.028547596861139765 0.7084669391075851
0.03863716201478881 0.719835071726681
0.04973568368380278 0.7323400176076866
0.06194405751971815 0.7460954580767927
0.07537326873922505 0.7612264425928095
0.09014540108068264 0.7778705255604278
0.10639474665628604 0.7961790168248081
0.12264409223188942 0.8144875080891884
0.137416224573347 0.8311315910568067
0.15084543579285392 0.8462625755728235
0.16305380962876928 0.8600180160419295
0.17415233129778324 0.8725229619229351
0.1842418964514323 0.8838910945420311
0.19341422840929506 0.894225760559391
0.20175271200735215 0.9036209114842637
0.2093331516419495 0.9121619577796025
0.21622446040067433 0.9199265453208195
0.22248928654496963 0.9269852612673806
0.22818458303978356 0.9334022757642542
0.23336212530779624 0.9392359253068666
0.23806898191508047 0.9445392430728778
0.2455323081742885 0.9452459107914443
0.2537419670594173 0.9460232452818673
0.26277259183305907 0.9468783132213326
0.272706279084065 0.9478188879547444
0.2836333350601714 0.9488535201614975
0.29565309663388856 0.9499916155889259
0.3088748343649774 0.9512435205590971
0.32341874586917513 0.9526206160262853
0.3394170485237926 0.9541354210401926
0.3570151814438719 0.9558017065554903
0.3763731276559591 0.9576346206223181
0.397666868489255 0.9596508260958284
0.4210899834058805 0.9618686521166899
0.4468554098141686 0.9643082607396375
0.4726208362224567 0.966747869362585
0.4960439511390822 0.9689656953834466
0.5173376919723781 0.9709819008569569
0.5366956381844653 0.9728148149237846
0.5542937711045446 0.9744811004390824
0.570292073759162 0.9759959054529896
0.5848359852633598 0.9773730009201779
0.5980577229944486 0.9786249058903491
0.6100774845681658 0.9797630013177775
0.6210045405442722 0.9807976335245305
0.6309382277952781 0.9817382082579423
0.6399688525689198 0.9825932761974077
0.6481785114540486 0.9833706106878307
0.6556418377132567 0.9840772784063971
0.6579587051576175 0.9840936211498242
0.6605072593464144 0.9841115981675942
0.663310668954091 0.984131372887141
0.6663944195225353 0.9841531250786425
0.6697865451478239 0.9841770524892942
0.6735178833356414 0.9842033726410111
0.6776223553422407 0.9842323248078996
0.6821372745495 0.984264172191477
0.687103685677485 0.9842992043134121
0.6925667379182687 0.9843377396475408
0.6985760953831308 0.9843801285150823
0.705186388594479 0.9844267562693779
0.7124577111269621 0.9844780467991031
0.7204561659126933 0.9845344663818009
0.7292544661769979 0.9845965279227684
0.7389325964677328 0.9846647956178326
0.7495785397875412 0.9847398900824034
0.7612890774393305 0.9848224939934311
0.7741706688562986 0.9849133582955617
0.7883404194149637 0.9850133090279053
0.8039271450294951 0.9851232548334832
0.8210725432054798 0.9852441952196189
0.8399324811990629 0.9853772296443682
0.8606784129920044 0.9855235675115925
0.8834989379642401 0.9856845391655392
0.9086015154336992 0.9858616079848805
0.9362143506501043 0.9860563836861561
0.9665884693881498 0.9862706369575591
1.0 0.9865063155561025
