# CURVE 2D, normalized by CHORD
# COLUMN#1 = X-coordinate, COLUMN#2 = Y-coordinate
#-------------------------------------------------------------------------------
-0.08215463217648625 -0.26520234892496847
-0.08160188967307307 -0.2634180477069807
-0.08099387291931856 -0.26145531636719405
-0.0803250544901886 -0.25929631189342883
-0.07958935421814566 -0.2569214069722871
-0.0787800839188984 -0.25430901155903113
-0.07871877565423847 -0.2691247571725218
-0.07788988658972644 -0.2514353766044496
-0.07691066952763727 -0.24827437815440992
-0.07583353075933918 -0.24479727985936625
-0.07493933347976592 -0.2734394062448305
-0.07464867811421129 -0.24097247173481823
-0.07334534020457062 -0.23676518279781542
-0.07191166850396587 -0.23213716496711229
-0.0707819470878461 -0.27818552022437004
-0.07033462963330064 -0.2270463453533389
-0.06859988687556891 -0.22144644377818815
-0.06669166984206398 -0.21528655204552233
-0.06620882205673433 -0.2834062456018635
-0.06459263110520858 -0.2085106711395899
-0.06228368849466762 -0.20105720214306427
-0.061178384522511356 -0.28914904351710635
-0.05974385162307257 -0.19285838624688603
-0.05695003106431802 -0.18383968876109
-0.055644903234866094 -0.2954661212238735
-0.05387682844968802 -0.17391912152671435
-0.05049630557359501 -0.16300649756890115
-0.04955807381845628 -0.3024149067013173
-0.0467777304098927 -0.15100261121530661
-0.04286256146040551 -0.31005857072650556
-0.042687297729820155 -0.13779833622635262
-0.038187821781740364 -0.12327363373850324
-0.03549749786654966 -0.3184666011542126
-0.033238398238852586 -0.1072964610018689
-0.02779403234167603 -0.08972157099157113
-0.027395927913308228 -0.3277154346246903
-0.021805229854781824 -0.0703891919802436
-0.01848420096474264 -0.3378891514422159
-0.015217547119198191 -0.0491235750677833
-0.008681301321320497 -0.34908023994149395
-0.007971096110056197 -0.02573139646407697
0.0 0.0
0.0021018882864438614 -0.36139043729069986
0.013963396854984683 -0.3749316543748264
0.025824905423525505 -0.38847287145895293
0.03660809503128987 -0.40078306880815884
0.046410994674712006 -0.4119741573074369
0.055322721623277595 -0.42214787412496246
0.06342429157651902 -0.4313967075954402
0.07078935517037488 -0.43980473802314723
0.07748486752842565 -0.44744840204833547
0.08357169694483546 -0.4543971875257793
0.08910517823248072 -0.46071426523254644
0.09413561576670369 -0.4664570631477893
0.09870874079781547 -0.47167778852528275
0.10286612718973528 -0.4764239025048223
0.10664556936420784 -0.48073855157713097
0.11008142588645561 -0.4846609598246843
0.1148460734767833 -0.4879010365904511
0.12008718582614375 -0.49146512103279455
0.12585240941044024 -0.4953856139193723
0.13219415535316642 -0.4996981560946079
0.13917007589016517 -0.504441952487367
0.14684358848086382 -0.509660128519402
0.15528445233063232 -0.5154001221546406
0.16456940256537766 -0.521714115153403
0.17478284782359757 -0.5286595074520417
0.18601763760763945 -0.5362994389805442
0.19837590637008554 -0.544703363661897
0.21197000200877625 -0.553947680811385
0.226923507211336 -0.5641164296758219
0.24337236293415176 -0.5753020534267024
0.25982121865696756 -0.5864876771775829
0.2747747238595273 -0.5966564260420197
0.288368819498218 -0.6059007431915078
0.3007270882606641 -0.6143046678728605
0.311961878044706 -0.621944599401363
0.32217532330292586 -0.6288899917000017
0.3314602735376712 -0.635203984698764
0.33990113738743977 -0.6409439783340026
0.34757464997813836 -0.6461621543660376
0.35455057051513716 -0.6509059507587968
0.3608923164578633 -0.6552184929340323
0.3666575400421598 -0.6591389858206101
0.37189865239152026 -0.6627030702629536
0.37666329998184794 -0.6659431470287204
0.38156671337299153 -0.6680903435114232
0.38696046810324947 -0.6704522596423963
0.3928935983065332 -0.6730503673864667
0.39942004153014526 -0.6759082859049441
0.4065991290761186 -0.6790519962752692
0.41449612537668923 -0.682510077682627
0.42318282130731694 -0.6863139672307205
0.4327381868310074 -0.6904982457336233
0.44324908890706693 -0.6951009520868164
0.45481108119073244 -0.7001639290753288
0.46752927270276445 -0.7057332037626924
0.4815192833659997 -0.7118594059187925
0.4969082950955585 -0.7185982282905026
0.5138362079980732 -0.7260109328993836
0.5307641209005879 -0.7334236375082646
0.5461531326301466 -0.7401624598799746
0.5601431432933819 -0.7462886620360746
0.5728613348054139 -0.7518579367234383
0.5844233270890794 -0.7569209137119507
0.5949342291651389 -0.7615236200651437
0.6044895946888295 -0.7657078985680466
0.6131762906194571 -0.7695117881161401
0.6210732869200278 -0.7729698695234978
0.6282523744660011 -0.7761135798938229
0.6347788176896132 -0.7789714984123004
0.6407119478928969 -0.7815696061563707
0.6461057026231549 -0.7839315222873439
0.6510091160142985 -0.7860787187700466
0.6533571527563806 -0.7861155970861913
0.655939993172671 -0.7861561632339504
0.6587811176305904 -0.7862007859964855
0.6619063545343019 -0.786249871035274
0.6653441151283844 -0.7863038645779414
0.6691256517818752 -0.7863632574748756
0.6732853421007151 -0.7864285896615032
0.6778610014514389 -0.7865004550667934
0.6828942267372351 -0.7865795070126128
0.688430774551611 -0.7866664641530141
0.6945209771474246 -0.7867621170074556
0.7012202000028193 -0.7868673351473411
0.7085893451437535 -0.7869830751012152
0.7166954047987812 -0.7871103890504767
0.7256120704193116 -0.7872504343946644
0.7354204026018951 -0.7874044842732708
0.746209568002737 -0.7875739391397379
0.758077649943663 -0.7877603394928517
0.7711325400786817 -0.7879653798812769
0.7854929192272022 -0.7881909243085445
0.8012893362905747 -0.7884390231785391
0.8186653950602846 -0.7887119319355329
0.8377790597069654 -0.7890121315682262
0.8588040908183143 -0.7893423511641888
0.881931625040798 -0.7897055927197477
0.9073719126855302 -0.7901051584308626
0.9353562290947356 -0.7905446807130888
0.9661389771448615 -0.7910281552235376
1.0 -0.7915599771850315
