# CURVE 2D, normalized by CHORD
# COLUMN#1 = X-coordinate, COLUMN#2 = Y-coordinate
#-------------------------------------------------------------------------------
0.0 0.0
0.032116362551918146 -0.00018564069237557467
0.06131305578093463 -0.00035440495817155155
0.08785550417094962 -0.000507827017986076
0.11198500270732686 -0.0006473016178174618
0.13392091046766982 -0.0007740967085732672
0.15386264479525433 -0.0008893649728967265
0.17199149418396753 -0.0009941543040998715
0.18847226635552497 -0.0010894173324663668
0.20345478651148627 -0.001176020085526817
0.217075259380542 -0.0012547498610363172
0.2294575074433199 -0.001326322384226772
0.24071409659129986 -0.0013913883143999127
0.2509473594530998 -0.0014505391600118588
0.2602503256910998 -0.0015043126560227188
0.2687075677256452 -0.0015531976523962278
0.27639596957523194 -0.0015976385581903273
0.28338542580212894 -0.0016380393816395082
0.28973947691748986 -0.0016747674029569456
0.2955158870223635 -0.001708156513245525
0.3007671689358849 -0.0017385102498715065
0.30554106158454075 -0.0017661045558951258
0.3098809639924097 -0.0017911902886438708
0.31382632981774516 -0.0018139955002336387
0.3174130260225955 -0.0018347275107697917
0.3206736589360959 -0.001853574793075385
0.32363787067564165 -0.0018707086860804702
0.32633260862068325 -0.001886284952448729
0.3287823703889029 -0.001900445194601692
0.33100942654182985 -0.0019133181420134815
0.33100942654182985 -0.0019133181420134763
0.33644598584418417 -0.004569960082215441
0.342426201076774 -0.007492266216437601
0.34900443783262275 -0.010706802964081968
0.35624049826405635 -0.014242793386490774
0.36420016473863337 -0.01813238285114046
0.37295579786066807 -0.022410931262255115
0.3825869942949063 -0.02711733451448125
0.39318131037256826 -0.03229437809192998
0.40483505805799647 -0.03798912602712359
0.41765418051196745 -0.04425334875583657
0.4317552152113356 -0.05114399375742084
0.4472663533806405 -0.05872370325916354
0.4643286053668759 -0.06706138371108052
0.48309708255173495 -0.0762328322081892
0.501865559736594 -0.08540428070529789
0.5189278117228294 -0.09374196115721486
0.5344389498921344 -0.10132167065895756
0.5485399845915024 -0.10821231566054183
0.5613591070454734 -0.11447653838925481
0.5730128547309017 -0.12017128632444843
0.5836071708085636 -0.12534832990189715
0.5932383672428018 -0.1300547331541233
0.6019940003648365 -0.13433328156523794
0.6099536668394135 -0.13822287102988762
0.6171897272708471 -0.14175886145229644
0.6237679640266959 -0.14497339819994082
0.6297481792592857 -0.14789570433416296
0.63518473856164 -0.15055234627436492
0.6383971576024272 -0.15545963925322534
0.641930818547293 -0.16085766152997177
0.6458178455866453 -0.16679548603439287
0.6500935753299331 -0.17332709298925603
0.6547968780475495 -0.18051186063960556
0.6599705110369275 -0.18841510505499004
0.6656615073252433 -0.19710867391191295
0.6719216032423908 -0.20667159965452814
0.678807708751253 -0.21719081797140488
0.6863824248110014 -0.2287619581199693
0.6947146124767247 -0.24149021228339013
0.7038800189090203 -0.25549129186315306
0.7139619659845454 -0.2708924794008923
0.7250521077676231 -0.2878337856924055
0.7361422495507007 -0.30477509198391867
0.746224196626226 -0.3201762795216579
0.7553896030585215 -0.3341773591014208
0.7637217907242448 -0.3469056132648417
0.7712965067839932 -0.3584767534134061
0.7781826122928555 -0.3689959717302828
0.7844427082100028 -0.37855889747289806
0.7901337044983188 -0.38725246632982097
0.7953073374876968 -0.39515571074520545
0.8000106402053132 -0.402340478395555
0.8042863699486009 -0.40887208535041814
0.8081733969879533 -0.41480990985483923
0.8117070579328192 -0.4202079321315857
0.8149194769736062 -0.4251152251104461
0.8157939486598148 -0.4313855545364904
0.8167558675146441 -0.4382829169051391
0.8178139782549565 -0.4458700155106527
0.8189779000692999 -0.45421582397671767
0.8202582140650779 -0.46339621328938907
0.8216665594604335 -0.4734946415333277
0.8232157393953249 -0.48460291260166016
0.8249198373237052 -0.49682201077682586
0.8267943450449237 -0.5102630187695082
0.8288563035382639 -0.5250481275614587
0.8311244578809382 -0.5413117472326042
0.8336194276578799 -0.5592017288708644
0.8363638944125158 -0.5788807086729505
0.8393828078426153 -0.6005275864552453
0.8424017212727148 -0.6221744642375401
0.8451461880273506 -0.6418534440396263
0.8476411578042924 -0.6597434256778864
0.8499093121469666 -0.676007045349032
0.851971270640307 -0.6907921541409825
0.8538457783615253 -0.7042331621336648
0.8555498762899058 -0.7164522603088305
0.857099056224797 -0.7275605313771629
0.8585074016201527 -0.7376589596211016
0.8597877156159306 -0.746839348933773
0.8609516374302741 -0.7551851573998379
0.8620097481705864 -0.7627722560053516
0.8629716670254157 -0.7696696183740003
0.8638461387116243 -0.7759399478000446
0.8638995799948485 -0.7821698784431594
0.863958365406395 -0.7890228021505857
0.8640230293590963 -0.7965610182287546
0.8640941597070676 -0.8048530559147404
0.864172403089836 -0.8139742973693248
0.8642584708108814 -0.8240076629693676
0.8643531453040312 -0.8350443651294147
0.8644572872464961 -0.8471847375054665
0.8645718433832074 -0.8605391471191236
0.8646978551335898 -0.8752289976941463
0.8648364680590105 -0.8913878333266713
0.8649889422769733 -0.9091625525224487
0.8651566639167323 -0.9287147436378039
0.8653411577204673 -0.9502221538646948
0.8655256515242022 -0.9717295640915856
0.8656933731639612 -0.9912817552069408
0.865845847381924 -1.0090564744027184
0.8659844603073448 -1.0252153100352432
0.8661104720577272 -1.039905160610266
0.8662250281944385 -1.053259570223923
0.8663291701369034 -1.0653999425999747
0.8664238446300532 -1.076436644760022
0.8665099123510985 -1.0864700103600646
0.8665881557338669 -1.0955912518146491
0.8666592860818383 -1.103883289500635
0.8667239500345395 -1.111421505578804
0.8667827354460861 -1.11827442928623
0.8668361767293102 -1.124504359929345
0.8677321128815236 -1.1261118436478836
0.8687176426489585 -1.127880075738276
0.8698017253931367 -1.1298251310377079
0.8709942164117328 -1.131964691867083
0.8723059565321886 -1.1343182087793955
0.8737488706646899 -1.136907077382939
0.8753360762104412 -1.1397548328468372
0.8770820023107677 -1.142887363857125
0.879002521021127 -1.1463331479684418
0.8811150916025221 -1.1501235104908902
0.8834389192420568 -1.1542929092655834
0.8859951296455448 -1.1588792479177459
0.8888069610893817 -1.1639242204351246
0.8918999756776023 -1.1694736902042413
0.8953022917246449 -1.1755781069502695
0.8990448393763919 -1.1822929653709007
0.9031616417933135 -1.189679309633595
0.9076901244519273 -1.1978042883225586
0.9126714553764024 -1.2067417648804186
0.918150919393325 -1.2165729890940646
0.92417832981194 -1.2273873357290754
0.9308084812724164 -1.239283117027587
0.9381016478789405 -1.25236847645595
0.9461241311461169 -1.266762371827149
0.9549488627400111 -1.2825956567354682
0.9646560674932947 -1.3000122701346193
0.9753339927219066 -1.3191705448736852
0.9870797104733796 -1.340244647086658
1.0 -1.363426159520928
