# CURVE 2D, normalized by CHORD
# COLUMN#1 = X-coordinate, COLUMN#2 = Y-coordinate
#-------------------------------------------------------------------------------
0.0 0.0
0.026104388635752828 -0.015920871711804212
0.049835651031891755 -0.030394391449808034
0.0714095259374726 -0.04355213666617515
0.09102213948800063 -0.05551372322650888
0.10885178817029884 -0.06638789282681228
0.12506055969966084 -0.07627350155436081
0.1397958065445354 -0.08526041857940495
0.15319148549442138 -0.09343034314762688
0.16536937544886315 -0.1008575473005559
0.17644018449835566 -0.10760955107594593
0.18650455636153068 -0.11374773632630049
0.19565398532805342 -0.11932790473571374
0.2039716480248923 -0.1244007851079076
0.21153315956747307 -0.12901249453717473
0.21840726096981922 -0.13320495765469031
0.2246564440628612 -0.13701628776152266
0.23033751960199025 -0.14048113331318843
0.2355021337284712 -0.14363099290561188
0.24019723747981755 -0.1464945016259968
0.24446551361740512 -0.1490976913718013
0.24834576465157565 -0.15146422750435085
0.2518732655917307 -0.15361562398848677
0.2550800846282352 -0.15557143897406492
0.2579953746614212 -0.15734945259731775
0.2606456383279539 -0.1589658286184567
0.26305496893389274 -0.16043526136494665
0.2652452694847462 -0.16177110931630115
0.2672364518037039 -0.16298551654480525
0.2690466175482109 -0.16408952311617261
0.27590240065799015 -0.16791230608867674
0.28344376207874733 -0.1721173673584313
0.2917392596415802 -0.1767429347551613
0.30086430696069644 -0.1818310588915643
0.3109018590117242 -0.18742799544160763
0.3219431662678548 -0.19358462564665527
0.33408860424959846 -0.2003569188722077
0.34744858602951645 -0.20780644142031535
0.3621445659874263 -0.21600091622323375
0.37831014394112705 -0.225014838506444
0.39609227969019795 -0.2349301530179753
0.41565262901417593 -0.2458369989806597
0.4371690132705517 -0.25783452953961256
0.4608370359525651 -0.27103181315446073
0.4845050586345785 -0.2842290967693089
0.5060214428909543 -0.29622662732826177
0.5255817922149322 -0.30713347329094615
0.5433639279640031 -0.31704878780247747
0.5595295059177039 -0.3260627100856877
0.5742254858756137 -0.3342571848886061
0.5875854676555317 -0.3417067074367138
0.5997309056372754 -0.34847900066226617
0.610772212893406 -0.3546356308673138
0.6208097649444337 -0.3602325674173571
0.62993481226355 -0.3653206915537601
0.6382303098263828 -0.36994625895049016
0.64577167124714 -0.37415132022024467
0.6526274543569193 -0.3779741031927488
0.6575117254020266 -0.37496854033700133
0.6628844235516449 -0.37166242119567916
0.6687943915162248 -0.3680256901402247
0.6752953562772628 -0.3640252859792248
0.6824464175144046 -0.3596248414021249
0.6903125848752605 -0.35478435236731504
0.6989653689722021 -0.3494598144290242
0.7084834314788377 -0.3436028226969043
0.718953300236137 -0.33716013179157234
0.7304701558691662 -0.3300731717957072
0.7431386970654983 -0.32227751580025554
0.7570740923814636 -0.31370229420525875
0.7724030272290255 -0.30426955045076226
0.7892648555613436 -0.2938935323208161
0.8061266838936617 -0.28351751419086996
0.8214556187412236 -0.27408477043637347
0.835391014057189 -0.2655095488413767
0.8480595552535211 -0.25771389284592505
0.8595764108865502 -0.2506269328500599
0.8700462796438495 -0.244184241944728
0.8795643421504852 -0.23832725021260803
0.8882171262474268 -0.23300271227431718
0.8960832936082826 -0.2281622232395073
0.9032343548454245 -0.22376177866240743
0.9097353196064625 -0.21976137450140756
0.9156452875710424 -0.2161246434459531
0.9210179857206606 -0.21281852430463088
0.925902256765768 -0.20981296144888342
0.925902256765768 -0.2098129614488834
0.9264007919184125 -0.20739441159768246
0.9269491805863215 -0.20473400676136144
0.9275524081210212 -0.20180756144140832
0.9282159584091911 -0.19858847158945986
0.9289458637261778 -0.1950474727523166
0.9297487595748634 -0.19115237403145896
0.9306319450084174 -0.18686776543851558
0.9316034489853269 -0.18215469598627793
0.9326721033599272 -0.17697031958881643
0.9338476231719877 -0.1712675055516088
0.9351406949652541 -0.1649944101106804
0.9365630739378472 -0.1580940051256592
0.9381276908076996 -0.15050355964213585
0.9398487693645373 -0.14215406961026017
0.9417419557770587 -0.1329696305751969
0.9438244608308323 -0.12286674763662736
0.9461152163899832 -0.1117535764042008
0.9486350475050492 -0.09952908804853164
0.9514068617316218 -0.08608215085729554
0.9544558573808517 -0.07129051994693583
0.9578097525950046 -0.055019725945540165
0.9614990373305727 -0.03712185254400491
0.9655572505396977 -0.017434191802316118
0.9700212850697351 0.004222235013541548
0.9749317230527763 0.028044304510984996
0.9803332048341217 0.05424858095817277
0.9862748347936016 0.08307328505007933
0.9928106277490294 0.11478045955117655
1.0 0.1496583515023835
