# CURVE 2D, normalized by CHORD
# COLUMN#1 = X-coordinate, COLUMN#2 = Y-coordinate
#-------------------------------------------------------------------------------
0.0 0.0
0.029111631921232096 -0.012245233357036775
0.055576751849624906 -0.02337726368161566
0.07963595178452745 -0.03349729124941464
0.10150795172534795 -0.04269731631105008
0.12139158803518475 -0.05106097545799138
0.13946762104412733 -0.05866430195521076
0.15590037832498418 -0.06557641695268292
0.1708392485803086 -0.07186015785947578
0.18442003972151264 -0.07757264959292384
0.19676621348624354 -0.08276582389605844
0.2079900078178171 -0.08748689144436261
0.21819345721015673 -0.09177877103373004
0.22746932029410183 -0.09568047975133681
0.23590192309768826 -0.09922748767643386
0.24356792564640323 -0.102452040335613
0.25053701887250773 -0.10538345184395767
0.25687255816896637 -0.10804837139699829
0.26263213934756513 -0.11047102553612612
0.26786812223720036 -0.11267343838987869
0.27262810668232335 -0.11467563189329012
0.2769553652687987 -0.11649580780548233
0.2808892367110491 -0.11815051318020252
0.2844654834767313 -0.11965479079358451
0.28771661690007866 -0.12102231589665906
0.2906721927394854 -0.12226552053581773
0.29335907986621884 -0.12339570657141652
0.29580170452688553 -0.12442314842196087
0.29802227240021895 -0.12535718646791028
0.30004097046688566 -0.12620631196422794
0.308701674212536 -0.12427569540270006
0.31822844833275143 -0.12215201718501939
0.32870789986498833 -0.11981597114557066
0.34023529655044893 -0.11724632050217706
0.35291543290445565 -0.11441970479444409
0.366863582893863 -0.11131042751593784
0.3822065478822111 -0.10789022250958094
0.399083809369394 -0.10412799700258836
0.4176487970052952 -0.09998954894489652
0.43807028340478654 -0.0954372560814355
0.460533918444227 -0.09042973393162837
0.4852439169876115 -0.08492145956684054
0.5124249153853344 -0.07886235776557392
0.5423240136228298 -0.07219734578418062
0.5722231118603252 -0.06553233380278732
0.5994041102580481 -0.0594732320015207
0.6241141088014326 -0.05396495763673287
0.646577743840873 -0.04895743548692574
0.6669992302403643 -0.04440514262346472
0.6855642178762655 -0.040266694565772886
0.7024414793634484 -0.03650446905878031
0.7177844443517966 -0.03308426405242342
0.7317325943412039 -0.029974986773917155
0.7444127306952105 -0.027148371066184195
0.7559401273806712 -0.024578720422790593
0.7664195789129081 -0.022242674383341862
0.7759463530331234 -0.020118996165661193
0.7846070567787738 -0.018188379604133317
0.7860562365937096 -0.01863936723768647
0.7876503343901389 -0.019135453634594943
0.7894038419662112 -0.019681148671194262
0.7913327002998907 -0.020281413211453506
0.793454444466938 -0.02094170420573868
0.7957883630506902 -0.021668024299452374
0.7983556734928177 -0.022466976402537434
0.8011797149791577 -0.023345823715930997
0.8042861606141319 -0.02431255576066392
0.8077032508126034 -0.025375961009870135
0.8114620500309222 -0.026545706783996974
0.8155967291710727 -0.02783242713553649
0.8201448762252384 -0.029247819522229962
0.8251478379848205 -0.030804751147592777
0.830651095920361 -0.03251737593549188
0.8367046796494554 -0.034401263202180885
0.8433636217514593 -0.0364735391955388
0.8506884580636636 -0.0387530427882325
0.8587457780070883 -0.041260496740195565
0.8676088299448556 -0.044018696087354946
0.8773581870763995 -0.047052715369230266
0.8880824799210978 -0.050390136579293116
0.8998792020502658 -0.05406129991036225
0.9128555963923508 -0.0580995795745383
0.9271296301686442 -0.06254168720513195
0.942831067322567 -0.06742800559878497
0.9601026481918822 -0.0728029558318033
0.9791013871481288 -0.07871540108812344
1.0 -0.08521909087007562
