# CURVE 2D, normalized by CHORD
# COLUMN#1 = X-coordinate, COLUMN#2 = Y-coordinate
#-------------------------------------------------------------------------------
0.0 0.0
0.042822396934640794 0.003343783676693516
0.08175184869340514 0.006383587019142166
0.11714225938319091 0.009147044603186393
0.14931536001026885 0.011659278770499326
0.17856363330761246 0.013943128013511084
0.20515297266883392 0.016019354598067227
0.22932509936085343 0.017906833311300083
0.25129975998996207 0.01962272305060268
0.2712767241982426 0.021182622813605043
0.289437600751225 0.02260071350724355
0.3059474885266634 0.02388988686509674
0.3209564774134257 0.025061862644963278
0.3346010127650278 0.026127295172114675
0.3470051358119387 0.027095870196797763
0.3582816113091305 0.02797639294650966
0.36853295267021396 0.028776868173520476
0.3778523539075625 0.029504572925348492
0.38632453685060664 0.030166122699737594
0.3940265213442832 0.030767531585545873
0.40102832542944367 0.03131426693628067
0.40739360187049867 0.03181129907331231
0.41318021681691225 0.03226314647061379
0.41844077585910644 0.03267391683179696
0.42322310226110116 0.03304734443287257
0.42757067171746 0.03338682407021403
0.4315230075868771 0.03369544192234263
0.43511604019543815 0.03397600360609591
0.4383824334759482 0.03423105968223525
0.44135188191277547 0.03446292884236192
0.44135188191277547 0.034462928842361934
0.447492916102075 0.04069117130748437
0.4542480537103045 0.047542238019119054
0.46167870507935693 0.055078411401917216
0.4698524215853146 0.06336820212299515
0.47884350974186807 0.07248697191618092
0.4887337067140768 0.08251761868868526
0.4996129233835065 0.09355133013844004
0.5115800617198791 0.1056884127331703
0.5247439138898891 0.11903920358737358
0.5392241512768999 0.1337250735269972
0.5551524124026119 0.14987953046058317
0.5726734996408951 0.16764943308752772
0.5919466956030066 0.18719632597716676
0.6131472111613293 0.20869790815576975
0.634347726719652 0.23019949033437273
0.6536209226817635 0.24974638322401177
0.6711420099200467 0.2675162858509563
0.6870702710457587 0.2836707427845423
0.7015505084327696 0.2983566127241659
0.7147143606027795 0.31170740357836924
0.7266814989391521 0.32384448617309947
0.7375607156085817 0.33487819762285426
0.7474509125807905 0.3449088443953586
0.756442000737344 0.35402761418854434
0.7646157172433017 0.3623174049096223
0.7720463686123541 0.3698535782924205
0.7788015062205835 0.37670464500405515
0.7849425404098831 0.3829328874691776
0.7881681172962713 0.39130614132947206
0.7917162518712983 0.40051672057579596
0.7956191999038281 0.41064835774675224
0.7999124427396109 0.42179315863480416
0.804635009858972 0.4340524396116613
0.8098298336902691 0.44753764868620416
0.8155441399046959 0.46237137866820127
0.8218298767405654 0.4786884816483981
0.8287441872600219 0.4966372949266146
0.836349928831424 0.5163809895326528
0.8447162445599664 0.5380990535992948
0.8539191918613629 0.561988924072601
0.8640424338928991 0.5882677815932378
0.8751780001275891 0.6171745248659384
0.886313566362279 0.646081268138639
0.8964368083938152 0.6723601256592758
0.9056397556952118 0.696249996132582
0.9140060714237541 0.717968060199224
0.9216118129951563 0.7377117548052622
0.9285261235146127 0.7556605680834787
0.9348118603504822 0.7719776710636755
0.9405261665649092 0.7868114010456726
0.9457209903962063 0.8002966101202155
0.9504435575155673 0.8125558910970726
0.9547368003513501 0.8237006919851245
0.9586397483838798 0.8338323291560809
0.9621878829589069 0.8430429084024047
0.9654134598452951 0.8514161622626992
0.9656461606715668 0.8551957381883021
0.9659021315804657 0.8593532717064652
0.9661836995802543 0.8639265585764446
0.9664934243800218 0.8689571741334221
0.9668341216597662 0.8744908512460972
0.967208888667485 0.8805778960700399
0.9676211323759756 0.8872736453763768
0.9680746004553153 0.8946389696133473
0.968573415342589 0.9027408262740151
0.9691221117185901 0.9116528686007495
0.9697256777321912 0.9214561151601574
0.9703896003471525 0.932239686375506
0.9711199152236099 0.9441016147123895
0.9719232615877129 0.9571497358829614
0.9728069425882264 0.9715026691705904
0.9737789916887911 0.9872908957869824
0.9748482456994124 1.0046579450650135
0.9760244251110958 1.0237616992708478
0.9773182224639475 1.0447758288972655
0.9787413995520844 1.067891371486325
0.980306894349035 1.0933184683342905
0.9820289386256806 1.1212882748670525
0.9839231873299908 1.1520550620530905
0.9860068609047321 1.1858985279577325
0.9882989018369475 1.2231263404528387
0.9908201468623843 1.2640769341974556
0.9935935163903649 1.309122587316534
0.9966442228711435 1.3586728057475204
1.0 1.4131780460216055
