# CURVE 2D, normalized by CHORD
# COLUMN#1 = X-coordinate, COLUMN#2 = Y-coordinate
#-------------------------------------------------------------------------------
0.0 0.0
0.028767014455554355 0.02654222496324694
0.05491884577878558 0.05067152038438051
0.07869323789081396 0.07260724349450194
0.10030632162902157 0.09254880995824868
0.11995457957284668 0.110677506743473
0.13781663224905133 0.12715814018458602
0.1540548619546919 0.1421405342219615
0.1688168889598197 0.15576089243775737
0.1822369135099359 0.16814303627029908
0.19443693582822333 0.1793995306635188
0.2055278652084846 0.18963270738462765
0.21561052828144944 0.19893559531290841
0.22477658562050837 0.20739276615680002
0.23310936501965285 0.21508110328761057
0.24068461901887508 0.22207050067925652
0.2475712135636226 0.22842449830802558
0.2538317540588476 0.2342008597887247
0.2595231545090521 0.23945209749845117
0.264697154918329 0.2442259499618389
0.26940079165403524 0.24856581583764595
0.27367682505013186 0.25251114845201594
0.27756412813749237 0.2560978144650796
0.28109804003509287 0.2593584199315011
0.28431068721472963 0.262322606719157
0.287231275559854 0.2650173219806624
0.28988635587360345 0.26746706312748547
0.2923000652497393 0.26969410053368825
0.2944943465007719 0.2717186799938726
0.2964891476380742 0.2735592067758584
0.3057907006692928 0.2785285944612061
0.3160224090036333 0.28399492091508854
0.3272772881714078 0.2900078800143593
0.3396576552559598 0.29662213502355705
0.3532760590489669 0.3038978155336746
0.3682563032212748 0.31190106409480395
0.3847345718108135 0.3207046375120462
0.402860667259306 0.3303885682710127
0.42279937225264785 0.34104089210587585
0.4447319477453238 0.35275844832422526
0.4688577807872674 0.3656477601644097
0.4953961971334053 0.37982600318861254
0.5245884551141571 0.39542207051523565
0.5566999388929841 0.4125777445745211
0.5888114226718111 0.4297334186338066
0.6180036806525628 0.4453294859604297
0.6445420969987008 0.45950772898463255
0.6686679300406444 0.4723970408248169
0.6906005055333203 0.4841145970431664
0.7105392105266621 0.49476692087802954
0.7286653059751547 0.504450851636996
0.7451435745646934 0.5132544250542382
0.7601238187370012 0.5212576736153676
0.7737422225300084 0.5285333541254852
0.7861225896145604 0.535147609134683
0.7973774687823348 0.5411605682339536
0.8076091771166753 0.5466268946878361
0.816910730147894 0.5515962823731838
0.8181425684348543 0.5545562717503634
0.8194975905505109 0.5578122600652609
0.8209881148777329 0.5613938472116481
0.8226276916376772 0.5653335930726742
0.824431226073616 0.5696673135198027
0.8264151139531486 0.5744344060116441
0.8285973906206344 0.5796782077526696
0.8309978949548689 0.5854463896677977
0.8336384497225268 0.5917913897744387
0.8365430599669506 0.5987708898917439
0.8397381312358165 0.6064483400207794
0.8432527096315692 0.6148935351627185
0.8471187458668972 0.6241832498188514
0.8513713857257579 0.6344019359405977
0.8560492895705046 0.6456424906745186
0.8611949837997261 0.6580071008818317
0.8668552474518698 0.671608172109876
0.8730815374692278 0.6865693504607248
0.8799304564883216 0.7030266466466584
0.8874642674093247 0.7211296724511853
0.8957514594224282 0.741043000836165
0.9048673706368421 0.7629476620596427
0.9148948729726972 0.7870427894054681
0.925925125542138 0.8135474294858762
0.9380584033685229 0.842702533574325
0.9514050089775461 0.8747731480716187
0.9660862751474718 0.9100508240186417
0.98223566793439 0.948856267560367
1.0 0.991542255456265
