# CURVE 2D, normalized by CHORD
# COLUMN#1 = X-coordinate, COLUMN#2 = Y-coordinate
#-------------------------------------------------------------------------------
0.0 0.0
0.01794521737208543 0.010783704072931227
0.03425905134670855 0.02058707141195961
0.049089809505456834 0.02949922353834905
0.06257231692250072 0.0376011800168849
0.07482914184708608 0.04496659499737204
0.08597170996034549 0.051662426797814895
0.09610131733603587 0.057749546616399305
0.10531005131393621 0.0632832919060215
0.11368162765748198 0.06831396944204167
0.12129215160615994 0.07288731265660546
0.12821080974132174 0.07704489739711799
0.13450049895510516 0.08082451988849304
0.14021839824036283 0.08426054033519761
0.145416488499688 0.08738419528674722
0.1501420250990745 0.09022388160633779
0.15443796746215316 0.09280541462414739
0.15834336961040646 0.09515226282215611
0.16189373519972763 0.09728576118398222
0.16512134028092873 0.0992253051492787
0.16805552671838428 0.10098852693591186
0.17072296893425296 0.10259145583285109
0.17314791640322444 0.10404866392097765
0.17535241410228947 0.10537339854654727
0.1773565029196213 0.10657770275161056
0.17917840184446843 0.10767252475621354
0.18083467359432945 0.1086678174876708
0.18234037518511217 0.10957262906172285
0.1837091948130965 0.11039518503813382
0.18495357629308223 0.11114296319850742
0.18833414169051704 0.11171703146167183
0.19205276362769536 0.11234850655115271
0.1961432477585915 0.11304312914958166
0.2006427803025772 0.1138072140078535
0.20559226610096154 0.11464770735195252
0.21103670047918427 0.11557225003046147
0.2170255782952293 0.1165892469768213
0.22361334389287885 0.1177079436178171
0.23085988605029334 0.1189385099229125
0.23883108242344925 0.12029213285851742
0.2475993984339208 0.12178111808768284
0.25724454604543945 0.12341900183976481
0.26785420841811003 0.12522067396705497
0.27952483702804765 0.12720251330707416
0.29119546563798526 0.12918435264709335
0.30180512801065584 0.1309860247743835
0.31145027562217453 0.13262390852646547
0.32021859163264604 0.1341128937556309
0.328189788005802 0.13546651669123583
0.3354363301632165 0.1366970829963312
0.342024095760866 0.13781577963732702
0.3480129735769111 0.13883277658368687
0.3534574079551338 0.13975731926219578
0.3584068937535181 0.14059781260629484
0.36290642629750386 0.14136189746456668
0.3669969104284 0.14205652006299563
0.3707155323655783 0.1426879951524765
0.3740960977630131 0.1432620634156409
0.37719982732269525 0.14137358341479936
0.38061392983834563 0.13929625541387364
0.384369442605561 0.13701119461285535
0.3885005066494979 0.13449762773173524
0.39304467709782853 0.13173270416250313
0.39804326459099226 0.1286912882363478
0.4035417108334723 0.12534573071757693
0.4095900017002004 0.12166561744692898
0.4162431216536012 0.11761749284921623
0.4235615536023422 0.11316455579173221
0.43161182874595727 0.10826632502849978
0.44046713140393384 0.1028782711889441
0.45020796432770804 0.09695141196543287
0.4609228805438597 0.0904318668195705
0.4716377967600114 0.08391232167370812
0.4813786296837856 0.07798546245019689
0.49023393234176216 0.0725974086106412
0.4982842074853772 0.06769917784740878
0.5056026394341182 0.06324624078992476
0.5122557593875191 0.059198116192212005
0.5183040502542471 0.05551800292156406
0.5238024964967272 0.052172445402793186
0.5288010839898909 0.049131029476637854
0.5333452544382214 0.04636610590740574
0.5374763184821584 0.04385253902628563
0.5412318312493738 0.041567478225267344
0.5446459337650241 0.03949015022434164
0.5477496633247063 0.03760167022350008
0.5504881850786816 0.03391585268366447
0.5535005590080545 0.029861453389845305
0.5568141703303646 0.02540161416664423
0.5604591427849057 0.020495791021123033
0.564468612484901 0.015099385561049727
0.5688790291548957 0.009163339554969077
0.57373048749189 0.002633688948280366
0.5790670916625837 -0.004548926719077209
0.5849373562503468 -0.012449803953170552
0.5913946472968862 -0.02114076891067322
0.5984976674480794 -0.030700830363926172
0.6063109896143921 -0.04121689796250441
0.6149056439973359 -0.05278457232094047
0.6243597638185743 -0.06550901411522017
0.6338138836398126 -0.07823345590949987
0.6424085380227564 -0.08980113026793593
0.6502218601890691 -0.10031719786651416
0.6573248803402624 -0.10987725931976712
0.6637821713868017 -0.11856822427726979
0.6696524359745648 -0.12646910151136315
0.6749890401452585 -0.1336517171787207
0.6798404984822528 -0.1401813677854094
0.6842509151522476 -0.14611741379149007
0.6882603848522428 -0.15151381925156338
0.6919053573067839 -0.15641964239708456
0.695218968629094 -0.16087948162028565
0.698231342558467 -0.16493388091410482
0.7009698643124422 -0.16861969845394043
0.7035181396472514 -0.17172228614208
0.7063212425155414 -0.1751351325990335
0.7094046556706605 -0.17888926370168234
0.7127964101412914 -0.18301880791459613
0.7165273400589854 -0.18756130654880124
0.7206313629684489 -0.19255805504642687
0.7251457881688587 -0.19805447839381507
0.7301116558893095 -0.2041005440759421
0.7355741103818053 -0.21075121632628183
0.7415828103235508 -0.21806695580165553
0.7481923802594708 -0.2261142692245666
0.7554629071889827 -0.23496631398976878
0.7634604868114458 -0.24470356323149117
0.7722578243961554 -0.25541453739738584
0.781055161980865 -0.2661255115632805
0.7890527416033282 -0.2758627608050029
0.7963232685328401 -0.28471480557020507
0.8029328384687601 -0.2927621189931161
0.8089415384105055 -0.30007785846848983
0.8144039929030014 -0.30672853071882955
0.8193698606234522 -0.31277459640095656
0.823884285823862 -0.31827101974834476
0.8279883087333254 -0.3232677682459704
0.8317192386510195 -0.32781026688017556
0.8351109931216504 -0.3319398110930893
0.8381944062767694 -0.3356939421957381
0.8409975091450594 -0.3391067886526916
0.8435457844798686 -0.3422093763408312
0.8445984201312627 -0.341615900758735
0.8457563193477964 -0.3409630776184292
0.8470300084859833 -0.3402449721640928
0.8484310665379889 -0.33945505616432275
0.8499722303951951 -0.33858614856457575
0.851667510638122 -0.337630350204854
0.8535323189053414 -0.3365789720091601
0.8555836079992829 -0.33542245599389675
0.8578400260026184 -0.33415028837710714
0.8603220858062877 -0.33275090399863855
0.8630523515903237 -0.3312115811823231
0.8660556439527634 -0.32951832608437603
0.8693592655514469 -0.32765574547663434
0.872993249309999 -0.3256069068081185
0.8769906314444061 -0.323353184272751
0.881387751792254 -0.3208740894838468
0.8862245841748868 -0.3181470852160522
0.8915450997957828 -0.31514738052147806
0.8973976669787683 -0.31184770535744655
0.9038354908800524 -0.3082180626770119
0.9109170971714651 -0.30422545572853377
0.9187068640920188 -0.2998335880852079
0.927275607704628 -0.29500253367754936
0.9367012256784981 -0.28968837382912493
0.9470694054497553 -0.2838427979958581
0.958474403198138 -0.2774126645792646
0.9710199007213592 -0.2703395178210118
0.9848199479969024 -0.2625590563869336
1.0 -0.25400054880944767
