# CURVE 2D, normalized by CHORD
# COLUMN#1 = X-coordinate, COLUMN#2 = Y-coordinate
#-------------------------------------------------------------------------------
0.0 0.0
0.005716045230072448 0.007789514236834575
0.010912449984683764 0.014870890815775096
0.015636454307057686 0.021308505887539207
0.01993100369103398 0.027160883225506575
0.02383513949464879 0.03248122626002237
0.027384353861571346 0.03731790174594581
0.030610912376955488 0.041714879460421676
0.03354414739094107 0.045712131928127
0.036210724676382505 0.049345997807859115
0.03863488584496563 0.05264951224397922
0.04083866872549574 0.055652707185906584
0.04284210770779585 0.05838288440584056
0.04466341587352322 0.06086486369668962
0.046319150569639006 0.06312120850655241
0.04782436392974426 0.06517243106097312
0.04919273971165814 0.06703717883771922
0.0504367176952162 0.06873240408930659
0.05156760677117808 0.07027351795438601
0.05259568774932525 0.07167453055900366
0.05353030682036813 0.07294817838138336
0.0543799605213162 0.07410604003809217
0.05515237297672353 0.07515864154419108
0.05585456611800293 0.07611555200428101
0.056492923519166016 0.07698547060436277
0.05707324842931428 0.07777630569534617
0.05760081652944906 0.07849524668714927
0.05808042389320795 0.07914882940697027
0.05851643058753422 0.07974299551589846
0.05891280030964901 0.08028314652401498
0.05891280030964901 0.080283146524015
0.060121291541882074 0.07520844791098927
0.06145063189733844 0.06962627943666094
0.06291290628834044 0.0634858941148998
0.06452140811844265 0.05673147026096253
0.06629076013155508 0.04930160402163155
0.06823704734597874 0.04112875115836747
0.07037796328184479 0.03213861300877697
0.07273297081129743 0.02224946104422742
0.07532347909369533 0.011371393883222926
0.07817303820433302 -0.0005944799938820342
0.08130755322603449 -0.013756941258697482
0.0847555197499061 -0.028235648649994477
0.08854828292616487 -0.04416222678042118
0.09272032242004953 -0.061681462723890586
0.09689236191393419 -0.07920069866735999
0.10068512509019296 -0.0951272767977867
0.10413309161406457 -0.10960598418908368
0.10726760663576604 -0.12276844545389914
0.11011716574640373 -0.1347343193310041
0.11270767402880164 -0.14561238649200858
0.11506268155825428 -0.15550153845655815
0.11720359749412032 -0.16449167660614863
0.11914988470854398 -0.17266452946941271
0.12091923672165641 -0.1800943957087437
0.12252773855175861 -0.18684881956268096
0.12399001294276062 -0.1929892048844421
0.12531935329821697 -0.19857137335877043
0.12652784453045005 -0.20364607197179616
0.1288740882224265 -0.20844523747244745
0.1314549562836006 -0.2137243195231639
0.1342939111508921 -0.21953130977895197
0.13741676150491275 -0.22591899906031884
0.14085189689433547 -0.2329454572698224
0.14463054582270046 -0.2406745613002763
0.14878705964390196 -0.24917657573377566
0.15335922484722359 -0.2585287916106249
0.15838860657087742 -0.26881622907515906
0.1639209264668966 -0.28013241028614666
0.1700064783525177 -0.29258020961823306
0.17670058542670092 -0.30627278888352805
0.18406410320830247 -0.3213346260753525
0.19216397276806418 -0.3379026469863595
0.2002638423278259 -0.35447066789736653
0.20762736010942745 -0.369532505089191
0.21432146718361064 -0.383225084354486
0.22040701906923177 -0.39567288368657233
0.22593933896525095 -0.4069890648975599
0.23096872068890476 -0.4172765023620941
0.23554088589222638 -0.4266287182389434
0.23969739971342788 -0.43513073267244273
0.24347604864179287 -0.44285983670289664
0.2469111840312156 -0.4498862949124002
0.25003403438523625 -0.4562739841937671
0.25287298925252777 -0.46208097444955515
0.25545385731370185 -0.46736005650027157
0.2578001010056783 -0.47215922200092286
0.2615715143051509 -0.4733991639155631
0.26572006893457084 -0.47476310002166733
0.2702834790269327 -0.47626342973838204
0.2753032301285308 -0.4779137924267682
0.2808249563402887 -0.47972919138399295
0.2868988551732224 -0.48172613023694016
0.2935801438894494 -0.48392276297518216
0.3009295614772992 -0.48633905898724833
0.3090139208239339 -0.4889969846005211
0.31790671610523213 -0.4919207027751211
0.32768879091466013 -0.4951367927671812
0.338449073205031 -0.4986744917584473
0.3502853837244389 -0.50256596064884
0.36330532529578763 -0.5068465764282719
0.37632526686713635 -0.5111271922077039
0.3881615773865443 -0.5150186610980965
0.3989218596769151 -0.5185563600893626
0.4087039344863431 -0.5217724500814226
0.41759672976764134 -0.5246961682560227
0.42568108911427605 -0.5273540938692954
0.43303050670212584 -0.5297703898813616
0.43971179541835287 -0.5319670226196036
0.44578569425128656 -0.5339639614725508
0.45130742046304445 -0.5357793604297756
0.45632717156464253 -0.5374297231181617
0.4608905816570044 -0.5389300528348764
0.46503913628642435 -0.5402939889409806
0.46881054958589696 -0.5415339308556208
0.47359975050535574 -0.5394324096010296
0.4788678715167604 -0.5371207362209792
0.48466280462930555 -0.5345778955029238
0.49103723105310526 -0.5317807707130628
0.4980491001192848 -0.5287039334442158
0.5057621560920824 -0.5253194124484841
0.5142465176621598 -0.5215964393531792
0.5235793153892448 -0.5175011689483437
0.5338453928890384 -0.5129963715030248
0.5451380781388114 -0.508041094313174
0.5575600319135616 -0.502590289404338
0.5712241810657869 -0.4965944040046185
0.5862547451332347 -0.489998930064927
0.6027883656074273 -0.4827439087312664
0.6193219860816199 -0.47548888739760575
0.6343525501490677 -0.46889341345791424
0.648016699301293 -0.46289752805819473
0.6604386530760432 -0.45744672314935875
0.6717313383258161 -0.4524914459595079
0.6819974158256097 -0.44798664851418896
0.6913302135526948 -0.44389137810935353
0.6998145751227721 -0.44016840501404864
0.7075276310955697 -0.43678388401831686
0.7145395001617494 -0.4337070467494698
0.720913926585549 -0.43090992195960887
0.7267088596980941 -0.4283670812415535
0.7319769807094988 -0.4260554078615031
0.7367661816289576 -0.42395388660691186
0.7385372384263011 -0.4233049971147593
0.740485400903379 -0.42259121867339144
0.7426283796281645 -0.42180606238788676
0.7449856562254288 -0.4209423904738317
0.7475786604824195 -0.4199923513683711
0.7504309651651091 -0.41894730835236443
0.7535685003160678 -0.4177977610347571
0.7570197889821223 -0.416533258985389
0.7608162065147823 -0.41514230673108415
0.7649922658007083 -0.4136122592513488
0.7695859310152269 -0.4119292070236399
0.7746389627511974 -0.4100778495731601
0.7801972976607647 -0.40804135637763234
0.786311466061289 -0.4058012138625518
0.7930370513018656 -0.40333705709596324
0.8004351950665 -0.4006264846527158
0.8085731532075977 -0.39764485496514357
0.8175249071628052 -0.3943650623088142
0.8273718365135335 -0.3907572903868518
0.8382034587993347 -0.38678874127269325
0.8501182433137159 -0.38242333724711874
0.8632245062795352 -0.3776213928189869
0.8776413955419364 -0.3723392539480418
0.8934999737305779 -0.3665289011900022
0.9109444097380834 -0.3601375131561586
0.9301332893463395 -0.3531069863189307
0.9512410569154213 -0.34537340679798
0.9744596012414111 -0.33686646932493425
1.0 -0.32750883810458387
