# CURVE 2D, normalized by CHORD
# COLUMN#1 = X-coordinate, COLUMN#2 = Y-coordinate
#-------------------------------------------------------------------------------
0.0 0.0
0.010772848614718103 0.04594173329648377
0.020566347355370922 0.08770694538419627
0.029469528028691665 0.12567532000938944
0.037563328640801426 0.1601920242141105
0.044921329197264846 0.19157084621840237
0.051610420612231596 0.2200970480404859
0.05769141280765591 0.24602995878783457
0.06321958753076892 0.26960533219451516
0.06824520091541712 0.29103748983695205
0.07281394035600638 0.3105212695118947
0.07696733984745116 0.3282337964891152
0.08074315756694643 0.34433609374113394
0.08417571913012394 0.3589745457884237
0.0872962296421035 0.372282229467778
0.09013305738026672 0.3843801237217364
0.09271199168768784 0.39537820940715324
0.09505647742170703 0.4053764691211684
0.09718782808899722 0.41446579613390955
0.09912541960471556 0.42272882069094697
0.10088686643718679 0.4302406611973446
0.10248818173943336 0.43706960711225157
0.10394392292329388 0.44327773976216694
0.1052673239995307 0.44892149671663556
0.10647041588701875 0.4540521848570615
0.10756413578473513 0.4587164468029033
0.10855842660084095 0.46295668493548675
0.10946232734275531 0.4668114468741989
0.11028405528995021 0.47031577590939183
0.11103108069649101 0.47350152957774905
0.1182821143766343 0.4769026639692859
0.1262582514247919 0.4806439117999764
0.13503200217776531 0.48475928441373595
0.14468312800603603 0.48928619428887143
0.15529936641713382 0.4942657951515205
0.1669772286693414 0.49974335610043447
0.17982287714676973 0.5057686731442399
0.1939530904719409 0.5123965218924258
0.20949632512962918 0.5196871555154303
0.22659388325308633 0.5277068525007352
0.24540119718888914 0.5365285191845707
0.26608924251827226 0.5462323525367897
0.2888460923805937 0.5569065692242305
0.31387862722914733 0.5686482075804156
0.33891116207770094 0.5803898459366006
0.3616680119400224 0.5910640626240415
0.3823560572694055 0.6007678959762605
0.40116337120520834 0.609589562660096
0.41826092932866543 0.6176092596454009
0.43380416398635374 0.6248998932684054
0.4479343773115249 0.6315277420165913
0.4607800257889533 0.6375530590603967
0.47245788804116085 0.6430306200093107
0.4830741264522586 0.6480102208719598
0.4927252522805293 0.6525371307470953
0.5014990030335027 0.6566525033608549
0.5094751400816604 0.6603937511915454
0.5167261737618036 0.6637948855830822
0.5199776761722231 0.6636064938303715
0.5235543288236846 0.6633992629023898
0.527488646740292 0.66317130888161
0.5318163964485604 0.6629205594587522
0.5365769211276554 0.6626447350936084
0.5418134982746602 0.6623413282919505
0.5475737331363653 0.6620075808101267
0.5539099914842409 0.6616404585801205
0.5608798756669041 0.6612366241271137
0.5685467482678337 0.6607924062288062
0.576980308128856 0.6603037665406679
0.5862572239759808 0.6597662628837159
0.5964618314078179 0.6591750088610686
0.6076868995828388 0.6585246294361566
0.6200344745753619 0.6578092120687534
0.6336168070671371 0.6570222529646099
0.6485573728080899 0.6561565979500521
0.664991995123138 0.6552043774340385
0.6830700796696909 0.6541569348664235
0.7029559726708989 0.6530047480420469
0.724830454972228 0.6517373425352327
0.74889238550369 0.6503431964777372
0.775360509088298 0.648809635814492
0.8044754450313669 0.6471227190849225
0.8365018745687427 0.6452671106823958
0.8717309470598561 0.6432259414396165
0.9104829268000808 0.6409806552725593
0.9531101045143281 0.6385108404887964
1.0 0.6357940442266572
