# CURVE 2D, normalized by CHORD
# COLUMN#1 = X-coordinate, COLUMN#2 = Y-coordinate
#-------------------------------------------------------------------------------
0.0 0.0
0.006038881175949268 0.0320965051332134
0.011528773154084963 0.0612751461634074
0.016519584043299233 0.08780118346358376
0.021056684851675837 0.11191576282738043
0.025181321950200026 0.13383810770355925
0.02893099203976747 0.15376751213644907
0.03233978303028333 0.17188515252998526
0.035438683930752286 0.18835573470592726
0.038255866567542256 0.2033289912295109
0.040816941691896765 0.2169410426145869
0.04314519180494632 0.22931563478283784
0.04526178281680955 0.24056526402670234
0.04718595646395795 0.25079219970294275
0.04893520523409285 0.2600894139540704
0.05052543138876094 0.26854142690964106
0.0519710915293683 0.27622507505106886
0.05328532802082953 0.28321020972509414
0.05448008846761247 0.2895603321560262
0.05556623432832424 0.29533317072960086
0.05655363965624403 0.3005812057964869
0.05745128086344384 0.30535214676638334
0.058267318324534564 0.30968936582992546
0.05900917056188978 0.31363229225132744
0.05968358168675816 0.31721677081623834
0.060296682709365765 0.32047538769343004
0.06085404727537269 0.32343776667269525
0.06136074233537898 0.32613083847202723
0.06182137420811197 0.32857908556232907
0.062240130456051056 0.3308047647353307
0.06224013045605106 0.3308047647353307
0.0691244760636558 0.3319835730175638
0.07669725623202095 0.3332802621280202
0.08502731441722267 0.3347066201495222
0.09419037842094455 0.3362756139731744
0.10426974882503859 0.33800150717919186
0.11535705626954207 0.3398999897058111
0.12755309445849589 0.3419883204850922
0.1409687364663451 0.34428548434230144
0.15572594267497925 0.34681236458523157
0.17195886950447675 0.3495919328524547
0.18981508901692407 0.35264945794640024
0.2094569304806161 0.3560127355497403
0.2310629560906773 0.3597123409134143
0.25482958426174473 0.36378190681345574
0.27859621243281213 0.36785147271349716
0.3002022380428734 0.3715510780771712
0.3198440795065654 0.37491435568051124
0.33770029901901266 0.37797188077445676
0.3539332258485102 0.3807514490416799
0.36869043205714436 0.38327832928461003
0.38210607406499353 0.38557549314181927
0.3943021122539474 0.3876638239211004
0.4053894196984509 0.3895623064477196
0.4154687901025449 0.39128819965373707
0.4246318541062668 0.3928571934773893
0.4329619122914685 0.39428355149889127
0.4405346924598337 0.39558024060934766
0.4474190380674384 0.39675904889158076
0.4536780373009921 0.3986395921081012
0.46056293645790114 0.4007081896462736
0.4681363255305011 0.4029836469382633
0.4764670535103611 0.40548664995945194
0.48563085428820707 0.40823995328275947
0.49571103514383763 0.41126858693839774
0.5067992340850312 0.4146000839595998
0.5189962529203442 0.41826473068292214
0.5324129736391885 0.4222958420785767
0.5471713664299173 0.42673006461379664
0.5634055984997188 0.4316077094025387
0.5812632537765006 0.43697311867015487
0.6009066745809606 0.44287506886453265
0.6225144374658665 0.4493672140783483
0.6441222003507725 0.4558593592921639
0.6637656211552325 0.4617613094865417
0.6816232764320143 0.4671267187541579
0.6978575085018158 0.47200436354289993
0.7126159012925446 0.4764385860781199
0.7260326220113889 0.48046969747377444
0.7382296408467018 0.4841343441970968
0.7493178397878955 0.48746584121829883
0.759398020643526 0.4904944748739371
0.7685618214213721 0.49324777819724464
0.776892549401232 0.4957507812184333
0.784465938473832 0.498026238510423
0.791350837630741 0.5000948360485954
0.7976098368642948 0.5019753792651158
0.8005591128133074 0.5061192704306522
0.8038033163572214 0.5106775507127422
0.8073719402555266 0.5156916590230414
0.8112974265436625 0.5212071781643703
0.8156154614606119 0.5272742492198321
0.8203652998692563 0.5339480273808402
0.8255901221187651 0.5412891833579491
0.8313374265932247 0.5493644549327688
0.8376594615151305 0.5582472536650704
0.8446136999292266 0.5680183322706024
0.8522633621847325 0.5787665187366875
0.860677990665789 0.590589523849381
0.869934081994951 0.603594829473344
0.8801157824570294 0.6179006656597033
0.8902974829191077 0.6322065018460625
0.8995535742482698 0.6452118074700255
0.9079682027293262 0.657034812582719
0.915617864984832 0.6677829990488041
0.9225721033989283 0.6775540776543361
0.9288941383208339 0.6864368763866378
0.9346414427952936 0.6945121479614574
0.9398662650448024 0.7018533039385663
0.9446161034534467 0.7085270820995744
0.9489341383703962 0.7145941531550362
0.952859624658532 0.7201096722963651
0.9564282485568373 0.7251237806066643
0.9596724521007512 0.7296820608887543
0.9626217280497639 0.7338259520542907
0.9628732118561383 0.7353674662010512
0.9631498440431502 0.7370631317624878
0.9634541394488632 0.7389283638800681
0.9637888643951475 0.7409801192094064
0.9641570618360603 0.7432370500716785
0.9645620790210643 0.7457196740201779
0.9650075979245688 0.7484505603635272
0.9654976687184237 0.7514545353412114
0.966036746591664 0.754758907816664
0.9666297322522285 0.7583937175396619
0.9672820164788494 0.7623920082349596
0.9679995291281324 0.7667901279997871
0.9687887930423437 0.7716280597410972
0.969656983347976 0.7769497846565384
0.9706119926841716 0.7828036820635238
0.9716625029539868 0.7892429692112076
0.9728180642507835 0.7963261850736598
0.9740891816772599 0.8041177225223574
0.9754874108463839 0.8126884137159246
0.9770254629324203 0.8221161740288485
0.9787173202270604 0.8324867103730649
0.9805783632511644 0.8438943003517028
0.9826255105776789 0.8564426493282046
0.9848773726368448 0.8702458332023565
0.9873544209019273 0.8854293354639237
0.9900791739935181 0.9021311879516476
0.9930764023942679 0.9205032256881438
0.9963733536350927 0.9407124671982897
1.0 0.9629426328594501
