# CURVE 2D, normalized by CHORD
# COLUMN#1 = X-coordinate, COLUMN#2 = Y-coordinate
#-------------------------------------------------------------------------------
0.0 0.0
0.007580398514104059 -0.04342006962281038
0.014471669890562292 -0.0828928601890016
0.020736462050978868 -0.11877721524917546
0.02643172765135757 -0.15139935621296985
0.03160924183352003 -0.18105584799823748
0.03631607290821317 -0.20801629507575353
0.0405950102488433 -0.23252579241894994
0.04448495328577978 -0.25480715364003753
0.04802126513754022 -0.27506293656829905
0.05123609409368607 -0.29347728468490036
0.05415866587200048 -0.31021760115453795
0.05681554930683176 -0.3254360706723903
0.05923089788395111 -0.33927104296134697
0.06142666931769597 -0.3518482904967621
0.06342282516655494 -0.36328215189259405
0.06523751230188127 -0.3736765713433504
0.06688722787945066 -0.3831260435713107
0.06838696931360465 -0.3917164728694564
0.069750370617381 -0.3995259540495889
0.07098982634808679 -0.4066254823951639
0.07211660428509205 -0.4130795990729593
0.07314094786418772 -0.4189469778709552
0.07407216929972926 -0.42428095859640597
0.07491873424113066 -0.4291300319831794
0.07568833873331374 -0.4335382805166098
0.07638797918075291 -0.43754577918336474
0.07702401595115214 -0.4411889597895055
0.07760223119696964 -0.4445009421587245
0.0781278814204401 -0.4475118352216508
0.08195475252869748 -0.45119860278463414
0.0861643107477806 -0.4552540471039158
0.09079482478877202 -0.45971503585512574
0.09588839023386259 -0.4646221234814566
0.10149131222346222 -0.4700199198704205
0.1076545264120218 -0.47595749589828085
0.11443406201943736 -0.48248882952892724
0.12189155118759447 -0.4896732965226383
0.1300947892725673 -0.4975762102157204
0.13911835116603738 -0.5062694152781108
0.1490442692488545 -0.5158319408467401
0.15996277913995333 -0.5263507189722324
0.17197314002016204 -0.5379213749102739
0.18518453698839166 -0.5506490964421197
0.19839593395662128 -0.5633768179739654
0.21040629483683 -0.574947473912007
0.22132480472792881 -0.5854662520374992
0.23125072281074593 -0.5950287776061286
0.24027428470421602 -0.603721982668519
0.24847752278918883 -0.611624896361601
0.25593501195734597 -0.618809363355312
0.26271454756476154 -0.6253406969859584
0.2688777617533211 -0.6312782730138188
0.27448068374292073 -0.6366760694027828
0.2795742491880113 -0.6415831570291136
0.28420476322900273 -0.6460441457803234
0.2884143214480859 -0.6500995900996052
0.29224119255634323 -0.6537863576625885
0.29698570748795683 -0.6541107904946095
0.3022046739127317 -0.6544676666098326
0.3079455369799841 -0.654860230336578
0.31426048635396175 -0.6552920504359979
0.3212069306653371 -0.6557670525453599
0.3288480194078501 -0.656289554865658
0.3372532170246143 -0.656864307417986
0.346498934403055 -0.6574965352255467
0.3566692235193397 -0.6581919858138635
0.36785654154725295 -0.658956981461012
0.3801625913779575 -0.6597984766728754
0.39369924619173247 -0.6607241214059251
0.408589566486885 -0.6617423306122797
0.42496891881155274 -0.6628623607392699
0.4413482711362205 -0.66398239086626
0.456238591431373 -0.6650006000726146
0.469775246245148 -0.6659262448056643
0.4820812960758525 -0.6667677400175276
0.4932686141037657 -0.6675327356646761
0.5034389032200505 -0.6682281862529929
0.5126846205984911 -0.6688604140605536
0.5210898182152554 -0.6694351666128816
0.5287309069577683 -0.6699576689331798
0.5356773512691437 -0.6704326710425417
0.5419923006431213 -0.6708644911419616
0.5477331637103737 -0.671257054868707
0.5529521301351487 -0.6716139309839301
0.5576966450667622 -0.6719383638159511
0.562188911213182 -0.669283920792952
0.5671304039742439 -0.6663640334676528
0.5725660460114119 -0.6631521574098238
0.5785452522522967 -0.659619093746212
0.5851223791172699 -0.6557327237162389
0.5923572186687406 -0.6514577166832685
0.6003155421753583 -0.6467552089470011
0.6090696980326378 -0.6415824504371069
0.6186992694756451 -0.6358924160762234
0.6292917980629533 -0.6296333782792514
0.6409435795089923 -0.6227484367025823
0.653760539099635 -0.6151750009682463
0.6678591946493422 -0.6068442216604766
0.6833677157540201 -0.59768036442193
0.698876236858698 -0.5885165071833833
0.7129748924084052 -0.5801857278756136
0.7257918519990479 -0.5726122921412776
0.7374436334450869 -0.5657273505646084
0.7480361620323951 -0.5594683127676365
0.7576657334754024 -0.5537782784067529
0.7664198893326819 -0.5486055198968588
0.7743782128392996 -0.5439030121605913
0.7816130523907703 -0.539628005127621
0.7881901792557435 -0.5357416350976478
0.7941693854966283 -0.532208571434036
0.7996050275337964 -0.528996695376207
0.8045465202948582 -0.526076808050908
0.809038786441278 -0.5234223650279087
0.8103235877536437 -0.5212331182934001
0.811736869197246 -0.5188249468854407
0.8132914787852084 -0.5161759583366853
0.8150015493319671 -0.5132620709330543
0.8168826269334016 -0.5100567947890603
0.8189518122949797 -0.5065309910306668
0.8212279161927155 -0.5026526068964341
0.8237316304802249 -0.498386384348778
0.8264857161964853 -0.49369353954635636
0.8295152104843717 -0.4885314102636925
0.8328476542010467 -0.4828530680527623
0.8365133422893892 -0.47660689162073905
0.840545599186566 -0.4697360975455135
0.8449810817734604 -0.4621782240627654
0.8498601126190444 -0.45386456323174246
0.8552270465491867 -0.4447195363176173
0.8611306738723432 -0.4346600067120795
0.8676246639278153 -0.42359452414598797
0.8747680529888346 -0.41142249332328734
0.882625780955956 -0.39803325941831663
0.8912692817197895 -0.38330510212284885
0.9007771325600064 -0.3671041290978342
0.9112357684842448 -0.3492830587703182
0.9227402680009071 -0.3296798814100505
0.9353952174692357 -0.3081163863137561
0.9493156618843972 -0.28439654170783224
0.9646281507410748 -0.25830471264131594
0.9814718884834202 -0.2296037006681481
1.0 -0.1980325874976634
