# CURVE 2D, normalized by CHORD
# COLUMN#1 = X-coordinate, COLUMN#2 = Y-coordinate
#-------------------------------------------------------------------------------
0.0 0.0
0.01533176989283354 0.009181027150458775
0.029269742522682208 0.01752741546905766
0.04194062673163554 0.025115041213238463
0.05345961237613857 0.03201288279885737
0.06393141750750496 0.03828364787669274
0.07345124035420167 0.04398434340199763
0.0821056247602896 0.049166793879547525
0.08997324694764226 0.05387811249550197
0.0971256307543265 0.05816112941909693
0.10362779785131215 0.06205478116781961
0.10953885884857184 0.06559446457574931
0.11491255066426248 0.06881235858295814
0.11979772504216306 0.07173771677132981
0.12423879265843629 0.07439713330621314
0.12827612685504836 0.07681478470156163
0.1319464306701502 0.07901264960642389
0.13528307050206098 0.08101070861084411
0.13831637944016167 0.08282712588758978
0.14107393302025326 0.08447841432099493
0.14358079991124556 0.08597958562409053
0.14585976981214768 0.08734428680872289
0.1479315606311496 0.08858492424929774
0.14981500683024226 0.08971277646800217
0.1515272306475992 0.09073809666682439
0.15308379775428738 0.09167020593848094
0.1544988587603675 0.09251757800362326
0.15578527785680396 0.09328791624466173
0.15695474976265533 0.09398822373651489
0.158017906040702 0.09462486691092685
0.22685946031867804 0.03527282123399392
0.21836402305089428 0.0425971994536811
0.21064089826199994 0.04925572510794216
0.20361987572664147 0.0553089302481795
0.19723712796722467 0.06081184401203161
0.1914346300041185 0.0658144928882608
0.18615963185584017 0.07036235550301462
0.18136417899376894 0.07449677606188172
0.17700467639188602 0.07825534020630637
0.1730414922083561 0.08167221670123785
0.16943859749605616 0.08477846806026648
0.16616323866669258 0.08760233293211067
0.1631856397309075 0.09016948281560541
0.16047873160746653 0.09250325543696425
0.2353548975864618 0.027948443014306733
0.24307802237535614 0.021289917360045672
0.2500990449107146 0.015236712219808341
0.2564817926701314 0.009733798455956226
0.26228429063323755 0.004731149579727031
0.2675592887815159 0.00018328696497321717
0.2723547416435871 -0.003951133593893888
0.27671424424547003 -0.007709697738318526
0.28067742842899995 -0.011126574233250017
0.2842803231412999 -0.01423282559227864
0.2875556819706635 -0.017056690464122844
0.29053328090644853 -0.019623840347617577
0.2932401890298895 -0.02195761296897642
0.29570101459665404 -0.024079224442939015
0.37766508705515534 -0.11273343731850977
0.36755025680347914 -0.10179300589001554
0.3583549565746826 -0.091847159136839
0.3499955927303221 -0.08280548027031487
0.3423961710536308 -0.07458577220983839
0.3354876058930023 -0.06711331033667796
0.3292070921106127 -0.06032016317925939
0.32349753412662224 -0.05414457485433341
0.3183070268684491 -0.04853040364985524
0.3135883839064735 -0.043426611645784194
0.30929870848649565 -0.03878680073299233
0.3053990035592431 -0.034568790812272446
0.30185381726174076 -0.030734236338890733
0.29863092062764773 -0.027248277726725556
0.38777991730683153 -0.12367386874700399
0.3969752175356281 -0.13361971550018054
0.40533458137998857 -0.14266139436670466
0.4129340030566799 -0.15088110242718114
0.41984256821730837 -0.1583535643003416
0.42612308199969795 -0.16514671145776016
0.4318326399836884 -0.17132229978268612
0.4370231472418616 -0.1769364709871643
0.4417417902038372 -0.18204026299123535
0.446031465623815 -0.18668007390402722
0.44993117055106757 -0.1908980838247471
0.4534763568485699 -0.1947326382981288
0.45669925348266294 -0.19821859691029398
0.4596291595136566 -0.20138765019408053
0.5588495953792844 -0.27530080861842277
0.5466052322555965 -0.26617950670646623
0.535473993052244 -0.257887414059233
0.5253546846855599 -0.2503491480162937
0.5161553134431197 -0.24349617888634895
0.5077922486772651 -0.23726620695003547
0.5001894625264881 -0.23160259609884146
0.49327783875305453 -0.2264538589613923
0.4869945444135695 -0.22177318883643857
0.4812824586504012 -0.21751803417738969
0.47608965341115733 -0.21364971176007252
0.4713689213754811 -0.21013305501705695
0.4670773467975936 -0.20693609434158822
0.46317591536315045 -0.20402976645479848
0.5710939585029722 -0.2844221105303793
0.5822251977063247 -0.2927142031776125
0.5923445060730088 -0.30025246922055177
0.6015438773154489 -0.3071054383504966
0.6099069420813036 -0.31333541028681
0.6175097282320805 -0.31899902113800405
0.6244213520055142 -0.32414775827545317
0.6307046463449992 -0.32882842840040694
0.6364167321081675 -0.33308358305945585
0.6416095373474113 -0.33695190547677295
0.6463302693830876 -0.34046856221978855
0.6506218439609751 -0.34366552289525726
0.6545232753954182 -0.346571850782047
0.658070031244912 -0.349213967042765
0.7595246040479682 -0.39766193964990465
0.7470045357866113 -0.3916831857366314
0.7356226555490142 -0.38624795490638303
0.7252754916966531 -0.38130683596979353
0.7158689791035976 -0.37681490966380315
0.7073176040190017 -0.372731340294721
0.6995436266693691 -0.36901900450464625
0.6924763745333394 -0.36564415378639653
0.6860515998642216 -0.36257610767889675
0.6802108956195689 -0.359786974853897
0.6749011644880666 -0.3572513995584426
0.6700741361867008 -0.3549463311080296
0.6656859286400045 -0.3528508143349268
0.661696649052099 -0.3509457990866516
0.772044672309325 -0.4036406935631779
0.7834265525469223 -0.40907592439342627
0.7937737163992833 -0.41401704333001577
0.8031802289923388 -0.41850896963600615
0.8117316040769347 -0.4225925390050883
0.8195055814265674 -0.42630487479516305
0.826572833562597 -0.42967972551341277
0.8329976082317149 -0.43274777162091255
0.8388383124763675 -0.4355369044459123
0.8441480436078699 -0.4380724797413667
0.8489750719092357 -0.4403775481917797
0.8533632794559318 -0.4424730649648825
0.8573525590438376 -0.4443780802131577
0.8609791768510244 -0.4461099122570443
1.0 -0.5372654036727548
0.9865114320000963 -0.5284209944923556
0.9742490974547293 -0.5203806225101746
0.9631015205953048 -0.5130711934354646
0.9529673598140098 -0.5064262579130009
0.9437544863764689 -0.5003854074380338
0.9353791468877953 -0.4948937251880639
0.9277652018980921 -0.4899012867790003
0.9208434337256346 -0.4853627064071243
0.9145509172052186 -0.4812367242508734
0.9088304476412042 -0.47748583138155437
0.9036300207648275 -0.4740759287730825
0.8989023599681213 -0.4709760173108354
0.8946044865165702 -0.46815791598151985
0.890697328833342 -0.46559600568214204
0.8871453673031345 -0.4632669963190713
0.8839163113665822 -0.46114971507991614
0.8809808059697165 -0.4592249139534114
0.8783121646998386 -0.45747509474749803
0.8758861271817678 -0.4558843500148495
0.8736806385289762 -0.45443821843971444
0.8716756488446201 -0.45312355337140986
0.869852930949751 -0.45192840330931483
0.8681959146816881 -0.4508419032528648
0.8666895362561764 -0.44985417592881927
0.8653201013238931 -0.44895624199786877
0.8640751604763628 -0.44813993842427746
0.8629433960695171 -0.44739784426646717
0.8619145193360209 -0.44672321321391234
