# CURVE 2D, normalized by CHORD
# COLUMN#1 = X-coordinate, COLUMN#2 = Y-coordinate
#-------------------------------------------------------------------------------
0.0 0.0
0.013982266137944293 0.009534737114368976
0.0266934171724391 0.018202679945613497
0.038249009021979835 0.026082627974017607
0.04875409252156231 0.03324621709074861
0.05830416843027367 0.039758570833231345
0.06698605562001125 0.045678892417306556
0.07487868033795451 0.05106100294828402
0.08205379371790293 0.05595383070371809
0.08857662406331059 0.060401855935930865
0.094506469831863 0.06444551523794248
0.09989723871236518 0.06812156914886212
0.10479793769463991 0.07146343634060727
0.10925311858761692 0.07450149742401194
0.11330328303577784 0.07726337113619801
0.11698525071592414 0.07977416542000351
0.12033249406151168 0.08205670567800853
0.12337544255750035 0.0841317422761949
0.1261417593720355 0.08601813918363706
0.12865659283979475 0.08773304546312993
0.13094280508321224 0.08929205117175981
0.1330211798499554 0.09070932908869607
0.13491061145608557 0.09199776355863812
0.1366282765525675 0.09316906762222181
0.13818979027664202 0.09423388949820698
0.13960934820761886 0.09520190938546623
0.1408998554175978 0.09608192746479281
0.14207304379030591 0.09688194390054425
0.14313957867458602 0.09760923156940919
0.1441091558421134 0.09827040217746824
0.29528961633707884 0.02088371513703514
0.276633092211206 0.030433670131644303
0.2596726157331399 0.03911544739947079
0.24425400075307976 0.04700797218840397
0.23023707804393417 0.054182994723797756
0.21749442103562006 0.06070574248324666
0.20591018739169809 0.06663551317365475
0.1953790658972236 0.07202621380129846
0.18580531908406495 0.07692685073552002
0.17710191289028435 0.08138197522117599
0.1691897254413929 0.08543208838995414
0.16199682776058252 0.08911400945247973
0.15545782986893672 0.09246121041841208
0.14951328633107688 0.0955041203874415
0.31394614046295166 0.011333760142425979
0.3309066169410178 0.0026519828745994907
0.34632523192107795 -0.005240541914333683
0.3603421546302235 -0.012415564449727478
0.3730848116385377 -0.018938312209176373
0.3846690452824596 -0.024868082899584466
0.39520016677693415 -0.030258783527228186
0.4047739135900928 -0.03515942046144975
0.41347731978387336 -0.039614544947105715
0.4213895072327648 -0.04366465811588385
0.4285824049135752 -0.04734657917840944
0.435121402805221 -0.050693780144341796
0.44106594634308083 -0.053736690113371205
0.4464700768320443 -0.05650297190339795
0.6171389368157716 -0.11977166266781673
0.5960774339377085 -0.11196394828598316
0.5769306131394694 -0.10486602612067993
0.5595244124137975 -0.09841336960676789
0.5437005935722776 -0.09254731823048423
0.5293153037163504 -0.08721454425204453
0.5162377674836893 -0.08236656790800845
0.5043490981812702 -0.07795931668615746
0.4935412169972527 -0.07395272466629293
0.48371587046632775 -0.07031036828459791
0.474783737256396 -0.0669991352103297
0.466663616156458 -0.06398892332463132
0.45928168788378715 -0.061252367064905534
0.45257084399954095 -0.058764588646973
0.4464700768320443 -0.05650297190339797
0.6382004396938347 -0.1275793770496503
0.6573472604920737 -0.13467729921495356
0.6747534612177457 -0.14112995572886558
0.6905772800592656 -0.14699600710514923
0.7049625699151928 -0.15232878108358894
0.7180401061478539 -0.15717675742762502
0.729928775450273 -0.161584008649476
0.7407366566342904 -0.16559060066934056
0.7505620031652154 -0.16923295705103558
0.7594941363751471 -0.17254419012530378
0.767614257475085 -0.17555440201100214
0.7749961857477559 -0.17829095827072794
0.7817070296320021 -0.18077873668866049
0.7878077967994987 -0.18304035343223551
1.0 -0.23017746724195898
0.9794119406209225 -0.22560396414695635
0.9606955230035793 -0.2214462340605903
0.9436805978969037 -0.2176664794366212
0.9282124841635623 -0.21423033886937654
0.9141505625877973 -0.21110657471733596
0.90136699751892 -0.20826678912457178
0.8897455747290317 -0.20568516585842253
0.8791806449200422 -0.20333823561646866
0.8695761632755064 -0.20120466266923787
0.8608448163259282 -0.19926505089902807
0.8529072281899482 -0.19750176747156462
0.845691238975421 -0.19589878253750692
0.8391312487803961 -0.1944415235065454
0.8331676213303735 -0.19311674256930764
0.827746141830353 -0.19191239626272785
0.8228175241030615 -0.19081753598401896
0.8183369625327968 -0.18982220845791997
0.8142637247416468 -0.18891736525237543
0.8105607812951469 -0.1880947805200622
0.8071944690710561 -0.1873469762179593
0.8041341852309735 -0.18666715412513843
0.8013521090127166 -0.18604913404075585
0.7988229488143013 -0.18548729760040805
0.7965237122702873 -0.18497653720009188
0.7944334972302746 -0.18451220956344078
0.7925333017393539 -0.18409009353012162
0.7908058512930625 -0.18370635168164967
0.7892354417964338 -0.18335749545576607
