# CURVE 2D, normalized by CHORD
# COLUMN#1 = X-coordinate, COLUMN#2 = Y-coordinate
#-------------------------------------------------------------------------------
0.0 0.0
0.024070817831468964 0.018661929507149764
0.04595337949644074 0.035627319968194994
0.06584661737368781 0.05105040220550884
0.08393137908027605 0.06507138605761234
0.1003720715408108 0.07781773501407005
0.11531815559584241 0.08940532497448617
0.12890550473678022 0.09993949766577355
0.14125764031945098 0.1095160182942166
0.1524868544855153 0.11822194613825576
0.1626952310001192 0.12613642599647315
0.17197557328612276 0.1333314076857617
0.18041224809158055 0.13987230013056948
0.18808195246017853 0.14581856598948564
0.19505441097708578 0.15122426222486396
0.20139300962881965 0.15613853152975335
0.2071553720394868 0.16060604907965279
0.21239388332191148 0.16466742867047046
0.21715616630593393 0.16835959193485014
0.22148551447322706 0.17171610399337717
0.22542128553440263 0.1747674785920381
0.22899925922638045 0.17754145549991165
0.23225196258272388 0.1800632526888876
0.2352089656339452 0.18235579558795667
0.23789715022596458 0.18443992549620125
0.24034095440052766 0.1863345890491509
0.24256259455922138 0.1880570104609233
0.24458226743076109 0.1896228481079891
0.2464183336776154 0.19104633687804892
0.2480874848111193 0.19234041757810333
0.35452075171914316 0.28621846954607744
0.341386284438359 0.2746333868198029
0.32944585963764617 0.2641014934322807
0.3185909280006345 0.2545270448981695
0.3087228083306238 0.24582300077625033
0.299751790448796 0.2379102333926874
0.29159631964713434 0.2307168084985393
0.2841822552819874 0.22417733132204098
0.2774421967682174 0.21823235207067893
0.2713148708466083 0.21282782547853157
0.2657445745542365 0.20791461948567036
0.2606806688338984 0.20344806858306927
0.25607711817904566 0.1993875677625228
0.25189207212917947 0.19569620338020785
0.3676552189999273 0.29780355227235195
0.37959564380064015 0.3083354456598742
0.3904505754376518 0.3179098941939853
0.4003186951076625 0.3266139383159045
0.4092897129894903 0.33452670569946746
0.417445183791152 0.34172013059361556
0.42485924815629894 0.34825960777011383
0.4315993066700689 0.3542045870214759
0.437726632591678 0.35960911361362324
0.4432969288840498 0.36452231960648446
0.4483608346043879 0.3689888705090856
0.45296438525924065 0.373049371329632
0.45714943130910685 0.376740735711947
0.460954018627167 0.3800965215140515
0.5581332344318646 0.36596471257882124
0.5461407694118621 0.36770865775188893
0.5352385284845872 0.3692940624546778
0.5253274003688826 0.37073533945721304
0.5163172839000604 0.3720455912776997
0.5081262689284037 0.3732367292963239
0.5006798916814432 0.37431958204052773
0.49391045782056997 0.37530399362616756
0.48775642703795796 0.3761989132494765
0.4821618535992197 0.3770124765433937
0.4770758777458214 0.37775207953786394
0.472452263333641 0.3784244458964732
0.46824897750438615 0.37903568804066345
0.4644278085686999 0.37959136271720006
0.5701256994518671 0.36422076740575354
0.581027940379142 0.3626353627029647
0.5909390684948465 0.36119408570042943
0.5999491849636688 0.3598838338799428
0.6081401999353253 0.35869269586131863
0.6155865771822859 0.3576098431171148
0.6223560110431591 0.35662543153147497
0.6285100418257712 0.355730511908166
0.6341046152645093 0.3549169486142488
0.6391905911179077 0.3541773456197786
0.6438142055300881 0.3535049792611693
0.6480174913593428 0.3528937371169791
0.6518386602950291 0.35233806244044247
0.655312450236562 0.35183290364359104
0.7460583991332358 0.22847476242093373
0.7348598356457777 0.24369785494432217
0.7246793233844523 0.25753702996558436
0.7154243122377928 0.2701180981667318
0.7070106657408295 0.28155543289504764
0.6993618961981357 0.2919530099207893
0.6924084693411413 0.3014053526714636
0.6860871721984192 0.30999839153571296
0.6803405384323081 0.31781024504866684
0.6751163259176617 0.32491193006044317
0.6703670418134376 0.33136800734387617
0.6660495108095976 0.33723716851063346
0.6621244826242886 0.3425727695713219
0.6585562751830984 0.34742331599012954
0.7572569626206939 0.2132516698975453
0.7674374748820193 0.1994124948762831
0.7766924860286788 0.18683142667513566
0.7851061325256421 0.1753940919468198
0.7927549020683359 0.1649965149210781
0.7997083289253303 0.15554417217040384
0.8060296260680524 0.14695113330615453
0.8117762598341635 0.1391392797932006
0.8170004723488099 0.1320375947814243
0.8217497564530339 0.1255815174979913
0.826067287456874 0.11971235633123403
0.829992315642183 0.1143767552705456
0.8335605230833731 0.10952620885173794
0.8368043480299096 0.10511662119827643
1.0 -0.15348280319453167
0.9841658566031631 -0.12839205893300162
0.9697711807878568 -0.10558229142251976
0.9566851118648512 -0.08484613914026354
0.9447886855712097 -0.06599509161093971
0.9339737525769901 -0.04885777567519076
0.9241419953095177 -0.03327839755178262
0.9152040341572701 -0.01911532653050249
0.9070786149279542 -0.00623980742024785
0.8996918701740305 0.005465209952710937
0.8929766476704636 0.0161061348372189
0.8868718999399483 0.025779702914044328
0.8813221292758433 0.03457385571115834
0.8762768832175661 0.04256854007217112
0.8716902958918596 0.04983643494581905
0.8675206710503083 0.056443612103680846
0.8637301030125343 0.06245013679264608
0.8602841320691034 0.06791061378261448
0.857151431211439 0.07287468377349485
0.8543035213408349 0.07738747467429521
0.8517145123675585 0.08149001185684099
0.8493608678463981 0.08521959111370078
0.8472211910089795 0.08861011771084604
0.84527603024769 0.09169241461734173
0.8435077022828813 0.09449450271415599
0.8419001314057826 0.09704185552944167
0.8404387033356927 0.09935763081606508
0.8391101323628838 0.1014628810766317
0.837902340569421 0.1033767449498742
0.8368043480299096 0.10511662119827642
