# CURVE 2D, normalized by CHORD
# COLUMN#1 = X-coordinate, COLUMN#2 = Y-coordinate
#-------------------------------------------------------------------------------
0.0 0.0
-0.008920157554240308 0.031168713867163585
-0.01702939169445877 0.05950390829185774
-0.024401422731021003 0.08526317595067061
-0.03110326912789576 0.10868069200413685
-0.03719585676141827 0.12996934296183343
-0.04273457279189328 0.14932266201428487
-0.04776976918323419 0.16691658842560436
-0.052347220448089565 0.18291106698134935
-0.056508539779776275 0.1974515020320266
-0.06029155735403691 0.2106700793508241
-0.0637306642397284 0.2226869678224582
-0.06685712504490249 0.2336114118875801
-0.0696993621405153 0.24354272467405458
-0.07228321404561783 0.25257119084357676
-0.07463217032298379 0.26077888736132426
-0.07676758512058919 0.26824042965018563
-0.07870887130023048 0.2750236499127868
-0.08047367691808618 0.28119021378787884
-0.08207804566159138 0.28679618094705345
-0.08353656270114156 0.2918925147281212
-0.08486248728255082 0.2965255454381829
-0.08606787326565013 0.30073739153823886
-0.08716367870483133 0.30456634253828985
-0.08815986546772334 0.3080472070837907
-0.08906548979762514 0.3112116293978824
-0.08988878464299044 0.31408837695614755
-0.09063723450241343 0.31670360200911585
-0.09131764346552523 0.3190810793299962
-0.09193619706835415 0.32124242234897826
0.037831369893787756 0.4024407386664971
0.02181731797293361 0.39242040705487
0.007259088953975333 0.3833110146806636
-0.005975664699623094 0.3750297488859305
-0.01800725893016713 0.36750132543617314
-0.02894507186702533 0.3606573041182119
-0.03888853817326006 0.35443546655642894
-0.047928052997109824 0.3487792505911717
-0.05614579374606414 0.3436372360773015
-0.06361646715420444 0.3389626774283286
-0.07040798843433196 0.33471307865653505
-0.07658209868899336 0.3308498070458136
-0.082194926193231 0.3273377419451578
-0.08729749665162885 0.32414495549001615
-0.09193619706835417 0.32124242234897826
0.0538454218146419 0.4124610702781242
0.06840365083360017 0.42157046265233056
0.08163840448719861 0.4298517284470637
0.09366999871774265 0.43738015189682106
0.10460781165460084 0.4442241732147823
0.11455127796083557 0.4504460107765652
0.12359079278468534 0.45610222674182244
0.13180853353363964 0.46124424125569263
0.13927920694177995 0.46591879990466556
0.14607072822190748 0.4701683986764591
0.1522448384765689 0.4740316702871805
0.15785766598080653 0.47754373538783634
0.16296023643920438 0.480736521842978
0.1675989368559297 0.4836390549840159
0.36581829647930403 0.5374047882586468
0.34135690607924174 0.5307697925938678
0.31911927844282156 0.5247379783531596
0.2989032533188032 0.5192545108616067
0.2805250486606047 0.5142695404147404
0.26381758988042425 0.5097377490994074
0.2486289909893511 0.5056179388127411
0.23482117381564827 0.5018726567339534
0.22226861274864565 0.4984678548441466
0.21085719359682512 0.49537258039886756
0.2004831761860792 0.49255869453952306
0.19105225126721925 0.49000061648557347
0.18247868315916474 0.4876750909819829
0.17468453033366066 0.4855609768878097
0.16759893685592966 0.4836390549840159
0.3902796868793663 0.5440397839234258
0.4125173145157865 0.550071598164134
0.43273333963980487 0.5555550656556869
0.4511115442980034 0.5605400361025532
0.4678190030781838 0.5650718274178862
0.48300760196925696 0.5691916377045525
0.4968154191429598 0.57293691978334
0.5093679802099624 0.576341721673147
0.520779399361783 0.579436996118426
0.5311534167725289 0.5822508819777705
0.5405843416913888 0.5848089600317201
0.5491579097994433 0.5871344855353107
0.5569520626249475 0.5892485996294838
0.5640376561026784 0.5911705215332776
0.7324894487639109 0.6438491831452474
0.7117015445364631 0.6373483382737296
0.6928034497842377 0.6314384792996225
0.6756233636458511 0.6260658802322523
0.660005103520045 0.6211816992619159
0.6458066852238578 0.6167415347434282
0.6328990322273239 0.612705021544803
0.6211648022304749 0.6090354640915073
0.6104973204151576 0.6056995027703296
0.6007996096739601 0.6026668106601679
0.5919835090001442 0.5999098178327482
0.583968872023948 0.5974034607169121
0.576682838409224 0.5951249542479702
0.5700591714867478 0.5930535847307503
0.7532773529913588 0.6503500280167652
0.772175447743584 0.6562598869908723
0.7893555338819707 0.6616324860582425
0.8049737940077767 0.6665166670285789
0.819172212303964 0.6709568315470666
0.8320798653004979 0.6749933447456918
0.8438140952973469 0.6786629021989875
0.8544815771126641 0.6819988635201653
0.8641792878538617 0.6850315556303269
0.8729953885276776 0.6877885484577466
0.8810100255038739 0.6902949055735828
0.8882960591185978 0.6925734120425246
0.8949197260410741 0.6946447815597445
0.9009412414251434 0.6965278447572172
1.0 0.8011124465485757
0.9903887721942838 0.7909650709177044
0.9816512923709053 0.7817401839805487
0.9737081288951068 0.7733539231285889
0.9664870711898355 0.7657300496268072
0.9599224732759523 0.7587992555342785
0.953954656990604 0.7524985336319796
0.9485293694584692 0.7467706046298898
0.9435972898838012 0.7415633964461718
0.9391135811795577 0.7368295708246099
0.9350374823575179 0.7325260929868264
0.9313319379738456 0.7286138404070232
0.9279632612614162 0.7250572471526566
0.9249008278864802 0.721823980557778
0.9221167975456294 0.7188846472897064
0.9195858608721287 0.7162125261369141
0.9172850093507644 0.7137833250889212
0.9151933261495241 0.7115749604998366
0.9132917959665784 0.7095673563279415
0.9115631321639005 0.7077422616262188
0.9099916196160115 0.7060830846246526
0.9085629718452033 0.7045747418959561
0.9072642011444686 0.7032035212335048
0.906083500507437 0.7019569569949127
0.9050101362919538 0.7008237167780107
0.9040343506415145 0.6997934983990088
0.9031472727774787 0.69885693623628
0.9023408383556281 0.6980055160883447
0.9016077161539456 0.6972314977720397
