# CURVE 2D, normalized by CHORD
# COLUMN#1 = X-coordinate, COLUMN#2 = Y-coordinate
#-------------------------------------------------------------------------------
0.0 0.0
0.03199233404567809 0.014387492595203426
0.06107627408720361 0.027467031318115627
0.08751621957949955 0.03935752106621763
0.11155253366340492 0.050167057200855805
0.1334037282851371 0.059993908232345065
0.15326845066852998 0.06892740917006257
0.17132728919888715 0.07704877365889666
0.18774441513557547 0.08443183228510948
0.2026690750780194 0.09114370376348475
0.21623694775296842 0.09724540510746228
0.22857137745746753 0.10279240632926002
0.23978449537064855 0.10783513471271254
0.24997823892808585 0.11241943324312391
0.2592452785257561 0.1165869773616797
0.2676698599781836 0.12037565383309404
0.27532857038948133 0.12381990517074346
0.282291034399752 0.12695104275042474
0.2886205471363617 0.1297975314592259
0.2943746496241887 0.13238524846722696
0.2996056518858496 0.13473771847450064
0.30436110848735953 0.1368763275720222
0.30868425085236856 0.13882051766067813
0.312614380275104 0.1405879631958199
0.31618722520486353 0.1421947318641306
0.3194352660500995 0.14365543065350397
0.3223880304548594 0.14498333864384338
0.32507236173191384 0.14619052772597013
0.3275126628928725 0.14728797234608534
0.329731118493744 0.14828564927346283
0.5353601505687272 0.17050748990961678
0.509984364668045 0.16776518905544316
0.48691546839469746 0.16527218827892168
0.46594374450983617 0.1630058239366294
0.44687854097814406 0.16094549271636374
0.42954653776751484 0.15907246433430403
0.41379017121239736 0.15736971125970428
0.3994662016168361 0.15582175391915906
0.3864444110754167 0.15441451997320887
0.37460641967412633 0.1531352163859814
0.36384460930931695 0.15197221312486556
0.3540611453413084 0.15091493743294204
0.34516708718857336 0.14995377771301158
0.33708157977699604 0.14907999614943843
0.5607359364694094 0.1732497907637904
0.583804832742757 0.1757427915403119
0.6047765566276182 0.17800915588260413
0.6238417601593104 0.18006948710286982
0.6411737633699396 0.18194251548492954
0.656930129925057 0.18364526855952926
0.6712540995206183 0.18519322590007448
0.6842758900620377 0.1866004598460247
0.6961138814633281 0.18787976343325213
0.7068756918281374 0.18904276669436798
0.7166591557961459 0.1901000423862915
0.725553213948881 0.19106120210622196
0.7336387213604583 0.1919349836697951
0.7409891826437104 0.1927293305457707
1.0 0.3222980898393377
0.9748693401212487 0.30972661327340206
0.9520232856860202 0.2982979982134606
0.931254145290358 0.2879083481589683
0.9123731085670286 0.2784632117457935
0.8952085297276383 0.2698767240974528
0.8796043671463745 0.2620708262353249
0.8654187647997709 0.2549745554515722
0.852522762666495 0.24852340019361527
0.8407991243635169 0.24265871359547259
0.8301412713608094 0.23732718032443378
0.8204523140856209 0.2324803318962167
0.8116441711081768 0.22807410605238293
0.8036367684014094 0.2240684461943523
0.7963573113952572 0.22042693723250623
0.7897396232078462 0.21711647453991892
0.7837235430374725 0.2141069630012032
0.7782543792462238 0.2113710434205525
0.7732824121632702 0.20888384380177916
0.768762442087858 0.20662275323925794
0.7646533783829378 0.20456721636423864
0.7609178659239193 0.20269854647785746
0.75752194550663 0.20099975567205638
0.7544347451272759 0.1994554003940554
0.7516281993278631 0.19805144105041816
0.7490767940556697 0.1967751143743843
0.746757334717312 0.1956148173961717
0.7446487353188052 0.19456000196143297
0.7427318267747078 0.1936010788389432
