# CURVE 2D, normalized by CHORD
# COLUMN#1 = X-coordinate, COLUMN#2 = Y-coordinate
#-------------------------------------------------------------------------------
0.0 0.0
0.004334968872375384 -0.035570070844993154
0.008275849665443915 -0.067906498885896
0.011858468568233489 -0.09730325165035314
0.015115394843496735 -0.12402757234531417
0.01807623691191787 -0.1483224093407333
0.020767911519573447 -0.17040862479111432
0.02321488843562397 -0.19048700247327888
0.02543941290476081 -0.20874007309342846
0.02746170787670339 -0.2253337736572008
0.029300157851196645 -0.24041895598790297
0.030971476009826873 -0.2541327581067231
0.03249085615403618 -0.2665998509420141
0.03387211083059009 -0.27793357170136956
0.03512779690018455 -0.28823695420987455
0.03626932969072497 -0.29760366558124274
0.037307086773034445 -0.30611885773703196
0.038250502302406696 -0.31385994151502217
0.03910815278365419 -0.32089729040410414
0.03988783503933374 -0.32729488030326964
0.04059663708995151 -0.3331108711206928
0.041241002590513116 -0.3383981355001684
0.041826789409205485 -0.34320473948150987
0.04235932288074401 -0.34757437946454756
0.0428434442185063 -0.35154677944912727
0.04328355452556293 -0.35515805216238155
0.04368365480470531 -0.3584410273562491
0.04404738233119839 -0.361425550259765
0.044378043718919374 -0.36413875289932496
0.044678644980483906 -0.36660530075347036
0.35333755258322086 -0.5505797504137344
0.3152472971527066 -0.5278762624934473
0.2806197922158755 -0.507236728020459
0.2491402422733018 -0.4884735148631971
0.2205224695982348 -0.4714160483565953
0.19450631262090118 -0.4559092606233209
0.17085526082332514 -0.4418121808657987
0.14935430464371058 -0.4289966538135058
0.12980798084406095 -0.41734617467505775
0.11203859557165224 -0.40675483000374135
0.0958846089603716 -0.39712633484799914
0.08119916658648008 -0.38837315743368805
0.06784876442839688 -0.380415723420678
0.05571203519377582 -0.3731816924997597
0.3914278080137351 -0.5732832383340215
0.4260553129505662 -0.5939227728070097
0.45753486289313994 -0.6126859859642717
0.4861526355682069 -0.6297434524708736
0.5121687925455405 -0.6452502402041479
0.5358198443431166 -0.6593473199616701
0.5573208005227311 -0.672162847013963
0.5768671243223807 -0.6838133261524111
0.5946365095947894 -0.6944046708237275
0.6107904962060702 -0.7040331659794696
0.6254759385799616 -0.7127863433937808
0.6388263407380448 -0.7207437774067909
0.6509630699726658 -0.7279778083277091
0.6619964601859578 -0.7345542000739984
1.0 -0.9100735917708286
0.967205029953648 -0.8930437310882502
0.9373914208206007 -0.8775620395586334
0.9102881397905577 -0.8634877745317092
0.8856487933996094 -0.8506929881435962
0.8632493875896565 -0.8390613641544026
0.8428862913987903 -0.828487160527863
0.8243743857707301 -0.8188742481400996
0.8075453806543117 -0.8101352368784965
0.7922462850939314 -0.8021906811861302
0.7783380164026764 -0.7949683578294335
0.7656941357742629 -0.7884026093233456
0.7541996988393416 -0.7824337470450838
0.7437502107166858 -0.7770075086103004
0.7342506760597259 -0.7720745645786792
0.7256147354624898 -0.767590070004478
0.7177638803740932 -0.7635132567552042
0.7106267393846418 -0.7598070628922281
0.7041384293942314 -0.7564377957440679
0.6982399657665856 -0.7533748256093769
0.6928777261050895 -0.7505903073051123
0.6880029627764566 -0.7480589270285081
0.6835713597504267 -0.7457576722315953
0.6795426297267632 -0.7436656224162199
0.6758801478870691 -0.7417637589476969
0.6725506189418926 -0.7400347921581304
0.6695237744462776 -0.7384630041676155
0.6667720976320821 -0.7370341059944201
0.6642705732555408 -0.7357351076551516
