# CURVE 2D, normalized by CHORD
# COLUMN#1 = X-coordinate, COLUMN#2 = Y-coordinate
#-------------------------------------------------------------------------------
0.0 0.0
0.014067275853799396 -0.00039111752857703025
0.02685570844816248 -0.0007466789181925121
0.038481556261219824 -0.0010699165451156774
0.04905050881854468 -0.0013637689332276458
0.05865864750702183 -0.0016309074678748899
0.06739331904200105 -0.0018737606811905663
0.07533392952834579 -0.002094536329659363
0.08255266633411375 -0.0022952414646309964
0.08911515433935734 -0.002477700678241572
0.09508105252594241 -0.0026435726906148226
0.10050459633192885 -0.0027943654291359594
0.10543509070100743 -0.0029314497368824475
0.1099173583092607 -0.0030560718348338007
0.11399214704403637 -0.003169364651153212
0.11769650043928699 -0.0032723581205344955
0.12106409443496938 -0.003365988547244753
0.12412554352195336 -0.0034511071169813505
0.12690867905557515 -0.003528487634923712
0.12943880226795862 -0.003598833560325859
0.13173891427921633 -0.0036627844016005385
0.1338299251985415 -0.003720921530032065
0.1357308442161098 -0.003773773464969816
0.13745895241389924 -0.0038218206785495903
0.13902995986643504 -0.003865499963622112
0.14045814845964943 -0.0039052084045971317
0.14175650172620796 -0.003941306987301696
0.1429368228776248 -0.00397412388066948
0.14400984210618556 -0.004003957420094739
0.1449853141321499 -0.004031078819572247
0.2370211494088606 0.11032451551860693
0.2256634066445965 0.09621238821251363
0.21533818594981097 0.08338318157061064
0.20595162168182415 0.07172026644160792
0.19741838143819976 0.06111761632433274
0.1896608903076321 0.0514788434904462
0.18260862564347974 0.04271632273236754
0.17619747594879573 0.03475039477047784
0.17036915804453756 0.027508642077850837
0.1650706872224847 0.020925230539099032
0.16025389556607297 0.014940310958415567
0.15587499406024413 0.009499474975976058
0.15189417450949066 0.004553260446485588
0.1482752476451693 5.670178331243503e-05
0.1449853141321499 -0.004031078819572251
0.2483788921731247 0.12443664282470024
0.25870411286791023 0.13726584946660322
0.26809067713589707 0.14892876459560594
0.2766239173795214 0.15953141471288113
0.2843814085100891 0.16917018754676766
0.29143367317424146 0.1779327083048463
0.29784482286892544 0.18589863626673603
0.30367314077318364 0.19314038895936303
0.3089716115952365 0.19972380049811483
0.3137884032516482 0.20570872007879829
0.318167304757477 0.2111495560612378
0.32214812430823053 0.21609577059072826
0.32576705117255184 0.22059232925390143
0.32905698468557126 0.2246801098567861
0.46416064264411383 0.346605869979841
0.447488086905463 0.33155954138781435
0.43233121805214403 0.3178810608496083
0.41855224636730864 0.30544607854214834
0.40602590847200376 0.29414154917173013
0.3946383285671811 0.2838647042895318
0.3842859831991605 0.2745221180329878
0.3748747601373236 0.26602885779976604
0.366319102808381 0.2583077121332008
0.3585412325093423 0.2512884887999597
0.35147044132839794 0.24490737667883136
0.3450424493457213 0.23910636565962382
0.3391988202705607 0.23383271927852606
0.3338864302022329 0.22903849529570988
0.4808331983827647 0.36165219857186764
0.49599006723608363 0.3753306791100737
0.5097690389209191 0.38776566141753366
0.522295376816224 0.39907019078795186
0.5336829567210466 0.4093470356701502
0.5440353020890671 0.4186896219266942
0.5534465251509041 0.42718288215991596
0.5620021824798467 0.4349040278264812
0.5697800527788854 0.4419232511597223
0.5768508439598298 0.44830436328085066
0.5832788359425064 0.45410537430005815
0.589122465017667 0.45937902068115594
0.5944348550859948 0.46417324466397214
0.5992643006026565 0.4685316301028959
0.7423321232844883 0.5516836310662447
0.7246767445618618 0.5414222037163857
0.708626400268565 0.5320936333983322
0.6940351781837497 0.5236131149273743
0.6807704308339178 0.515903552681049
0.6687115696067977 0.5088948597298442
0.657748968491234 0.5025233206832943
0.6477829674770852 0.4967310124591581
0.6387229665551318 0.4914652777099434
0.6304866020806287 0.4866782461197482
0.6229989980128986 0.4823263992195707
0.616192085224053 0.47837017476486393
0.6100039826887389 0.47477360707876687
0.6043784349293624 0.47150400009140586
0.7599875020071147 0.5619450584161038
0.7760378463004115 0.5712736287341573
0.7906290683852268 0.5797541472051152
0.8038938157350588 0.5874637094514406
0.8159526769621789 0.5944724024026453
0.8269152780777426 0.6008439414491952
0.8368812790918914 0.6066362496733314
0.8459412800138447 0.6119019844225462
0.8541776444883479 0.6166890160127414
0.861665248556078 0.6210408629129188
0.8684721613449236 0.6249970873676256
0.8746602638802377 0.6285936550537228
0.8802858116396142 0.6318632620410837
0.8853999459663201 0.6348356320295937
1.0 0.7558183517847312
0.9888808698825683 0.744079940190939
0.9787725697758121 0.7334086569238553
0.9695832060423974 0.7237074903174155
0.9612292390120205 0.7148882479479248
0.9536347235298596 0.7068707548847514
0.946730618546077 0.6995821248273211
0.940454159469911 0.6929560975023844
0.9347482875824873 0.6869324362978966
0.9295611313211931 0.681456380657453
0.9248455347200165 0.6764781482570498
0.9205586287189469 0.6719524824385014
0.9166614414452473 0.6678382407852756
0.9131185439237022 0.6640980211005248
0.9098977279950248 0.6606978213871152
0.9069697135144089 0.6576067307385608
0.9043078821683945 0.6547966483307842
0.9018880354901997 0.6522420279600781
0.8996881748736589 0.6499196458048908
0.8976883015858945 0.6478083893001751
0.8958702349606542 0.6458890652049789
0.8942174471195266 0.644144225118437
0.8927149127185016 0.6425580068579444
0.8913489723539333 0.6411159902574964
0.890107208386144 0.6398050660752711
0.8889783320517901 0.6386133168187026
0.887952080838741 0.6375299084036403
0.8870191251905146 0.6365449916626746
0.886170983692127 0.6356496128072513
