# CURVE 2D, normalized by CHORD
# COLUMN#1 = X-coordinate, COLUMN#2 = Y-coordinate
#-------------------------------------------------------------------------------
0.0 0.0
0.018610765072364158 -0.022297624402952434
0.03552964241087703 -0.042568192042000096
0.050910439991343266 -0.06099598080477069
0.06489298324631257 -0.07774851604365304
0.07760438620537558 -0.09297809353354611
0.08916020707725103 -0.10682316397890343
0.099665498778956 -0.11940959165650099
0.10921576396232414 -0.13085179863613514
0.11789782321993156 -0.1412538049812571
0.12579060436321102 -0.15071017438591341
0.1329658599480105 -0.15930687384469186
0.1394888195705555 -0.16712205517085413
0.14541878286377824 -0.17422676546736526
0.15080965858488982 -0.1806855930096481
0.15571045469499126 -0.1865572544117234
0.16016572388599257 -0.19189512841361006
0.16421596860508464 -0.1967477411425979
0.16789800925880471 -0.2011592072598596
0.1712453189440048 -0.2051696310028248
0.17428832774873215 -0.20881547076915677
0.17705469938939336 -0.2121298705567313
0.17956958269908538 -0.21514296127270813
0.18185584025335086 -0.21788213465086892
0.18393425621177403 -0.2203722922673787
0.185823725264886 -0.22263607191875123
0.18754142440407867 -0.224694053419999
0.18910296907607202 -0.2265649456938606
0.19052255514152053 -0.2282657568519166
0.1918130879282919 -0.2298119488137857
0.2576573296344431 -0.4437930092573289
0.24953177769526563 -0.41738653580451285
0.2421449122960134 -0.3933806508474074
0.235429580114875 -0.37155711906822064
0.22932473267747647 -0.3517175447235054
0.22377487137075053 -0.3336815680464916
0.21872954291009059 -0.3172852256128426
0.21414288067312698 -0.3023794597640708
0.20997318773043283 -0.28882876353791465
0.20618255778252903 -0.27650994878686364
0.20273653055716195 -0.26531102628590814
0.19960377853410097 -0.2551301876486759
0.19675582214950008 -0.24587487979664652
0.194166770890772 -0.23746096356752897
0.26578288157362057 -0.47019948271014494
0.2731697469728728 -0.49420536766725043
0.2798850791540112 -0.5160288994464372
0.2859899265914097 -0.5358684737911524
0.29153978789813567 -0.5539044504681663
0.2965851163587956 -0.5703007929018152
0.30117177859575917 -0.585206558750587
0.30534147153845337 -0.5987572549767431
0.30913210148635717 -0.6110760697277942
0.31257812871172425 -0.6222749922287497
0.3157108807347852 -0.632455830865982
0.3185588371193861 -0.6417111387180113
0.3211478883781142 -0.6501250549471289
0.32350157134059426 -0.6577740697008722
0.4206222669418782 -0.8167258704456397
0.408637023646054 -0.7971103189667207
0.3977413479225774 -0.7792779994404306
0.3878361881739624 -0.7630667998710761
0.3788314974934033 -0.7483293457171174
0.37064541505653137 -0.7349316601226096
0.36320352193210237 -0.7227519459457842
0.35643816454625776 -0.7116794785123066
0.35028783965003546 -0.701613599027327
0.34469663519892424 -0.6924627994955274
0.33961372206155044 -0.6841438908302548
0.33499289193666515 -0.6765812465890981
0.33079213727767853 -0.6697061154607739
0.32697326940587246 -0.6634559962532063
0.43260751023770244 -0.8363414219245587
0.443503185961179 -0.8541737414508488
0.453408345709794 -0.8703849410202034
0.46241303639035314 -0.885122395174162
0.47059911882722505 -0.89852008076867
0.4780410119516541 -0.9106997949454954
0.48480636933749865 -0.9217722623789729
0.490956694233721 -0.9318381418639525
0.4965478986848322 -0.9409889413957522
0.501630811822206 -0.9493078500610246
0.5062516419470914 -0.9568704943021813
0.510452396606078 -0.9637456254305057
0.514271264477884 -0.9699957446380733
0.5177429625431622 -0.9756776711904074
1.0 -1.0533961156084377
0.9532087589770786 -1.04585544293341
0.910671267138059 -1.039000285956112
0.8720008200116778 -1.0327683250676596
0.8368458680786038 -1.0271029060781571
0.8048868208667184 -1.0219525251786095
0.7758331415831862 -1.0172703607244753
0.7494207058708842 -1.0130138475843533
0.7254094006778824 -1.0091442901842425
0.7035809414115172 -1.005626510729596
0.6837368875330032 -1.0024285294071904
0.6656968385525361 -0.9995212736595488
0.6492967940248386 -0.9968783138889655
0.6343876626360229 -0.9944756231884353
0.6208339068280084 -0.992291358915226
0.6085123106389045 -0.9903056641213994
0.5973108595579009 -0.9885004870361025
0.587127722211534 -0.9868594169585598
0.5778703246239276 -0.9853675350698847
0.5694545086351946 -0.9840112788074528
0.5618037668272555 -0.9827783185688782
0.5548485470018563 -0.9816574456247196
0.5485256198878571 -0.980638470220939
0.5427775043296759 -0.9797121289447749
0.5375519447313295 -0.9788700005118983
0.53280143600556 -0.9781044292092833
0.5284827917094057 -0.9774084552978152
0.5245567514401748 -0.976775751741935
0.520987623922692 -0.9762005666911348
