# CURVE 2D, normalized by CHORD
# COLUMN#1 = X-coordinate, COLUMN#2 = Y-coordinate
#-------------------------------------------------------------------------------
0.0 0.0
0.02826682275005818 -0.001489052916952025
0.053963934341020155 -0.002842737386908411
0.0773249448782583 -0.004073359632323307
0.09856222718483844 -0.0051921071281550305
0.11786884746354766 -0.00620915030618387
0.1354203204441924 -0.007133735013482815
0.15137620497205126 -0.007974266565572765
0.16588155454283202 -0.00873838615838181
0.17906823597081456 -0.00943304033366276
0.19105612817807138 -0.010064544129372716
0.2019542120028503 -0.010638638489109037
0.21186156093446754 -0.011160542452505693
0.22086824178139228 -0.01163500060104811
0.22905613346041476 -0.012066326190632123
0.2364996713504352 -0.012458440362981226
0.24326652397772652 -0.012814907792389502
0.24941820818435498 -0.01313896909185157
0.25501064837219906 -0.013433570273180723
0.26009468490660276 -0.0137013895289345
0.2647165363015152 -0.013944861579619753
0.26891821938779925 -0.014166199807515436
0.2727379312844211 -0.014367416378329691
0.2762103966449864 -0.01455034053361538
0.2793671833364095 -0.014716635220238734
0.2822369894195213 -0.014867812208078144
0.2848459040405321 -0.015005245833386702
0.2872176446050873 -0.015130185492758115
0.2893737723910466 -0.015243767001277584
0.29133388856010056 -0.015347022918113464
0.4420958696576647 -0.020345726654806953
0.423490988256971 -0.019728858333620578
0.40657745971088594 -0.01916806895072387
0.3912015246689904 -0.01865826042081778
0.3772234019036308 -0.018194798120903147
0.3645160175714857 -0.01777346875734439
0.3529638499968084 -0.017390442063200066
0.34246187947437445 -0.01704223597761432
0.33291463354488904 -0.016725684990718182
0.32423531906353864 -0.01643791136626715
0.31634503317140195 -0.016176298980402577
0.30917204599673226 -0.01593846953870751
0.30265114856521436 -0.015722260955348358
0.29672305999110715 -0.015525707697749127
0.46070075105835834 -0.02096259497599333
0.4776142796044434 -0.021523384358890035
0.49299021464633896 -0.02203319288879613
0.5069683374116986 -0.02249665518871076
0.5196757217438437 -0.022917984552269517
0.5312278893185209 -0.02330101124641384
0.5417298598409549 -0.02364921733199959
0.5512771057704403 -0.023965768318895724
0.5599564202517907 -0.02425354194334676
0.5678467061439274 -0.024515154329211333
0.5750196933185971 -0.0247529837709064
0.581540590750115 -0.024969192354265552
0.5874686793242222 -0.02516574561186478
0.5928578507552288 -0.025344430391500444
0.6763912579243941 -0.09896265312313991
0.6660827628909385 -0.08987774794425638
0.6567114037696152 -0.08161874323618046
0.648191986386594 -0.07411055713792962
0.6404470614929384 -0.06728493341224703
0.6334062206805242 -0.06107982093435378
0.6270054563056022 -0.055438809590814465
0.6211865796011277 -0.05031061746032418
0.615896691687969 -0.045648624614423906
0.6110877026760065 -0.04141044929996913
0.6067158944833134 -0.03755756265046478
0.602741523399047 -0.03405493842364264
0.5991284587769865 -0.030870734581077072
0.5958438545751135 -0.027976003815108355
0.6866997529578498 -0.10804755830202345
0.696071112079173 -0.11630656301009937
0.7045905294621942 -0.1238147491083502
0.7123354543558499 -0.1306403728340328
0.7193762951682641 -0.13684548531192603
0.725777059543186 -0.14248649665546537
0.7315959362476606 -0.14761468878595566
0.7368858241608193 -0.15227668163185593
0.7416948131727817 -0.1565148569463107
0.7460666213654749 -0.16036774359581504
0.7500409924497413 -0.1638703678226372
0.7536540570718018 -0.16705457166520277
0.7569386612736748 -0.16994930243117146
0.7599246650935595 -0.17258087585477938
0.7703088873867632 -0.3188267438712966
0.769027415607227 -0.3007791763746344
0.7678624412621942 -0.28437229683221427
0.7668033736758006 -0.2694569517936505
0.7658405849608974 -0.25589754721313795
0.7649653224928036 -0.2435708157763084
0.764169629339991 -0.23236469628828155
0.7634462719283432 -0.22217731493552983
0.7627886742813907 -0.21291605916030099
0.7621908582387066 -0.20449673572827481
0.7616473891089938 -0.19684280533552373
0.7611533262638003 -0.1898846867966591
0.7607041782227153 -0.18355912448860034
0.7602958618217289 -0.17780861329945605
0.7715903591662994 -0.3368743113679588
0.7727553335113322 -0.35328119091037896
0.7738144010977257 -0.36819653594894275
0.774777189812629 -0.3817559405294553
0.7756524522807228 -0.39408267196628477
0.7764481454335354 -0.4052887914543117
0.7771715028451831 -0.4154761728070634
0.7778291004921356 -0.4247374285822922
0.7784269165348198 -0.43315675201431836
0.7789703856645326 -0.44081068240706944
0.7794644485097261 -0.4477688009459341
0.779913596550811 -0.4540943632539928
0.7803219129517974 -0.45984487444313715
0.7806931096799669 -0.4650726118878138
0.778410535947995 -0.6206680510517633
0.778692218460141 -0.6014666935804738
0.7789482934711829 -0.5840109140611196
0.7791810889357664 -0.5681420235889796
0.7793927211762969 -0.5537157595233977
0.7795851141222336 -0.5406009740092323
0.779760016800358 -0.5286784417236274
0.7799190192350165 -0.5178397760094412
0.7800635669028878 -0.5079864435419992
0.78019497387368 -0.49902886857159734
0.7803144347562183 -0.49088561859850477
0.7804230355585259 -0.4834826640775115
0.7805217635606236 -0.4767527054220631
0.7806115162898034 -0.47063456118983726
0.778128853435849 -0.6398694085230529
0.7778727784248072 -0.6573251880424069
0.7776399829602236 -0.6731940785145469
0.7774283507196932 -0.6876203425801288
0.7772359577737564 -0.7007351280942943
0.7770610550956321 -0.7126576603798991
0.7769020526609736 -0.7234963260940853
0.7767575049931023 -0.7333496585615273
0.7766260980223101 -0.7423072335319292
0.7765066371397717 -0.7504504835050219
0.7763980363374642 -0.7578534380260151
0.7762993083353664 -0.7645833966814635
0.7762095556061867 -0.7707015409136894
0.7761279622160232 -0.7762634902157128
1.0 -0.8450249617088309
0.9782786985681258 -0.8383533440115709
0.9585320609027855 -0.8322882370140617
0.9405805721161127 -0.8267745033799626
0.9242610368555009 -0.8217620182580542
0.9094250957094903 -0.8172052136017739
0.8959378764858442 -0.8130626639142463
0.8836767681007114 -0.8092967096528576
0.8725303059324089 -0.805873114869777
0.8623971585066793 -0.8027607559760673
0.8531852063014707 -0.7999313387999677
0.8448107042967354 -0.7973591413671497
0.8371975206560671 -0.795020780064588
0.8302764446190959 -0.7928949970622592
0.8239845573127584 -0.7909624670601421
0.8182646597615425 -0.7892056216036719
0.8130647528968008 -0.7876084893705173
0.8083375648379447 -0.7861565509767403
0.8040401211480755 -0.7848366069823977
0.8001333541572854 -0.7836366578966315
0.7965817478020216 -0.7825457950913897
0.7933530147517818 -0.7815541016320788
0.7904178028879274 -0.7806525621236144
0.7877494284662416 -0.7798329807522832
0.7853236335374363 -0.7790879067783457
0.7831183654203406 -0.7784105668020389
0.7811135762229808 -0.7777948031872145
0.7792910405890175 -0.7772350180828287
0.7776341900126872 -0.776726122533387
