# CURVE 2D, normalized by CHORD
# COLUMN#1 = X-coordinate, COLUMN#2 = Y-coordinate
#-------------------------------------------------------------------------------
0.0 0.0
-0.00731797609382591 0.041698869918019334
-0.013970681633667645 0.07960693347985508
-0.020018595760796495 0.1140688094451603
-0.02551669951273181 0.14539778759543776
-0.030514975650854825 0.17387867682296274
-0.03505886304914847 0.1997703943025309
-0.03918966977486998 0.2233083192839565
-0.042944948616434976 0.2447064329034343
-0.04635883847240315 0.26415926346659596
-0.049462374705101494 0.28184365488765195
-0.05228377128028181 0.2979203743613393
-0.054848677257718456 0.3125355738828732
-0.057180409964479054 0.3258221189024495
-0.05930016697062504 0.33790079619297336
-0.06122721879439412 0.3488814119116314
-0.06297908408872965 0.35886378983768424
-0.06457168890176194 0.3679386788613686
-0.06601951145906404 0.3761885779738089
-0.06733571378388412 0.3836884862578456
-0.06853226135190238 0.39050658469787897
-0.06962003186828261 0.3967048560070002
-0.07060891415590101 0.40233964810620126
-0.07150789805373592 0.40746218637820225
-0.07232515614267673 0.4121190393527487
-0.07306811804171384 0.4163525420568817
-0.07374353794992941 0.42020118087882086
-0.07435755604830718 0.4236999434442201
-0.0749157543195597 0.4268806366854921
-0.07542320729342564 0.4297721759957394
-0.055172988492782724 0.652571802875219
-0.05767198005803847 0.625077068433324
-0.05994379057190732 0.6000818553043287
-0.062009072857242636 0.5773589342779692
-0.06388660220754747 0.5567017333449151
-0.06559344707146096 0.5379224597694116
-0.06714512422047322 0.52085039288259
-0.06855573981048436 0.5053303320763887
-0.0698381176195854 0.4912211858889329
-0.07100391562785907 0.47839468935488216
-0.07206373199901696 0.46673423796029057
-0.07302720142734231 0.456133827601571
-0.0739030827258199 0.44649709091182593
-0.07469933845170862 0.43773642119387585
-0.05267399692752698 0.680066537317114
-0.05040218641365813 0.7050617504461093
-0.04833690412832282 0.7277846714724687
-0.04645937477801798 0.7484418724055227
-0.04475252991410449 0.7672211459810264
-0.04320085276509224 0.7842932128678479
-0.04179023717508109 0.7998132736740493
-0.040507859365980045 0.813922419861505
-0.039342061357706376 0.8267489163955558
-0.03828224498654849 0.8384093677901473
-0.03731877555822315 0.8490097781488669
-0.03644289425974555 0.858646514838612
-0.035646638533856835 0.8674071845565621
-0.03492276969213982 0.8753714297546985
0.09850665501298923 1.0205460971061262
0.08204070912975475 1.0026307218318349
0.06707166741772344 0.9863440170370248
0.05346344767951317 0.9715379217690155
0.041092338826594736 0.9580778351617344
0.029845876233032517 0.9458413927914787
0.01962181932979415 0.9347173542730646
0.010327222145031997 0.9246045919835971
0.0018775883407027572 0.915411171720445
-0.005803896935960173 0.9070535169357612
-0.012787065369290113 0.899455648949685
-0.019135400308680967 0.8925484962350703
-0.02490661388994539 0.8862692664945113
-0.03015317169109484 0.8805608758212761
-0.034922769692139824 0.8753714297546985
0.11497260089622371 1.0384614723804175
0.12994164260825503 1.0547481771752276
0.14354986234646527 1.069554272443237
0.15592097119938372 1.0830143590505181
0.16716743379294594 1.0952508014207736
0.17739149069618432 1.1063748399391877
0.18668608788094646 1.1164876022286552
0.19513572168527568 1.1256810224918075
0.2028172069619386 1.1340386772764912
0.20980037539526858 1.1416365452625674
0.2161487103346594 1.1485436979771821
0.22191992391592383 1.1548229277177409
0.22716648171707327 1.1605313183909762
0.23193607971811825 1.1657207644575538
0.4451152856226043 1.1955962801980022
0.4188077655563858 1.1919094725354265
0.39489183822346 1.188557829205812
0.37315008610261835 1.1855108807243446
0.3533848569018533 1.182740927559374
0.3354164667193395 1.180222788318492
0.3190815665534179 1.1779335708267806
0.304231657311671 1.175852464016134
0.29073173981917383 1.1739605487337283
0.2784590875532673 1.1722406257497229
0.2673021309478978 1.170677059400627
0.2571594431248345 1.1692556354469037
0.24793881783114066 1.1679634318526095
0.2395564312005099 1.1667887013123424
0.23193607971811828 1.1657207644575538
0.4714228056888227 1.199283087860578
0.4953387330217485 1.2026347311901922
0.5170804851425902 1.2056816796716598
0.5368457143433553 1.2084516328366302
0.5548141045258691 1.2109697720775126
0.5711490046917906 1.2132589895692236
0.5859989139335375 1.2153400963798702
0.5994988314260348 1.2172320116622761
0.6117714836919412 1.2189519346462814
0.6229284402973108 1.2205155009953772
0.633071128120374 1.2219369249491006
0.642291753414068 1.2232291285433947
0.6506741400446987 1.224403859083662
0.6582944915270903 1.2254717959384505
1.0 1.0750047526850022
0.9668458445103627 1.0896038961708214
0.936705703156147 1.1028758447942932
0.9093055746523144 1.1149412526338134
0.8843963669215578 1.125909805215195
0.8617516326208697 1.135881216652815
0.8411655105293352 1.1449461361415603
0.8224508540824855 1.1531869720404195
0.805437530039895 1.1606786410393826
0.7899708718193582 1.167489249220258
0.775910273437052 1.1736807112028722
0.7631279112713192 1.1793093130052485
0.7515075820297438 1.1844262237346816
0.7409436463555843 1.189077960761439
0.7313400684699848 1.1933068126039457
0.7226095431194398 1.197151223369861
0.7146727018916716 1.2006461422479657
0.7074573916846096 1.2038233412280608
0.7008980187690987 1.2067117039372384
0.6949349524822708 1.2093374882183088
0.6895139831306087 1.2117245648374637
0.6845858291745526 1.213894634491241
0.6801056892145014 1.2158674250855839
0.6760328347053639 1.217660871080441
0.6723302396970572 1.2192912765303112
0.6689642442349601 1.2207734633029204
0.6659042483603266 1.2221209058234743
0.6631224339288414 1.2233458535694324
0.6605935117184003 1.2244594424293942
