# CURVE 2D, normalized by CHORD
# COLUMN#1 = X-coordinate, COLUMN#2 = Y-coordinate
#-------------------------------------------------------------------------------
0.0 0.0
-0.00876228561894154 0.04553225138082666
-0.016727999817979303 0.08692520718157815
-0.023969558180740903 0.12455516700044314
-0.03055279305597872 0.15876422138122948
-0.036537552033467646 0.18986336172739887
-0.041978242013003035 0.2181353074966438
-0.04692432381258066 0.24383707637777555
-0.05142076181219668 0.26720232081516804
-0.055508432720938514 0.28844345212188843
-0.05922449718343109 0.3077535714916343
-0.06260273760387888 0.3253082254641305
-0.06567386525883143 0.3412670018027634
-0.06846579949060648 0.35577498029242977
-0.07100392151949286 0.36896405164667184
-0.07331130518211687 0.38095411651416466
-0.07540892669359323 0.39185417548461265
-0.07731585534038993 0.40176332000320175
-0.07904942683747783 0.4107716332019191
-0.08062540092573955 0.41896100883711673
-0.08205810464234113 0.4264058957782055
-0.08336056256652438 0.43317397481555886
-0.08454461522487279 0.4393267739404256
-0.08562102673246225 0.4449202276903044
-0.08659958264845267 0.45000518564473974
-0.0874891789357167 0.4546278746942264
-0.08829790283322944 0.45883031928466883
-0.08903310637642284 0.46265072345779823
-0.08970147323387138 0.4661238181606432
-0.09030907946791553 0.46928117698141136
0.15277494680817044 0.639719383294097
0.12277700272210171 0.6186863443839596
0.09550614446203928 0.5995653999201983
0.07071445513470982 0.5821827231349608
0.04817655574622849 0.5663802896938358
0.027687556302154553 0.5520144411109948
0.009061193171178233 0.5389545787629576
-0.00787186422061839 0.5270819766283784
-0.023265552758615332 0.5162887019605791
-0.0372598150658853 0.5064766340807614
-0.049981871708857956 0.49755657237183637
-0.061547377747924015 0.48944742536372265
-0.072061474147075 0.48207547353816477
-0.08161974360084859 0.4753736991512939
0.18277289089423918 0.6607524222042345
0.2100437491543016 0.6798733666679958
0.23483543848163108 0.6972560434532333
0.2573733378701124 0.7130584768943583
0.27786233731418636 0.7274243254771993
0.2964887004451626 0.7404841878252365
0.3134217578369593 0.7523567899598157
0.32881544637495624 0.763150064627615
0.34280970868222616 0.7729621325074327
0.35553176532519887 0.7818821942163577
0.36709727136426495 0.7899913412244715
0.3776113677634159 0.7973632930500294
0.3871696372171895 0.8040650674369002
0.39585897308425644 0.8101575896067827
0.6625323435087755 0.9502249867361555
0.6296233408984909 0.9329398775015573
0.5997060657982322 0.9172261418337406
0.5725085429798151 0.902940927590271
0.5477835222357997 0.8899543691871168
0.5253062306503311 0.8781484070024311
0.504872329208996 0.8674157141072624
0.48629605517141866 0.8576587205661999
0.4694085333190756 0.8487887264379612
0.45405624072603645 0.8407250954122897
0.44009961109600093 0.8333945217525883
0.42741176597778674 0.8267303638801325
0.4158773613248648 0.8206720385415365
0.4053915389131176 0.8151644700519035
0.6954413461190602 0.9675100959707538
0.7253586212193189 0.9832238316385704
0.752556144037736 0.99750904588204
0.7772811647817514 1.0104956042851942
0.79975845636722 1.0223015664698798
0.820192357808555 1.0330342593650486
0.8387686318461325 1.0427912529061112
0.8556561536984755 1.0516612470343498
0.8710084462915146 1.0597248780600212
0.8849650759215502 1.0670554517197226
0.8976529210397644 1.0737196095921784
0.9091873256926863 1.0797779349307746
0.9196731481044336 1.0852855034204074
0.9292057139332947 1.0902923838655283
1.0 1.2849837279206442
0.993131147406658 1.2660936985437794
0.9868867359581651 1.2489209445648115
0.9812099982777172 1.2333093500384769
0.9760493276591281 1.2191169913781728
0.9713578089149563 1.2062148471415326
0.9670927918748 1.1944856251082234
0.9632155036564761 1.1838226959870333
0.9596906961852726 1.1741291240586786
0.9564863257569057 1.1653167859419924
0.9535732617311177 1.1573055694722778
0.950925021707674 1.1500226454089009
0.9485175307772707 1.1434018053512855
0.9463289026587223 1.1373828598443625
0.9443392407327691 1.1319110912017052
0.9425304571637207 1.1269367560720167
0.9408861084645859 1.1224146332268452
0.9393912460108269 1.1183036124585077
0.9380322801437734 1.114566320850928
0.9367968566282701 1.1111687830258556
0.9356737443414489 1.1080801122757897
0.9346527331716115 1.10527222977573
0.933724541199032 1.10271960932113
0.932880730314869 1.1003990452714938
0.9321136295110842 1.0982894415900064
0.9314162651440072 1.0963716200613813
0.9307822975375736 1.0946281459444496
0.9302059633499067 1.0930431694745115
0.9296820231793004 1.091602281774568
