# CURVE 2D, normalized by CHORD
# COLUMN#1 = X-coordinate, COLUMN#2 = Y-coordinate
#-------------------------------------------------------------------------------
0.0 0.0
0.02889401174692811 -0.0025120987930531543
0.05516129515322638 -0.004795824968556021
0.07904064370440662 -0.006871939673558627
0.10074914238729775 -0.008759316678106449
0.12048414118992605 -0.010475113954968108
0.1384250491923154 -0.012034929661205979
0.15473496555812394 -0.013452943939604042
0.16956216225431348 -0.014742047829056826
0.18304143197812217 -0.015913960455832085
0.19529531354522095 -0.016979335571082322
0.20643520587894712 -0.01794785840312799
0.2165623807277891 -0.01882833370498769
0.2257689033176455 -0.019628765797587416
0.23413846930842397 -0.020356431336314436
0.24174716566367713 -0.021017945462429913
0.24866416235027095 -0.02161932194071671
0.2549523411562653 -0.022166027830068342
0.2606688673435329 -0.02266303318402437
0.26586570933195797 -0.02311485623307531
0.2705901111396172 -0.02352560445948525
0.2748850218738528 -0.023899011938039744
0.2787894861777033 -0.024238473282180192
0.28233899918120386 -0.024547074504126055
0.28556582918438617 -0.024827621069531385
0.28849931100546095 -0.025082663401718046
0.2911661126609835 -0.025314520067342288
0.29359047780236763 -0.02552529885427341
0.2957944461127168 -0.02571691593330171
0.2977980536675798 -0.025891113277872888
0.4421203543394284 -0.13219553818914856
0.4243101659356467 -0.11907697073968446
0.40811908556857246 -0.10715100033108074
0.39339992159850495 -0.09630920905053192
0.3800188634438981 -0.08645303515912389
0.3678542651215283 -0.0774928770760257
0.3567955393739194 -0.0693472788186637
0.34674215233063854 -0.06194218949378916
0.3376027095640196 -0.05521029010753957
0.32929412523072965 -0.049090381574585396
0.3217408667459206 -0.043526828362808884
0.31487426812336694 -0.03846905271573933
0.30863190573922716 -0.03387107485476701
0.3029570308445547 -0.029691094981155797
0.2977980536675798 -0.025891113277872885
0.45993054274321016 -0.14531410563861266
0.4761216231102844 -0.15724007604721638
0.4908407870803519 -0.1680818673277652
0.5042218452349587 -0.17793804121917323
0.5163864435573285 -0.18689819930227142
0.5274451693049375 -0.19504379755963341
0.5374985563482183 -0.20244888688450796
0.5466379991148373 -0.20918078627075753
0.5549465834481273 -0.21530069480371172
0.5624998419329363 -0.22086424801548823
0.56936644055549 -0.22592202366255779
0.5756088029396297 -0.2305200015235301
0.5812836778343021 -0.23469998139714132
0.5864426550112771 -0.23849996310042423
0.7349712867045437 -0.4038844432365448
0.7166420132554753 -0.3834750627279624
0.6999790373926859 -0.36492108044743293
0.6848308775174228 -0.3480538238287698
0.6710598230853655 -0.3327199541754397
0.658540682692586 -0.3187800726724123
0.6471596459718775 -0.3061074531242056
0.6368132489530515 -0.29458688989856313
0.6274074334813915 -0.2841136506025245
0.6188566921435188 -0.2745925239697622
0.611083290927271 -0.2659369543036146
0.6040165625488637 -0.2580682546071168
0.597592264023039 -0.2509148912466642
0.5917519926359256 -0.2444118336462528
0.7533005601536121 -0.42429382374512725
0.7699635360164016 -0.4428478060256567
0.7851116958916646 -0.4597150626443198
0.798882750323722 -0.47504893229765
0.8114018907165015 -0.4889888138006774
0.82278292743721 -0.501661433348884
0.833129324456036 -0.5131819965745266
0.8425351399276959 -0.5236552358705651
0.8510858812655686 -0.5331763625033275
0.8588592824818165 -0.5418319321694751
0.8659260108602238 -0.549700631865973
0.8723503093860485 -0.5568539952264254
0.8781905807731618 -0.5633570528268369
0.8834999183978104 -0.5692689233726654
0.9877062494192284 -0.774187398858374
0.9748465986257019 -0.7488992996607696
0.9631560069952234 -0.7259101185720384
0.9525281964220611 -0.7050108630368283
0.9428665504464591 -0.6860115398230008
0.9340832359231843 -0.6687394278104304
0.9260984045383893 -0.6530375077990027
0.9188394669158483 -0.6387630350613414
0.9122404327135383 -0.6257862416634672
0.9062413107114382 -0.6139891567563089
0.9007875634368019 -0.6032645341134378
0.8958296113689506 -0.5935148771653732
0.8913223822163585 -0.5846515526671325
0.8872249011685476 -0.5765939849414593
1.0005659002127547 -0.7994754980559783
1.0122564918432333 -0.8224646791447096
1.0228843024163956 -0.8433639346799197
1.0325459483919976 -0.8623632578937471
1.0413292629152724 -0.8796353699063175
1.0493140943000676 -0.8953372899177452
1.0565730319226085 -0.9096117626554066
1.0631720661249187 -0.9225885560532807
1.0691711881270185 -0.934385640960439
1.074624935401655 -0.9451102636033101
1.0795828874695061 -0.9548599205513747
1.0840901166220982 -0.9637232450496154
1.0881875976699091 -0.9717808127752886
1.0919125804406464 -0.9791058743440825
1.0 -1.4583842026086362
1.008917866138598 -1.4118819724013751
1.0170250171736872 -1.3696072176675014
1.0243951544783136 -1.331175622454889
1.0310952793007013 -1.2962378086252413
1.0371863018665084 -1.264476159689198
1.042723595108151 -1.235601933383704
1.047757498055099 -1.209352636742346
1.0523337734614153 -1.1854896397956567
1.0564940238307938 -1.1637960062077575
1.060276069621138 -1.1440745211278491
1.0637142930669052 -1.1261458983279322
1.0668399507448756 -1.109847150328008
1.0696814577248486 -1.0950301066917132
1.0722646458884604 -1.0815600670223542
1.074612998764471 -1.069314576413846
1.0767478650153899 -1.0581823122242933
1.0786886525162251 -1.0480620720519724
1.0804530047897118 -1.038861853713499
1.0820569614019724 -1.0304980188603414
1.0835151037767548 -1.0228945326301981
1.0848406877538297 -1.0159822724209768
1.086045764096625 -1.009698399503503
1.0871412880446207 -1.003985787760345
1.088137218906435 -0.9987925043574741
1.0890426105989937 -0.9940713376275914
1.0898656939558649 -0.9897793678731526
1.0906139515530207 -0.9858775771872992
1.0912941857322531 -0.9823304947456142
