# CURVE 2D, normalized by CHORD
# COLUMN#1 = X-coordinate, COLUMN#2 = Y-coordinate
#-------------------------------------------------------------------------------
0.0 0.0
0.026939826922883568 -0.0004208038115217689
0.05143057867095953 -0.0008033527310870133
0.07369489844193768 -0.0011511244761463263
0.09393518914282689 -0.0014672806080184289
0.11233545341636254 -0.0017546952733567042
0.12906296639230405 -0.002015981332755136
0.1442697963704327 -0.002253514114026438
0.15809418725964053 -0.0024694530060912576
0.1706618153407386 -0.0026657610897865484
0.18208693177810045 -0.002844222984054994
0.19247340126661122 -0.0030064610697535816
0.20191564625616645 -0.003153950238570479
0.21049950533758033 -0.003288031301131295
0.21830301359341112 -0.0034099231761865823
0.22539711200780274 -0.0035207339716913887
0.2318462923845224 -0.00362147105851394
0.2377091836360857 -0.003713050228352623
0.24303908477387054 -0.0037963040191150623
0.24788444944458404 -0.0038719892834445523
0.25228932641796 -0.003940794069198635
0.2562937600301199 -0.0040033438744296185
0.25993415422299254 -0.0040602073337305125
0.26324360348924036 -0.0041119013876404166
0.2662521937312839 -0.004158895982103965
0.26898727576950526 -0.0042016183407071915
0.2714737139860702 -0.004240456848528307
0.2737341123647655 -0.004275764582911138
0.2757890199817613 -0.004307862523259167
0.2776571178153938 -0.004337042469030102
0.43400971870169003 0.07141605797306837
0.4147149231902338 0.06206769680668112
0.39717419999800085 0.053569186655420015
0.38122808800506186 0.04584326833609173
0.36673162255693553 0.038819706227611474
0.35355301760409336 0.0324346497653567
0.34157246764696414 0.026630052981488718
0.3306810585950285 0.021353146814336012
0.32077977763872334 0.01655595938965173
0.3117786131329914 0.012194879912666025
0.30359573630959874 0.008230262206315384
0.29615675737924174 0.004626064291451168
0.2893940492607354 0.0013495207324836916
0.283246132789366 -0.0016291552302140078
0.2776571178153938 -0.004337042469030106
0.45330451421314627 0.08076441913945562
0.4708452374053792 0.08926292929071672
0.4867913493983182 0.096988847610045
0.5012878148464446 0.10401240971852527
0.5144664197992866 0.11039746618078003
0.5264469697564159 0.11620206296464802
0.5373383788083516 0.12147896913180073
0.5472396597646567 0.126276156556485
0.5562408242703887 0.13063723603347072
0.5644237010937814 0.13460185373982136
0.5718626800241383 0.13820605165468558
0.5786253881426446 0.14148259521365303
0.584773304614014 0.14446127117635074
0.5903623195879862 0.14716915841516684
0.6822136794758866 0.3055603872402914
0.6708787020182679 0.2860140135076821
0.6605741770567966 0.26824458284167363
0.6512064270918224 0.2520905549634841
0.6426902907600278 0.23740507507422093
0.6349483486402145 0.22405463881125443
0.6279102194403843 0.21191787857219396
0.6215119201678114 0.20088446017304806
0.6156952844654724 0.19085407981018815
0.6104074338269823 0.18173555220758827
0.6056002968829004 0.17344598165977018
0.6012301723882806 0.165910008434481
0.5972573319386262 0.15905912368421812
0.5936456588025767 0.1528310466385246
0.6935486569335053 0.3251067609729007
0.7038531818949767 0.34287619163890914
0.7132209318599508 0.3590302195170987
0.7217370681917454 0.37371569940636185
0.7294790103115587 0.38706613566932835
0.736517139511389 0.3992028959083888
0.7429154387839618 0.4102363143075347
0.7487320744863009 0.42026669467039457
0.754019925124791 0.42938522227299447
0.7588270620688728 0.43767479282081256
0.7631971865634927 0.44521076604610177
0.7671700270131471 0.4520616507963646
0.7707817001491966 0.4582897278420581
0.774065039363787 0.4639516160654159
0.7890347870372785 0.6747099781786319
0.7871874354832856 0.6487012039321373
0.7855080249796559 0.6250568637080514
0.7839812881581742 0.6035620089588823
0.7825933455931909 0.5840212319141832
0.7813315796250242 0.5662568891462749
0.7801845196539636 0.5501074866299946
0.7791417378620904 0.5354262116151944
0.7781937544149329 0.5220795979653761
0.7773319512811533 0.5099463128291775
0.7765484938868082 0.49891605361445157
0.7758362598919492 0.488888545237428
0.7751887744420771 0.47977262853104286
0.7746001513058299 0.47148543152523825
0.7908821385912713 0.7007187524251265
0.7925615490949011 0.7243630926492124
0.7940882859163828 0.7458579473983815
0.7954762284813661 0.7653987244430807
0.7967379944495327 0.7831630672109889
0.7978850544205933 0.7993124697272691
0.7989278362124667 0.8139937447420694
0.7998758196596242 0.8273403583918878
0.8007376227934038 0.8394736435280863
0.8015210801877488 0.8505039027428123
0.8022333141826079 0.8605314111198359
0.8028807996324799 0.8696473278262209
0.8034694227687271 0.8779345248320256
0.80400453471077 0.885468340291848
0.7993572107148218 1.083335338796874
0.7999307167880755 1.0589174317522927
0.8004520859455789 1.036719334439037
0.8009260579069456 1.0165392459724412
0.801356941508188 0.9981937110028083
0.8017486538729539 0.9815159519395058
0.8021047560227411 0.966354352791049
0.8024284852498204 0.9525710808379064
0.8027227845471651 0.9400408336077768
0.802990329362933 0.9286496997622045
0.803233551922722 0.9182941235389568
0.8034546633407121 0.9088799633360045
0.8036556737207031 0.9003216358787751
0.8038384104297858 0.8925413381903846
0.7987837046415681 1.1077532458414554
0.7982623354840647 1.129951343154711
0.797788363522698 1.150131431621307
0.7973574799214556 1.1684769665909398
0.7969657675566897 1.1851547256542423
0.7966096654069025 1.2003163248026991
0.7962859361798232 1.2140995967558417
0.7959916368824785 1.2266298439859713
0.7957240920667106 1.2380209778315436
0.7954808695069215 1.2483765540547913
0.7952597580889315 1.2577907142577436
0.7950587477089405 1.266349041714973
0.7948760109998578 1.2741293394033635
0.7947098867188735 1.2812023373019001
1.0 1.4506616097003158
0.9800816195014681 1.434219735258882
0.9619740008664391 1.4192725766757603
0.9455125293800491 1.4056842506911043
0.9305475553015128 1.3933312270686897
0.9169430334119344 1.3821012055937674
0.9045752862395903 1.37189209516202
0.8933318797192775 1.3626110856786129
0.8831106010644476 1.3541738043300613
0.8738185295600569 1.3465035485586505
0.8653711918287926 1.339530588766459
0.8576917938912796 1.3331915344099214
0.8507105230389951 1.3274287577221597
0.8443639131732819 1.3221898698241947
0.8385942678408153 1.3174272444624082
0.833349135720391 1.3130975850426025
0.8285808337927327 1.3091615310245972
0.8242460138584979 1.305583300099138
0.8203052684637391 1.3023303628941747
0.8167227726503218 1.2993731472532992
0.8134659582744879 1.2966847693979577
0.8105052179328208 1.2942407895294656
0.8078136358040325 1.2920189896490182
0.8053667429596795 1.2899991715758843
0.8031422949193586 1.2881629733275806
0.8011200694281577 1.2864937021927592
0.7992816826179752 1.284976182979285
0.7976104218814456 1.283596620057945
0.7960910939391459 1.2823424719476357
