# CURVE 2D, normalized by CHORD
# COLUMN#1 = X-coordinate, COLUMN#2 = Y-coordinate
#-------------------------------------------------------------------------------
0.0 0.0
0.022018116452983915 -0.001760552589473598
0.04203458595569656 -0.003361054943540505
0.06023137641270805 -0.004816057083601329
0.0767739131918094 -0.006138786301838442
0.09181258299099246 -0.007341267409326726
0.10548410099024977 -0.008434432052497894
0.11791275371684734 -0.00942821809174441
0.12921152892284513 -0.010331659945604877
0.13948314274647947 -0.011152970721841668
0.14882097349523796 -0.011899616882056931
0.15730991053956384 -0.01257838611861626
0.16502712603440559 -0.013195449060942924
0.1720427764842617 -0.013756415372148983
0.17842064052958545 -0.01426638474597267
0.18421869875260702 -0.01472999326763057
0.18948966077353574 -0.015151455560046842
0.19428144442892548 -0.015534603098607089
0.1986376113883707 -0.01588291904275277
0.20259776316968453 -0.016199569901067024
0.2061979011526971 -0.016487434317716345
0.20947075386452674 -0.016749129241943002
0.21244607451164454 -0.01698703371851269
0.21515091146356985 -0.017203310515394223
0.21760985414713832 -0.017399925785286527
0.219845256586746 -0.017578666939734075
0.221877440622753 -0.017741158898322756
0.22372488065548662 -0.0178888788606761
0.22540437159433538 -0.01802316973554278
0.22693118153874334 -0.018145252349057943
0.27105015569768476 0.08173617882622983
0.2656056246841517 0.06941024514176063
0.2606560510354853 0.05820485088315228
0.25615643862760673 0.04801812882987198
0.2520658818931717 0.03875747241779896
0.24834719395277619 0.030338693861368962
0.24496656855241664 0.022685258810068956
0.24189327273390798 0.01572759058161441
0.23909936744435462 0.009402437646655729
0.23655945354476068 0.0036522986148751074
0.23425044090876618 -0.0015751005049254446
0.23215133851240755 -0.006327281522925957
0.230243063606627 -0.010647446084744605
0.22850826823773554 -0.014574868413670644
0.22693118153874334 -0.01814525234905795
0.2764946867112178 0.09406211251069903
0.28144426035988424 0.10526750676930738
0.2859438727677628 0.11545422882258768
0.2900344295021978 0.12471488523466069
0.2937531174425933 0.1331336637910907
0.29713374284295285 0.1407870988423907
0.30020703866146153 0.14774476707084525
0.30300094395101485 0.15406992000580394
0.3055408578506088 0.15982005903758456
0.3078498704866033 0.16504745815738509
0.3099489728829619 0.1697996391753856
0.3118572477887425 0.17411980373720426
0.31359204315763395 0.1780472260661303
0.31516912985662615 0.1816176100015176
0.3561184042319741 0.3225529811048299
0.3510650321042572 0.30516075897129996
0.3464710574426964 0.2893496479408183
0.3422947168412775 0.27497591064038035
0.3384980435672603 0.26190887673089136
0.33504652240906285 0.25002975499499225
0.3319087759016106 0.2392305534169022
0.329056279076654 0.22941309743682028
0.32646310014487534 0.22048813745492765
0.32410566475234925 0.2123745374713889
0.3219625416682346 0.20499853748635366
0.3200142479554032 0.19829308295450349
0.3182430718528291 0.192197215198276
0.3166329117595799 0.18665551723806922
0.361171776359691 0.3399452032383598
0.3657657510212518 0.35575631426884147
0.3699420916226707 0.3701300515692794
0.3737387648966879 0.3831970854787684
0.37719028605488536 0.3950762072146675
0.3803280325623376 0.4058754087927576
0.3831805293872942 0.4156928647728395
0.38577370831907287 0.4246178247547321
0.38813114371159896 0.43273142473827086
0.3902742667957136 0.4401074247233061
0.39222256050854504 0.4468128792551563
0.39399373661111914 0.4529087470113837
0.3956038967043683 0.45845044497159054
0.39706767860732206 0.46348835220814216
0.47008199455947913 0.5942401886200485
0.4610716148937757 0.5781046722806064
0.45288036065222714 0.5634360210629317
0.445433765887183 0.5501008835923183
0.43866413428259743 0.5379780313463063
0.43250992373297414 0.5269572565772043
0.4269151868696803 0.5169383704234753
0.42182906244850404 0.5078302921019034
0.4172053129747075 0.4995502209004745
0.4130019043621651 0.4920228834446301
0.40918062380530845 0.4851798493938624
0.40570673238998417 0.4789589093477099
0.40254864928514394 0.4733035093057531
0.3996776646443801 0.46816223654033784
0.4790923742251826 0.6103757049594907
0.4872836284667311 0.6250443561771653
0.4947302232317753 0.6383794936477786
0.5014998548363608 0.6505023458937907
0.5076540653859841 0.6615231206628926
0.5132488022492779 0.6715420068166217
0.5183349266704542 0.6806500851381935
0.5229586761442508 0.6889301563396224
0.5271620847567932 0.6964574937954668
0.5309833653136499 0.7033005278462346
0.534457256728974 0.7095214678923871
0.5376153398338144 0.7151768679343439
0.5404863244745781 0.7203181406997591
0.5430963105116362 0.7249920250319548
0.6524682339345711 0.8109854949353869
0.6389711198144494 0.8003734142427611
0.6267010160688843 0.7907260681585558
0.6155463763001887 0.7819557535365511
0.6054057946922836 0.7739827402438195
0.5961870841396426 0.7667345463413362
0.5878064381826963 0.7601452791572605
0.5801876691309269 0.7541550362626462
0.5732615154475001 0.748709360903906
0.5669650120989304 0.7437587469414149
0.5612409181456852 0.7392581887936958
0.5560371963700077 0.7351667722957691
0.5513065402103009 0.7314473027521996
0.5470059437014765 0.7280659668034999
0.6659653480546928 0.8215975756280126
0.6782354518002579 0.8312449217122179
0.6893900915689535 0.8400152363342226
0.6995306731768586 0.8479882496269542
0.7087493837294995 0.8552364435294375
0.7171300296864458 0.8618257107135132
0.7247487987382153 0.8678159536081275
0.7316749524216419 0.8732616289668677
0.7379714557702117 0.8782122429293588
0.743695549723457 0.882712801077078
0.7488992714991344 0.8868042175750046
0.7536299276588412 0.8905236871185741
0.7579305241676655 0.8939050230672738
0.7618401573575059 0.8969789648388189
1.0 0.9436247935993212
0.9768924168368132 0.9390989576928997
0.9558855230520978 0.9349845614143348
0.9367883468841749 0.931244201161094
0.9194272776406085 0.9278438736581477
0.9036444874191846 0.9247526668372875
0.8892964963087991 0.9219424788183237
0.8762528680266306 0.9193877624374475
0.8643950241337501 0.9170652930002873
0.8536151660493132 0.9149539571483235
0.8438152950634616 0.9130345609192655
0.8349063214399601 0.9112896552564855
0.8268072545095042 0.909703377381231
0.819444466390908 0.9082613065855449
0.8127510226467295 0.9069503331349213
0.8066660737883854 0.9057585390888999
0.8011343020989817 0.9046750899561532
0.7961054187449784 0.9036901361991106
0.7915337066049755 0.9027947236927083
0.7873776046595181 0.9019807123232517
0.7835993301636478 0.901240701987382
0.780164535167402 0.9005679653184097
0.7770419942617242 0.8999563865284347
0.7742033207111079 0.8994004058102757
0.7716227083923658 0.8988949687937675
0.7692766971935094 0.8984354805969419
0.7671439597400035 0.8980177640543731
0.7652051075095436 0.8976380217429469
0.7634425145727619 0.8972928014598323
