# CURVE 2D, normalized by CHORD
# COLUMN#1 = X-coordinate, COLUMN#2 = Y-coordinate
#-------------------------------------------------------------------------------
0.0 0.0
0.002196994320288647 -0.03620877269508763
0.004194261884187416 -0.06912583878153093
0.006009959669549934 -0.09905044431466119
0.0076605940198794945 -0.12625463116296143
0.009161170701997278 -0.15098571011596162
0.010525331322104352 -0.17346850916414364
0.011765477340383513 -0.19390741738976366
0.012892882811546384 -0.2124882430494182
0.013917796876239905 -0.22937990274001324
0.014849536935052194 -0.24473595700419057
0.015696573352154276 -0.2586960063352608
0.016466606458610714 -0.27138696027259746
0.017166636555389296 -0.28292419112472167
0.017803027552460732 -0.29341258280847093
0.018381564822525672 -0.3029474843391521
0.018907507795311983 -0.3116155766397713
0.019385637770572266 -0.31949566054942513
0.019820301384445252 -0.326659373194565
0.020215450124329782 -0.33317183923560123
0.020574676251497538 -0.3390922629092706
0.02090124545801368 -0.34447446624896993
0.021198126554846538 -0.3493673783759694
0.021468018461058225 -0.3538154803096052
0.021713374739432488 -0.3578592093401833
0.021936425901590905 -0.36153532664070875
0.02213919968537129 -0.3648772514593683
0.022323539488807997 -0.36791536493087695
0.022491121128295915 -0.3706772862686121
0.022643468073284934 -0.37318812384837136
0.37261850816509 -0.5154650509502188
0.32942960824013245 -0.4979072732166402
0.2901669719447166 -0.48194565709520515
0.25447366622161127 -0.4674350969848096
0.22202520647333365 -0.45424367870263194
0.19252660670217223 -0.4422514802642885
0.1657096978192982 -0.43134948168397635
0.1413306897439582 -0.4214385738836926
0.11916795513001271 -0.4124286577016164
0.09902001457188048 -0.40423782480881987
0.08070370497357843 -0.3967916130880958
0.06405251442966753 -0.39002232970561934
0.048915068480657575 -0.3838684357215498
0.03515375398155762 -0.378273986645123
0.41580740809004757 -0.5330228286837974
0.45507004438546345 -0.5489844448052325
0.4907633501085688 -0.563495004915628
0.5232118098568463 -0.5766864231978056
0.5527104096280078 -0.588678621636149
0.5795273185108818 -0.5995806202164612
0.6039063265862219 -0.609491528016745
0.6260690612001674 -0.6185014441988211
0.6462170017582995 -0.6266922770916177
0.6645333113566017 -0.6341384888123418
0.6811845019005125 -0.6409077721948182
0.6963219478495225 -0.6470616661788877
0.7100832623486224 -0.6526561152553145
0.7225935482568951 -0.6577419780520662
1.0 -1.183991894622881
0.9730844940837452 -1.1329322215190722
0.9486158523416953 -1.0865143368792465
0.9263716325761955 -1.0443162599339502
0.9061496146075593 -1.0059543718018626
0.8877659619087991 -0.9710799280454194
0.8710535503644716 -0.9393758882668346
0.8558604489605375 -0.9105540339226667
0.8420485385933247 -0.8843523481552413
0.8294922564413132 -0.8605326338212183
0.818077454484939 -0.8388783480630153
0.8077003617973261 -0.8191926337373765
0.7982666411722235 -0.8012965298049775
0.7896905315130393 -0.7850273444118875
0.7818940681865081 -0.7702371758727147
0.774806374253298 -0.7567915681098305
0.7683630161321979 -0.7445682883253901
0.7625054178402888 -0.7334562157940808
0.7571803284840077 -0.7233543316747088
0.7523393381601159 -0.7141708006570977
0.7479384378656686 -0.7058221360956332
0.7439376194161713 -0.6982324410397562
0.74030051173481 -0.6913327182616863
0.7369940502062997 -0.6850602430088955
0.7339881760894722 -0.6793579927790856
0.7312555632559926 -0.674174128933804
0.7287713697710112 -0.6694615254380933
0.7265130120573917 -0.6651773404419928
0.7244599595904649 -0.6612826268091742
