# CURVE 2D, normalized by CHORD
# COLUMN#1 = X-coordinate, COLUMN#2 = Y-coordinate
#-------------------------------------------------------------------------------
0.0 0.0
0.022794195012330046 0.010305753623916745
0.04351619047808463 0.019674620554750145
0.062354368174225155 0.028191772310053237
0.07947998426162563 0.03593463754214695
0.09504872615926242 0.04297360593495943
0.10920212788438678 0.04937266811024349
0.12206885672540893 0.05518999736050173
0.13376588294451996 0.06047847849710013
0.1443995431437118 0.0652861886212805
0.15406650696115895 0.06965683418871718
0.1628546558861109 0.07363014834093236
0.17084388218152174 0.07724225211567343
0.1781068151773498 0.0805259828199835
0.1847094815371935 0.08351119255117445
0.19071190550068773 0.08622501957952987
0.1961686545584098 0.08869213505985298
0.20112933551997528 0.09093496731469217
0.2056390454850348 0.09297390572818234
0.20973878181690714 0.09482748610408251
0.21346581484588198 0.09651255917308266
0.21685402669040457 0.0980444437812646
0.21993421927633416 0.0994370661523391
0.222734394354452 0.10070308648967956
0.22528000806183185 0.10185401406907997
0.2275942023412681 0.10290031186853489
0.22969801532257375 0.1038514916862212
0.23161057257830614 0.10471620061139054
0.23334926099260836 0.10550229963427178
0.23492988682379218 0.10621693510961835
0.37002076624914537 0.19065710788233864
0.3533497874537844 0.18023671284339388
0.3381943521852745 0.1707636264443532
0.32441668375935634 0.16215172971795258
0.31189153064488534 0.15432273269395202
0.30050502781354804 0.14720546267213333
0.2901536616032414 0.1407352171977527
0.28074332868478086 0.1348531758574067
0.27218848057708944 0.1295058655480012
0.26441134593373355 0.12464467435763259
0.2573412235306828 0.12022540963911567
0.2509138395279094 0.11620789625864575
0.24507076316175175 0.11255561136730945
0.23975887555615388 0.10923535237518554
0.3866917450445064 0.2010775029212834
0.4018471803130163 0.21055058932032408
0.4156248487389344 0.2191624860467247
0.42815000185340546 0.22699148307072525
0.43953650468474276 0.23410875309254392
0.44988787089504934 0.24057899856692455
0.45929820381350994 0.24646103990727058
0.46785305192120136 0.2518083502166761
0.47563018656455724 0.2566695414070447
0.48270030896760796 0.26108880612556157
0.4891276929703814 0.2651063195060315
0.49497076933653905 0.2687586043973678
0.5002826569421369 0.2720788633894917
0.5051116456744986 0.2750972806550589
0.627374003199135 0.2564252237795002
0.6122861365834593 0.25872946123477725
0.5985698942055724 0.2608242225577564
0.5861005829529479 0.2627285510331919
0.5747648454505621 0.2644597587381334
0.5644596295393021 0.26603358392444376
0.5550912514381567 0.2674643340938168
0.546574544073479 0.26876501606597414
0.5388320828328631 0.26994745422248084
0.5317934817050304 0.27102239800112327
0.5253947534070006 0.2719996196180709
0.519577727681519 0.27288800290620513
0.5142895224765357 0.2736956240772363
0.5094820631992782 0.27442982514181
0.6424618698148108 0.2541209863242232
0.6561781121926977 0.25202622500124405
0.6686474234453222 0.2501218965258085
0.679983160947708 0.2483906888208671
0.690288376858968 0.2468168636345567
0.6996567549601134 0.24538611346518366
0.7081734623247911 0.2440854314930263
0.715915923565407 0.24290299333651963
0.7229545246932397 0.2418280495578772
0.7293532529912695 0.24085082794092955
0.7351702787167511 0.23996244465279531
0.7404584839217344 0.2391548234817642
0.7452659431989919 0.23842062241719045
0.7496363607237715 0.23775316690394158
1.0 0.05909460745710726
0.9757083370923368 0.07642904753074321
0.9536250071762795 0.0921876294158668
0.9335492527071364 0.10651361294779733
0.9152985668260973 0.11953723434046146
0.8987070342069708 0.1313768901519743
0.8836238227350376 0.14214021361698595
0.8699118123060074 0.15192505313063293
0.8574463482796164 0.1608203617794029
0.8461141082556245 0.16890700600555741
0.8358120718701774 0.17625850075660698
0.8264465842470436 0.18294167780301568
0.8179325045896493 0.18901729329975084
0.8101924321738363 0.19454058011496464
0.8031560027049154 0.19956174994697717
0.7967592486422599 0.20412644979426128
0.7909440176762096 0.20827617692815595
0.7856574440707093 0.21204865614078747
0.7808514680657089 0.2154781826977252
0.7764823989702541 0.21859593411312314
0.7725105179743861 0.22143025358166674
0.7688997170690515 0.2240069076439791
0.7656171707914746 0.2263493204278994
0.7626330378118593 0.22847878659509968
0.7599201896485727 0.23041466492891813
0.7574539640455847 0.23217455432329853
0.7552119407701412 0.23377445377273529
0.7531737377924652 0.23522890781767775
0.7513208259945781 0.23655113876762549
