# CURVE 2D, normalized by CHORD
# COLUMN#1 = X-coordinate, COLUMN#2 = Y-coordinate
#-------------------------------------------------------------------------------
0.0 0.0
0.0267249527889991 0.0058529563084044325
0.0510203644153619 0.011173825679681188
0.07310710225750991 0.01601097965356915
0.09318595484128082 0.020408392357103653
0.11143945719016346 0.02440604026940775
0.12803355023460225 0.028040265644229657
0.1431190893659102 0.031344106894067754
0.15683321584891746 0.03434759893937511
0.16930060356074222 0.0370780462532909
0.1806345923896738 0.039560271084123425
0.19093821859779345 0.04181683911215299
0.20030515151426584 0.04386826459217988
0.2088205450746953 0.04573319684674977
0.216561811947813 0.04742858980544967
0.22359932728701087 0.04896985613154049
0.2299970685044635 0.050371007337077604
0.2358131968839659 0.051644781160293154
0.24110058631987716 0.052802757363216386
0.2459073039888874 0.05385546300223751
0.25027704732435124 0.05481246812862035
0.25424954126568206 0.05568247278896838
0.25786089939416457 0.0564733861165575
0.2611439522382396 0.05719239823254761
0.26412854573285327 0.05784604561072044
0.2668418125461384 0.058440270499968465
0.26930841874003403 0.058980474944739396
0.2715507880072118 0.059471569894531146
0.273589305522828 0.05991801984888729
0.27544250326429726 0.06032388344375651
0.5505312876842166 0.15134342666897965
0.516583775376843 0.1401111000935235
0.4857224005519579 0.12989989411583613
0.45766660525660796 0.12061697959066578
0.43216133680628976 0.11217796638596547
0.4089747291241823 0.10450613619987428
0.387895994867721 0.09753174512160956
0.3687335091800289 0.09119138959591437
0.35131306764576337 0.08542743002710054
0.33547630261461286 0.08018746678272436
0.3210792434953852 0.07542386383329146
0.3079910079324509 0.07109331569744336
0.296092611966147 0.06715645375576328
0.2852758883604162 0.06357748835423592
0.5844787999915901 0.1625757532444358
0.6153401748164752 0.17278695922212317
0.6433959701118251 0.1820698737472935
0.6689012385621433 0.19050888695199383
0.6920878462442508 0.19818071713808502
0.7131665805007121 0.20515510821634975
0.7323290661884041 0.21149546374204492
0.7497495077226697 0.21725942331085873
0.7655862727538202 0.22249938655523493
0.7799833318730479 0.22726298950466783
0.7930715674359822 0.23159353764051593
0.804969963402286 0.23553039958219602
0.8157866870080168 0.23910936498372337
0.8256200721041358 0.24236296989420278
0.9277893322892857 0.47325287886504597
0.9151810675616472 0.4447597578424482
0.9037190087183394 0.41885692054917756
0.8932989552244233 0.3953088866462042
0.8838261793208632 0.3739015830980467
0.8752145648630812 0.35444039805426714
0.8673858244469159 0.33674841165083114
0.8602687877049474 0.32066478764770756
0.8537987543031578 0.3060433112812315
0.8479169057560764 0.29275106003898055
0.8425697707132751 0.2806671952732979
0.837708738856183 0.26968186366813185
0.8332896189860992 0.2596951985725264
0.8292722372860232 0.25061641212197594
0.9403975970169243 0.5017459998876437
0.951859655860232 0.5276488371809144
0.9622797093541482 0.5511968710838877
0.9717524852577083 0.5726041746320452
0.9803640997154902 0.5920653596758247
0.9881928401316555 0.6097573460792608
0.995309876873624 0.6258409700823844
1.0017799102754137 0.6404624464488604
1.0076617588224952 0.6537546976911113
1.0130088938652964 0.665838562456794
1.0178699257223884 0.67682389406196
1.0222890455924722 0.6868105591575655
1.0263064272925484 0.695889345608116
1.0299585924744357 0.7041427878358891
1.0 1.1726294222151639
1.0029067480872258 1.1271742617454323
1.00554924634834 1.0858513885911307
1.0079515174948075 1.0482851402690385
1.0101354003552325 1.014134005430773
1.0121207484101644 0.9830875192141679
1.0139256102782843 0.954863440835436
1.0155663937947568 0.9292051877638614
1.0170580151733684 0.9058795031533392
1.0184140346084696 0.8846743353255917
1.0196467795494708 0.8653969100276395
1.0207674567685627 0.8478719779385919
1.0217862542404645 0.8319402214940033
1.0227124337603752 0.8174568065443772
1.0235544151421123 0.8042900656810809
1.0243198527618733 0.7923203012599023
1.0250157051434743 0.7814386972406491
1.0256482982176567 0.7715463299504188
1.02622338283055 0.7625532687774823
1.0267461870240895 0.7543777586202673
1.0272214635636705 0.7469454766591627
1.027653533145108 0.7401888566945221
1.0280463236736876 0.7340464749084853
1.0284034059723963 0.7284624914666336
1.0287280262439495 0.7233861428831321
1.0290231355817252 0.7187712805344944
1.029291416797885 0.7145759511266419
1.0295353088125758 0.7107620153013214
1.029757028825931 0.7072948009146665
