# CURVE 2D, normalized by CHORD
# COLUMN#1 = X-coordinate, COLUMN#2 = Y-coordinate
#-------------------------------------------------------------------------------
0.0 0.0
0.01281431669548154 -0.0422264839556524
0.024463695509555662 -0.08061419664260912
0.03505403988598668 -0.11551211726711522
0.04468162568274215 -0.14723749965302985
0.053433976407065306 -0.1760787563674977
0.06139065888372272 -0.20229808065337757
0.06862400658977491 -0.22613383000417744
0.07519977723164055 -0.24780269305035912
0.08117775054242747 -0.26750165945597887
0.08661227173405196 -0.28540981073381494
0.09155274554461967 -0.3016899482591205
0.09604408537240851 -0.31649007328212553
0.10012712157948926 -0.32994473239394834
0.1038389726768354 -0.3421762406774236
0.10721338276533189 -0.35329579366240105
0.1102810283003287 -0.3634044781941988
0.11306979696850761 -0.37259419140492395
0.11560504121230662 -0.3809484761419469
0.11790980870666938 -0.38854328044833136
0.12000505188336279 -0.39544764799959
0.12190981840762952 -0.40172434577346144
0.12364142433878109 -0.40743043465879913
0.1252156115489189 -0.4126177881909243
0.12664669083086233 -0.41733356412921996
0.12794767199626547 -0.42162063316403414
0.12913038214663197 -0.42551796865022884
0.13020557319241965 -0.42906100091040583
0.13118301959768122 -0.43228193932874864
0.1320716072388281 -0.43521006516360566
0.23987096943606115 -0.528352323030425
0.22656791826792852 -0.5168580414589752
0.21447423538780797 -0.506408694575839
0.20347997822406202 -0.49690928831844244
0.19348519898429298 -0.48827346444808195
0.1843990360390484 -0.48042271547502696
0.17613888790700788 -0.4732856709540679
0.16862966233242557 -0.46679744866228695
0.16180309362825984 -0.4608990647606679
0.15559712207901827 -0.4555368975773778
0.14995532976152595 -0.45066220013802316
0.14482642765471473 -0.4462306570113372
0.14016378937579546 -0.44220198144162265
0.13592502730405065 -0.4385395491055185
0.2531740206041938 -0.5398466046018748
0.26526770348431433 -0.5502959514850111
0.2762619606480603 -0.5597953577424076
0.2862567398878293 -0.5684311816127681
0.2953429028330739 -0.5762819305858231
0.3036030509651144 -0.5834189751067822
0.31111227653969675 -0.5899071973985631
0.31793884524386246 -0.5958055813001822
0.32414481679310403 -0.6011677484834723
0.3297866091105963 -0.6060424459228269
0.3349155112174076 -0.6104739890495129
0.3395781494963268 -0.6145026646192274
0.34381691156807165 -0.6181650969553316
0.3476703316332942 -0.6214945808972444
0.5231382769190047 -0.5532661611766437
0.5014845397639363 -0.5616859341712495
0.4817993241684196 -0.5693402732572546
0.46390367362704077 -0.576298763335441
0.44763490040760545 -0.5826246634065197
0.43284510657175523 -0.5883754816529548
0.419399839448255 -0.5936034982406231
0.4071768693359821 -0.5983562405930488
0.39606507832482485 -0.6026769154588905
0.3859634501328637 -0.6066048017005645
0.37678015177653545 -0.6101756073748138
0.36843169872532794 -0.613421794351404
0.3608421959515029 -0.6163728734210314
0.35394264797529834 -0.6190556725752383
0.5447920140740732 -0.544846388182038
0.5644772296695899 -0.5371920490960329
0.5823728802109687 -0.5302335590178464
0.598641653430404 -0.5239076589467677
0.6134314472662543 -0.5181568407003326
0.6268767143897545 -0.5129288241126644
0.6390996845020275 -0.5081760817602387
0.6502114755131847 -0.503855406894397
0.6603131037051458 -0.4999275206527229
0.6694964020614741 -0.49635671497847367
0.6778448551126817 -0.4931105280018835
0.6854343578865066 -0.490159448932256
0.6923339058627112 -0.4874766497780492
0.6986062222047154 -0.48503774145604306
1.0 -0.5213655539707313
0.970757111240932 -0.5178408289813891
0.9441726669145065 -0.5146365335365324
0.9200049902541199 -0.5117235376775718
0.8980343751083136 -0.5090753596239714
0.8780610886121263 -0.5066679250297892
0.8599035554337741 -0.504479348125987
0.8433967070898176 -0.5024897327588943
0.8283904813225844 -0.5006809915160827
0.8147484578978269 -0.49903668129534484
0.8023466184207747 -0.4975418538219468
0.7910722188961817 -0.49618291975522133
0.7808227647829155 -0.4949475251491073
0.7715050792254006 -0.493824439143549
0.7630344559912963 -0.4928034518657688
0.7553338894148377 -0.49187528161324134
0.74833337434533 -0.49103149047458
0.7419692697366865 -0.4902644076212515
0.7361837200924652 -0.489567059572771
0.7309241295068095 -0.48893310680142515
0.7261426835198498 -0.48835678610020167
0.7217959144407955 -0.48783285818999844
0.7178443061871097 -0.48735656008981376
0.7142519350473955 -0.48692356181691854
0.7109861431022007 -0.48652992702337744
0.7080172413338417 -0.48617207721106737
0.7053182397262426 -0.4858467591998764
0.7028646019011526 -0.4855510155533391
0.7006340220601617 -0.4852821576928507
