# CURVE 2D, normalized by CHORD
# COLUMN#1 = X-coordinate, COLUMN#2 = Y-coordinate
#-------------------------------------------------------------------------------
0.0 0.0
0.01578390931173913 0.014913808524950294
0.03013291777695652 0.028471816274905103
0.04317747092715414 0.040797277865773106
0.055036155609151975 0.052002242948380385
0.06581677804733183 0.062188574841659724
0.07561734390022261 0.07144887656282277
0.0845269492210324 0.07986733267297098
0.09262659042176857 0.08752047459128753
0.099989900604256 0.09447787633521168
0.10668381895197185 0.10080278701150636
0.11276919926807716 0.10655270580813787
0.11830136319180926 0.11177990471416653
0.12333060312247482 0.11653190371964713
0.12790263942307986 0.12085190281553858
0.13205903605999353 0.12477917472089445
0.13583757845718777 0.12834942190758158
0.13927261700009164 0.13159510116820627
0.14239537931182242 0.13454571867786508
0.1452342541406686 0.13722809823210033
0.14781504943961965 0.13966662509958697
0.15016122698412063 0.14188346770639298
0.15229411566093967 0.1438987791671257
0.15423310536713883 0.14573088049506458
0.15599582328186534 0.14739642715682716
0.15759829411343487 0.14891056048570225
0.1590550857784981 0.15028704533013415
0.16037944183764646 0.1515383951887086
0.16158340189141773 0.15267598596923082
0.1626779110312098 0.15371015940606922
0.24759393127054297 0.15406630380537262
0.2371148139621195 0.15402235357161792
0.22758834368173456 0.15398239881365908
0.21892791615411186 0.1539460763064238
0.21105480021990944 0.1539130558453008
0.20389742209790723 0.15388303724427987
0.19739071471426886 0.15385574760698814
0.19147552618368852 0.15383093884581384
0.1860980820649791 0.15380838542656447
0.18120949650251603 0.15378788231815596
0.17676532780936777 0.15376924312869367
0.17272517445196026 0.1537522984110007
0.16905230776340796 0.15373689412218888
0.16571333804654226 0.15372289022326907
0.2580730485789664 0.15411025403912731
0.2675995188593514 0.15415020879708616
0.27625994638697404 0.15418653130432144
0.28413306232117647 0.15421955176544444
0.2912904404431787 0.15424957036646533
0.29779714782681704 0.15427686000375707
0.3037123363573974 0.15430166876493137
0.3090897804761068 0.15432422218418074
0.3139783660385699 0.15434472529258925
0.31842253473171817 0.15436336448205154
0.32246268808912565 0.15438030919974452
0.32613555477767797 0.15439571348855632
0.3294745244945436 0.15440971738747614
0.3325099515098761 0.154422448204676
0.4178009491712712 0.10912019259213686
0.40727555752753714 0.11471074723143787
0.3977070196695971 0.11979306963080243
0.3890083488896516 0.12441336272113382
0.3811004663624284 0.12861362916688965
0.37391148224677095 0.13243205320848586
0.3673760421416279 0.1359033477917551
0.3614347329551341 0.13905907014018173
0.35603354278559435 0.14192790863875138
0.35112336990419457 0.14453594363745106
0.3466595763756493 0.14690688454535986
0.34260158225879 0.1490622853707315
0.33891249669800877 0.1510217406665239
0.33555878255184407 0.1528030636626988
0.42832634081500526 0.10352963795283585
0.4378948786729453 0.09844731555347129
0.4465935494528908 0.0938270224631399
0.454501431980114 0.08962675601738407
0.46169041609577144 0.08580833197578787
0.46822585620091456 0.08233703739251859
0.47416716538740833 0.07918131504409198
0.4795683555569481 0.07631247654552233
0.4844785284383479 0.07370444154682265
0.48894232196689313 0.07133350063891386
0.49300031608375244 0.06917809981354223
0.4966894016445337 0.06721864451774982
0.5000431157906984 0.06543732152157491
0.5030919468326663 0.06381793697959773
0.5870459707533753 0.011566169998556586
0.5766855692331473 0.018014333657468986
0.5672670223965764 0.023876300620116607
0.5587047070906028 0.02920536149525081
0.5509207840851724 0.03404996229082736
0.543844490443872 0.03845414483226058
0.5374114962245079 0.042457947142654426
0.5315633196614497 0.04609776742483064
0.526246795513215 0.049406694954081745
0.5214135917420925 0.05241481088976457
0.5170197701319811 0.05514946174038532
0.5130253868500617 0.05763550796822236
0.5093941293210441 0.059895549993528766
0.5060929861128463 0.06195013365289822
0.5974063722736033 0.005118006339644186
0.6068249191101741 -0.0007439606230034371
0.6153872344161476 -0.00607302149813764
0.6231711574215781 -0.010917622293714187
0.6302474510628786 -0.015321804835147411
0.6366804452822425 -0.01932560714554125
0.6425286218453008 -0.02296542742771747
0.6478451459935355 -0.026274354956968574
0.652678349764658 -0.029282470892651395
0.6570721713747694 -0.03201712174327215
0.6610665546566887 -0.03450316797110919
0.6646978121857063 -0.036763209996415594
0.6679989553939042 -0.03881779365578505
0.6709999946740841 -0.040685596982484556
0.753395229830277 -0.05330963333723565
0.7432271916624102 -0.05175175583079591
0.7339835206007133 -0.05033550355221432
0.7255801832718978 -0.049048001480776524
0.7179407857002474 -0.0478775450521967
0.7109958788169288 -0.04681349375348777
0.704682327104821 -0.04584617439102511
0.6989427346392686 -0.04496679315242269
0.6937249233069481 -0.044167355662784125
0.6889814584593841 -0.043440594308567254
0.6846692176888712 -0.04277990216837009
0.6807489988065869 -0.04217927295000904
0.6771851634590557 -0.04163324638786263
0.6739453131431182 -0.04113685860409316
0.7635632679981437 -0.054867510843675395
0.7728069390598407 -0.05628376312225698
0.7812102763886561 -0.05757126519369478
0.7888496739603065 -0.058741721622274604
0.7957945808436251 -0.05980577292098353
0.8021081325557329 -0.06077309228344619
0.8078477250212853 -0.06165247352204861
0.8130655363536058 -0.06245191101168718
0.8178090012011698 -0.06317867236590405
0.8221212419716827 -0.06383936450610121
0.826041460853967 -0.06443999372446227
0.8296052962014983 -0.06498602028660867
0.8328451465174357 -0.06548240807037814
0.8357904649864698 -0.06593366969198675
1.0 0.09696490954357895
0.9840674840711523 0.0811595897840202
0.9695833786812909 0.06679111727533044
0.9564160101450531 0.053728869540157924
0.9444456751121098 0.04185409887181928
0.9335635523548884 0.03105885280969324
0.9236707134846873 0.021244992753215022
0.9146772236026863 0.012323301792780267
0.9065013237099581 0.004212673646930509
0.8990686874438415 -0.003160624667478365
0.8923117453837356 -0.009863623135122804
0.8861690707836392 -0.015957258105708638
0.8805848211471881 -0.021496926260786683
0.875508230568596 -0.026532988219948553
0.8708931482244214 -0.031111226364641142
0.8666976188206263 -0.03527326104163442
0.8628835011808127 -0.03905692892981011
0.8594161215082549 -0.04249662700996984
0.8562639581695659 -0.04562362526466049
0.853398355134394 -0.04846635095074292
0.850793261466056 -0.05105064702899967
0.8484249944948397 -0.05340000710014217
0.8462720245210066 -0.05553578898299896
0.8443147790902492 -0.05747740887650518
0.842535465062288 -0.059242517870601724
0.8409179068550505 -0.06084716241068949
0.8394473993939255 -0.06230593017440564
0.8381105744292665 -0.06363208268687487
0.8368952790068492 -0.0648376758800287
