# CURVE 2D, normalized by CHORD
# COLUMN#1 = X-coordinate, COLUMN#2 = Y-coordinate
#-------------------------------------------------------------------------------
0.0 0.0
0.02491945364498678 0.03785750979178071
0.047573502413156575 0.0722734277843086
0.06816809220240184 0.10356062595933398
0.08689044655626116 0.1320035333911752
0.10391076869613328 0.15786072196557632
0.11938378882328975 0.1813672570332137
0.13345017075706836 0.20273683436742954
0.1462377906968671 0.22216372285308025
0.15786289973304776 0.23982453056730818
0.16843118067503016 0.2558798103075154
0.17803870880410508 0.2704755191622492
0.1867728252850823 0.2837443453938254
0.19471293117687977 0.2958069146952583
0.20193120926033198 0.30677288678747006
0.20849328024528857 0.31674195232584434
0.21445879932252182 0.3258047391789119
0.21988199848364295 0.3340436363180642
0.22481217953920762 0.3415335428082027
0.22929416231699368 0.3483425487083286
0.23336869211498104 0.3545325540720794
0.23707281011315134 0.3601598316754892
0.24044019011148796 0.36527553858767997
0.24350144465543036 0.3699261812351261
0.24628440333174165 0.3741540381873499
0.2488143657647519 0.3779975445075533
0.25111433161294305 0.3814916411622837
0.25320520965675314 0.38466809266658397
0.2551060078783987 0.3875557758523116
0.2568340062617129 0.39018094238479123
0.443537513749646 0.5525921398587602
0.42049724465382793 0.5325496792519816
0.39955154547581156 0.5143292605185465
0.3805100007685239 0.49776524348815104
0.36319950558008063 0.4827070461877915
0.3474626917724049 0.46901777591473737
0.33315649740179065 0.4565729847574154
0.32015086615577765 0.44525953825075915
0.3083275650230386 0.4349745868810716
0.29757910944782123 0.42562463109044657
0.28780778619762365 0.41712467128078745
0.27892476506108044 0.4093974350901882
0.27084929130058655 0.4023726749169162
0.2635079515183194 0.39598652930485073
0.4665777828454641 0.5726346004655388
0.48752348202348045 0.5908550191989739
0.5065650267307681 0.6074190362293694
0.5238755219192114 0.622477233529729
0.539612335726887 0.6361665038027831
0.5539185300975014 0.6486112949601051
0.5669241613435143 0.6599247414667613
0.5787474624762534 0.6702096928364489
0.5894959180514707 0.679559648627074
0.5992672413016683 0.6880596084367331
0.6081502624382116 0.6957868446273323
0.6162257361987055 0.7028116048006043
0.6235670759809726 0.7091977504126697
0.6302410212375791 0.7150033373327292
1.0 0.205402666156423
0.9641239418984939 0.2548469375271383
0.9315093436243974 0.2997962751368794
0.9018597088297643 0.3406593093275532
0.8749054953800978 0.3778075222281656
0.85040166497131 0.4115786248650861
0.8281254555087758 0.44227962726228653
0.8078743559973809 0.4701896294415596
0.7894642655324766 0.49556235869544424
0.7727278196552908 0.5186284761989757
0.7575128688578492 0.5395976739294588
0.7436810954056294 0.5586605809571707
0.7311067559036116 0.5759904964369089
0.7196755381745045 0.5917449650548527
0.7092835220571343 0.6060672092529834
0.699836234677707 0.6190874312512841
0.6912477916055002 0.6309239967042846
0.6834401160853123 0.6416845107524669
0.6763422292487778 0.6514667962508145
0.6698896048519283 0.6603597830674941
0.6640235826729741 0.6684443165372029
0.6586908352375613 0.6757938924187563
0.6538428830235496 0.6824753250383504
0.6494356537380845 0.6885493546925268
0.6454290816603889 0.6940711998326872
0.6417867434079383 0.6990910590510147
0.6384755268148015 0.7036545674313125
0.6354653299119498 0.7078032114134014
0.6327287872729936 0.7115747059425731
