# CURVE 2D, normalized by CHORD
# COLUMN#1 = X-coordinate, COLUMN#2 = Y-coordinate
#-------------------------------------------------------------------------------
0.0 0.0
0.026825510958880597 -0.02175168051350765
0.051212339103317496 -0.04152593552578732
0.0733821828709874 -0.05950253099149612
0.09353658629614185 -0.07584489050577684
0.11185877122810045 -0.09070158097330476
0.12851530298442645 -0.10420766321651197
0.14365760458108645 -0.11648591980124579
0.1574233333053228 -0.1276479712419129
0.16993763214553767 -0.13779529073342844
0.1813142674548239 -0.14702012663480624
0.19165666319053867 -0.1554063410906042
0.20105884113209754 -0.1630301724140569
0.2096062756244238 -0.16996092816265027
0.21737667061744767 -0.17626161520682607
0.22444066606565116 -0.18198951251971313
0.23086248010947255 -0.18719669189506502
0.23670049287658287 -0.1919304913272031
0.24200777721031955 -0.19623394535641953
0.24683258115008017 -0.20014617629207085
0.2512187665498625 -0.2037027498699357
0.255206207822392 -0.20693599857708553
0.25883115443378235 -0.20987531558358538
0.2621265604441373 -0.2125474219531307
0.2651223840899145 -0.21497660956180828
0.2678458601315301 -0.21718496193333334
0.27032174744208975 -0.21919255499835613
0.2725725540880531 -0.22101763960292228
0.2746187419480198 -0.22267680742525517
0.2764789127298076 -0.22418514180919416
0.3976655418422821 -0.18184197547232983
0.38271042619858175 -0.1870673617540171
0.36911486652249054 -0.1918177129191873
0.35675526681695313 -0.19613621397843295
0.34551926708464636 -0.20006212403229265
0.3353047218734584 -0.20363113317216508
0.3260187716814693 -0.20687568693568548
0.3175769987796611 -0.20982528126615857
0.30990265977801723 -0.21250673065749776
0.302925987958341 -0.21494441192235156
0.29658355903136263 -0.21716048579949138
0.2908177145522914 -0.21917509841507302
0.28557603775313567 -0.22100656442923813
0.28081087702663055 -0.22267153353302463
0.4126206574859824 -0.17661658919064258
0.42621621716207364 -0.17186623802547235
0.43857581686761105 -0.16754773696622668
0.4498118165999178 -0.163621826912367
0.4600263618111058 -0.16005281777249455
0.46931231200309487 -0.15680826400897416
0.47775408490490306 -0.15385866967850106
0.48542842390654695 -0.15117722028716188
0.49240509572622315 -0.14873953902230808
0.49874752465320155 -0.14652346514516829
0.5045133691322728 -0.14450885252958662
0.5097550459314285 -0.1426773865154215
0.5145202066579336 -0.141012417411635
0.5188521709547566 -0.13949880913546547
0.6258497923995854 -0.017090181286677567
0.6126456805761337 -0.03219609848787533
0.6006419425548138 -0.045928750488964165
0.5897294534445232 -0.05841297958086311
0.5798090087988044 -0.06976227875531671
0.5707904227572419 -0.08007982345936542
0.5625917081740032 -0.08945940955395515
0.5551383312801499 -0.09798630600358219
0.5483625341039196 -0.10573803004869767
0.5422027184891647 -0.11278505190789356
0.5366028861121148 -0.11919143541625346
0.5315121294057059 -0.12501542042385339
0.526884168763516 -0.1303099522489442
0.5226769318160706 -0.13512316299902677
0.6390539042230371 -0.0019842640854798067
0.6510576422443569 0.011748387915609036
0.6619701313546476 0.02423261700750798
0.6718905760003664 0.03558191618196157
0.680909162041929 0.04589946088601028
0.6891078766251677 0.055279046980600016
0.696561253519021 0.06380594343022705
0.7033370506952513 0.07155766747534253
0.7094968663100062 0.07860468933453843
0.7150966986870559 0.08501107284289833
0.720187455393465 0.09083505785049824
0.7248154160356549 0.09612958967558907
0.7290226529831003 0.10094280042567164
0.7328474138444143 0.10531844656211034
0.8197917991331377 0.247793903376213
0.80906237010218 0.23021162595296374
0.7993083437104002 0.21422773738637357
0.7904410469906004 0.1996969295985643
0.7823798681544187 0.18648710433691953
0.77505152375789 0.17447817228087883
0.7683893924883184 0.16356096132084183
0.7623329095159805 0.15363622408444455
0.7568270159047643 0.14461373568771976
0.751821658076386 0.13641147350887906
0.7472713327778602 0.12895487152811475
0.743134673415564 0.12217614245469269
0.7393740739952948 0.11601366147885442
0.7359553472495955 0.1104114060462742
0.8305212281640955 0.26537618079946224
0.8402752545558753 0.2813600693660524
0.8491425512756751 0.29589087715386164
0.8572037301118567 0.30910070241550647
0.8645320745083854 0.32110963447154717
0.871194205777957 0.33202684543158417
0.8772506887502949 0.3419515826679814
0.8827565823615111 0.35097407106470624
0.8877619401898894 0.359176333243547
0.8923122654884152 0.36663293522431123
0.8964489248507114 0.3734116642977333
0.9002095242709807 0.3795741452735716
0.9036282510166799 0.3851764007061518
0.9067361844218611 0.39026936019031566
0.9590350569927747 0.5071846566060534
0.952581080237573 0.4927566475821199
0.9467138286419351 0.4796402757421804
0.9413799635549915 0.4677163013422354
0.9365309952941338 0.4568763246150127
0.9321228423297176 0.44702180031753747
0.9281154305438848 0.4380631418652873
0.9244723289204003 0.4299189069086962
0.9211604183535963 0.4225150569481589
0.9181495905655926 0.4157842842567613
0.9154124743946802 0.4096653999918544
0.9129241869665781 0.40410277793284816
0.9106621074864851 0.39904584878829696
0.9086056715954915 0.39444864047506867
0.9654890337479763 0.5216126656299869
0.9713562853436143 0.5347290374699264
0.9766901504305578 0.5466530118698714
0.9815391186914156 0.5574929885970941
0.9859472716558317 0.5673475128945692
0.9899546834416646 0.5763061713468194
0.9935977850651491 0.5844504063034105
0.9969096956319531 0.5918542562639478
0.9999205234199567 0.5985850289553454
1.002657639590869 0.6047039132202523
1.0051459270189713 0.6102665352792586
1.0074080064990643 0.6153234644238097
1.0094644423900578 0.619920672737038
1.0113339295636883 0.624099953021791
1.0 0.744299532695035
1.0010996804375276 0.7326371056768539
1.0020993899261892 0.7220348992966893
1.0030082167340635 0.7123965298601759
1.0038344229230398 0.703634375826982
1.0045855194584732 0.6956687812513511
1.005268334490685 0.6884273316371413
1.0058890754290595 0.6818441956242233
1.0064533853730364 0.6758595265215704
1.0069663944130154 0.6704189182464316
1.0074327662675417 0.6654729107235781
1.0078567406807475 0.6609765402482567
1.00824217196548 0.6568889307252372
1.0085925640425095 0.6531729220679469
1.0089111022943544 0.649794732379501
1.0092006825233044 0.6467236508445503
1.0094639372768954 0.6439317585400496
1.0097032597801598 0.6413936746268671
1.0099208256922185 0.6390863256148831
1.010118612884999 0.6369887356039885
1.0102984194238906 0.6350818355940844
1.0104618799137919 0.6333482901305352
1.0106104803591567 0.6317723397091267
1.0107455716731246 0.6303396575078464
1.0108683819585502 0.629037219143046
1.0109800276725733 0.6278531842659548
1.0110815237762307 0.6267767889231447
1.0111737929613738 0.6257982477024081
1.0112576740387766 0.6249086647744658
