# CURVE 2D, normalized by CHORD
# COLUMN#1 = X-coordinate, COLUMN#2 = Y-coordinate
#-------------------------------------------------------------------------------
0.0 0.0
0.021078122188922667 0.04963471152811383
0.040240051451579634 0.09475717655367184
0.05765998714490414 0.13577759930417913
0.07349629232065369 0.1730688927137312
0.08789293338951693 0.2069700685405967
0.10098078890666531 0.23778931929229263
0.11287883937680021 0.2658068199756526
0.12369524889510466 0.2912772751423434
0.13352834845719963 0.3144322343847896
0.14246752987728595 0.335482197332468
0.15059405844100077 0.35461852728490284
0.15798181168074152 0.3720151908780255
0.16469795098959678 0.38783033959904606
0.17080353217946517 0.40220774752724653
0.17635406053389097 0.4152781183710652
0.1813999954015508 0.4271602736836276
0.1859872089176052 0.4379622330586843
0.19015740302310918 0.4477821961269177
0.19394848857356736 0.45670943527985713
0.1973949299830748 0.4648251072370749
0.20052805853717248 0.4722029908345455
0.2033763572227158 0.47891015774133694
0.20596571966411883 0.4850075822020565
0.2083196855199398 0.49055069534816514
0.210459654479777 0.49558988911735485
0.21240508080690176 0.5001709743620728
0.21417365019519696 0.5043355973118163
0.21578144054819262 0.5081216181752195
0.21724306814182504 0.5115634553237679
0.39462560178326506 0.6273385500196166
0.3727355935933497 0.6130512483385886
0.3528355861479721 0.6000627922649268
0.334744670288538 0.5882551049252343
0.3182983831435979 0.5775208437073319
0.3033472130118341 0.5677624244183298
0.28975524016477616 0.5588911341556007
0.2773989012129053 0.5508263248258468
0.2661658658021136 0.5434946799806161
0.2559540154286666 0.5368295483031336
0.24667051508916935 0.5307703376872405
0.23823096932599003 0.5252619644000649
0.23055865499582698 0.5202543523208143
0.22358382378658787 0.5157019777033138
0.41651560997318043 0.6416258517006446
0.436415617418558 0.6546143077743064
0.4545065332779921 0.6664219951139989
0.47095282042293224 0.6771562563319012
0.485903990554696 0.6869146756209034
0.49949596340175395 0.6957859658836325
0.5118523023536248 0.7038507752133863
0.5230853377644165 0.7111824200586171
0.5332971881378635 0.7178475517360996
0.5425806884773607 0.7239067623519927
0.5510202342405401 0.7294151356391683
0.5586925485707032 0.7344227477184189
0.5656673797799423 0.7389751223359193
0.5720081354247051 0.7431136447154653
1.0 0.823532736631138
0.9584738657277043 0.8157300322216507
0.9207228345710718 0.8086366645766624
0.8864037153377696 0.8021881485357638
0.8552045160347677 0.7963258612258561
0.8268416075774931 0.79099650912594
0.8010571453436072 0.7861516435805617
0.7776167251309836 0.7817472203574904
0.7563072522104166 0.7777431992456075
0.7369350041008105 0.7741031800529867
0.7193238694557138 0.7707940716960587
0.7033137470510805 0.7677857913715787
0.6887590903195957 0.7650509910765969
0.6755275842000641 0.7625648089902497
0.6634989422732172 0.7603046434572069
0.6525638132488109 0.7582499475180771
0.642622786862987 0.7563820421188681
0.6335854901486015 0.7546839463014055
0.6253697658627967 0.7531402228309848
0.617900925602974 0.7517368378578752
0.6111110708213171 0.7504610333368663
0.6049384755652654 0.7493012110450402
0.599327025332491 0.74824682714338
0.5942257069390597 0.747288296323689
0.5895881447632132 0.7464169046694245
0.5853721791488073 0.7456247304382748
0.581539483135711 0.7449045720463205
0.5780552140328962 0.7442498825990895
0.5748876966667008 0.743654710374334
