# CURVE 2D, normalized by CHORD
# COLUMN#1 = X-coordinate, COLUMN#2 = Y-coordinate
#-------------------------------------------------------------------------------
0.0 0.0
0.02358957327368627 -0.013853056506703694
0.045034639886128325 -0.026446744240070687
0.06453015498834838 -0.03789555127040431
0.08225335053582114 -0.048303557661616696
0.09836534648806912 -0.057765381653627955
0.11301261553556727 -0.06636703982818365
0.1263283146696565 -0.07418672907777973
0.13843349570064672 -0.08129553748650344
0.14943820572881963 -0.08775809058534317
0.15944248757261317 -0.09363313885701566
0.16853728924878913 -0.09897409183126336
0.17680529077258547 -0.10382950362603402
0.1843216557942185 -0.1082435143485528
0.19115471490479397 -0.1122562513690244
0.19736658682349895 -0.11590419411490768
0.20301374311323075 -0.1192205057020743
0.20814752155844146 -0.12223533441768032
0.2128145928722694 -0.12497608779550397
0.21705738497574933 -0.12746768177534365
0.22091446870618567 -0.12973276721156154
0.22442090846112778 -0.13179193578994147
0.22760858096562056 -0.1336639072248323
0.23050646506061406 -0.1353656994383694
0.23314090514697175 -0.1369127832688577
0.23553585068002422 -0.1383192231147561
0.2377130738918901 -0.13959780479284561
0.23969236772085906 -0.14076015177292697
0.2414917257471945 -0.14181683084572821
0.2431275057711358 -0.14277744818463842
0.36240967800577617 0.06116225334906013
0.3476895831152318 0.03599494039453019
0.33430767866928246 0.013115564981321201
0.32214231099114665 -0.007683867212505149
0.311082885829205 -0.02659244193416546
0.3010288629547126 -0.04378205531749302
0.29188884215971955 -0.05940897657506351
0.28357973234608946 -0.07361526862740032
0.2760259961518803 -0.08653007958407018
0.2691589632480538 -0.09827081681740639
0.26291620606275695 -0.10894421430225747
0.2572409722579417 -0.11864730292484939
0.25208166879901867 -0.12746829258175113
0.2473913929272705 -0.13548737408802541
0.2431275057711358 -0.14277744818463844
0.37712977289632055 0.08632956630359007
0.3905116773422699 0.10920894171679905
0.4026770450204057 0.13000837391062542
0.4137364701823473 0.14891694863228572
0.42379049305683975 0.16610656201561327
0.4329305138518328 0.18173348327318378
0.4412396236654629 0.1959397753255206
0.44879335985967206 0.20885458628219045
0.45566039276349857 0.22059532351552663
0.4619031499487954 0.2312687210003777
0.46757838375361066 0.24097180962296966
0.4727376872125337 0.24979279927987136
0.4774279630842818 0.2578118807861457
0.48169185024041655 0.2651019548827587
0.6170905522297828 0.40103074216683415
0.6003815863885219 0.3842563608012579
0.585191617441921 0.3690069231961886
0.5713825547631931 0.3551437981006711
0.5588288614188949 0.342540957104746
0.5474164129240784 0.33108382892663235
0.5370414597469725 0.3206682578556199
0.5276096841314216 0.3111995568819723
0.519035342662739 0.302591646905929
0.5112404867821185 0.29476627420043505
0.5041542541633726 0.2876522990136224
0.49771222450996716 0.2811850488437927
0.49185583391596227 0.2753057305075839
0.48653184246686687 0.26996089565648496
0.6337995180710437 0.4178051235324104
0.6489894870176445 0.4330545611374797
0.6627985496963725 0.4469176862329972
0.6753522430406707 0.4595205272289223
0.6867646915354872 0.47097765540703596
0.6971396447125932 0.4813932264780484
0.706571420328144 0.490861927451696
0.7151457617968265 0.4994698374277393
0.7229406176774471 0.5072952101332333
0.7300268502961931 0.5144091853200459
0.7364688799495984 0.5208764354898756
0.7423252705436033 0.5267557538260844
0.7476492619926987 0.5321005886771834
0.752489254219149 0.5369595294509096
1.0 0.3878516886428418
0.9759851405742703 0.40231895480125873
0.9541534501872433 0.41547101494527405
0.9343064589263096 0.4274274332580153
0.9162637395981881 0.43829690445141645
0.899861267481714 0.4481782418999629
0.8849499291940103 0.45716127594409606
0.8713941671142796 0.46532767052967167
0.8590707470417973 0.4727516656074677
0.8478676378849951 0.4795007520418277
0.8376829931969931 0.4856362851639731
0.8284242252988094 0.4912140425477417
0.820007163573188 0.49628473107844046
0.8123552892771685 0.5008944479245302
0.8053990399171507 0.5050850996027936
0.7990751768625891 0.5088947829466695
0.7933262104493513 0.512358131441102
0.7880998773464079 0.5155066300724043
0.7833486654346411 0.5183689015554064
0.7790293818784895 0.5209709665399538
0.7751027604638061 0.5233364801622696
0.7715331046322759 0.5254869470916477
0.7682879629672483 0.5274419170274458
0.7653378341808597 0.529219162423626
0.7626558989205063 0.530834840056517
0.7602177759565488 0.5323036379045998
0.7580013005347692 0.5336389086755842
0.7559863228786059 0.5348527911946608
0.7541545250093666 0.5359563207574578
