# CURVE 2D, normalized by CHORD
# COLUMN#1 = X-coordinate, COLUMN#2 = Y-coordinate
#-------------------------------------------------------------------------------
0.0 0.0
0.034003346626174026 0.015937131351850844
0.06491547992269586 0.030425432580806152
0.09301741928317026 0.04359661551622007
0.11856463688360151 0.05557041818477817
0.14178938015672082 0.06645569333801281
0.16290278313228387 0.07635139802277158
0.18209678583734115 0.08534749319073409
0.19954587920557507 0.09352576152524546
0.21540869135851495 0.1009605509202558
0.22982942967936942 0.10771945037026519
0.2429391917892371 0.11386390441572827
0.25485715734366227 0.11944977172978562
0.2656916714840488 0.12452783292438323
0.2755412297934911 0.12914425219219922
0.2844953737111659 0.13334099698112284
0.2926355045454157 0.13715621951650797
0.30003562348564283 0.14062460363958534
0.3067630043403947 0.14377768011511022
0.3128788051174419 0.1466441132746783
0.3184386240056667 0.1492499616015584
0.32349300481314375 0.15161891462599483
0.32808789645630465 0.1537725082845734
0.33226507067736005 0.155730320701463
0.33606250178741043 0.15751015017136266
0.3395147118874562 0.15912817696218054
0.3426530847056797 0.1605991104083786
0.34550615090406456 0.16193632263219498
0.3480998474480509 0.16315197010839175
0.35045775339712937 0.1642571041776615
0.39619833680541505 0.41230503931082024
0.39055369003628715 0.38169452078856175
0.38542219297344354 0.3538667766774177
0.3807571956435858 0.3285688274854686
0.3765162889800787 0.305570691856424
0.3726609192859814 0.2846632958300198
0.3691560377458929 0.2656565721696523
0.3659697818003579 0.24837773247840916
0.3630731854862352 0.23266969639546084
0.36043991610976 0.21838966359278056
0.3580460348584189 0.20540781559034393
0.35586977917538154 0.19360613558812884
0.3538913649180748 0.1828773355861151
0.3520928065023415 0.1731238810388299
0.40184298357454296 0.44291555783307873
0.40697448063738656 0.47074330194422276
0.4116394779672443 0.49604125113617187
0.4158803846307514 0.5190393867652165
0.4197357543248487 0.5399467827916207
0.4232406358649372 0.5589535064519882
0.4264268918104722 0.5762323461432314
0.4293234881245949 0.5919403822261797
0.4319567575010701 0.6062204150288599
0.4343506387524112 0.6192022630312966
0.43652689443544856 0.6310039430335117
0.4385053086927553 0.6417327430355254
0.4403038671084886 0.6514861975828106
0.44193892021370074 0.660352974443979
0.5419670811774611 0.8686979326876916
0.5296230402069732 0.8429869861324836
0.5184011847792569 0.8196133983550219
0.5081994980267875 0.798364682193693
0.49892523734272454 0.779047667501576
0.4904940912663036 0.7614867450541967
0.48282941301501187 0.7455222701020338
0.4758615236956557 0.731009111054613
0.46952707885987743 0.7178153301024122
0.46376849264553355 0.7058209837822297
0.45853341426885724 0.6949170325820638
0.4537742521082424 0.6850043496728221
0.44944774105313806 0.6759928197553295
0.4455145491848614 0.6678005198303364
0.554311122147949 0.8944088792428996
0.5655329775756652 0.9177824670203613
0.5757346643281346 0.9390311831816902
0.5850089250121976 0.9583481978738073
0.5934400710886185 0.9759091203211865
0.6011047493399102 0.9918735952733494
0.6080726386592664 1.0063867543207703
0.6144070834950447 1.019580535272971
0.6201656697093886 1.0315748815931536
0.6254007480860648 1.0424788327933194
0.6301599102466797 1.0523915157025612
0.634486421301784 1.0614030456200536
0.6384196131700608 1.0695953455450469
0.6419952421412214 1.0770428909314043
1.0 1.0520115555546758
0.9652644013228693 1.0544402339476644
0.9336865843436595 1.0566481233958358
0.9049794779989233 1.0586552956214461
0.8788821085946177 1.0604799976447283
0.8551572273179762 1.062138817665894
0.8335891534301203 1.0636468358669535
0.8139818135320696 1.0650177615042804
0.7961569590792962 1.0662640575382138
0.7799525459404112 1.067397053932699
0.7652212612686976 1.0684270506549582
0.7518291842944126 1.0693634113115573
0.7396545688632443 1.070214648272102
0.7285867366530914 1.0709885000544155
0.7185250710074977 1.0716920016747005
0.7093781022387764 1.0723315486022322
0.7010626760853932 1.0729129548999883
0.6935031977641358 1.0734415060797666
0.6866309447448109 1.0739220071522924
0.6803834419999701 1.074358826309134
0.6747038940501148 1.0747559346335354
0.6695406686411554 1.075116942201173
0.6648468273602832 1.0754451308990254
0.6605796989231267 1.0757434842607094
0.6567004912529845 1.0760147145895131
0.6531739388255824 1.0762612876156983
0.6499679820733988 1.07648544491223
0.6470534759350499 1.0766892242727137
0.6444039249001874 1.0768744782367898
