# CURVE 2D, normalized by CHORD
# COLUMN#1 = X-coordinate, COLUMN#2 = Y-coordinate
#-------------------------------------------------------------------------------
0.0 0.0
0.01565319017950858 0.024997014060616565
0.02988336306997092 0.04772157229754071
0.042819883879482136 0.06838026160383538
0.05458035734267415 0.08716088824592144
0.06527169685466688 0.10423418519327242
0.07499109641102393 0.11975536423631875
0.08382691418953032 0.1338655270027245
0.09185947580635431 0.146692947699457
0.09916180454892158 0.1583542392419411
0.10580028522398273 0.1689554133714721
0.1118352676558565 0.17859284439831843
0.1173216153211963 0.18735414533181513
0.12230920410786884 0.19531896436226667
0.1268433757321166 0.20255970893540443
0.1309653499359782 0.2091422040018933
0.134712599212216 0.2151262904259741
0.1381191894633413 0.22056636899332024
0.14121608969163701 0.22551189496363494
0.14403145353554223 0.23000782766392106
0.14659087521181968 0.2340950392096357
0.14891762219025373 0.23781068606937628
0.15103284671610287 0.2411885468509586
0.15295577810323846 0.24425932937966982
0.154703897546089 0.2470509498603164
0.15629309703958946 0.24958878666090417
0.15773782385186264 0.2518959110250749
0.15905121186302004 0.2539932968106846
0.16024520096407224 0.25590001116123895
0.16133064560139243 0.25763338784356105
0.27059215106709184 0.30948246800398127
0.25710866314758063 0.3030839981769271
0.24485094685711598 0.2972672074250597
0.233707568411239 0.2919792158324529
0.22357722436953265 0.28717195074826496
0.21436782069525415 0.2828017097626396
0.20599563553681915 0.278828763412071
0.19838455812006006 0.27521699400246324
0.19146539683209726 0.2719335672664562
0.18517525020667652 0.2689486338700861
0.1794569350926577 0.2662350580552042
0.174258466807186 0.26376817095076616
0.1695325865476663 0.2615255463103679
0.16523633176628477 0.2594867966372786
0.28407563898660304 0.31588093783103544
0.2963333552770677 0.32169772858290285
0.3074767337229447 0.3269857201755096
0.317607077764651 0.3317929852596975
0.3268164814389295 0.33616322624532297
0.3351886665973645 0.3401361725958915
0.3427997440141236 0.3437479420054993
0.3497189053020864 0.34703136874150636
0.35600905192750715 0.3500163021378764
0.36172736704152597 0.3527298779527583
0.36692583532699763 0.35519676505719633
0.3716517155865174 0.3574393896975946
0.3759479703678989 0.3594781393706839
0.37985365653279124 0.36133154816440144
0.49834213765802715 0.3884084194325398
0.4837199887406768 0.38506698033112896
0.47042712608854015 0.38202930842075544
0.4583427054956886 0.3792677885022341
0.4473568685930963 0.3767573158490329
0.4373697441361943 0.3744750679824863
0.4282905400844651 0.3724002971947167
0.4200367182192568 0.37051414193310794
0.41253324379634015 0.3687994553316455
0.40571190341187047 0.3672406493303159
0.3995106848805344 0.36582355296547087
0.39387321348841065 0.3645352835428845
0.3887482394955709 0.3633641295223514
0.384089172229353 0.3622994440491395
0.5129642865753775 0.3917498585339506
0.5262571492275142 0.39478753044432413
0.5383415698203657 0.3975490503628455
0.549327406722958 0.40005952301604675
0.5593145311798601 0.4023417708825933
0.5683937352315892 0.4044165416703629
0.5766475570967975 0.4063026969319717
0.5841510315197141 0.40801738353343414
0.5909723719041838 0.4095761895347637
0.59717359043552 0.4109932858996087
0.6028110618276437 0.4122815553221951
0.6079360358204834 0.4134527093427282
0.6125951030867013 0.4145173948159401
0.6168306187832631 0.4154852907006782
0.7260575944427995 0.43999970671548105
0.7125783676967206 0.4369744890893773
0.7003245252002852 0.4342242912474648
0.6891846683853441 0.4317241113911807
0.6790575258263066 0.4294512206127406
0.669851032590818 0.4273849562687042
0.6614814932858284 0.42550653413776196
0.6538728211903833 0.4237988776550872
0.6469558465581604 0.42224646267083743
0.6406676878015941 0.4208351763215195
0.6349511798410794 0.41955218873123046
0.6297543544224297 0.4183858363764222
0.6250299676782026 0.41732551605386925
0.6207350706379962 0.41636158848791205
0.7395368211888784 0.4430249243415848
0.7517906636853138 0.44577512218349735
0.7629305205002549 0.44827530203978144
0.7730576630592924 0.4505481928182215
0.782264156294781 0.45261445716225795
0.7906336955997706 0.45449287929320015
0.7982423676952157 0.45620053577587494
0.8051593423274386 0.4577529507601247
0.8114475010840049 0.45916423710944265
0.8171640090445196 0.4604472246997317
0.8223608344631693 0.46161357705454
0.8270852212073964 0.4626738973770929
0.8313801182476028 0.4636378249430501
0.8352845701023359 0.464514122730284
1.0 0.4928662490708473
0.9840183993557056 0.49011536919958704
0.9694896714972561 0.48761456931662317
0.9562817370804838 0.4853411148775651
0.9442745239743273 0.48327433811478504
0.9333588756960031 0.4813954501486214
0.9234355590793447 0.4796873701793817
0.91441436215511 0.47813457020734557
0.9062132740421691 0.4767229338691309
0.8987577393940411 0.4754396281071176
0.8919799806230158 0.4742729865052873
0.8858183817402654 0.47321240323089614
0.8802169282104922 0.4722482366178133
0.8751246977288804 0.47137172151501067
0.8704953972910514 0.4705748896033719
0.8662869423475705 0.4698504969564276
0.8624610742171333 0.46919195818647824
0.8589830122803722 0.4685932865774334
0.8558211377924076 0.46804903966011985
0.8529467064397125 0.46755426973528935
0.8503335870281715 0.4671044788945344
0.8479580239267706 0.4666955781302116
0.8457984211073152 0.46632385016264555
0.8438351458169012 0.46598591564667635
0.8420503500983431 0.4656787024503407
0.8404278085360175 0.46539941772639926
0.8389527707520851 0.4651455225228161
0.8376118273121466 0.46491470870137686
0.8363927878212933 0.4647048779546139
