# CURVE 2D, normalized by CHORD
# COLUMN#1 = X-coordinate, COLUMN#2 = Y-coordinate
#-------------------------------------------------------------------------------
0.0 0.0
0.006910913083053736 -0.02168646108232462
0.013193561340375312 -0.04140142570261972
0.018905059756122198 -0.0593241208119789
0.024097331043164822 -0.07561748000230542
0.028817577667749023 -0.09042962472078409
0.033108710962825576 -0.10389521082849196
0.03700974123107698 -0.11613665274459002
0.04055613238403281 -0.12726523630467917
0.043780124341265374 -0.13738213045021477
0.046711026120567704 -0.1465793069461562
0.04937548228356982 -0.15494037648792114
0.05179771515902629 -0.16254134879861654
0.05399974504580491 -0.16945132362652146
0.05600159039742183 -0.17573311892461685
0.057821449807982664 -0.18144384192288537
0.05947586745394706 -0.18663540828494765
0.06097988349573287 -0.19135501406864064
0.06234717080644725 -0.19564556478108883
0.06359015927073305 -0.199546065428769
0.06472014878372014 -0.20309197510847823
0.06574741197734477 -0.20631552936275935
0.06668128760791261 -0.20924603323028765
0.06753026545388338 -0.2119101276553134
0.06830206349567498 -0.21433203167806406
0.06900369807912189 -0.21653376260783738
0.06964154770043728 -0.21853533618035859
0.07022141099254216 -0.22035494851901422
0.07074855943991024 -0.22200914155415571
0.07122778530115395 -0.22351295340428434
0.2734682291630758 -0.30292401287949067
0.24851061421876347 -0.2931242388735791
0.22582187336029774 -0.28421535341365944
0.20519574530714713 -0.27611636663191436
0.1864447198042829 -0.26875365137578244
0.16939833298349727 -0.262060273870208
0.15390161769187397 -0.25597538522877666
0.13981369469948915 -0.2504436682820209
0.1270064919791393 -0.24541483469406114
0.11536358041518491 -0.2408431677959159
0.10477911535704454 -0.23668710697942022
0.09515687439509876 -0.23290886987351506
0.08640938261151168 -0.22947410886814673
0.07845711735370525 -0.22635159886326645
0.2984258441073881 -0.31272378688540226
0.3211145849658538 -0.3216326723453219
0.34174071301900444 -0.329731659127067
0.36049173852186867 -0.3370943743831989
0.3775381253426543 -0.3437877518887733
0.39303484063427757 -0.34987264053020467
0.40712276362666244 -0.3554043574769604
0.41992996634701224 -0.36043319106492017
0.43157287791096666 -0.3650048579630654
0.442157342969107 -0.36916091877956114
0.4517795839310528 -0.3729391558854663
0.46052707571463986 -0.3763739168908346
0.46847934097244626 -0.3794964268957149
0.4757086730249976 -0.382335072354697
0.591368034857617 -0.5756982906768143
0.5770950152666682 -0.5518361755868612
0.5641195429112601 -0.5301433436869036
0.5523236589517982 -0.5104225874142151
0.5416001280795602 -0.4924946271663164
0.5318514636502528 -0.47619648148640853
0.5229890414417916 -0.46137998541376496
0.5149322939795542 -0.44791044352954357
0.5076079781047929 -0.43566540545297866
0.5009495091277371 -0.4245335526561015
0.4948963555122319 -0.4144136864771222
0.4893934885890453 -0.4052138081325956
0.48439088229523936 -0.39685028236484415
0.4798430583917794 -0.38924707712143375
0.6056410544485659 -0.5995604057667675
0.6186165268039739 -0.621253237666725
0.6304124107634358 -0.6409739939394136
0.6411359416356739 -0.6589019541873122
0.6508846060649812 -0.6752000998672202
0.6597470282734423 -0.6900165959398636
0.6678037757356798 -0.7034861378240851
0.6751280916104412 -0.7157311759006499
0.6817865605874969 -0.7268630286975272
0.6878397142030022 -0.7369828948765065
0.6933425811261886 -0.7461827732210331
0.6983451874199946 -0.7545462989887846
0.7028930113234546 -0.7621495042321949
0.7070273966902364 -0.7690615089989317
1.0 -0.8725341243033993
0.9715741800951804 -0.8624946397423955
0.9457325256362535 -0.8533678355960284
0.9222401124917745 -0.8450707409175128
0.900883373269521 -0.8375279275734077
0.8814681557947449 -0.8306708245333122
0.8638179580904031 -0.8244370944968618
0.8477723238137287 -0.8187700671909977
0.8331853835622065 -0.8136182241856666
0.8199245287880954 -0.8089347305444567
0.8078692062661763 -0.8046770090524477
0.7969098221553408 -0.8008063531506213
0.7869467456909447 -0.7972875750580518
0.7778894034505848 -0.7940886858829886
0.7696554559593485 -0.7911806048147494
0.7621700491491336 -0.7885368947527137
0.75536513386712 -0.786133521969045
0.7491788472471077 -0.7839486376202551
0.7435549503198239 -0.7819623791213554
0.7384423167495657 -0.780156689576901
0.7337944680493311 -0.778515153627397
0.7295691510491178 -0.777022848218757
0.7257279537761967 -0.7756662069381752
0.7222359562553593 -0.7744328966831008
0.7190614130545979 -0.7733117055421241
0.7161754646902694 -0.7722924408685089
0.7135518752681527 -0.7713658366197679
0.7111667939753192 -0.7705234691209123
0.7089985382545616 -0.7697576804855891
