# CURVE 2D, normalized by CHORD
# COLUMN#1 = X-coordinate, COLUMN#2 = Y-coordinate
#-------------------------------------------------------------------------------
0.0 0.0
0.009323114286504225 -0.0013235834565070634
0.01779867272878079 -0.0025268411442407566
0.025503725858123126 -0.0036207117694532056
0.032508319612070694 -0.004615139610555431
0.0388761321156594 -0.005519164920648364
0.04466505257346731 -0.0063410061116419385
0.04992770753511087 -0.007088134467090643
0.05471193931842319 -0.007767342062953102
0.05906124093961621 -0.008384803513737155
0.06301515150433713 -0.00894613210535902
0.06660961565408342 -0.009456430825015263
0.06987731033567098 -0.009920338751975483
0.07284794186438692 -0.01034207323103023
0.07554851598140142 -0.010725468211989088
0.0780035833605055 -0.011074009103769869
0.08023546279605467 -0.011390864459934216
0.08226444410109937 -0.011678914783719985
0.08410897256023092 -0.011940778714434322
0.08578581661398688 -0.012178836833265537
0.08731022029921956 -0.012395253304930277
0.08869604183124928 -0.012591995551898223
0.08995587958763993 -0.012770852140050902
0.09110118663890415 -0.01293344903837152
0.09214237486732618 -0.013081264400481171
0.0930889096204371 -0.013215642002399035
0.09394939575962886 -0.013337803458688005
0.09473165588616682 -0.01344885932804161
0.09544280145574678 -0.013549819209272163
0.0960892974280922 -0.013641600919481757
0.28242663861624695 0.030144633984619904
0.25943155651340094 0.024741164877600544
0.23852693641990458 0.019828920234855683
0.2195227363349079 0.01536324328690581
0.20224619080309275 0.011303536970587745
0.1865402403196244 0.007612894864844049
0.17226210351647142 0.004257765677804327
0.15928197914996867 0.0012076482350409437
0.14748186608951164 -0.0015651858038348634
0.13675449058000524 -0.004085944020994686
0.12700233102590852 -0.006377542400230883
0.11813673143127515 -0.008460813654081974
0.11007709543615388 -0.010354696612128421
0.10275015362240728 -0.012076408392170647
0.09608929742809219 -0.013641600919481758
0.30542172071909296 0.03554810309163926
0.3263263408125893 0.040460347734384124
0.34533054089758597 0.044926024682334
0.36260708642940115 0.04898573099865206
0.3783130369128695 0.052676373104395754
0.3925911737160225 0.056031502291435484
0.40557129808252523 0.05908161973419886
0.41737141114298226 0.06185445377307467
0.4280987866524887 0.0643752119902345
0.4378509462065854 0.0666668103694707
0.4467165458012188 0.06875008162332177
0.45477618179634005 0.07064396458136823
0.46210312361008665 0.07236567636141045
0.4687639798044017 0.07393086888872157
0.663042400239399 0.07142595307314309
0.6390673440309765 0.07173507385630261
0.6172718383869562 0.07201609275008398
0.5974577423469376 0.07227156447170342
0.5794449277651027 0.07250381149135746
0.5630696417816163 0.07271494514558839
0.548183018160265 0.07290688483125288
0.5346497239590366 0.07308137545458424
0.5223467292306472 0.07324000329397637
0.511162188568475 0.0733842104206965
0.5009944243301366 0.07351530780862389
0.4917510022952835 0.07363448725219424
0.48334789135450795 0.07374283220089456
0.4757086995901666 0.07384132760880395
0.6870174564478214 0.07111683228998357
0.7088129620918417 0.0708358133962022
0.7286270581318602 0.07058034167458276
0.7466398727136953 0.07034809465492872
0.7630151586971816 0.07013696100069779
0.7779017823185329 0.06994502131503329
0.7914350765197613 0.06977053069170193
0.8037380712481508 0.0696119028523098
0.814922611910323 0.06946769572558967
0.8250903761486613 0.06933659833766227
0.8343337981835144 0.06921741889409193
0.8427369091242899 0.0691090739453916
0.8503761008886312 0.06901057853748221
0.8573208206743962 0.0689210372575646
0.9652618999212386 -0.02032176221765946
0.9519413600674225 -0.009308695872849692
0.939831778382135 0.0007031826224318909
0.9288230677591466 0.009804890345415145
0.9188151490109752 0.018079170093581745
0.9097170410580921 0.025601242591915013
0.9014460338281984 0.03243949031767253
0.8939269363464769 0.03865607915927027
0.8870913931812755 0.044307523560722754
0.8808772630310924 0.049445200289315934
0.8752280538036532 0.0541158154971279
0.8700924090514358 0.05836182932241151
0.8654236410948745 0.062221841890851164
0.8611793065889096 0.06573094422579631
0.9785824397750547 -0.031334828562469226
0.9906920214603421 -0.041346707057750814
1.0017007320833307 -0.050448414780734065
1.011708650831502 -0.058722694528900665
1.020806758784385 -0.06624476702723393
1.0290777660142787 -0.07308301475299145
1.0365968634960003 -0.07929960359458918
1.0434324066612017 -0.08495104799604167
1.0496465368113848 -0.09008872472463486
1.055295746038824 -0.09475933993244681
1.0604313907910414 -0.09900535375773042
1.0651001587476028 -0.10286536632617008
1.0693444932535676 -0.10637446866111522
1.073202979168081 -0.10956456169288353
1.0 -0.4295164875554396
1.0071025572999672 -0.3984729847841137
1.0135594275726645 -0.3702516186283629
1.019429309638753 -0.344595831214044
1.02476556606247 -0.32127238811011777
1.0296167082658487 -0.30006925801563933
1.034026837541648 -0.2807936852024771
1.0380360459741924 -0.26327043719051146
1.0416807809128694 -0.24734021172508816
1.0449941763116666 -0.23285818857470333
1.0480063539469366 -0.21969271298344442
1.0507446972517276 -0.20772409880957268
1.0532341002560832 -0.19684354046968927
1.0554971938964064 -0.186952123797068
1.0575545517512457 -0.17795992682195771
1.0594248770738268 -0.16978520229913024
1.0611251728216278 -0.16235363455110524
1.0626708962287197 -0.15559766387108254
1.0640760993260758 -0.1494558723437891
1.065353556687309 -0.1438724255007951
1.066514881561157 -0.1387965647344369
1.0675706314464735 -0.13418214585592947
1.0685304040694885 -0.12998721960274096
1.0694029246358656 -0.1261736502816604
1.0701961251507541 -0.12270676908067807
1.0709172165279255 -0.11955505889796691
1.0715727541435356 -0.1166898678227749
1.072168697430454 -0.1140851486635095
1.0727104640549254 -0.1117172221550864
