# CURVE 2D, normalized by CHORD
# COLUMN#1 = X-coordinate, COLUMN#2 = Y-coordinate
#-------------------------------------------------------------------------------
0.0 0.0
0.014033190691853142 -0.010407385649299886
0.026790636775355994 -0.019868645330481598
0.03838831503308586 -0.028469790495192247
0.04893165890374936 -0.036289013372201924
0.05851651696798892 -0.04339739780584708
0.06723002429911579 -0.04985956547279723
0.07515139460014021 -0.05573426335184282
0.08235264032834425 -0.06107489778733881
0.08889922735398426 -0.06593002000142606
0.09485067010456609 -0.07034376746877812
0.10026107260509502 -0.0743562651663709
0.10517962033284861 -0.0780039903460007
0.10965102735807915 -0.08132010414566415
0.11371594283556144 -0.0843347530544491
0.11741132054236353 -0.08707534297152633
0.12077075482127451 -0.08956678835068745
0.12382478598392087 -0.09183173869537938
0.126601177949963 -0.09389078446328113
0.12912517064636495 -0.09576264425228272
0.13141970946127582 -0.0974643349695569
0.13350565383846752 -0.09901132653071525
0.13540196690864179 -0.10041768249540464
0.13712588788152746 -0.10169618791784955
0.13869308876596903 -0.10285846557461766
0.14011781684273406 -0.10391508162622502
0.14141302418524773 -0.10487564167314081
0.1425904854057147 -0.10574887807942789
0.14366090469704831 -0.10654272935787068
0.14463401314371524 -0.10726441233827323
0.21453209809659773 -0.1735661198491671
0.20590627896622682 -0.16538411404157963
0.19806462521134416 -0.15794592694377288
0.19093584907054176 -0.15118393867303945
0.18445514348799413 -0.14503667660873634
0.17856359295840538 -0.13944825655027898
0.1732076379315065 -0.1343678746789541
0.16833858790705297 -0.1297493457050224
0.1639121787939134 -0.12555068300144812
0.1598881705092411 -0.12173371690728967
0.15622998115953896 -0.11826374773078199
0.15290435447799158 -0.1151092302975932
0.1498810574947667 -0.1122414871765125
0.147132605691835 -0.10963444797553003
0.22315791722696865 -0.18174812565675455
0.2309995709818513 -0.1891863127545613
0.23812834712265368 -0.19594830102529473
0.24460905270520134 -0.20209556308959783
0.25050060323479006 -0.2076839831480552
0.25585655826168896 -0.2127643650193801
0.26072560828614244 -0.2173828939933118
0.265152017399282 -0.2215815566968861
0.2691760256839544 -0.22539852279104453
0.27283421503365646 -0.22886849196755218
0.27615984171520386 -0.23202300940074097
0.27918313869842876 -0.2348907525218217
0.28193159050136046 -0.23749779172280416
0.2844301830494802 -0.23986782736006096
0.36298147201135755 -0.2851633066323386
0.3532877985509273 -0.27957358823176287
0.34447536813235435 -0.2744920260494213
0.3364640677518335 -0.26987242406547446
0.32918106740590547 -0.26567278589825
0.32256015800051635 -0.26185493301895507
0.3165411494501626 -0.2583841576741415
0.31106932349529554 -0.25522890736067466
0.3060949362635982 -0.25236049798479565
0.3015727660529643 -0.24975285309763295
0.29746170222511525 -0.24738226683657594
0.2937243714725253 -0.2452271884174332
0.29032679806107975 -0.24326802621821253
0.2872380949597657 -0.24148696967346647
0.3726751454717878 -0.2907530250329143
0.38148757589036075 -0.29583458721525585
0.3894988762708816 -0.3004541891992027
0.39678187661680964 -0.30465382736642715
0.40340278602219876 -0.3084716802457221
0.4094217945725525 -0.31194245559053563
0.41489362052741957 -0.3150977059040025
0.4198680077591169 -0.3179661152798815
0.4243901779697508 -0.3205737601670442
0.42850124179759985 -0.3229443464281012
0.4322385725501898 -0.32509942484724397
0.43563614596163536 -0.3270585870464646
0.4387248490629494 -0.32883964359121065
0.4415327609732349 -0.3304587859046162
0.5318719977250159 -0.3362522171283993
0.5207236248172045 -0.3355372749391493
0.5105887403555577 -0.33488732749437655
0.5013752090267879 -0.3342964661809468
0.49299927145517897 -0.3337593195323743
0.4853847827537163 -0.3332710043973084
0.4784625202978412 -0.3328270815472485
0.47216955442886377 -0.33242351531992126
0.46644867636615706 -0.332056636931442
0.46124787812733276 -0.3317231111237336
0.4565198797284016 -0.33141990584399866
0.4522216993657369 -0.33114426468060326
0.4483142626724054 -0.33089368180478923
0.4447620474966494 -0.3306658791904129
0.5430203706328274 -0.3369671593176493
0.5531552550944742 -0.33761710676242207
0.562368786423244 -0.3382079680758518
0.5707447239948529 -0.3387451147244243
0.5783592126963155 -0.33923342985949023
0.5852814751521906 -0.33967735270955013
0.5915744410211681 -0.34008091893687736
0.5972953190838748 -0.3404477973253566
0.602496117322699 -0.34078132313306503
0.6072241157216303 -0.34108452841279996
0.611522296084295 -0.34136016957619536
0.6154297327776265 -0.3416107524520094
0.6189819479533825 -0.3418385550663857
0.6222112344767969 -0.34204564835218243
0.7195357809523291 -0.3050211214880878
0.7075253813053399 -0.3095901575687261
0.6966068361717134 -0.3137438267329427
0.6866808860502348 -0.3175198896095032
0.6776572950307087 -0.3209526740427401
0.6694540304675033 -0.3240733871638645
0.6619965172282255 -0.32691039909215946
0.6552169597379731 -0.3294895008451548
0.6490537256559253 -0.3318341388024234
0.6434507855813366 -0.3339656278544857
0.6383572036953468 -0.33590334517454234
0.6337266747080833 -0.33766490637459384
0.6295171029014801 -0.3392663256473679
0.6256902194409317 -0.3407221613498898
0.7315461805993182 -0.3004520854074495
0.7424647257329448 -0.2962984162432329
0.7523906758544233 -0.29252235336667237
0.7614142668739493 -0.2890895689334355
0.7696175314371548 -0.2859688558123111
0.7770750446764325 -0.28313184388401613
0.783854602166685 -0.28055274213102077
0.7900178362487327 -0.2782081041737522
0.7956207763233215 -0.2760766151216899
0.8007143582093112 -0.27413889780163325
0.8053448871965747 -0.27237733660158175
0.8095544590031779 -0.2707759173288077
0.8133813424637262 -0.2693200816262858
0.8168603274278611 -0.26799659462399317
1.0 -0.1320396241822721
0.982230777584145 -0.14523092027249068
0.9660769390242768 -0.15722300762723485
0.9513916312425785 -0.1681249052224568
0.9380413514410345 -0.17803572121811312
0.925904733439631 -0.18704555394143704
0.9148714443474458 -0.1952363109626406
0.9048411815363685 -0.2026824537091893
0.8957227607990255 -0.20945167438786996
0.8874332874014409 -0.2156055113684887
0.8798974024945458 -0.22119990862359667
0.8730465980337321 -0.22628572431005844
0.866818593978447 -0.2309091931159328
0.8611567721100059 -0.2351123465758186
0.8560096613205139 -0.23893339517571474
0.8513304696937032 -0.2424070757210749
0.8470766591238752 -0.24556496712594772
0.8432095586058497 -0.24843577749401397
0.839694012680372 -0.2510456051013469
0.8364980618390288 -0.25341817565346775
0.8335926519832619 -0.2555750579735776
0.8309513702962014 -0.2575358600827684
0.8285502051261462 -0.25931840745476004
0.8263673276988235 -0.26093890506566153
0.8243828936739845 -0.26241208471193556
0.8225788627423127 -0.26375133893582114
0.8209388346226111 -0.2649688427757171
0.819447899968337 -0.26607566444834974
0.8180925048280877 -0.26708186596892486
