# CURVE 2D, normalized by CHORD
# COLUMN#1 = X-coordinate, COLUMN#2 = Y-coordinate
#-------------------------------------------------------------------------------
0.0 0.0
0.02840506178973877 0.01615420126539097
0.05422784523495582 0.03083983877938275
0.07770310291242587 0.0441904183375571
0.09904424625558045 0.05632730884498832
0.11844528565844825 0.0673608456699258
0.1360825942065099 0.07739133369259624
0.1521165110683841 0.08650995916775117
0.1666927991246334 0.09479961869061929
0.17994397008486002 0.10233567280231759
0.19199048913961148 0.10918663108567966
0.20294187009847645 0.1154147749796452
0.21289767097017187 0.1210767239741593
0.22194839903534955 0.1262239503328085
0.23017633364005652 0.1309032470224896
0.23765627418979013 0.13515715310401785
0.2444562201440934 0.13902434045086173
0.25063798919346 0.14253996531162888
0.25625777923833876 0.1457359879123263
0.2613666792791376 0.1486414630038694
0.266011133861682 0.15128280399618135
0.2702333653003588 0.15368402308010126
0.27407175751733764 0.15586694952002847
0.2775612049873184 0.15785142810178046
0.2807334299600282 0.15965549953973684
0.2836172708443099 0.16129556448333354
0.286238944375475 0.162786532613876
0.2886222839492614 0.1641419581870964
0.29078895628906737 0.16537416325366042
0.2927586584161636 0.16649434967780952
0.2994052070504304 0.35643647741477635
0.29858498534622996 0.33299654425779046
0.2978393292515023 0.31168751411507606
0.2971614600744772 0.2923156685307903
0.2965452153680907 0.27470489981780316
0.29598499290773933 0.258695110078724
0.29547569976196536 0.2441407557704702
0.29501270599307994 0.23090952458114855
0.2945918025668205 0.21888113259085618
0.2942091630884028 0.20794623078149946
0.29386130901711394 0.19800541095481153
0.29354507804321506 0.18896830202145887
0.29325759533967055 0.18075274844568373
0.2929962474273574 0.17328406337679725
0.3002254287546308 0.37987641057176225
0.3009710848493585 0.40118544071447665
0.3016489540263836 0.42055728629876243
0.3022651987327701 0.43816805501174955
0.30282542119312145 0.45417784475082873
0.30333471433889536 0.4687321990590825
0.3037977081077808 0.48196343024840416
0.3042186115340403 0.49399182223869653
0.30460125101245794 0.5049267240480533
0.3049491050837468 0.5148675438747412
0.3052653360576457 0.5239046528080938
0.30555281876119017 0.532120206383869
0.3058141666735033 0.5395888914527555
0.3060517556846971 0.5463786051517432
0.2919159090892623 0.7350418541427217
0.2936603525324422 0.7117597418582248
0.29524621020806036 0.6905941852359548
0.2966878990040768 0.6713527701248004
0.29799852518227365 0.6538605745692055
0.2991900035260889 0.6379585786095737
0.30027316565683004 0.6235022186462721
0.3012578585029584 0.6103600732250889
0.3021530338176205 0.5984126682967404
0.3029668295582224 0.5875513910891509
0.3037066438678605 0.5776775027186151
0.3043792023311679 0.5687012405635824
0.3049906191159928 0.5605410022408255
0.3055464525567427 0.5531226037655919
0.29017146564608237 0.7583239664272187
0.28858560797046423 0.7794895230494886
0.28714391917444776 0.798730938160643
0.28583329299625093 0.8162231337162379
0.2846418146524357 0.8321251296758697
0.28355865252169454 0.8465814896391713
0.2825739596755662 0.8597236350603545
0.2816787843609041 0.871671039988703
0.2808649886203022 0.8825323171962925
0.2801251743106641 0.8924062055668284
0.2794526158473567 0.901382467721861
0.2788411990625318 0.909542706044618
0.2782853656217819 0.9169611045198516
0.2777800624938275 0.9237051031337002
0.3177260744445689 1.0490502420196366
0.31279651057598795 1.0335819427431951
0.30831508887727804 1.019519852491885
0.3042410691511781 1.0067361340816028
0.3005374148547236 0.9951145718904373
0.2971704564034013 0.984549515353014
0.2941095850840174 0.9749449185008111
0.2913269747936684 0.9662134668169903
0.28879732907516936 0.9582757834680622
0.2864976511492611 0.9510597076963094
0.2844070348529809 0.9444996388128979
0.28250647458363526 0.9385359398279782
0.28077869252059373 0.9331143952962331
0.27920798155419235 0.9281857184491921
0.32265563831314986 1.064518541296078
0.32713706001185977 1.0785806315473883
0.3312110797379597 1.0913643499576704
0.33491473403441424 1.1029859121488361
0.33828169248573653 1.1135509686862592
0.3413425638051204 1.1231555655384622
0.3441251740954694 1.131887017222283
0.34665481981396845 1.1398247005712112
0.3489544977398767 1.147040776342964
0.3510451140361569 1.1536008452263755
0.35294567430550255 1.1595645442112952
0.3546734563685441 1.1649860887430403
0.35624416733494546 1.1699147655900812
0.35767208639531034 1.1743953809055732
0.48247807909987017 1.22031777861241
0.4670763135124207 1.2146506949302296
0.4530747084329212 1.2094988006737022
0.4403459765424671 1.2048152604404951
0.4287744020965997 1.2005574965921253
0.41825478896399304 1.1966868021845163
0.40869150429798695 1.19316798908669
0.3999976091470724 1.189969068088666
0.39209406810078634 1.1870609580904625
0.3849090307859809 1.1844172217284592
0.3783771786816123 1.1820138250357288
0.37243913131400447 1.1798289189514286
0.367040906434361 1.177842640692974
0.36213342927104875 1.1760369331852878
0.49787984468731966 1.2259848622945904
0.5118814497668192 1.2311367565511178
0.5246101816572732 1.2358202967843248
0.5361817561031406 1.2400780606326947
0.5467013692357473 1.2439487550403037
0.5562646539017534 1.24746756813813
0.564958549052668 1.2506664891361539
0.572862090098954 1.2535745991343574
0.5800471274137594 1.2562183354963607
0.5865789795181281 1.2586217321890911
0.5925170268857358 1.2608066382733913
0.5979152517653794 1.2627929165318459
0.6028227289286916 1.2645986240395322
0.60728407180443 1.2662401763192468
1.0 1.258899427796599
0.9618965318854805 1.2596116677573121
0.9272570154177356 1.2602591586306877
0.8957665459016039 1.2608477866973926
0.8671388463414841 1.26138290312167
0.8411136649231934 1.2618693725982857
0.8174544090883836 1.2623116175770273
0.7959459946931021 1.2627136584667924
0.7763928906973916 1.2630791501847605
0.7586173416103821 1.2634114153829135
0.7424577515312825 1.2637134746539616
0.7277672150957373 1.263988073991278
0.7144121819725145 1.2642377097524748
0.7022712427695847 1.264464651353563
0.6912340253123758 1.2646709619000065
0.6812001912603677 1.264858516942228
0.6720785239403603 1.2650290215260658
0.6637860991039899 1.265184025693191
0.656247531070926 1.2653249385723957
0.6493942874045042 1.2654530411898546
0.6431640658895753 1.2655694981148171
0.6375002281487309 1.2656753680466013
0.6323512847479632 1.2657716134391324
0.6276704271109017 1.2658591092505243
0.6234151019863003 1.265938650897244
0.619546624600299 1.2660109614851713
0.6160298269766615 1.266076698383287
0.6128327382279002 1.2661364591997557
0.6099262939108443 1.266190787214727
