# CURVE 2D, normalized by CHORD
# COLUMN#1 = X-coordinate, COLUMN#2 = Y-coordinate
#-------------------------------------------------------------------------------
0.0 0.0
0.06860996411083109 -0.016136925427454766
0.13098265875704115 -0.030806857634231823
0.18768510843541394 -0.04414315964039278
0.23923278996120736 -0.05626707055508456
0.2860943186210196 -0.0672888077502589
0.32869570831175793 -0.07730856883678104
0.36742424439424737 -0.08641744255180116
0.40263200446923775 -0.09469823683818308
0.4346390590828654 -0.10222623164398482
0.46373638145889046 -0.10906986328562278
0.49018849270982234 -0.11529134659620273
0.5142358665743059 -0.12094724051491178
0.5360971155420182 -0.12608896225919275
0.5559709782399385 -0.1307632547539936
0.5740381261471388 -0.13501261156744893
0.5904628060627753 -0.1388756632160447
0.6053943332588086 -0.14238752835113175
0.6189684488915661 -0.1455801330193927
0.6313085540122548 -0.14848250089962994
0.642526831394699 -0.15112101715439108
0.6527252653787393 -0.153519668295083
0.661996569000594 -0.15570026024116657
0.6704250268386438 -0.157682616555788
0.6780872612368709 -0.15948475865998932
0.6850529288716227 -0.16112306966380868
0.6913853539941245 -0.16261244330364447
0.6971421041054896 -0.1639664193398588
0.7023755132976398 -0.16519730664550822
0.7071331580177763 -0.1663162951051895
0.8232699324300861 -0.5136973885702545
0.8089379974258502 -0.470828596334244
0.7959089656038175 -0.43185696702878007
0.7840643912201515 -0.39642821311472193
0.7732965963259096 -0.3642202550110327
0.7635076918765988 -0.33494029309858797
0.7546086878317708 -0.3083221459054564
0.7465186841546545 -0.28412383027533683
0.739164135357276 -0.2621253615206826
0.7324781819051137 -0.24212675356190605
0.726400042403148 -0.22394620087210926
0.7208744610377247 -0.20741842569956664
0.7158512052509762 -0.19239317554270974
0.7112846090812048 -0.17873385721829443
0.7071331580177763 -0.16631629510518953
0.837601867434322 -0.556566180806265
0.8506308992563546 -0.5955378101117289
0.8624754736400206 -0.630966564025787
0.8732432685342625 -0.6631745221294763
0.8830321729835733 -0.692454484041921
0.8919311770284012 -0.7190726312350526
0.9000211807055175 -0.7432709468651721
0.907375729502896 -0.7652694156198263
0.9140616829550583 -0.7852680235786029
0.920139822457024 -0.8034485762683997
0.9256654038224473 -0.8199763514409424
0.9306886596091958 -0.8350016015977992
0.9352552557789672 -0.8486609199222146
0.9394067068423957 -0.8610784820353194
1.0 -1.2664223720275258
0.9941209040733516 -1.227093669321987
0.9887762714127623 -1.1913403032260426
0.98391751444859 -1.1588372431388203
0.979500462662979 -1.1292890066958912
0.9754849610396962 -1.1024269735659555
0.97183450501853 -1.078006943447832
0.9685159086356516 -1.05580691606772
0.9654990028330349 -1.0356250729948908
0.9627563611942925 -1.0172779429286825
0.9602630506136175 -1.000598733777584
0.9579964046311857 -0.9854358163674944
0.9559358173744297 -0.9716513459946857
0.954062556231924 -0.9591200092921324
0.952359591556919 -0.9477278850170838
0.9508114418523689 -0.9373714084034035
0.9494040330300506 -0.927956429663694
0.9481245704643068 -0.9193973580821398
0.9469614226772669 -0.9116163839170908
0.9459040155981397 -0.9045427710397733
0.9449427364352968 -0.8981122138785755
0.9440688462872578 -0.8922662528229413
0.9432744006981315 -0.8869517427723648
0.9425521774352894 -0.8821203699991134
0.9418956108327057 -0.877728212932521
0.941298732103084 -0.8737353428719827
0.9407561150761553 -0.870105460998766
0.9402628268698565 -0.8668055683867508
0.9398143830459484 -0.8638056660121916
