# CURVE 2D, normalized by CHORD
# COLUMN#1 = X-coordinate, COLUMN#2 = Y-coordinate
#-------------------------------------------------------------------------------
0.0 0.0
0.05730848605194399 -0.004806067964126238
0.10940710973552942 -0.009175220658786454
0.15676949490242525 -0.013147177653932102
0.19982620869051235 -0.016758047649519055
0.23896867577059155 -0.020040656736416286
0.27455273675248176 -0.02302484681541377
0.30690188309965466 -0.02573774688722966
0.33631019796072087 -0.028204019679789565
0.36304502965259927 -0.03044608585484402
0.3873494220997615 -0.03248432783216625
0.4094443243244544 -0.03433727508427737
0.4295305990741752 -0.03602177258619657
0.44779084884664866 -0.037553133951577666
0.4643910759125336 -0.038945280647378656
0.4794821914269745 -0.04021086855265228
0.4932013873491935 -0.04136140301199195
0.5056733836421198 -0.04240734342957345
0.5170115620902347 -0.043358198354647555
0.5273189970430664 -0.04422261192289674
0.5366893924547316 -0.04500844243948691
0.5452079337380635 -0.045722833818205244
0.5529520621774563 -0.046372280526131
0.5599921789405405 -0.046962686624245326
0.566392285088799 -0.0474994194407129
0.5722105634053976 -0.04798735836477432
0.5774999073295781 -0.048430939204830166
0.5823084018061059 -0.048834194513971835
0.5866797604211311 -0.049200790249555176
0.5906537227984268 -0.04953405910008549
0.7975946653378252 -0.1631864920995827
0.7720569822637238 -0.14916113888080562
0.7488409067418134 -0.13641081777282651
0.7277353835400766 -0.12481961676557277
0.7085485442657706 -0.114282161304433
0.6911059631073105 -0.1047026563397605
0.675249071145074 -0.09599401546278549
0.6608337148157682 -0.08807706921099002
0.6477288454254901 -0.08087984534572143
0.6358153277979647 -0.0743369145591136
0.624984857227487 -0.06838879566219741
0.615138974890689 -0.06298141484681906
0.6061881727663273 -0.058065614105566
0.5980510799259985 -0.05359670434079049
0.8231323484119266 -0.17721184531835976
0.846348423933837 -0.18996216642633887
0.8674539471355738 -0.20155336743359262
0.8866407864098798 -0.21209082289473238
0.9040833675683398 -0.2216703278594049
0.9199402595305763 -0.23037896873637992
0.9343556158598821 -0.23829591498817537
0.9474604852501602 -0.24549313885344398
0.9593740028776857 -0.2520360696400518
0.9702044734481634 -0.25798418853696803
0.9800503557849614 -0.26339156935234637
0.9890011579093231 -0.2683073700935994
0.9971382507496519 -0.27277627985837494
1.0045356078772236 -0.2768389250990799
1.1091720538931646 -0.495186523063867
1.096259324475946 -0.4682411941773203
1.084520479551202 -0.4437454406440961
1.073848802346889 -0.42147657379571046
1.0641472776156955 -0.4012321493880871
1.055327709678247 -0.3828281271993386
1.0473099206442027 -0.36609719793684004
1.0400210215223444 -0.3508872622436595
1.0333947495933822 -0.33706004797713174
1.0273708660215985 -0.3244898531893792
1.0218946082290679 -0.3130624033823315
1.01691619205404 -0.3026738126486517
1.0123903591676509 -0.2932296392543974
1.00827596563457 -0.2846440270778025
1.122084783310383 -0.5221318519504137
1.1338236282351273 -0.546627605483638
1.1444953054394402 -0.5688964723320236
1.1541968301706336 -0.5891408967396469
1.163016398108082 -0.6075449189283953
1.1710341871421264 -0.624275848190894
1.1783230862639846 -0.6394857838840745
1.1849493581929469 -0.6533129981506023
1.1909732417647307 -0.6658831929383549
1.1964494995572614 -0.6773106427454025
1.2014279157322894 -0.6876992334790824
1.2059537486186782 -0.6971434068733366
1.2100681421517592 -0.7057290190499315
1.2138084999091054 -0.7135341210286541
1.0 -1.1633022940343354
1.0207448814116924 -1.1196633020591662
1.039603864513231 -1.0799914911726485
1.056748394605539 -1.0439262085485417
1.0723343310530915 -1.0111395879811718
1.0865033641872301 -0.981333569283563
1.0993843034000834 -0.954237188649373
1.1110942481390411 -0.9296041153455639
1.1217396524471843 -0.9072104123421012
1.1314172927273145 -0.8868525005207714
1.140215147527433 -0.868345307955926
1.1482131973457224 -0.8515205874424304
1.1554841517259855 -0.8362253869756162
1.1620941102534974 -0.8223206592785123
1.1681031634603265 -0.8096799977356905
1.1735659391028983 -0.7981884872422162
1.1785320987779637 -0.787741659520876
1.1830467893916594 -0.7782445434105667
1.1871510535859282 -0.7696108014921037
1.1908822028534454 -0.7617619452025919
1.1942741567330064 -0.7546266213030357
1.197357751168971 -0.7481399632125301
1.2001610188380298 -0.7422430013120703
1.2027094439917194 -0.736882126857107
1.2050261941314375 -0.732008604625322
1.2071323306220902 -0.727578129869154
1.2090470001590472 -0.7235504255453649
1.210787608829008 -0.7198888761601021
1.2123699803471544 -0.7165601949007722
