# CURVE 2D, normalized by CHORD
# COLUMN#1 = X-coordinate, COLUMN#2 = Y-coordinate
#-------------------------------------------------------------------------------
0.0 0.0
0.01461352573913272 -0.027552646023964268
0.02789854913834428 -0.05260050604574996
0.03997584313762752 -0.07537128788373694
0.05095520131879409 -0.09607199864554329
0.06093643602894552 -0.1148908266108218
0.07001028576544682 -0.13199885203380224
0.0782592400713571 -0.14755160241832993
0.08575828944036644 -0.16169046640426418
0.09257560704855675 -0.1745439791187499
0.09877316851054793 -0.18622899067737322
0.10440731529417627 -0.19685172845793988
0.10952926691565659 -0.2065087628039096
0.1141855865715478 -0.21528788493660936
0.1184186044405398 -0.22326890505724545
0.12226680250325979 -0.2305243778941874
0.1257651643784598 -0.2371202622914073
0.12894549335591432 -0.24311652083433452
0.13183670151723664 -0.24856766496426835
0.1344650725729842 -0.2535232505369355
0.13685450080548198 -0.25802832833026923
0.1390267082895709 -0.2621238535969363
0.14100144236601533 -0.2658470583848154
0.142796655162783 -0.26923179001016007
0.14442866679620817 -0.2723088187604734
0.14591231373568558 -0.27510611762439463
0.14726108368066507 -0.27764911659159575
0.14848723817610096 -0.2799609338345058
0.14960192408104267 -0.28206258587351496
0.15061527490371696 -0.2839731786362506
0.3244312459670208 -0.33435841974792874
0.3029813717770124 -0.328140595941133
0.2834814861497321 -0.3224880288440459
0.2657543173976592 -0.3173493314830577
0.24963870944122918 -0.3126777884276139
0.2349881567535656 -0.30843093110448316
0.2216694724920532 -0.3045701517198188
0.20956157770886014 -0.3010603522792149
0.19855440063323007 -0.2978696255150295
0.18854787601902093 -0.29496896482031554
0.179451035460649 -0.2923320005523937
0.1711811804075836 -0.2899347603088284
0.16366313035934232 -0.28775545099649635
0.1568285394063957 -0.28577426071255807
0.34588112015702915 -0.3405762435547245
0.36538100578430943 -0.34622881065181155
0.3831081745363824 -0.35136750801279976
0.3992237824928124 -0.3560390510682436
0.413874335180476 -0.3602859083913743
0.4271930194419884 -0.36414668777603865
0.43930091422518147 -0.36765648721664257
0.4503080913008115 -0.370847213980828
0.46031461591502065 -0.37374787467554194
0.4694114564733926 -0.37638483894346375
0.477681311526458 -0.37878207918702905
0.4851993615746993 -0.3809613884993611
0.4920339525276459 -0.3829425787832994
0.49824721703032465 -0.3847436608596069
0.6790792905578188 -0.42102489014393696
0.6567635896302532 -0.4165475811898346
0.6364765887870117 -0.4124773003224688
0.6180338607477014 -0.4087770449884999
0.6012677443483283 -0.4054131765030737
0.5860258203488982 -0.40235511424359527
0.5721695258039617 -0.3995750576440694
0.5595728943994741 -0.3970477334626823
0.5481214113044853 -0.39475016602505764
0.5377109721272229 -0.3926614683544898
0.5282469365115297 -0.3907626522903372
0.5196432677699903 -0.38903645586838026
0.5118217507322274 -0.387467186393874
0.5047112806978974 -0.38604057778068646
0.7013949914853844 -0.4255021990980393
0.7216819923286258 -0.4295724799654051
0.7401247203679363 -0.433272735299374
0.7568908367673094 -0.43663660378480024
0.7721327607667394 -0.43969466604427865
0.7859890553116758 -0.4424747226438045
0.7985856867161635 -0.4450020468251916
0.8100371698111524 -0.4472996142628163
0.8204476089884148 -0.44938831193338413
0.829911644604108 -0.45128712799753673
0.8385153133456473 -0.45301332441949366
0.8463368303834102 -0.4545825938939999
0.8534473004177403 -0.45600920250718746
0.859911364085313 -0.45730611942826704
0.9829588952005603 -0.5283855347379776
0.9677741337216975 -0.5196139327582183
0.9539698051045495 -0.5116397491402555
0.9414204154525968 -0.5043904913057438
0.930011879405367 -0.4978002569107331
0.9196404829987945 -0.49180913473345067
0.9102119408110013 -0.4863626600268303
0.9016405388220985 -0.48141131938444814
0.8938483551958231 -0.4769101006186462
0.8867645518992091 -0.4728180835588262
0.8803247307204691 -0.46909806804989895
0.8744703478307055 -0.465716235769056
0.8691481815672841 -0.4626418427864715
0.8643098486005374 -0.4598469400750311
0.9981436566794232 -0.5371571367177368
1.0119479852965712 -0.5451313203356997
1.024497374948524 -0.5523805781702114
1.0359059109957538 -0.5589708125652221
1.0462773074023262 -0.5649619347425044
1.0557058495901195 -0.5704084094491249
1.0642772515790224 -0.575359750091507
1.0720694352052977 -0.579860968857309
1.0791532385019116 -0.5839529859171289
1.0855930596806516 -0.5876730014260562
1.0914474425704153 -0.591054833706899
1.0967696088338368 -0.5941292266894835
1.1016079418005835 -0.596924129400924
1.1060064263158078 -0.5994649500476881
1.1331603564131894 -0.7256496107091369
1.129809407816291 -0.7100777096960176
1.1267630909100197 -0.6959214360477274
1.1239937119043184 -0.6830520963674636
1.1214760946264084 -0.6713526966581328
1.11918735164649 -0.6607168787405594
1.1171066762102007 -0.6510479533609471
1.1152151530863013 -0.6422580211976634
1.113495586610029 -0.6342671737764962
1.1119323443588724 -0.6270027670299807
1.1105112150396392 -0.6203987608967847
1.1092192792948816 -0.6143951189575156
1.108044792254193 -0.6089372626490893
1.1069770767626579 -0.6039755750959743
1.1365113050100877 -0.7412215117222563
1.139557621916359 -0.7553777853705465
1.1423270009220603 -0.7682471250508103
1.1448446181999703 -0.779946524760141
1.1471333611798886 -0.7905823426777144
1.149214036616178 -0.8002512680573267
1.1511055597400774 -0.8090412002206104
1.1528251262163498 -0.8170320476417776
1.1543883684675063 -0.8242964543882931
1.1558094977867395 -0.8309004605214891
1.157101433531497 -0.8369041024607582
1.1582759205721858 -0.8423619587691845
1.1593436360637208 -0.8473236463222995
1.160314286510571 -0.8518342713705858
1.0 -1.1978379249969353
1.0155545774077068 -1.1642667397281439
1.0296951023238041 -1.133747480392879
1.0425501249748017 -1.106002699179002
1.054236509202981 -1.08078017080275
1.0648604948649625 -1.0578505995516119
1.074518663648582 -1.03700553477785
1.0832988170882358 -1.018055475892612
1.0912807747606488 -1.0008281496333045
1.0985370999173876 -0.9851669439430251
1.1051337591507866 -0.9709294842245892
1.1111307220902402 -0.9579863390260113
1.1165825065806525 -0.9462198433909402
1.1215386742992093 -0.9355230291772394
1.126044281316079 -0.9257986526193296
1.1301402876950513 -0.9169583102939569
1.1338639298577537 -0.9089216354527091
1.1372490590965738 -0.9016155674152111
1.140326449313683 -0.894973687381122
1.1431240767837825 -0.8889356146228591
1.1456673744838728 -0.8834464575698929
1.1479794633021367 -0.8784563147944691
1.1500813622278312 -0.8739198213622656
1.1519921794330081 -0.8697957364238988
1.153729285983169 -0.8660465682981108
1.1553084737560422 -0.8626382336383035
1.156744099004109 -0.8595397475839333
1.1580492128659878 -0.8567229420799602
1.1592356800131505 -0.8541622098036212
