# CURVE 2D, normalized by CHORD
# COLUMN#1 = X-coordinate, COLUMN#2 = Y-coordinate
#-------------------------------------------------------------------------------
0.0 0.0
0.019257854062644526 0.0025135077319017665
0.03676499411959409 0.004798514760903372
0.052680575989548235 0.006875793878177558
0.06714928678041564 0.008764229439335908
0.08030266022665873 0.010480989040388956
0.09226027245051609 0.012041679586800816
0.10313082901765915 0.01346048917444796
0.11301315316960737 0.014750316072309002
0.12199708421683303 0.015922885979455403
0.13016429425976545 0.016988858622315767
0.13758903066243128 0.017957924661279732
0.14433879102849112 0.018838893787610615
0.15047493681581825 0.01963977481154778
0.15605325116793384 0.020367848469672472
0.16112444603349343 0.021029733613422193
0.16573462318400217 0.021631447380467392
0.1699256933208283 0.02217845989596303
0.17373575708157932 0.022675744000959064
0.1771994514095348 0.02312782046004637
0.1803482644349489 0.023538799059216645
0.18321082173077988 0.023912415967553263
0.18581314654517164 0.024252067702404727
0.18817889637643692 0.024560842006815155
0.19032957804122355 0.024841545919915543
0.19228474319102956 0.025096731295461347
0.19406216605448956 0.02532871800050299
0.19567800502127136 0.0255396150050863
0.1971469495365276 0.025731339554707494
0.19848235364130595 0.025905634599817668
0.31406332221163585 0.06881084951881747
0.299799976792762 0.06351610326231473
0.2868332991392403 0.05870269757458499
0.27504541036331154 0.0543268742221034
0.26432914783973993 0.05034885299257469
0.2545870910001294 0.0467324700566395
0.2457306756913925 0.04344484920578932
0.23767938904708624 0.0404561029777437
0.2303600375522624 0.03773906095224769
0.22370608164787706 0.035269022747251313
0.2176570308257086 0.03302353346998188
0.21215789371464633 0.03098217958155513
0.2071586781591352 0.029126403319348987
0.20261393674503417 0.027439333990070675
0.19848235364130595 0.025905634599817665
0.3283266676305097 0.07410559577532021
0.3412933452840314 0.07891900146304995
0.35308123405996017 0.08329482481553153
0.3637974965835318 0.08727284604506025
0.3735395534231423 0.09088922898099544
0.3823959687318792 0.09417684983184563
0.39044725537618546 0.09716559605989124
0.3977666068710093 0.09988263808538725
0.4044205627753946 0.10235267629038362
0.4104696135975631 0.10459816556765306
0.4159687507086254 0.1066395194560798
0.4209679662641365 0.10849529571828595
0.42551270767823757 0.11018236504756426
0.42964429078196575 0.11171606443781727
0.5178988406416847 0.19192671778871676
0.5070077298904331 0.18202826937485636
0.497106720116568 0.17302967990771054
0.48810580214032695 0.1648491440284871
0.4799231494346533 0.15741229322919303
0.4724843742476773 0.15065151977528934
0.4657218513504264 0.14450536208992237
0.4595741032620164 0.13891794601231605
0.45398524136346197 0.1338384768508557
0.44890445781932153 0.12922077761316453
0.44428556368828476 0.12502286921526345
0.44008656902370585 0.12120658885353518
0.43626930114681595 0.11773724307014585
0.43279905762237064 0.11458329235797374
0.5287899513929363 0.20182516620257715
0.5386909611668014 0.21082375566972295
0.5476918791430424 0.2190042915489464
0.555874531848716 0.22644114234824048
0.563313307035692 0.23320191580214414
0.5700758299329429 0.23934807348751114
0.5762235780213529 0.24493548956511746
0.5818124399199074 0.2500149587265778
0.5868932234640478 0.254632657964269
0.5915121175950846 0.25883056636217006
0.5957111122596634 0.2626468467238983
0.5995283801365534 0.26611619250728763
0.6029986236609988 0.26927014321945975
0.6061533905014036 0.2721373711396162
0.6788269717907927 0.34813766595375256
0.6698586407101752 0.33875879960335803
0.6617056124550683 0.33023255746663577
0.6542937685867894 0.32248142825143367
0.6475557287065359 0.31543494714670456
0.6414302379063054 0.3090290552333144
0.6358616099060959 0.30320551713023247
0.6307992208149963 0.29791139158197616
0.6261970489139966 0.2930985501744704
0.6220132562767242 0.28872323980401066
0.6182098084246584 0.28474568492177454
0.6147521285591441 0.28112972593792346
0.6116087832268583 0.27784249049805887
0.608751196561144 0.2748540946436365
0.6877953028714101 0.3575165323041471
0.695948331126517 0.36604277444086936
0.7033601749947959 0.37379390365607146
0.7100982148750494 0.38084038476080057
0.7162237056752799 0.3872462766741907
0.7217923336754895 0.39306981477727265
0.726854722766589 0.39836394032552896
0.7314568946675887 0.40317678173303473
0.7356406873048611 0.40755209210349447
0.7394441351569269 0.4115296469857306
0.7429018150224412 0.41514560596958167
0.746045160354727 0.41843284140944625
0.7489027470204414 0.4214212372638686
0.7515005530801817 0.4241379607678889
1.0 0.3869485638223673
0.9758892113296976 0.39055688449126114
0.9539703125385137 0.39383717600843726
0.9340440409101647 0.3968192592058702
0.9159292485207565 0.39953024393080916
0.8994612554394763 0.40199477549893553
0.8844903526383125 0.4042352587426868
0.8708804410008909 0.4062720616915515
0.8585077940577803 0.40812370073597404
0.847259933200407 0.4098070089581763
0.8370346051482496 0.41133728916017837
0.8277388523735609 0.41272845298018024
0.8192881680329349 0.41399314736200016
0.8116057277232749 0.41514286952729096
0.8046216910781294 0.41618807149573717
0.7982725668552699 0.4171382551034155
0.7925006357435793 0.4180020583831231
0.7872534256420426 0.4187873340919482
0.7824832346406455 0.419501221099971
0.7781466973666482 0.42015020928908264
0.7742043907539233 0.4207401985519114
0.7706204756514461 0.4212765524272103
0.7673623710128306 0.4217641468593002
0.7644004577049981 0.42220741452483646
0.7617078092433324 0.4226103851298694
0.7592599470054544 0.42297672204353576
0.7570346176982926 0.42330975560141426
0.7550115910554183 0.4236125133813038
0.7531724759255325 0.4238877477266579
