# CURVE 2D, normalized by CHORD
# COLUMN#1 = X-coordinate, COLUMN#2 = Y-coordinate
#-------------------------------------------------------------------------------
0.0 0.0
0.03782388036018043 -0.0012246483213773402
0.07220922614216263 -0.002337964977174922
0.10346863139851008 -0.0033500710278999957
0.1318862725406441 -0.004270167437650063
0.15772049176076597 -0.005106618719241033
0.18120614559724038 -0.005867028975232824
0.2025567399940353 -0.006558311026134452
0.22196637126384886 -0.007186749254226842
0.239611490600043 -0.007758056734310832
0.2556525081784013 -0.008277427170750822
0.2702352514314543 -0.008749582112968996
0.2834922907524116 -0.009178813878621881
0.29554414468055457 -0.009569024574669958
0.3065003755243209 -0.009923761571077301
0.3164605853822903 -0.01024624974962943
0.32551532161680796 -0.010539420821040459
0.333746900011824 -0.010805939976868665
0.3412301530982022 -0.011048230118530669
0.3480331104494551 -0.011268493883677948
0.35421761713241234 -0.011468733670175474
0.35983989593510074 -0.01165076983971868
0.3649510584829992 -0.011816257266576138
0.3695975698901797 -0.011966700381901101
0.3738216711694347 -0.012103466850378341
0.37766176324148465 -0.012227800003539468
0.38115275603425736 -0.012340830142776855
0.3843263858458689 -0.012443584814810843
0.3872115038564249 -0.012536998153023561
0.38983433841147574 -0.012621919369580577
0.6277251346798102 -0.11664954972817088
0.5983680645573053 -0.10381195160743324
0.5716798189913919 -0.09214140786130814
0.5474177775678343 -0.08153182263755807
0.525361376273691 -0.07188674516142163
0.5053101023699242 -0.06311849291038851
0.4870816715483182 -0.055147354500358396
0.4705103708014037 -0.04790086503669466
0.4554455519405722 -0.04131314734245489
0.44175026206708906 -0.03532431307496421
0.42929999854574075 -0.029879918286336307
0.4179815771626969 -0.02493046847849277
0.4076921031781115 -0.020430968653180448
0.39833803591939754 -0.016340514266532893
0.38983433841147574 -0.01262191936958057
0.657082204802315 -0.1294871478489085
0.6837704503682285 -0.1411576915950336
0.7080324917917861 -0.1517672768187837
0.7300888930859294 -0.16141235429492012
0.7501401669896961 -0.17018060654595324
0.7683685978113022 -0.17815174495598335
0.7849398985582167 -0.1853982344196471
0.8000047174190481 -0.19198595211388686
0.8137000072925313 -0.19797478638137755
0.8261502708138796 -0.20341918117000546
0.8374686921969234 -0.20836863097784897
0.8477581661815088 -0.2128681308031613
0.8571122334402228 -0.21695858518980887
0.8656159309481446 -0.22067718008676118
1.0 0.1725537340766743
0.9869613154889232 0.13440029917955923
0.9751079659333988 0.09971535836400008
0.9643321936101947 0.06818359398621905
0.9545360369527365 0.03951835364278175
0.9456304399914108 0.013459044239656937
0.9375344427538421 -0.010231237035911084
0.9301744452651433 -0.03176785637733656
0.9234835384572352 -0.051346601233177885
0.9174008959045915 -0.06914546019303364
0.9118712208567337 -0.08532624106562975
0.9068442435404992 -0.10003604185889897
0.9022742641621042 -0.11340858803459825
0.8981197374544725 -0.1255654481943249
0.894342894992989 -0.1366171392486218
0.8909094018461858 -0.14666413111616444
0.8877880444400013 -0.1557977600866578
0.8849504467980152 -0.16410105915074263
0.8823708125780279 -0.17164951284536523
0.8800256905598576 -0.1785117434768403
0.87789376145243 -0.18475013495999948
0.8759556440820413 -0.19042139994468965
0.8741937191998699 -0.19557709538531703
0.8725919693069866 -0.20026409124043287
0.8711358330407292 -0.20452499656326545
0.8698120727986769 -0.20839854685674958
0.8686086543968112 -0.21191995621446247
0.8675146376678425 -0.2151212374487469
0.8665200770051436 -0.21803149311627817
