# CURVE 2D, normalized by CHORD
# COLUMN#1 = X-coordinate, COLUMN#2 = Y-coordinate
#-------------------------------------------------------------------------------
0.0 0.0
0.02253867969774988 -0.043638466025749334
0.04302838851388613 -0.08330979877643054
0.061655396528555444 -0.11937464673159527
0.07858904017825481 -0.15216087214538138
0.09398326167798152 -0.18196653161245965
0.10797800849591489 -0.2090625856734399
0.12070050560312703 -0.23369536209251288
0.13226641206422898 -0.256088795200761
0.1427808724834126 -0.2764464616628048
0.15233947286448857 -0.2949534311737536
0.16102910957455766 -0.3117779489109799
0.1689287793109841 -0.32707296503573097
0.17611029725318994 -0.34097752514914115
0.18263894992792254 -0.3536180343431503
0.18857408872313397 -0.3651094063377041
0.19396966944605348 -0.3755561081509349
0.19887474283052575 -0.38505310979932644
0.20333390045277325 -0.3936867476615006
0.20738768010936193 -0.4015355093543862
0.21107293434262434 -0.4086707472570095
0.214423165463772 -0.41515732716848525
0.21746883011936075 -0.42105421799709947
0.220237616169896 -0.4264150278412943
0.22275469439765533 -0.4312884913360169
0.225042947331982 -0.4357189126948555
0.22712317727227896 -0.439746568475618
0.22901429539982163 -0.44340807373085656
0.2307334936975877 -0.4467367148719825
0.23229640124101142 -0.44976275227300616
0.4543520580324596 -0.4625981067209616
0.42694913370842535 -0.46101415136629204
0.4020373843229398 -0.45957419195295607
0.37939033942704375 -0.45826513794083246
0.35880211679441104 -0.45707508883890197
0.34008555076474495 -0.4559932260189651
0.3230704907377757 -0.45500971436447707
0.30760225434962196 -0.454115612860397
0.2935402212694821 -0.4533027933112333
0.28075655483299133 -0.4525638664483573
0.26913503989072707 -0.45189211475483354
0.25857002630685044 -0.45128143139708476
0.24896546850332618 -0.4507262647082222
0.24023405231830416 -0.4502215677183471
0.48175498235649383 -0.4641820620756311
0.5066667317419794 -0.4656220214889671
0.5293137766378754 -0.46693107550109064
0.5499019992705081 -0.4681211246030212
0.5686185653001742 -0.469202987422958
0.5856336253271435 -0.4701864990774461
0.6011018617152972 -0.4710806005815261
0.615163894795437 -0.4718934201306898
0.6279475612319277 -0.4726323469935659
0.6395690761741921 -0.47330409868708956
0.6501340897580687 -0.4739147820448384
0.659738647561593 -0.4744699487337009
0.668470063746615 -0.474974645723576
0.6764077148239077 -0.47543346116891694
1.0 -0.4114293289526376
0.9686032894643085 -0.41763936332100676
0.9400608253409526 -0.4232848491104333
0.9141131306833563 -0.42841710891900286
0.8905243173582689 -0.43308279965406604
0.8690799416081894 -0.43732433668594173
0.8495850545626624 -0.44118027944219235
0.8318624299758198 -0.4446856819478747
0.8157509530786902 -0.44787241149849505
0.8011041558994815 -0.45076943836269534
0.7877888857365644 -0.453403099148332
0.775684094679367 -0.45579733622618346
0.7646797391728241 -0.45797391538786664
0.7546757796214213 -0.4599526237166695
0.7455812709383279 -0.4617514494701267
0.7373135357718794 -0.4633867456096332
0.7297974128932898 -0.46487337846373
0.7229645739127538 -0.4662248628765453
0.7167529021122665 -0.4674534850700138
0.7111059277481873 -0.4685704143368033
0.7059723146899333 -0.4695858045793392
0.7013053937278843 -0.4705088866180082
0.6970627383078396 -0.4713480521077073
0.6932057788350718 -0.4721109298256156
0.6896994520416466 -0.47280445502371404
0.6865118822294418 -0.4734349324765308
0.6836140914910738 -0.47400809379727327
0.6809797362743757 -0.47452914954340286
0.678584867895559 -0.4750028365853388
