# CURVE 2D, normalized by CHORD
# COLUMN#1 = X-coordinate, COLUMN#2 = Y-coordinate
#-------------------------------------------------------------------------------
0.0 0.0
-0.004733280871392678 -0.031090378571563833
-0.009036263481749657 -0.059354359091167305
-0.012948065854801454 -0.08504888683626137
-0.01650424983030309 -0.10840754842271051
-0.01973714435348639 -0.12964269531948247
-0.022676139374562122 -0.1489473743165479
-0.025347953030085513 -0.16649708249569825
-0.02777687453510678 -0.18245136265856224
-0.029984984994217017 -0.1969552537157113
-0.03199235813886269 -0.21014060922221042
-0.033817242815813296 -0.22212729604630055
-0.0354762288857684 -0.23302428406820067
-0.03698439804027304 -0.24293063681538263
-0.03835546090800453 -0.2519364120400934
-0.03960188169685133 -0.2601234804261942
-0.04073499150489389 -0.267566269868104
-0.04176509133038711 -0.274332442088022
-0.04270154571719914 -0.28048350774249287
-0.04355286788702826 -0.2860753856101937
-0.044326797132327456 -0.29115891094446716
-0.04503036917350854 -0.29578029761198854
-0.0456699801200368 -0.2999815582188261
-0.046251444616880674 -0.3038008860432239
-0.046780048704920564 -0.3072730022472219
-0.047260597875865916 -0.31042947152358374
-0.0476974607585435 -0.31329898904754905
-0.04809460883370495 -0.3159076413420629
-0.048455652538397176 -0.31827914342798463
-0.04878387408811738 -0.3204350544151862
0.013208838843686385 -0.41945933724928475
0.0055585873452196274 -0.40723918051941993
-0.001396186744295591 -0.3961299471286338
-0.007718708643854877 -0.38603064404610093
-0.013466455825272412 -0.3768494594256165
-0.01869168053565199 -0.3685029279524489
-0.023441884817815235 -0.360915172067751
-0.027760252347054558 -0.3540172121725711
-0.031686041009999395 -0.34774633954058937
-0.0352549397944947 -0.34204554623878786
-0.038499393234944966 -0.33686300687351367
-0.04144889636262704 -0.33215160745053723
-0.04413026284233801 -0.32786851706601317
-0.046567868732984345 -0.32397479853462763
0.020859090342153143 -0.43167949397914956
0.02781386443166836 -0.4427887273699357
0.03413638633122765 -0.45288803045246856
0.03988413351264518 -0.46206921507295295
0.04510935822302476 -0.4704157465461206
0.049859562505188006 -0.47800350243081846
0.05417793003442733 -0.48490146232599834
0.058103718697372166 -0.4911723349579801
0.06167261748186747 -0.4968731282597816
0.06491707092231774 -0.5020556676250557
0.06786657404999981 -0.5067670670480322
0.07054794052971078 -0.5110501574325563
0.07298554642035712 -0.5149438759639419
0.07520155177549015 -0.5184836200833832
0.17540420159525663 -0.613328052921702
0.16303862771276992 -0.6016237133287442
0.1517971969105093 -0.5909834046078735
0.14157771436299968 -0.5813103966798092
0.13228727568344545 -0.5725167531088416
0.12384142233839615 -0.5645225316806894
0.1161633738428968 -0.5572550576550964
0.10918332975607921 -0.5506482630863755
0.10283783513169957 -0.5446420862057202
0.09706920365499082 -0.5391819254051243
0.09182499322161922 -0.5342181428591282
0.0870575291912814 -0.5297056132718589
0.08272347098188339 -0.5256033136470687
0.07878341806424884 -0.5218739503518048
0.18776977547774334 -0.6250323925146598
0.19901120628000396 -0.6356727012355305
0.20923068882751358 -0.6453457091635948
0.2185211275070678 -0.6541393527345624
0.2269669808521171 -0.6621335741627147
0.23464502934761647 -0.6694010481883077
0.24162507343443407 -0.6760078427570286
0.24797056805881368 -0.6820140196376839
0.25373919953552243 -0.6874741804382798
0.258983409968894 -0.692437962984276
0.26375087399923186 -0.6969504925715452
0.2680849322086299 -0.7010527921963354
0.27202498512626444 -0.7047821554915992
0.2756068514150231 -0.7081724857600209
0.38678313399381314 -0.8069870054865078
0.37306335174572874 -0.7947927347108534
0.36059082242928847 -0.783707034005713
0.34925215941434273 -0.7736291242737672
0.33894428394621023 -0.7644673881538165
0.32957348806608977 -0.7561385371356795
0.3210545827205257 -0.7485668543919186
0.31331012331546754 -0.741683506443045
0.3062697056745055 -0.7354259173986145
0.29986932600090366 -0.7297372000854958
0.29405079902490205 -0.7245656388917516
0.2887612290467187 -0.7198642196247114
0.28395252906655205 -0.7155902021092203
0.2795809836300369 -0.711704731640592
0.40050291624189754 -0.8191812762621622
0.4129754455583379 -0.8302669769673027
0.4243141085732836 -0.8403448866992485
0.4346219840414161 -0.8495066228191991
0.4439927799215365 -0.8578354738373362
0.45251168526710056 -0.865407156581097
0.4602561446721588 -0.8722905045299706
0.46729656231312083 -0.8785480935744011
0.47369694198672263 -0.8842368108875198
0.47951546896272434 -0.889408372081264
0.48480503894090765 -0.8941097913483043
0.4896137389210743 -0.8983838088637953
0.4939852843575895 -0.9022692793324236
0.49795941657260323 -0.9058015252129947
0.6138114367404386 -0.9678726112178303
0.5995146420209629 -0.9602126880387571
0.5865175559123487 -0.953249121512327
0.5747020230863358 -0.9469186064882996
0.5639606296081422 -0.9411635928300929
0.554195726446148 -0.9359317622317231
0.5453185417534261 -0.9311755525968416
0.5372483738509516 -0.9268517256560401
0.5299118575759748 -0.9229209738916752
0.5232422973259958 -0.919347563196798
0.5171790607351059 -0.9160990080196368
0.5116670274706605 -0.9131457760403995
0.5066560881393465 -0.9104610196956382
0.5021006887472429 -0.9080203321094916
0.6281082314599142 -0.9755325343969035
0.6411053175685285 -0.9824961009233336
0.6529208503945414 -0.988826615947361
0.663662243872735 -0.9945816296055677
0.6734271470347292 -0.9998134602039375
0.6823043317274511 -1.0045696698388191
0.6903744996299256 -1.0088934967796206
0.6977110159049024 -1.0128242485439853
0.7043805761548814 -1.0163976592388626
0.7104438127457713 -1.0196462144160239
0.7159558460102167 -1.0225994463952612
0.7209667853415307 -1.0252842027400224
0.7255221847336343 -1.0277248903261689
0.7296634569082739 -1.0299436972226659
1.0 -0.9014450455818603
0.9737704556644433 -0.9139126943936903
0.9499254153593918 -0.9252469205862629
0.9282481059911631 -0.9355507625795108
0.9085414611109554 -0.9449178916642815
0.8906263294016754 -0.9534334635595276
0.8743398460296028 -0.9611748925552059
0.8595339520549914 -0.9682125552785499
0.8460740484417082 -0.9746104304815898
0.8338377724296326 -0.9804266806661716
0.8227138851459276 -0.9857141808339732
0.8126012603425593 -0.9905209991683382
0.80340796506677 -0.9948908340177611
0.7950504239069616 -0.9988634111536
0.7874526592162265 -1.0024748449134535
0.7805456004064675 -1.0057579665133205
0.7742664560339593 -1.0087426225131995
0.7685581429680427 -1.011455946149453
0.7633687674535731 -1.0139226040005926
0.7586511533495097 -1.0161650202289014
0.7543624132549067 -1.0182035804364549
0.7504635586234495 -1.0200568169887763
0.7469191453221247 -1.0217415774908865
0.7436969514118295 -1.0232731779473503
0.7407676842206519 -1.0246655419986812
0.7381047140468542 -1.025931327499891
0.7356838320706744 -1.0270820415918998
0.7334830302741473 -1.028128145311908
0.7314823013682137 -1.0290791486937336
