# CURVE 2D, normalized by CHORD
# COLUMN#1 = X-coordinate, COLUMN#2 = Y-coordinate
#-------------------------------------------------------------------------------
0.0 0.0
0.019889370932235743 0.0039377714051531875
0.037970617234268235 0.007517563591656085
0.05440811387247958 0.010771920124840536
0.0693512926344899 0.013730426064099127
0.08293600059995382 0.016419976917970574
0.09528573511401194 0.0188650231487628
0.1065127664904284 0.021087792449483004
0.11671915865080701 0.0231084918137741
0.12599769697842392 0.02494549123585691
0.13443273182171203 0.026615490710477648
0.1421009453156103 0.028133672051041954
0.14907204849188144 0.029513836906100415
0.15540941501576433 0.030768532228880836
0.16117065731020327 0.031909164340499396
0.1664081503051478 0.032946102623789
0.17116950757327917 0.03388877379041591
0.17549801418067135 0.03474574757825856
0.1794330201873915 0.03552481465811551
0.1830102983753189 0.03623305745798547
0.18626236945525293 0.03687691454877634
0.18921879770973837 0.03746223917676804
0.19190645975927062 0.03799435247494231
0.194349788895209 0.03847809183691892
0.19657099720060758 0.03891785489326129
0.19859027747824262 0.03931763948993618
0.2004259868215472 0.039681080032367894
0.20209481349727862 0.040011480525487635
0.20361192865703448 0.04031184461014194
0.20499112425681254 0.04058490286891859
0.31617865987964233 0.01865389812254068
0.30245748894225954 0.021360308182517024
0.2899836971810025 0.02382068096431369
0.27864388648895067 0.026057383493219753
0.2683349676779944 0.0280907494285889
0.2589632233043978 0.029939263915288124
0.2504434556920373 0.03161973163046924
0.2426982124080732 0.033147429553361155
0.235657082149924 0.034536245846899266
0.22925605464251564 0.035798806113752094
0.2234369387266899 0.036946588174527395
0.21814683334866647 0.037990026411595844
0.21333764664137242 0.03893860662711261
0.2089656587256506 0.039800952277582416
0.3298998308170251 0.01594748806256434
0.34237362257828213 0.01348711528076767
0.353713433270334 0.011250412751861609
0.36402235208129025 0.00921704681649246
0.3733940964548868 0.007368532329793235
0.3819138640672473 0.005688064614612123
0.38965910735121145 0.004160366691720202
0.39670023760936063 0.0027715503981820926
0.40310126511676897 0.0015089901313292652
0.40892038103259476 0.0003612080705539672
0.41421048641061814 -0.0006822301665144852
0.4190196731179122 -0.0016308103820312572
0.423391661033634 -0.0024931560325010538
0.42736619550247207 -0.0032771066238372303
0.5442083003358374 -0.053881449016031195
0.5297893235672488 -0.04763658687165815
0.5166811628685318 -0.041959439467682665
0.5047646531424256 -0.0367983963731595
0.49393146248232894 -0.03210653901450207
0.48408310733678656 -0.027841214142995327
0.4751300572044753 -0.023963646077989193
0.466990920720556 -0.020438584200710888
0.45959170573517477 -0.017233982494094247
0.4528651466575555 -0.014320708215351849
0.4467500929506289 -0.01167227705285876
0.44119095321705926 -0.009264612359683226
0.436137189822905 -0.007075826274978193
0.431542859464583 -0.005086020743428163
0.42736619550247207 -0.003277106623837227
0.5586272771044261 -0.06012631116040424
0.571735437803143 -0.06580345856437972
0.5836519475292493 -0.07096450165890289
0.5944851381893459 -0.07565635901756032
0.6043334933348883 -0.07992168388906706
0.6132865434671996 -0.0837992519540732
0.6214256799511189 -0.0873243138313515
0.6288248949365001 -0.09052891553796813
0.6355514540141194 -0.09344218981671054
0.6416665077210459 -0.09609062097920362
0.6472256474546156 -0.09849828567237916
0.6522794108487698 -0.10068707175708419
0.6568737412070919 -0.10267687728863423
0.6610504051692028 -0.10448579140822516
0.7682026822952803 -0.1765406367933074
0.7549794850858007 -0.16764866122376884
0.7429583967135465 -0.1595650470696429
0.7320301345569518 -0.15221630692952842
0.7220953507782293 -0.14553563407487888
0.7130637291612089 -0.13946229511610658
0.7048531640548267 -0.13394107788085902
0.6973890139581156 -0.12892178948517943
0.6906034229611054 -0.12435880003456162
0.6844347038729145 -0.12021062780672725
0.6788267774291046 -0.11643956214505964
0.6737286624801864 -0.11301132063445272
0.6690940125266244 -0.10989473744299189
0.6648806943870226 -0.10706147999620932
0.78142587950476 -0.18543261236284594
0.7934469678770142 -0.1935162265169719
0.8043752300336089 -0.2008649666570864
0.8143100138123313 -0.2075456395117359
0.8233416354293517 -0.21361897847050823
0.8315522005357339 -0.21914019570575577
0.8390163506324451 -0.22415948410143538
0.8458019416294551 -0.22872247355205316
0.851970660717646 -0.23287064577988753
0.8575785871614561 -0.23664171144155516
0.8626767021103742 -0.24006995295216207
0.8673113520639362 -0.2431865361436229
0.871524670203538 -0.2460197935904055
0.8753549594213578 -0.24859548217838964
0.9451660192883888 -0.34120527978552595
0.9365509395459549 -0.32977670682250554
0.9287190488710149 -0.31938709503794155
0.9215991482574332 -0.3099419934156107
0.9151265113359952 -0.3013555373953099
0.9092422959528698 -0.29354966828594553
0.9038930092409375 -0.2864534236410688
0.8990300213209992 -0.28000229214572636
0.8946091232119643 -0.2741376271499605
0.8905901249310234 -0.2688061135174461
0.8869364901301682 -0.263959282942433
0.8836150039475725 -0.2595530733287847
0.8805954710543037 -0.25554742822546805
0.877850441151332 -0.2519059326769984
0.9537810990308228 -0.35263385274854636
0.9616129897057627 -0.3630234645331103
0.9687328903193445 -0.3724685661554412
0.9752055272407825 -0.381055022175742
0.9810897426239079 -0.38886089128510637
0.98643902933584 -0.39595713592998305
0.9913020172557785 -0.40240826742532554
0.9957229153648133 -0.40827293242109136
0.9997419136457542 -0.4136044460536058
1.0033955484466095 -0.4184512766286189
1.0067170346292051 -0.42285748624226716
1.0097365675224739 -0.4268631313455838
1.0124815974254455 -0.43050462689405344
1.0149770791554198 -0.43381507739266223
1.0 -0.6710080432735614
1.001453158930093 -0.6479942718333301
1.0027742125029049 -0.6270726614331199
1.0039751702963702 -0.6080530156147469
1.0050669501086114 -0.5907624285071351
1.0060594772106488 -0.5750437129547608
1.0069617745761374 -0.5607539715435113
1.0077820449083998 -0.5477632975332846
1.0085277452104566 -0.5359535938876239
1.0092056545759627 -0.525217499664296
1.0098219358173317 -0.5154574140067252
1.0103821914913038 -0.506584608863479
1.0108915148312783 -0.49851842236961885
1.011354536049437 -0.49118552555701867
1.011775464429581 -0.4845192557273822
1.0121581265933486 -0.47845901042771266
1.0125060012876828 -0.47294969651892216
1.0128222510098046 -0.46794122932911264
1.0131097507571882 -0.46338807733837667
1.0133711141639004 -0.4592488482558894
1.0136087172609116 -0.4554859127263556
1.0138247200763764 -0.4520650622449612
1.0140210862722534 -0.4489551981709663
1.0141996009957779 -0.4461280490127891
1.014361887108073 -0.44355791341444617
1.014509419937432 -0.4412214265068617
1.014643540691395 -0.43909734749996676
1.014765468649543 -0.4371663665846077
1.0148763122478595 -0.43541092938882675
