# CURVE 2D, normalized by CHORD
# COLUMN#1 = X-coordinate, COLUMN#2 = Y-coordinate
#-------------------------------------------------------------------------------
0.0 0.0
0.05119718191573547 -0.023045853820158207
0.09774007456640406 -0.043996630020302026
0.14005179515792096 -0.06304279020225095
0.17851699569566357 -0.08035748127674996
0.21348535982088415 -0.09609810952629454
0.24527478175290285 -0.11040777157133505
0.2741742562365562 -0.1234165552486446
0.3004465057671502 -0.13524272222801692
0.324330368976781 -0.1459937831183554
0.3460429718946273 -0.15576747483684492
0.365781701819942 -0.16465264912638083
0.38372600175204635 -0.17273008029868622
0.400039001690323 -0.18007319954623657
0.4148690016342109 -0.18674876249855507
0.42835081976501804 -0.1928174560915719
0.44060701806575187 -0.19833445026704172
0.45174901652096433 -0.20334989951746885
0.461878106025703 -0.20790939883603893
0.47108636921182906 -0.21205439821655722
0.47945751756285276 -0.21582257947157385
0.4870676524274198 -0.21924819879431626
0.4939859568497534 -0.2223623981786275
0.5002753245064203 -0.2251934885280014
0.5059929314670266 -0.22776720702743217
0.5111907559766687 -0.2301069511178238
0.5159160509854344 -0.23223399119999802
0.5202117737206757 -0.23416766400197456
0.5241169762072588 -0.2359255483674078
0.5276671602859707 -0.2375236250632562
0.6470597172359285 -0.667331654271148
0.6323260002470144 -0.6142909118355347
0.6189317120752743 -0.5660720550758864
0.6067550864646015 -0.5222367307489333
0.5956854268185354 -0.48238643590624875
0.5856220998675661 -0.4461588951401718
0.5764736208212304 -0.41322476717101103
0.568156821688198 -0.3832846508354103
0.5605960952036231 -0.35606636325759145
0.5537227074903732 -0.33132246545957433
0.5474741732056005 -0.3088280129159224
0.5417936874921708 -0.28837851060351155
0.536629609570871 -0.26978805395586536
0.5319349932787805 -0.2528876388216415
0.6617934342248426 -0.7203723967067613
0.6751877223965826 -0.7685912534664097
0.6873643480072554 -0.8124265777933628
0.6984340076533215 -0.8522768726360473
0.7084973346042908 -0.8885044134021243
0.7176458136506264 -0.9214385413712851
0.7259626127836588 -0.9513786577068858
0.7335233392682338 -0.9785969452847046
0.7403967269814837 -1.0033408430827218
0.7466452612662564 -1.0258352956263737
0.752325746979686 -1.0462847979387846
0.7574898249009858 -1.0648752545864308
0.7621844411930765 -1.0817756697206546
0.7664522741858861 -1.09713968347904
1.0 -1.4463379143467798
0.9773399098817683 -1.4124567735520794
0.9567398279561031 -1.3816557364659883
0.938012480750953 -1.3536547936604508
0.920987619655362 -1.3281993911099623
0.9055104732048247 -1.3050581160640635
0.8914403400679726 -1.2840205932950648
0.8786493099435616 -1.264895572595975
0.8670211007395516 -1.2475091901422568
0.8564500014631788 -1.2317033879116042
0.8468399112119309 -1.217334476792829
0.8381034655289783 -1.2042718303212152
0.8301612421808395 -1.1923966971652025
0.8229410391370771 -1.1816011215688274
0.816377218188202 -1.171786961935759
0.8104101082346793 -1.1628649986329698
0.8049854628223858 -1.1547541229031615
0.8000539669930282 -1.1473805995124264
0.7955707889663395 -1.1406773964299401
0.7914951725784405 -1.1345835754458615
0.7877900667712597 -1.1290437381876084
0.7844217887647318 -1.1240075224982873
0.7813597178497063 -1.1194291445989046
0.7785760170178649 -1.1152669828721928
0.7760453798980091 -1.1114831994842733
0.7737448006981403 -1.1080433964043463
0.771653365061896 -1.1049163026953217
0.7697520599380374 -1.1020734902325722
0.7680236007345296 -1.0994891152664361
