# CURVE 2D, normalized by CHORD
# COLUMN#1 = X-coordinate, COLUMN#2 = Y-coordinate
#-------------------------------------------------------------------------------
0.0 0.0
0.01777017790367577 -0.0044751793833443425
0.03392488508883556 -0.008543524277293744
0.04861098252988991 -0.012242019635429563
0.06196198020357567 -0.01560428814282576
0.07409925081601729 -0.018660895876822306
0.0851331331909642 -0.021439630180455527
0.09516393535000685 -0.023965752274667546
0.10428284640368199 -0.026262226905769383
0.11257276554338666 -0.02834993111586196
0.12010905567039089 -0.03024784403412794
0.12696022851312203 -0.03197321941436974
0.13318856746105942 -0.033541742487316825
0.13885069377736614 -0.03496767255363237
0.14399808133764497 -0.03626397261391921
0.1486775245742621 -0.03744242721417999
0.15293156388027765 -0.03851374957805342
0.1567988723402918 -0.03948767899975653
0.160314607303941 -0.040373069383123
0.1635107299981676 -0.04117796973163798
0.1664162960838281 -0.04190969732119705
0.16905771979806494 -0.042574904220796204
0.1714590140837348 -0.04317963776588634
0.17364200888888923 -0.0437293955341501
0.17562654962084778 -0.0442291753234808
0.17743067755899192 -0.0446835205865087
0.17907079386639568 -0.045096561734715886
0.1805618086913082 -0.045472053687631506
0.18191727671395594 -0.045813410008463895
0.18314952037090843 -0.046123733936493334
0.45987918691093466 -0.08461419005645321
0.4257291804666782 -0.07986425001217219
0.39468372006280866 -0.07554612269918948
0.36646057424110917 -0.07162055241465971
0.34080316894865503 -0.06805185215599631
0.317478255046424 -0.06480757919357502
0.29627378786257774 -0.061858240136828405
0.27699699951362644 -0.0591770228125133
0.2594726464691253 -0.05673955251768138
0.24354141642866978 -0.05452367043147055
0.22905848002825563 -0.05250923217127888
0.21589217420969734 -0.050677924662013735
0.20392280528373524 -0.049013099653590866
0.19304156080558788 -0.04749962237320644
0.49402919335519113 -0.08936413010073421
0.5250746537590606 -0.09368225741371694
0.5532977995807601 -0.09760782769824669
0.5789552048732143 -0.10117652795691011
0.6022801187754452 -0.1044208009193314
0.6234845859592916 -0.107370139976078
0.6427613743082428 -0.11005135730039312
0.6602857273527439 -0.11248882759522504
0.6762169573931995 -0.11470470968143587
0.6906998937936136 -0.11671914794162752
0.703866199612172 -0.11855045545089268
0.7158355685381341 -0.12021528045931554
0.7267168130162813 -0.12172875773969996
0.7366088534509608 -0.12310464617641308
0.882076657172115 -0.3182176861658715
0.8641251072113857 -0.29413963318258307
0.8478055163379954 -0.2722504941068664
0.8329695246349134 -0.25235127676530583
0.8194822594502933 -0.2342610791820689
0.8072211092824568 -0.21781544501548988
0.7960746091298783 -0.20286486850041807
0.7859414271729886 -0.18927343530489824
0.7767294435758163 -0.17691758694533474
0.7683549130329324 -0.16568499752754975
0.7607417034484923 -0.15547355260229068
0.7538206038262742 -0.14619042085205516
0.7475286950788032 -0.13775121017002287
0.7418087780356477 -0.13007920045908442
0.7366088534509608 -0.12310464617641309
0.9000282071328444 -0.3422957391491599
0.9163477980062347 -0.36418487822487655
0.9311837897093168 -0.3840840955664372
0.9446710548939369 -0.40217429314967407
0.9569322050617732 -0.4186199273162531
0.9680787052143519 -0.4335705038313249
0.9782118871712415 -0.44716193702684476
0.9874238707684139 -0.4595177853864083
0.9957984013112978 -0.47075037480419324
1.0034116108957378 -0.48096181972945234
1.010332710517956 -0.49024495147968783
1.0166246192654271 -0.4986841621617202
1.0223445363085826 -0.5063561718726586
1.0275444608932693 -0.5133307261553299
1.0 -0.9034830257401267
1.0026725157092575 -0.8656282950309804
1.0051020754449462 -0.831214903477211
1.0073107661137541 -0.7999300020646934
1.0093186667217613 -0.7714891825987684
1.0111440309108586 -0.7456338921752002
1.0128034529009473 -0.7221290826992289
1.0143120183464822 -0.7007610740847098
1.015683441478787 -0.6813356117078742
1.016930189780882 -0.6636761004562053
1.0180635973282413 -0.6476219993183245
1.0190939678258404 -0.6330273619202513
1.0200306682782034 -0.6197595097401846
1.020882214143988 -0.607697825940124
1.0216563467492465 -0.5967326588491597
1.022360103663118 -0.5867643251301013
1.0229998826757285 -0.577702203567321
1.0235814999599198 -0.5694639112375207
1.0241102429455482 -0.561974554574066
1.0245909183870285 -0.5551660485163796
1.0250278960611017 -0.5489764975548468
1.0254251484920773 -0.5433496330443623
1.0257862870656915 -0.5382343016711946
1.0261145948598862 -0.5335840004228602
1.0264130564909721 -0.5293564538334655
1.026684385246505 -0.5255132296612884
1.0269310477515348 -0.5220193895047638
1.027155286392471 -0.5188431711806505
1.0273591397024129 -0.5159556999769112
