# CURVE 2D, normalized by CHORD
# COLUMN#1 = X-coordinate, COLUMN#2 = Y-coordinate
#-------------------------------------------------------------------------------
0.0 0.0
0.01957427614563117 0.006194928004168713
0.0373690726416595 0.011826680735231177
0.053546160365321616 0.01694645594528796
0.06825260375046899 0.021600797045339584
0.0816220977369666 0.025832016227204695
0.09377618317923717 0.02967857911980934
0.10482535176311948 0.033175454476722654
0.11487005047573978 0.03635443207391657
0.12400159475994005 0.03924441170772923
0.13230299865466755 0.04187166592028619
0.13984972946805618 0.04426007884079251
0.14671039384386406 0.04643136331398009
0.15294736145823484 0.04840525828960515
0.15861733201675374 0.050199708267446116
0.16377185070631636 0.05183102642911972
0.16845777678773693 0.05331404293973209
0.17271770958902835 0.054662239767561516
0.17659037577202058 0.05588787324740645
0.1801109813929226 0.057002085501810934
0.18331153195737895 0.05801500573308774
0.18622112337961202 0.058935842306975746
0.188866206490733 0.05977296646505575
0.19127082750084295 0.060533988426946655
0.19345684660094295 0.06122582657412022
0.19544413669194294 0.061854770344278
0.19725076404739747 0.0624265374080578
0.1988931525523561 0.06294632564785761
0.20038623301140943 0.06341886041131199
0.2017435788832761 0.06384843746899779
0.30782298845280254 -0.11202234355550923
0.29473218916953065 -0.09031889419123722
0.2828314625483744 -0.0705884856782627
0.27201262016550504 -0.0526517506664677
0.2621773089083511 -0.036345627928472235
0.25323611685639297 -0.021521879984839995
0.24510776044552196 -0.008045745490628878
0.2377183455265483 0.004205285867744879
0.23100069560020864 0.015342587102630104
0.224893741121718 0.025467406407071222
0.21934196432309017 0.03467178759292676
0.21429489450615577 0.043039406852795434
0.20970664921803361 0.050646333452676065
0.20553551713792254 0.057561721270749364
0.2017435788832761 0.0638484374689978
0.32091378773607443 -0.13372579291978126
0.3328145143572307 -0.15345620143275576
0.34363335674010004 -0.17139293644455078
0.35346866799725396 -0.18769905918254623
0.3624098600492121 -0.20252280712617848
0.3705382164600831 -0.21599894162038957
0.37792763137905677 -0.22824997297876334
0.38464528130539644 -0.23938727421364858
0.39075223578388707 -0.24951209351808967
0.3963040125825149 -0.2587164747039452
0.4013510823994493 -0.2670840939638139
0.40593932768757146 -0.27469102056369454
0.41011045976768257 -0.2816064083817678
0.413902398022329 -0.28789312458001626
0.5223667807297038 -0.47224360939233123
0.5089816622682778 -0.4494937166068688
0.4968133727578906 -0.4288119958928121
0.4857512913848113 -0.410010431607306
0.4756948537729211 -0.3929181004386641
0.4665526377621118 -0.3773796175580806
0.4582415322977397 -0.36325372403027734
0.45068598187558323 -0.3504120026413653
0.4438172996736228 -0.3387377104696271
0.43757304312638606 -0.32812471758622874
0.4318964462652618 -0.31847654223768485
0.4267359036642397 -0.3097054737390085
0.42204450129967414 -0.3017317751038482
0.41777959005916 -0.29448295816279335
0.5357518991911298 -0.49499350217779364
0.5479201887015169 -0.5156752228918504
0.5589822700745962 -0.5344767871773565
0.5690387076864865 -0.5515691183459983
0.5781809236972958 -0.5671076012265819
0.5864920291616679 -0.5812334947543851
0.5940475795838243 -0.5940752161432972
0.6009162617857847 -0.6057495083150354
0.6071605183330214 -0.6163625011984337
0.6128371151941457 -0.6260106765469776
0.6179976577951679 -0.634781745045654
0.6226890601597335 -0.6427554436808143
0.6269539714002476 -0.6500042606218691
0.6308311634370786 -0.6565940942046462
1.0 -0.7140887211924274
0.9641812007537305 -0.7085102749698587
0.9316186559843945 -0.7034389602220691
0.9020163425577256 -0.6988286740877149
0.875105148533481 -0.6946375048746656
0.8506404266932587 -0.6908273510446208
0.8283997704748748 -0.687363574835489
0.8081809920945258 -0.6842146873726421
0.7898002844760267 -0.6813520624064177
0.773090550277391 -0.6787496760734862
0.757899882824086 -0.6763838703162759
0.7440901851392633 -0.674233137809721
0.7315359145166971 -0.6722779264401257
0.7201229412234551 -0.6705004615586755
0.7097475109568716 -0.6688845843937207
0.7003153016236138 -0.6674156051528526
0.6917405658661067 -0.6660801694793362
0.6839453515411003 -0.6648661370488669
0.6768587930638217 -0.6637624712029856
0.6704164671753865 -0.6627591386158207
0.6645598072768092 -0.6618470180820345
0.6592355710053752 -0.6610178175967744
0.6543953562131626 -0.6602639989738105
0.6499951609475146 -0.6595787093165707
0.6459949834332892 -0.65895571871908
0.6423584584203571 -0.6583893636304521
0.6390525265904188 -0.657874495368063
0.6360471340177476 -0.6574064333113456
0.6333149589516829 -0.6569809223506936
