# CURVE 2D, normalized by CHORD
# COLUMN#1 = X-coordinate, COLUMN#2 = Y-coordinate
#-------------------------------------------------------------------------------
0.0 0.0
0.019233103363557793 0.03305927790069614
0.03671774278497396 0.063113166901329
0.052612869531715935 0.09043488417463158
0.0670629847560268 0.11527280896854301
0.08019945314176397 0.13785274059937158
0.09214169712879776 0.1583799511728521
0.10299828257155574 0.17704105169419806
0.11286790570133573 0.19400568853178526
0.12184029036477208 0.20942808565686455
0.12999700369516876 0.22344844667966388
0.137412197631893 0.23619422942766327
0.14415328302891506 0.24778130465311726
0.1502815424807533 0.25831500940353
0.15585268743696984 0.26789110463117793
0.160917364669894 0.2765966457472215
0.16552161669982504 0.28451077403453384
0.1697073003633987 0.2917054361139087
0.1735124673302839 0.2982460380042495
0.1769717100274522 0.3041920397227411
0.18011647611578707 0.30959749583046076
0.18297535437790965 0.3145115468374786
0.18557433461620293 0.3189788659347676
0.18793704392374225 0.3230400651141212
0.19008496147605075 0.32673206436807906
0.19203761379633116 0.3300884273262225
0.1938127522693134 0.3331396663790802
0.19542651451747903 0.3359135200634963
0.19689357110672054 0.33843520523114734
0.1982272589151219 0.34072764629264823
0.3695510839693048 0.3692645916653392
0.34840875469609417 0.365742971159083
0.3291884553568118 0.3625414979715774
0.3117154559574642 0.35963106780111775
0.29583091104896636 0.356985222191609
0.2813904156776047 0.35457990800114647
0.2682626926127305 0.3523932587370896
0.2563283989173903 0.35040539576976526
0.24547904101253554 0.3485982476176521
0.2356159883717585 0.3469553856611857
0.22664957688014303 0.34546187479167073
0.21849829370594714 0.34410413763756625
0.21108803627485997 0.3428698311338349
0.20435143861023528 0.3417477343122609
0.39069341324251544 0.3727862121715954
0.4099137125817978 0.375987685359101
0.4273867119811454 0.37889811552956065
0.44327125688964325 0.3815439611390694
0.4577117522610049 0.38394927532953194
0.4708394753258791 0.3861359245935888
0.4827737690212193 0.38812378756091315
0.493623126926074 0.3899309357130263
0.503486179566851 0.3915737976694927
0.5124525910584665 0.3930673085390077
0.5206038742326624 0.39442504569311215
0.5280141316637497 0.3956593521968435
0.5347507293283743 0.3967814490184175
0.5408749090234877 0.3978015370380302
0.7053071823747878 0.3854858620768362
0.6850153095705453 0.38700568604276187
0.6665681524757795 0.3883873441936033
0.649798009662356 0.3896433970580047
0.6345524252865165 0.39078526329836955
0.6206928031266624 0.3918233235168831
0.6080931466177041 0.3927670146246226
0.596638913427742 0.3936249156316586
0.5862259741641401 0.3944048256380549
0.5767596657426839 0.39511383473477885
0.5681539308140873 0.39575838845907335
0.560330535424454 0.3963443463902501
0.5532183577975146 0.3968770354185927
0.5467527417730244 0.39736129817163135
0.7255990551790303 0.38396603811091057
0.7440462122737962 0.3825843799600691
0.7608163550872197 0.3813283270956677
0.7760619394630592 0.3801864608553029
0.7899215616229133 0.37914840063678934
0.8025212181318716 0.37820470952904983
0.8139754513218337 0.37734680852201385
0.8243883905854356 0.37656689851561753
0.8338546990068918 0.3758578894188936
0.8424604339354884 0.3752133356945991
0.8502838293251217 0.3746273777634223
0.8573960069520611 0.37409468873507973
0.8638616229765513 0.3736104259820411
0.869739455726088 0.37317018711564226
1.0 0.24320417283068263
0.9873614026349111 0.255814193269711
0.9758717686666486 0.26727784821428224
0.9654266468773189 0.27769935270934704
0.955931081614292 0.2871734477048604
0.9472987495569948 0.29578626133714536
0.9394511749594519 0.3036160919119499
0.9323170162344129 0.31073411970722664
0.9258314173934683 0.3172050540665692
0.9199354184471551 0.32308772166597155
0.9145754194050522 0.32843560130179184
0.9097026930031404 0.33329731006162844
0.9052729417286751 0.3377170452978435
0.9012458951155249 0.34173498642167544
0.8975849436490247 0.34538766017061356
0.8942568059522064 0.3487082726696482
0.891231226227826 0.35172701130513423
0.8884806992056621 0.3544713191555761
0.885980220094604 0.3569661444741596
0.8837070572663693 0.3592341674910537
0.8816405456043378 0.3612960065973211
0.8797618986388547 0.36317040578483684
0.8780540377611427 0.3648744050462148
0.8765014369632227 0.36642349528383117
0.8750899816923863 0.3678317591362097
0.8738068405370805 0.3691119990020083
0.8726403485777117 0.37027585342546165
0.8715799013419218 0.3713339029013283
0.8706158584002945 0.372295766061207
