# CURVE 2D, normalized by CHORD
# COLUMN#1 = X-coordinate, COLUMN#2 = Y-coordinate
#-------------------------------------------------------------------------------
0.0 0.0
0.005034585414270175 0.05098752098045807
0.009611481245424876 0.09733981278087449
0.013772295637383697 0.13947825987216214
0.017554854175528076 0.17778593904605997
0.020993543755659334 0.21261110193142166
0.024119625192142294 0.24427034091811411
0.026961517407126802 0.2730514672696527
0.029545055784385446 0.2992161275892332
0.03189372703643876 0.3230021824252155
0.03402888272012359 0.3446258686397448
0.03596993334165525 0.3642837651984079
0.03773452481577494 0.38215458025173793
0.039338698883156484 0.39840077575476524
0.040797038944412424 0.41317004439388094
0.042122802636463286 0.42659665224762255
0.04332804235650952 0.4388026593873876
0.04442371482927882 0.4498990295144467
0.04541978071361455 0.45998663872086415
0.04632529515391976 0.46915719254488
0.047148490099651774 0.47749405965762165
0.047896849141226334 0.4850730297601141
0.048577175542657745 0.49196300258056175
0.04919565408941357 0.4982266142355142
0.049757907313737054 0.5039208066491073
0.05026904660857658 0.5090973452069192
0.050733718694794344 0.5138032893503846
0.05115614786408321 0.5180814203898986
0.05154017438161854 0.5219706304258204
0.051889289397559754 0.525506275913022
0.34084666643300743 0.7472306633867357
0.305187691335559 0.7198686195706603
0.2727704412469697 0.694994034283319
0.2433002138937066 0.6723807749311905
0.21650909811801292 0.6518232664292556
0.19215353832192775 0.6331346223365876
0.17001212032548668 0.6161449458887074
0.14988355851054028 0.6006997854815437
0.13158486595149807 0.5866587305659403
0.11494969089782334 0.573894135188119
0.0998268044853918 0.5622899575719179
0.08607872592863586 0.5517407051935532
0.07358047269522133 0.5421504757586763
0.06221842430120811 0.5334320853633335
0.05188928939755977 0.525506275913022
0.37650564153045585 0.7745927072028111
0.40892289161904516 0.7994672924901525
0.43839311897230826 0.8220805518422809
0.46518423474800197 0.8426380603442158
0.48953979454408714 0.8613267044368839
0.5116812125405281 0.878316380884764
0.5318097743554746 0.8937615412919278
0.5501084669145168 0.9078025962075311
0.5667436419681915 0.9205671915853524
0.581866528380623 0.9321713692015535
0.595614606937379 0.9427206215799182
0.6081128601707935 0.9523108510147952
0.6194749085648068 0.9610292414101379
0.6298040434684551 0.9689550508604494
1.0 1.3257652837149476
0.9640815439021378 1.2911455844504578
0.9314284019949906 1.2596731305736488
0.9017437275339475 1.2310618088674588
0.8747576598420902 1.2050515164072861
0.8502248710313108 1.1814057959889475
0.8279223357487842 1.1599096865177303
0.8076473036737598 1.1403677688166238
0.7892154563328286 1.1226023890883452
0.7724592314774368 1.1064520438808192
0.7572262997907168 1.0917699118739774
0.7433781800755168 1.0784225191404848
0.7307889803344259 1.0662885257464008
0.7193442532970706 1.0552576226608696
0.708939955990384 1.0452295289467506
0.699481503893396 1.0361130801157332
0.6908829110779525 1.0278253993602628
0.6830660085184583 1.0202911441280171
0.6759597334643728 1.013441821189612
0.6694994834152042 1.00721516397288
0.6636265288250508 1.0015545665031234
0.6582874791976386 0.9964085688033448
0.653433797718173 0.9917303890762734
0.649021360009568 0.9874774984152994
0.6450100530017451 0.9836112341780503
0.6413634102673608 0.9800964485078238
0.6380482805088296 0.976901188807618
0.635034526182892 0.9739964072619763
0.632294749522949 0.9713556967659385
