# CURVE 2D, normalized by CHORD
# COLUMN#1 = X-coordinate, COLUMN#2 = Y-coordinate
#-------------------------------------------------------------------------------
0.0 0.0
0.005286891884851467 0.033183010202746055
0.01009732804284186 0.06643837093747923
0.014375718437111239 0.09976627707969285
0.018387329954343428 0.1365087608346216
0.021565571267340336 0.1733324639317954
0.023345717659106875 0.20145820203060832
0.02448779474558393 0.22961691291071415
0.024878583558170093 0.251718255586291
0.024768070674319725 0.2738226682911944
0.02337681962829414 0.3093110548291713
0.020912631543480793 0.33833825089108466
0.01775375680007406 0.36246464355282143
0.014143976011203431 0.3827996015183048
0.006154220717238533 0.41511763491452686
-0.0023314617157447724 0.4396054357778746
-0.011006384957815238 0.45878560537807267
-0.024156599165551747 0.48085945434569144
-0.03748730109781263 0.49753615925581596
-0.05591972375992301 0.5142766009798713
-0.0759100060229324 0.5266446811273302
-0.09878738277072555 0.5355387433005393
-0.12106083716331914 0.5408955029095939
-0.1398070017741596 0.547861300670534
-0.1521072730897546 0.562605894105652
-0.1402753510938538 0.5814112223762425
-0.12260759781859039 0.5933130802417961
-0.10221975597025756 0.6035743394159805
-0.08283922388193223 0.6117119421349224
-0.06311339794061878 0.6189757742993823
-0.03219413501368864 0.6289022076674227
-0.012273416433585848 0.6345611539271226
0.007770389016603124 0.639767727782152
0.03147553068737418 0.6453609040455586
0.055301357129722 0.6504156285412085
0.08080028741019758 0.6552314139496968
0.10640185289128137 0.659467860462432
0.13136244017661466 0.66302469016972
0.15639724873599517 0.6660144130578588
0.17916977241131346 0.6682145616020149
0.20198628134691246 0.6698976144515392
0.24177418157888173 0.6714759763498104
0.276054039660364 0.6712711625339818
0.39078361023979946 0.6678753582839341
0.3620337426613879 0.6687263064921249
0.3380755196793782 0.6694354299989507
0.3181103338610368 0.6700263662546387
0.30147267901241903 0.6705188131343789
0.2876079666385708 0.6709291855341623
0.41953347781821104 0.6670244100757432
0.4434917008002207 0.6663152865689175
0.4634568866185621 0.6657243503132294
0.4800945414671799 0.6652319034334894
0.4939592538410281 0.664821531033706
0.5055131808192349 0.6644795540338865
0.52515693946667 0.6634098937070587
0.5402196995424993 0.6619402918332494
0.5556651279540308 0.6598604193419108
0.5714702221104987 0.6571400938029475
0.5876089707168903 0.6537500818049883
0.6040525193669192 0.649662599725742
0.6207696485895168 0.644851296200156
0.637727188140052 0.639291355477826
0.6548904536214145 0.6329595963172268
0.6722237567602348 0.6258342800995907
0.6896908566716231 0.6178949490672844
0.707255375175539 0.6091222800236679
0.7248811945794418 0.5994976664126725
0.7425327667666057 0.5890029014354692
0.7601753599157043 0.5776197307452772
0.7777752197437329 0.565329354088832
0.7952996636104421 0.5521120755718514
0.8127170711682652 0.537946583499148
0.8242540624483374 0.5279647870952945
0.8357209893171487 0.5175436634938726
0.8471091494235707 0.5066751808578135
0.858409937112504 0.49535056579890846
0.8696148150125723 0.4835603029963155
0.8807152685872527 0.4712940533192769
0.8918761881898978 0.4583341472591598
1.0 0.3295989594802037
0.9848662892782168 0.3476175722070917
0.9711083704402321 0.3639981292315354
0.9586011714966097 0.3788895447083024
0.9472309906387711 0.39242719514172697
0.9368944625861906 0.4047341500812038
0.9274976189020264 0.41592229093527366
0.9189550337346045 0.4260933280753372
0.9111890472187664 0.4353397254753949
0.9041290594770954 0.4437455412936292
0.897710888802849 0.45138719203747857
