# CURVE 2D, normalized by CHORD
# COLUMN#1 = X-coordinate, COLUMN#2 = Y-coordinate
#-------------------------------------------------------------------------------
0.0 0.0
-0.011999271098463148 0.03795783324088235
-0.023878454029763505 0.07595341783774516
-0.035629077057996214 0.11398895500092385
-0.04724164030315582 0.15206686664398233
-0.05870541218742509 0.19018983360250788
-0.07000826463876819 0.2283608151041034
-0.08110979326240476 0.2664913804075101
-0.09202146916874535 0.3046767008982776
-0.10272484828458259 0.3429209202471618
-0.11319840266049419 0.3812287046577579
-0.12275551326565098 0.417088717823368
-0.13206498278341308 0.4530137997733192
-0.14109720680649357 0.48900956469049583
-0.14748532786187535 0.5152928681174394
-0.15369070655261 0.541619904381085
-0.15969391330773017 0.5679937613735728
-0.1661958278461681 0.59781360937966
-0.17237033921793188 0.6277029236360746
-0.1768822745011521 0.6508326387204871
-0.18114014336115702 0.6740104396137944
-0.18725510716567792 0.7107019943113827
-0.1915215374239478 0.7403081487648547
-0.19447475691234142 0.7645742897322183
-0.19647919945763453 0.7847360403743848
-0.19858834885096885 0.8162132549730671
-0.19930437532888337 0.8479450559719461
-0.19869291498366667 0.876378068872524
-0.197007100395409 0.90207773336203
-0.19443820070064968 0.9254428485366578
-0.19113348562241522 0.9468001772163315
-0.18720700718541894 0.9664206921189507
-0.18033779064410596 0.9930762386886033
-0.17247797588074099 1.0169336567315477
-0.1637698192133974 1.0384679639882357
-0.15430242862508278 1.0580507633186274
-0.14412596330718688 1.0759759610852557
-0.12948495591019074 1.097690744994951
-0.11359955371990196 1.1172820165136617
-0.09639734042541498 1.1350440405955773
-0.07776490139376672 1.1511676820487753
-0.057566062806612354 1.1657496422052378
-0.035671498707563476 1.1787924506173018
-0.012016007252430025 1.1901984239637804
0.0068260787558033584 1.197559400009604
0.026426534536176383 1.203763120081094
0.04640838254559097 1.2086674876350523
0.07242561602865707 1.2129792935725425
0.0953492940392572 1.214753234154443
0.11572397253530992 1.2143753313545367
0.23980987316870173 1.1782696512412958
0.21270947602069787 1.186662179925927
0.19012581173069468 1.1936559538297862
0.17130609148902534 1.199484098749669
0.15562299128763424 1.2043408861829046
0.14255374111980829 1.2083882090439344
0.1316626993132867 1.2117609780947924
0.26691027031670556 1.1698771225566647
0.28949393460670875 1.1628833486528054
0.3083136548483781 1.1570552037329227
0.3239967550497692 1.152198416299687
0.3370660052175951 1.1481510934386574
0.34795704702411673 1.1447783243877994
0.3770001477870983 1.136198913622977
0.4094354050100753 1.1275086430514245
0.44693896861658255 1.1184688386412842
0.4691922620972668 1.1135498440932252
0.49150578727974975 1.108911583854242
0.519307885975422 1.1035014203546991
0.5471759661003429 1.0984418380011307
0.5734961356132615 1.0939546955889339
0.5998558939552431 1.0897061267528583
0.6262477712890514 1.0856617224365774
0.6599363143488837 1.0807466564302064
0.6936539943727172 1.0760353477602216
0.7273892371803247 1.0714513015890963
0.7611303975295236 1.0669109462336295
0.7948646034481937 1.0623193058310685
0.8285760438764365 1.057563773732323
0.8589619133478897 1.0530160168181104
0.8892884912007768 1.0480893595588254
0.92317800866111 1.041894252899736
0.9468445257446646 1.0369426222253566
0.9647975213940975 1.0327091640236175
0.9907234996739429 1.0255822554920522
1.0087713164242604 1.0196212265467208
1.027585988118112 1.0120852624789483
1.0440569406895746 1.003754280818996
1.0572566441323723 0.9950855570359529
1.0686429975380851 0.9848779732795757
1.0778105362400934 0.9722095556847273
1.0830953338244538 0.9574842799639762
1.0838469003716582 0.9419585390430792
1.0 0.34127489801633115
1.0086490209056418 0.4031673632848356
1.0165117671834978 0.459433240801658
1.0236597183451852 0.5105840385442237
1.030157855764901 0.557084763764738
1.036065253419188 0.599358150328842
1.0414356149230855 0.6377885017507546
1.0463177617448103 0.6727251848615843
1.0507560770372875 0.7044858058714295
1.0547909091213576 0.7333590976985616
1.058458938288694 0.759607544814136
1.061793510259 0.7834697694646583
1.0648249393229143 0.8051627009651331
1.067580783926473 0.8248835477837466
1.0700860972024353 0.8428115903461224
1.0723636547260376 0.8591098108573733
1.0744341615656758 0.8739263749585103
1.0763164405108014 0.8873959786868167
1.0780276031881886 0.8996410729852771
1.0795832056221768 0.9107729768929683
1.0809973896530751 0.9208928895363241
1.0822830114993465 0.9300928101211929
1.0834517586323202 0.9384563742892554
