# CURVE 2D, normalized by CHORD
# COLUMN#1 = X-coordinate, COLUMN#2 = Y-coordinate
#-------------------------------------------------------------------------------
0.0 0.0
-0.018231675018294636 0.033289197654485486
-0.03607602648201767 0.066787559969913
-0.05017485802189716 0.09401333632257951
-0.06395879893941668 0.12139984471716635
-0.07507491579457491 0.1441379801616173
-0.08592798387220997 0.16700281030861708
-0.09478286736994407 0.1862296025583112
-0.10341539040854048 0.20555723014050728
-0.11745340262980199 0.23851083092221936
-0.12880024237890303 0.26695251875619513
-0.1380214984374129 0.2917141061178049
-0.14554598468700636 0.31344169308860936
-0.15170255101581334 0.3326428504842305
-0.16087784148240905 0.3650011486652739
-0.16700685536160598 0.3911740589522556
-0.17101826114213814 0.412756954834502
-0.1743439649866693 0.4388496260623505
-0.1755294777605185 0.45951477228327714
-0.17503256256136446 0.48125111811865745
-0.17238173368146023 0.5021348982639761
-0.1664759626993553 0.5240073872301612
-0.15773602492153324 0.5426890637409154
-0.14571549234320874 0.5589910940810394
-0.1261331001657486 0.5790791586406201
-0.1068077023626991 0.5994152418730269
-0.09128972869386213 0.6162015059510049
-0.07596727059687683 0.6331664521514138
-0.05502332938063051 0.656928120422688
-0.03432865964267779 0.6809073769343236
-0.013727446253417467 0.7049670743089499
0.00011488387634323365 0.7209914251312111
0.014138012413035488 0.7368575781500141
0.03642452926390125 0.7606430699110822
0.05082531994973472 0.774618800226394
0.06740768624579314 0.7889617985404961
0.08563134063335769 0.8023118563207972
0.10628918191057608 0.814353110024472
0.1271818430225403 0.8234605510314288
0.15056130362041792 0.8305529911246535
0.17307703511287406 0.834891989708678
0.19391902686677456 0.8371903075863543
0.22053282641492308 0.8382591098516032
0.24352933719601264 0.8378699699186415
0.3726382755369845 0.829933699399907
0.3438455710209132 0.8317401344853003
0.31985165059085374 0.8332454970564613
0.2998567168991375 0.8344999658657621
0.2831942721560407 0.8355453565401796
0.2693089015367933 0.8364165154355274
0.2577377593540872 0.8371424811816506
0.40143098005305583 0.8281272643145138
0.42542490048311526 0.8266219017433527
0.44541983417483144 0.8253674329340519
0.4620822789179283 0.8243220422596345
0.47596764953717563 0.8234508833642866
0.4875387917198818 0.8227249176181635
0.5041393178152175 0.8212427499564624
0.5237981972894173 0.81847372531888
0.5410235803355358 0.8152707581324409
0.5606007467500793 0.8108567355799845
0.5826057374429571 0.8050110357418577
0.5985639769256609 0.8002308267700791
0.6154200413801504 0.7947139255363332
0.632975692256879 0.7884729064956854
0.6509571238218693 0.7815642379309813
0.6690296791508826 0.7740916175354712
0.686828039079868 0.7662004334938042
0.7039964790197616 0.7580638658008951
0.7202286617644014 0.7498628246624003
0.7352970531141056 0.7417657725555757
0.7490645860250043 0.7339132251546537
0.767184900371599 0.7228115289772525
0.7823818844042655 0.7126897110198593
0.7949602448639137 0.7036053426705279
0.8083189084722282 0.693036434004936
0.8207563079515199 0.6820008593134884
0.8326337293008784 0.669760020625846
1.0 0.44304901222977205
0.9803070489007801 0.46984054499622535
0.9624043660833077 0.49419648387481924
0.9461291998856054 0.5163382464917228
0.9313335942513306 0.5364671215979986
0.9178830436747172 0.5547660989673404
0.9056552704232503 0.5714015329394693
0.8945391129219169 0.5865246547323136
0.8844335151934319 0.6002729472712631
0.8752466081675366 0.6127713950339444
0.8668948745076317 0.6241336202727457
0.8593023893622636 0.6344629159443831
0.8524001301392017 0.6438531847367808
0.8461253490273273 0.6523897927298695
0.8404210025619868 0.6601503454508594
