# CURVE 2D, normalized by CHORD
# COLUMN#1 = X-coordinate, COLUMN#2 = Y-coordinate
#-------------------------------------------------------------------------------
0.0 0.0
-0.0024352031703590263 0.035319208296728584
-0.005161339144819631 0.07061712709998473
-0.008219252852520932 0.105887816157056
-0.011660186065843159 0.14112314750899319
-0.015549809743942995 0.17631169270219701
-0.019320745504986 0.20653614206067406
-0.023560577804072568 0.2366982761422246
-0.028367692266905435 0.26677502579249907
-0.033184491470397696 0.29319253910927995
-0.03868205064887479 0.31947645129496793
-0.04706309967707145 0.35290310978764955
-0.05399030887104656 0.37545764393366776
-0.06480210872861004 0.4031172885693627
-0.0763275013470412 0.4242451628852477
-0.0892712350481269 0.4395918652649192
-0.10677422418789374 0.4489156209375746
-0.1301074892862704 0.44541932904302867
-0.15228450585225609 0.4377845746855607
-0.17352153309501236 0.4321634369844475
-0.19410223583108616 0.43098030236342083
-0.1993844147906699 0.4473380480174588
-0.1863387551071981 0.46714221835519254
-0.1620449517940635 0.49378581680302297
-0.14692715182247196 0.5085160981984786
-0.13143677555196903 0.5228546313005527
-0.11113569699072201 0.5408529150330951
-0.0905007230216257 0.5584676857749458
-0.06959805620487355 0.5757640906431731
-0.04214337733337789 0.5977835016579609
-0.01433440834834621 0.6193537512329506
0.0138461456279296 0.6404359862389737
0.033097869372246166 0.6542889768094061
0.052679565802099496 0.6676701277692824
0.07051726942086599 0.6782365897503038
0.1565355457724892 0.6967614679277139
0.13330205194338737 0.6918658564746311
0.11394080708580248 0.6877861802637287
0.0978064363711484 0.6843864500879767
0.08436112744227 0.6815533416081835
0.07315670333487134 0.6791924178750224
0.17976903960159105 0.7016570793807967
0.19913028445917594 0.705736755591699
0.21526465517383003 0.7091364857674509
0.2287099641027084 0.7119695942472442
0.23991438821010708 0.7143305179804053
0.261565439941124 0.7184283246479876
0.2815415663586136 0.721360012143124
0.3004674413258121 0.7233509204595618
0.31848969425130225 0.7245043351813512
0.3357357906930065 0.724901341823449
0.35231784838356867 0.724604514889381
0.3683366644748824 0.7236616666484292
0.3838832404618145 0.7221066894142553
0.39904148605341144 0.7199612129638652
0.4138907115629682 0.7172360693489351
0.4357515348875922 0.7120570727969285
0.45016063624805397 0.7078550381021588
0.46452974132923647 0.703018782072107
0.478944712038955 0.6975009928998029
0.493503098010826 0.6912342120520308
0.5083219073392448 0.6841234302525366
0.5235508104482851 0.676033261093995
0.5393960583269114 0.6667650188732432
0.5561709137860416 0.6560076023898962
0.5744176870736536 0.6432212769640824
0.5952978089510743 0.6272702981926065
0.6076285047456443 0.6172456785605888
0.6227753865355071 0.6044030806116554
0.6396663366530324 0.5895473233153006
0.6564022458098924 0.5745168275772862
0.6825270765164301 0.5512962653835797
0.6995779793821719 0.5370835006668279
0.7142672855169462 0.5260550050464602
0.7272081033492467 0.5177109038093676
0.7407740094147053 0.5107889302847481
1.0 0.44050341183034597
0.9694777965357363 0.4486620288510313
0.9417303388409511 0.45607895341529064
0.9165053773002374 0.4628216121100719
0.8935735940814067 0.46895130183260025
0.8727265184279241 0.4745237470348988
0.8537746314702128 0.47958960630971564
0.836545643326839 0.48419493292318555
0.8208829268328627 0.4883815934808854
0.8066440936565206 0.49218764853333985
0.793699699859846 0.4956476985810257
0.7819320691355963 0.49879319862437643
0.7712342230226421 0.5016527441183317
0.7615089083745019 0.5042523309310183
0.752667713239829 0.5066155916698243
