# CURVE 2D, normalized by CHORD
# COLUMN#1 = X-coordinate, COLUMN#2 = Y-coordinate
#-------------------------------------------------------------------------------
0.0 0.0
-0.008896678776451469 0.03069084291511993
-0.01748815454451143 0.06146850736997121
-0.025140566225599334 0.08997048388117525
-0.03251088903169082 0.11854669588335272
-0.03910769906794424 0.1452117810788799
-0.04544064648959537 0.1719407544914106
-0.05110486285792719 0.19694737596030687
-0.05652164078248531 0.2220087529710134
-0.06135918040065659 0.24551370042681733
-0.06596414465211066 0.26906531062596856
-0.07006646376216555 0.2912067818868156
-0.07394973707934352 0.31338771297382206
-0.07739609010914913 0.3342879041552441
-0.080635694691705 0.35522113329323013
-0.08615878632025482 0.39478332706619407
-0.09063811704007427 0.43226798533706123
-0.09417785664605174 0.46784827036051324
-0.09686919597812807 0.5016791605317892
-0.09879219955514675 0.5338998642340421
-0.09657373069600894 0.5537557065610974
-0.08558159426448718 0.5706836964374162
-0.06847383677633027 0.583388787722718
-0.04918767070767092 0.5921908370552219
-0.029337355297327894 0.5983963964581411
-0.0054621561349207605 0.6036059139358793
0.020113587588646988 0.607380323836059
0.0426311092808231 0.609591831739772
0.07126214329975526 0.611263134877261
0.10813735396196376 0.6119535698749033
0.13053322731359449 0.611722781734585
0.1561342841034111 0.6109525195616933
0.18542972409624572 0.6094908960615041
0.21894869780768975 0.6071534944732667
0.25756372595325727 0.603689366201214
0.36218146084083747 0.5932759513864961
0.3359654991739296 0.5958854294438982
0.3141188644515064 0.5980599944917334
0.29591333551615373 0.599872132031596
0.28074206140335983 0.6013822466481481
0.2680993329760316 0.6026406754952749
0.25756372595325805 0.6036893662012139
0.38839742250774534 0.590666473329094
0.41024405723016855 0.5884919082812589
0.42844958616552126 0.5866797707413963
0.44362086027831515 0.5851696561248442
0.4562635887056434 0.5839112272777174
0.46679919572841694 0.5828625365717783
0.4903042576867465 0.580260554001989
0.5107134520939612 0.5775341751986215
0.5290356758640679 0.5746672808785156
0.545758506114942 0.5716654005423615
0.5612210219051856 0.5685307491326925
0.5825747796125826 0.5635786681155733
0.602232923128454 0.5583176661178579
0.6206133564351881 0.5527303878633074
0.6380239422957815 0.5467919352553267
0.6547027543520652 0.5404700624224694
0.6708417338384579 0.5337245059286713
0.6866023998433641 0.5265059944315962
0.70212656137316 0.5187547791298944
0.7175441147855249 0.5103984882022048
0.7329793087164056 0.5013491517742806
0.748556307028038 0.49149918624603317
0.7644046880385781 0.48071581446381084
0.7806652409153771 0.4688339269338915
0.7974973667523756 0.4556446892795638
0.8091271393835913 0.4459967348468713
0.8211579524650503 0.4355526989039319
0.8336646721513352 0.42419471040576007
0.846735228580379 0.41177955744372097
0.860474770417858 0.3981308687905901
0.8750105176726463 0.38302982377407413
0.8904998946944743 0.3661995517491825
0.9071411651315954 0.34728449742327705
1.0 0.23695542182373372
0.9867701431631787 0.25269187492850825
0.9747430005842503 0.2669977413873942
0.9638092346034063 0.2800030745318359
0.9538694473480935 0.2918261046631466
0.9448332771159911 0.30257431387342903
0.9366185769049888 0.31234541315550396
0.9291506676222595 0.321228230684663
0.9223616591834146 0.3293035193475349
0.9161898333299193 0.33664469085923654
