# CURVE 2D, normalized by CHORD
# COLUMN#1 = X-coordinate, COLUMN#2 = Y-coordinate
#-------------------------------------------------------------------------------
0.0 0.0
0.0004141812522973336 0.02941487695549629
0.00039352541905081183 0.05883263453452478
-1.5417776163120945e-05 0.08527588072412783
-0.0008127753742968114 0.11171024294316591
-0.0018924303460064681 0.13576000304985483
-0.003325287090835013 0.15979128665402134
-0.0049599426265479404 0.18176294648248426
-0.006917207186299698 0.20370820332522932
-0.009014266072727255 0.22386572782550562
-0.011407184410568282 0.2439902599467347
-0.016649634712536842 0.28108312588703316
-0.022527223809686834 0.31536470797043314
-0.02894520504264154 0.34715712627259093
-0.03582704520630489 0.37673611435180493
-0.04311074615514724 0.40433984519092625
-0.050746391043382494 0.43017392920307396
-0.05869380371061098 0.45441745113464543
-0.06692094856586263 0.47722660808505024
-0.07540255362442769 0.49873821473167557
-0.08411897480204276 0.5190727726868071
-0.09305539054895702 0.5383364749324681
-0.1022010646507875 0.5566233502692179
-0.12109447873235953 0.5905911665060934
-0.13788135235081336 0.6172483396218523
-0.14638186375073362 0.6360766249697749
-0.14395422725317641 0.6557872116846655
-0.12807195337448954 0.6701367440422129
-0.10606954767014942 0.6785297322884986
-0.08162047207651033 0.6834561290760554
-0.06102151242978683 0.6858328801855146
-0.028968630223974175 0.6876184999141012
-0.004915587846333603 0.6879344939817283
0.015359764480814764 0.6877275791307472
0.03562997674080382 0.6872199629779916
0.06778974737599422 0.6863392374321813
0.326155848845145 0.7079000498841767
0.2761790392060884 0.7036490777293956
0.2345316978402079 0.7001066009337445
0.19982558003530748 0.6971545369373688
0.17090381519789047 0.6946944836070557
0.14680234450004295 0.6926444391651281
0.12671778558517005 0.690936068796855
0.10998065315610928 0.6895124268232942
0.09603304279855865 0.6883260585119935
0.08441003416726642 0.6873374182525762
0.0747241936411896 0.6865135513697285
0.3761326584842016 0.7121510220389577
0.4177799998500821 0.7156934988346088
0.4524861176549825 0.7186455628309845
0.4814078824923995 0.7211056161612976
0.505509353190247 0.7231556606032252
0.52559391210512 0.7248640309714983
0.5423310445341807 0.7262876729450591
0.5562786548917313 0.7274740412563598
0.5679016635230236 0.7284626815157771
0.5775875040491004 0.7292865483986248
0.5987011452034846 0.7306354512299912
0.6199962282002992 0.7311071845837137
0.6416975414984732 0.7306900120271597
0.6637155068832826 0.7293545344218297
0.6859311510691251 0.7270820572589806
0.7081943096693729 0.7238698862658814
0.7303245765017299 0.7197366282647863
0.752115893882564 0.7147265294417906
0.7733453425816467 0.7089121734697642
0.7937861894858776 0.7023944996428823
0.8132238129703702 0.695299149622785
0.8314726394263695 0.6877694210462877
0.848389412580766 0.6799561670073204
0.8638834354675506 0.6720073540479954
0.8779178156336592 0.6640580467675758
0.896274428596724 0.6523782922659683
0.9115970645166176 0.6412373487331757
0.9242215033487573 0.6308028609395132
0.9375194864466264 0.6180997833198796
0.9475777027634236 0.6067577291428827
0.956716719773066 0.5943010745161952
0.9650035385052173 0.5794912129925958
0.9702487853798757 0.5653440432363794
1.0 0.4362583053945911
0.9954362406442945 0.456110777392987
0.9912873685027441 0.47415847920971055
0.9875156665558801 0.4905654808612774
0.9840868466041856 0.5054809369081563
0.9809697375571904 0.519040442405319
0.9781360020599222 0.5313672655845578
0.9755598788805875 0.5425734684747748
0.9732179487175558 0.5527609256476995
0.9710889212966181 0.5620222503503582
