# CURVE 2D, normalized by CHORD
# COLUMN#1 = X-coordinate, COLUMN#2 = Y-coordinate
#-------------------------------------------------------------------------------
0.0 0.0
0.002940895638344372 0.039739514699268196
0.005160093714319149 0.07952568609784642
0.006265251519025577 0.10907147920082853
0.006835666155502472 0.13863231919091143
0.0068590561543636335 0.16133726021208084
0.006471437086979095 0.184038826469458
0.004885455279839608 0.2197594656496639
0.0025665184851910335 0.2484291357265576
-0.00018573340757275004 0.2718367341317386
-0.006310144670376236 0.30751522057035535
-0.012672134330388626 0.3331953443595042
-0.018946289634898934 0.3524076338882297
-0.0279585296423576 0.37342827037876875
-0.03918168069608614 0.3925415280102071
-0.052262670950756755 0.4082660284522772
-0.06976267852573749 0.42258951889332214
-0.08555183785389735 0.4364163417613722
-0.09998819540222388 0.4531968173495537
-0.10973124454096518 0.4719528093943833
-0.11213253140081325 0.4932709740678728
-0.10555514814798785 0.5129111627104728
-0.09346702286828473 0.5288258542277398
-0.07557443525547525 0.5440790428641374
-0.05699874262382311 0.555856119490265
-0.03900917015631165 0.5651333198056286
-0.014881422211924625 0.575440407274803
0.014573760653237672 0.5856023489867784
0.03900333765370233 0.5921969180398349
0.2385921035579899 0.5805551336273604
0.19788700599836898 0.5835327453688437
0.1639660913653515 0.5860140884867463
0.13569866250450358 0.5880818744183319
0.11214247178713033 0.5898050293613198
0.09251231285598593 0.5912409918138098
0.07615384708003228 0.5924376271908848
0.06252179226673757 0.5934348233384473
0.051161746588991974 0.5942658201280827
0.2792972011176108 0.5775775218858772
0.3132181157506283 0.5750961787679745
0.34148554461147623 0.573028392836389
0.3650417353288495 0.5713052378934009
0.3846718942599939 0.5698692754409109
0.4010303600359475 0.568672640063836
0.41466241484924227 0.5676754439162734
0.42602246052698783 0.5668444471266381
0.4491688180015284 0.5648855622908886
0.46935729090844047 0.5627023045330697
0.487520725485274 0.5603111509030071
0.5041165781988671 0.5577340444981163
0.5194636672635025 0.5549855568116705
0.5406349634605735 0.5505612844263216
0.5600695158208587 0.5457896789567794
0.5781599890181494 0.540675729661774
0.5951940168472883 0.5352148840363128
0.61139114709007 0.529394709986973
0.6269251278753618 0.523195745953648
0.6419379018166423 0.5165917255676916
0.656548877603096 0.5095492525133452
0.670861682638852 0.5020274187522449
0.6849687781803045 0.49397662833773337
0.6989552801050705 0.4853376194968212
0.712901807471853 0.4760393933010567
0.7268871249271751 0.46599685866945184
0.7409904689317438 0.4551081587103655
0.7552940050814423 0.44324990675192594
0.7698852346045028 0.430272621778895
0.7848600763737776 0.4159927480900439
0.8003263077322557 0.40018330067276503
0.8109706854595936 0.3886562529166839
0.8219302213926193 0.3762226742338814
1.0 0.1644973560698837
0.9787399222902446 0.18978547672076526
0.9594125789177399 0.21277467731247574
0.9418422667609173 0.23367395057766707
0.9258692557092605 0.2526732899096592
0.9113483365713907 0.26994541657510657
0.898147500991509 0.2856473499073315
0.8861467413734347 0.2999218347548086
0.8752369599024581 0.3128986391616061
0.8653189767470248 0.32469573407687646
0.8563026284239037 0.33542036581803136
0.8481059481301572 0.34517003103726307
0.8406544205903876 0.3540333630547464
0.8338803046451426 0.362090937616095
0.8277220174221925 0.3694160053991391
