# CURVE 2D, normalized by CHORD
# COLUMN#1 = X-coordinate, COLUMN#2 = Y-coordinate
#-------------------------------------------------------------------------------
0.0 0.0
-0.008368957889521593 0.03078280287403654
-0.016595566880766226 0.06160394974438544
-0.024670573822557666 0.09246515832223424
-0.03258371237258579 0.12336826275561923
-0.04066406316534607 0.15569478270368778
-0.04854061173630807 0.1880715551339692
-0.056196713665242426 0.22050115330794615
-0.062156370644480693 0.24651191688017351
-0.06795150504089349 0.27255982313719246
-0.07356977383111955 0.2986464415818534
-0.08017015272607833 0.33055701297468987
-0.08645654504249782 0.36253089516005316
-0.09138703958377324 0.38898613955659167
-0.0960572024116488 0.4154885589427401
-0.09974386264669108 0.4376900272587147
-0.10321203385921869 0.45992665792697207
-0.1085211968527567 0.49761934702041277
-0.11242104801439422 0.5298987594065904
-0.11523356568487642 0.5577806123809883
-0.11670891839921829 0.5785646615627275
-0.11612248858190435 0.6012146702656075
-0.11269183635178066 0.6233335536456313
-0.10599721663941572 0.6448293419264509
-0.09663963679633993 0.6637011628892394
-0.08439287120727057 0.680903051302635
-0.06851342924178269 0.697049459224749
-0.05055925362412119 0.7105790037270293
-0.030973514146526177 0.7217376352850173
-0.010645045268947814 0.730570173471065
0.008984692697332933 0.7371120797579845
0.03223443824081551 0.742873774673006
0.05231624513720117 0.7464135199852239
0.07465702142053249 0.7490053536669657
0.09883581598425674 0.7503753729192378
0.12379136202112784 0.7503209956465978
0.14775155704861664 0.7488616088639204
0.28410918855321027 0.7337576706649747
0.2543337056660838 0.7370727615027013
0.22952080326014518 0.7398353372008067
0.20884338458852963 0.7421374836158947
0.19161220236218335 0.7440559389618013
0.17725288384022808 0.7456546517500569
0.16528678507193204 0.7469869124069364
0.155315036098352 0.7480971296210027
0.3138846714403367 0.730442579827248
0.33869757384627536 0.7276800041291426
0.3593749925178909 0.7253778577140547
0.3766061747442372 0.7234594023681481
0.39096549326619245 0.7218606895798926
0.4029315920344885 0.720528428923013
0.4129033410080685 0.7194182117089467
0.4433745700590159 0.7159865563161298
0.47383428925671434 0.7124542842023213
0.504277528948604 0.708782823508262
0.5346980735844166 0.7049280273678545
0.564068707800249 0.7009802461928946
0.5934012526405062 0.6967590880948944
0.6138940494527714 0.6936092086938148
0.6343565508729204 0.6902683127841763
0.6658805979199081 0.6846631380029393
0.6913867912717605 0.6796329772804577
0.7126724156039274 0.675019398885176
0.7308208027026851 0.6707286557143962
0.7465422430580829 0.6666996881892976
0.7725449317334181 0.6592678194284523
0.7932660730684645 0.6524959180726313
0.8102197003326638 0.646243445937568
0.8243701131235177 0.6404142854991561
0.8417093548857714 0.6323146563213856
0.8556197770576386 0.6248375694890429
0.8703795535966768 0.6156211071345145
0.8845761356276802 0.6050081038013841
0.8973958687600099 0.593194597507303
0.908465806068482 0.5801757940391632
0.916651491848314 0.5674934189258578
0.9234212462246825 0.5528261317342272
0.927921637409084 0.5372920154018459
1.0 0.11454865073836737
0.9921011771660545 0.160931280148985
0.984920429135195 0.20309730688591
0.9783924763798681 0.24143005846493273
0.9724579738750255 0.27627801444586253
0.9670629715978959 0.3079579744285259
0.9621584240732326 0.336757938049129
0.9576997445053569 0.3629397231587682
0.9536463994436517 0.38674134598571286
0.9499615402966469 0.40837918491929903
0.9466116683448245 0.4280499475861954
0.943566330206804 0.4459324591015559
0.9407978409904217 0.4621892877518835
0.9382810326118924 0.476968222888545
0.9359930249950477 0.49040361846732816
0.9339130180706433 0.5026176144480401
0.9320221026848212 0.5137212471577783
0.9303030886977102 0.5238154587120857
0.9287403487094273 0.532992014670547
