# CURVE 2D, normalized by CHORD
# COLUMN#1 = X-coordinate, COLUMN#2 = Y-coordinate
#-------------------------------------------------------------------------------
0.0 0.0
-0.016830937264854632 0.0268028073377143
-0.033257891222281025 0.05385500927314924
-0.045947214293825214 0.07547980480513909
-0.05831262849093425 0.09729137799769094
-0.06809313257461774 0.11516315789827108
-0.07760593795735601 0.13317881127254538
-0.09264227368664475 0.1632725152930045
-0.10447314957896131 0.18883551711992277
-0.11385144505036368 0.21079918187313937
-0.12132529912948163 0.2298616243755436
-0.13208613801031657 0.26129718367331295
-0.1389616774464926 0.28614997123992225
-0.14325988200303832 0.30631427437429853
-0.14656108754228125 0.33038249326716834
-0.14735698841258854 0.35475876371826603
-0.14504287762039914 0.37752896274597514
-0.1394275407970544 0.3981587823341837
-0.13010506643048364 0.4169238216156989
-0.11569360291406194 0.4344652633386645
-0.09832602594043476 0.4478488286736801
-0.07908428690099222 0.4590803451421525
-0.05920432580776892 0.47290660695255987
-0.04350267267022789 0.48566154091668534
-0.020515871814425615 0.5068263512932923
-0.002650261357682397 0.5245476288334125
0.0151800379956363 0.5423045993882748
0.038099450457399306 0.5635935787604613
0.0589618567121055 0.5802113058782937
0.07591173829424643 0.591352267335232
0.096661457514119 0.602065776279292
0.11736425071400604 0.6097669727556587
0.139552505136166 0.615098971430401
0.16483788358886145 0.6180348237996208
0.18716300922976395 0.6182867101428132
0.2139749393491736 0.616171833668814
0.23547021978131943 0.6128639972110976
0.26141070220334744 0.6072552685675413
0.34914761446252285 0.5855867330083673
0.32469974555521447 0.5916246650841982
0.3043265214657908 0.5966562751473906
0.28734883472460443 0.6008492835333843
0.27320076244028246 0.604343457188379
0.3735954833698312 0.5795488009325364
0.39396870745925483 0.574517190869344
0.4109463942004412 0.5703241824833504
0.42509446648476323 0.5668300088283557
0.4368845267216982 0.5639181974491934
0.4533615710402234 0.559643346921062
0.4695702717877123 0.555031708062153
0.4859143196891797 0.5499686792518813
0.5026335264076811 0.5443608933686993
0.5170625873795919 0.5391775858282468
0.5321740407425678 0.5334167342273236
0.5482629070939299 0.5269240079012028
0.5621168631782136 0.5210514379669808
0.5771839023447488 0.5143876352587489
0.5939510402553272 0.5066592080756419
0.6081096294280262 0.4999003129749364
0.6242418424172975 0.49196776655758384
0.6433731662157539 0.48228231403499316
0.6587704307604988 0.47430102761240533
0.6777764460162654 0.46426092502445243
0.7039354087651177 0.45017912487099193
0.7233988093198105 0.4395592580690708
0.7429863064864626 0.428790885984715
0.7625531512594642 0.4179850238587764
0.7897314496806133 0.4029449283210005
0.8169168214476732 0.38791762522248796
0.8441283242971473 0.3729377024799448
1.0 0.28737659334188165
0.9781831882328609 0.29935228170370637
0.9583497229900072 0.310239271123547
0.9403193000419584 0.320136534232493
0.9239280064528231 0.3291340461497167
0.9090268304627 0.3373136024381018
0.8954803068353155 0.3447495627002702
0.8831652853558751 0.35150952657496864
0.8719698112836565 0.35765494827923994
0.8617921075816395 0.363241695283123
0.852539649670715 0.36832055619574394
