# CURVE 2D, normalized by CHORD
# COLUMN#1 = X-coordinate, COLUMN#2 = Y-coordinate
#-------------------------------------------------------------------------------
0.0 0.0
-0.012480822465835654 0.01994929026992819
-0.02472923763521144 0.040042085218485846
-0.044880668977640654 0.07442836689525278
-0.0615757630802855 0.10448467916743882
-0.07549378473804955 0.13096147937670413
-0.08715744380702464 0.15444912916685005
-0.09697491267672478 0.17541909024828428
-0.1052676772820692 0.19425100401203238
-0.1182526299887999 0.22668184865798374
-0.12761995122664513 0.25361770964008873
-0.13437069540088128 0.27636168962580676
-0.1391876912620358 0.2958439723488016
-0.14379166892995576 0.32039122853878355
-0.14616199113522615 0.3407124468660376
-0.1469673167638773 0.36306160681694766
-0.14544630689412955 0.3856402613026337
-0.14115930892914327 0.40747463369584025
-0.1337095978673689 0.42827118680245513
-0.12394817887348336 0.4458722611760309
-0.10962523246890654 0.46356824031638477
-0.09400715236449908 0.4776935009685307
-0.0674861945208732 0.5009287285033877
-0.04089350616782876 0.5240813890253331
-0.016974572274911077 0.5436642200684242
0.0033931425014900513 0.5584500552989871
0.023409320670626132 0.5706330830476537
0.04519844805881939 0.580947028320331
0.06724028766629751 0.5883836312364938
0.08710822623565256 0.5928490952110133
0.11127025006645541 0.5959631080058163
0.13453409152349013 0.5970766214730345
0.1659712229655151 0.5963893289434944
0.19517566453073984 0.5940874722888156
0.26468849430734487 0.5856543993390726
0.24844964672978387 0.5876754223264199
0.234917273748483 0.5893596081492094
0.22364029626406565 0.5907630963348672
0.21424281502705117 0.5919326698229155
0.28092734188490587 0.5836333763517252
0.2944597148662067 0.5819491905289358
0.30573669235062406 0.5805457023432778
0.3151341735876385 0.5793761288552296
0.3363200386951075 0.5765848865480504
0.3556926309771972 0.5737487895735806
0.3738859917359694 0.5708205914836753
0.39104658781407453 0.5678078152077158
0.40730127462247695 0.564715307682091
0.4227613737140691 0.5615456325468968
0.4375256613486779 0.5582993204071816
0.4585582877181961 0.5532825707634034
0.47848796418338885 0.5480771638345487
0.4975535879571756 0.5426605977095187
0.5159786899951622 0.5369984888775079
0.5339862059096318 0.5310414574178044
0.5518148134142397 0.5247184139584469
0.5697450756270354 0.5179251394634299
0.5881451134788489 0.5105008092953257
0.6075673937650699 0.5021770168458111
0.6215365867486171 0.4958950328837254
0.6369099359056607 0.4887163957159647
0.6547697635735612 0.48006360854313757
0.6782293896335266 0.4682767044816244
0.6963453809771142 0.4589353295484099
0.7224716307875098 0.4452683313530121
0.7485919451660527 0.43158997461807186
0.7698058663791361 0.420624481655923
0.7847478864222684 0.4130384198058078
0.8085860477453651 0.4012495762503719
0.8288955432852118 0.39156565305730723
0.8475455091341264 0.38299742507395246
0.8653338806141273 0.3751299257808007
0.8827028798528054 0.3677415853110038
0.8999396566367364 0.36069734082712324
0.9172539018108182 0.3539071295187351
0.9351767344942382 0.3471736546912639
1.0 0.3233537974794331
0.9864691816551532 0.3283258111294524
0.9741684377052924 0.33284582353856085
0.9629859432054189 0.3369549257286594
0.9528200391146249 0.34069047317420365
0.9435783081229939 0.3440864253974256
0.9351767344942385 0.34717365469126377
