# CURVE 2D, normalized by CHORD
# COLUMN#1 = X-coordinate, COLUMN#2 = Y-coordinate
#-------------------------------------------------------------------------------
0.0 0.0
-0.01093702383578285 0.027580507009283068
-0.021601922200794585 0.05526736057187438
-0.0306936729475813 0.07958085540459585
-0.039547053831452066 0.1039821452140684
-0.047182025076567824 0.12568675678237254
-0.054604213600795926 0.14746503892922516
-0.06103043331131957 0.16694437261552164
-0.06726569253525218 0.18648565979540818
-0.07792669086701272 0.22167483108074484
-0.08690687027263577 0.2535535558882495
-0.09446669815856641 0.28255535312511604
-0.10081996054922687 0.3090436702509846
-0.10614312939221895 0.3333249533090376
-0.11058295234846939 0.3556596373912751
-0.11426180947265656 0.3762696021102399
-0.11973207419440075 0.4130521129083818
-0.12319986838284715 0.44490746396076586
-0.1251319331964684 0.47276972242080095
-0.1258706893498678 0.4973573245447171
-0.12567039583996018 0.5192304814340101
-0.12401378669629726 0.5478941795891767
-0.12115541858847044 0.5723561356098501
-0.11662885136508411 0.5966410281942353
-0.11139557176876896 0.6160903182159629
-0.10422231912596096 0.6357013194507654
-0.09493979427419193 0.6545191482047404
-0.08323831981468831 0.672156328308334
-0.06841625946623553 0.6886069273254486
-0.0512504525223036 0.7024746298829451
-0.033085535904308835 0.7131612549268036
-0.013568289584692222 0.7215065759123338
0.007553369932665061 0.7279527419860923
0.030355778786456886 0.7327685157782613
0.054602507257739165 0.7361795589861547
0.07933177928734676 0.7384380844317804
0.10042261749576832 0.7397533531123153
0.12911560850329773 0.741116458347765
0.1578070396378852 0.7425109928026729
0.17823144567992885 0.7438330674644568
0.24021464342577314 0.7485166969712123
0.22026178096213417 0.7470090010346114
0.20363439557576837 0.7457525877541108
0.1897782410871302 0.7447055766870269
0.17823144567993174 0.743833067464457
0.2601675058894121 0.7500243929078131
0.2767948912757779 0.7512808061883137
0.290651045764416 0.7523278172553977
0.3021978411716145 0.7532003264779675
0.320710906797834 0.7542120414010259
0.33857791807496374 0.7544459502062822
0.35617522969081283 0.7539518994534113
0.3735743019566537 0.7527455011721144
0.39084398239876417 0.7508313235344107
0.40805174144178985 0.7482033895987916
0.42526479698947756 0.7448444823615924
0.44255131637535505 0.7407263064226612
0.4599817652450315 0.7358075584611832
0.47763020390050565 0.7300334314887853
0.49557616202099725 0.7233324886528171
0.513906520006264 0.715614357590472
0.5327182086165457 0.7067652211867791
0.5521214600065232 0.6966424391145842
0.5654479946587817 0.6890994665934941
0.5791375022583884 0.680847191311676
0.5932393925575827 0.6718098757072953
0.6078105717735844 0.661897471131742
0.622916905996349 0.6510030899601843
0.6386364419287145 0.6389973212145975
0.6550626390973286 0.6257227037702181
0.6723099302112236 0.610984227324013
0.6905220557930899 0.5945353231818847
0.7098839991755949 0.5760582380342645
0.7306435833215541 0.5551288528394481
0.7416506035515997 0.5435693589244015
0.7531480404994335 0.5311583565257247
0.7652066656868386 0.5177778703740452
0.7779157338569018 0.5032805897632581
0.7915907506107328 0.48723946077237296
1.0 0.23934393022606865
0.9757834854725081 0.26814862931868017
0.9537684722656974 0.2943347194028725
0.9337548238958695 0.3181402558430473
0.9155605981051168 0.33978165260684257
0.8990203928407962 0.35945564966483823
0.8839838426005047 0.3773411015357434
0.870314251472967 0.3936006032365663
0.8578873504479327 0.4083819684191326
0.8465901676979015 0.4218195731305565
0.8363200015615095 0.4340355774136691
0.8269834868920624 0.4451410358528624
0.818495746283474 0.45523690716121995
0.8107796184574845 0.4644149719869995
0.8037649567974942 0.47275866728316274
0.7973879916520483 0.4803438448251293
0.7915907506107339 0.4872394607723717
