# CURVE 2D, normalized by CHORD
# COLUMN#1 = X-coordinate, COLUMN#2 = Y-coordinate
#-------------------------------------------------------------------------------
0.0 0.0
-0.013192965250252495 0.023284752532626588
-0.026122374164933015 0.04671685527741656
-0.0372242025369294 0.06738365961163262
-0.04809419132773291 0.08817332185780968
-0.05756651729591128 0.1067950979695843
-0.06682996110200376 0.12552164587177767
-0.0828586652102584 0.15934223959207258
-0.09660741283683938 0.1901138326915113
-0.10842380543120209 0.21823442364148818
-0.11859297050991606 0.24403754974049366
-0.12735023510929505 0.2678044386197851
-0.13489092838786235 0.2897735398019504
-0.14137855085003506 0.3101488738967047
-0.15172190535845093 0.3467938094196024
-0.15924302610046118 0.378873070155597
-0.16456729163321385 0.4072462698401135
-0.16815471755509714 0.4325755312301358
-0.1703483091879477 0.45537886362824187
-0.1714066305974927 0.4760670904870457
-0.1712821685152737 0.5038370516902629
-0.16951456138539445 0.5284406071245281
-0.16642605562225982 0.5505247447008027
-0.16223095464017423 0.5705831143509527
-0.15514526097186648 0.5948273210832175
-0.14650466887772598 0.6168400947982469
-0.13634983177527646 0.6371448008699487
-0.12520257916807806 0.6557583597185054
-0.11007975432142914 0.6796418595907383
-0.09589609811028854 0.7009707888684943
-0.08261828031614976 0.7199998604727068
-0.07020665641165355 0.7369654704712294
-0.04780287490263667 0.7655583521428296
-0.028308757174686942 0.7882659762755918
-0.01134477062546917 0.8063237307179898
0.003446357025114909 0.8207190837332959
0.022250282105936 0.8371000736974189
0.042375951424333896 0.852059730479955
0.06179417513358224 0.8636827769192401
0.08192887378120033 0.8723630873562679
0.10230768584231685 0.8769052931385838
0.13609978777062914 0.8744245148397414
0.12589973418964612 0.8757109591611761
0.11739968953882693 0.8767829960957052
0.14629984135161214 0.8731380705183066
0.15479988600243133 0.8720660335837775
0.17132400129989614 0.8683877314334892
0.18569081639244692 0.8629050924314068
0.1997636150103132 0.8558248424085453
0.2190059906453248 0.8439036385834061
0.2374148629716195 0.8305757466416386
0.2499979225795109 0.8206221499035373
0.2674873365652692 0.8059249678801541
0.29385866625912704 0.7825029385816684
0.31991412009011905 0.7587288056149919
0.33892675949644874 0.7415039899712469
0.3581867341504352 0.7245566958687142
0.37591205970753255 0.7097176730253606
0.38892824890429323 0.6994601790406768
0.4082850105295285 0.6855017299929498
0.42277719350918214 0.6762984599701922
0.43949231447730264 0.6673033202713101
0.45638698721458315 0.6603168266253874
0.47265516917290423 0.6559741585832324
0.48828319616182914 0.6544108070929506
0.503772852056795 0.6558347331825991
0.5180921355174036 0.6602441015151753
0.5326046745043925 0.6682820723349682
1.0 1.0352449562270827
0.9520289324604045 0.9975597000459158
0.9084188710607721 0.9633003762448549
0.86877336069747 0.9321555364257087
0.8327319876399226 0.9038420456810303
0.7999671030421522 0.8781025086404135
0.7701808443169065 0.8547029295125802
0.7431024272939557 0.8334305848509135
0.7184856845458187 0.8140920897039438
0.6961068275020579 0.7965116395703349
0.6757624120077298 0.780529412176145
0.6572674888310679 0.7660001145450632
0.6404539223068297 0.752791662153171
0.6251688618302498 0.7407839781605414
0.611273352306086 0.7298679018036054
0.5986410709204826 0.7199441960245728
0.5871571787517522 0.7109226453163613
0.5767172767801793 0.7027212355816237
0.5672264568060219 0.6952654085500438
0.5585984386476972 0.6884873839758805
0.5507547857764927 0.6823255434539137
0.543624192257216 0.6767238702521259
0.537141834512419 0.6716314400686823
