# CURVE 2D, normalized by CHORD
# COLUMN#1 = X-coordinate, COLUMN#2 = Y-coordinate
#-------------------------------------------------------------------------------
0.0 0.0
-0.014161033342437011 0.03652986171303076
-0.028086090792100976 0.0731503158237794
-0.04175632892242669 0.10986664102095615
-0.05254669736773072 0.1394564608456042
-0.06314606057547388 0.16911522900527137
-0.07354037290470646 0.1988464709065981
-0.08602043864064302 0.23552001549544826
-0.0981326298848857 0.2723166639672426
-0.10789089929996112 0.30299803797857355
-0.11734138486209947 0.33377558340623736
-0.12502907455604018 0.3597398344118509
-0.1324563088136229 0.3857797666610997
-0.13854671544573152 0.40797639577359585
-0.14441445144836293 0.4302329088480945
-0.15390854476192256 0.4685778342743503
-0.16145832922778192 0.5019246707212252
-0.16745911979281725 0.5311396666353196
-0.17221494716884408 0.5569064095600724
-0.17596246285090317 0.579771189190961
-0.1788874980519958 0.600174503500654
-0.1828300517994296 0.6349685503433352
-0.18490446886214526 0.6634675961282266
-0.18567549955677037 0.6871834942311696
-0.18520673471278468 0.715290841359079
-0.1834679480944243 0.7377368057081217
-0.17986466910214488 0.762067487198696
-0.17528173789866777 0.7818632543311049
-0.1686028900715181 0.8021887804035378
-0.15950664182082594 0.8221413868080103
-0.14749131521958814 0.8413731381843269
-0.13369302952406445 0.8577656491808807
-0.1174254643138444 0.8723192384359633
-0.10056633255709385 0.8838288369762176
-0.07950495313748157 0.8947394504434991
-0.056786957693356135 0.9034894158512066
-0.032988351878237065 0.9102718818050458
-0.009673917405712109 0.9151893645091923
0.010102176901582776 0.918345846317739
0.03547940635261642 0.9213530609159887
0.07128307979857351 0.9241294895049456
0.0974820325400857 0.9253913585923887
0.11883331282085002 0.9260849716967254
0.14019051502046928 0.9265654102317089
0.1726706678486356 0.9270393393420157
0.20515253640442638 0.9273818486179127
0.23763394469777668 0.9277642293284872
0.2701125399339969 0.9283340274445836
0.2957941544062459 0.9290037040733576
0.32146770546391557 0.9299311351147861
0.35952499964933415 0.9318983564965454
0.42683074361923146 0.9360882518898017
0.4051645130715447 0.9347394927170098
0.3871093209484724 0.9336155267396833
0.3720633275125788 0.9326788884252444
0.44849697416691825 0.9374370110625936
0.4665521662899905 0.9385609770399201
0.48159815972588416 0.9394976153543589
0.4941364875891288 0.9402781472830579
0.5126122184751556 0.9409960795691544
0.5342535165208208 0.9408645287921064
0.5594660371385288 0.9395860401522681
0.5880336888780077 0.936857708862652
0.6033730566953756 0.9348776846676475
0.6192456900931056 0.9324676088262317
0.6354926775710575 0.9296285375662505
0.6519410479033974 0.9263745336797892
0.6684142611771008 0.9227319038246724
0.6847427883229834 0.9187371118946919
0.7007731745209704 0.9144340276351919
0.7163741275874156 0.9098705754812233
0.7314403593693884 0.9050960683867083
0.745892940919421 0.9001584635738544
0.7727636906717452 0.8899688903913453
0.7968015252932639 0.8796048713786165
0.8180634013512317 0.8692892250599809
0.8367456618663097 0.8591710483548289
0.8531064059339627 0.849340862461357
0.867419489736618 0.8398462563096196
0.8799459050143392 0.8307055705958907
0.8958979807803248 0.8176520713115087
0.9090385212386306 0.8053398381865451
0.9199101139992503 0.7936902102940389
0.9315941150644093 0.77903445272116
0.9407365762334005 0.7651875288490668
0.9478666910377391 0.7519494190955462
0.9545005038042617 0.7359759024019862
0.9590289429597229 0.7203243927170503
0.9617116001236539 0.7046660091222888
1.0 0.279400538423796
0.9957944612817632 0.32616160948295014
0.9919712442651842 0.3686716740821811
0.9884955924319307 0.4073171873542093
0.9853359089471547 0.4424494721469621
0.9824634694155402 0.47438791286764653
0.9798521607504361 0.5034228589773596
0.9774782437821596 0.5298182645316443
0.9753201374473629 0.5538140877628122
0.9733582225975477 0.5756284725184193
0.9715746636431701 0.595459731387153
0.9699532464119178 0.6134881485405473
0.968479230747143 0.6298776186799967
0.9671392165064387 0.6447771369885871
0.965921021742162 0.6583221536327601
0.964813571956456 0.6706358051274628
0.9638067994239958 0.6818300337590109
0.962891551667214 0.6920066052422362
0.9620595082519577 0.7012580338633503
