# CURVE 2D, normalized by CHORD
# COLUMN#1 = X-coordinate, COLUMN#2 = Y-coordinate
#-------------------------------------------------------------------------------
0.0 0.0
-0.010212345315919726 0.03522115101878203
-0.020353241844068424 0.07046293863157953
-0.030414204965081657 0.1057276272550701
-0.040384927796812034 0.14101793392090287
-0.05025267418614748 0.1763371691610466
-0.06000142115159432 0.21168942997980658
-0.06961050511769497 0.24707989945406808
-0.07915509910260986 0.28290449759218744
-0.08848985573112267 0.3187843205868853
-0.09755816303572533 0.35473236538177133
-0.10442738983257024 0.38298036702468236
-0.11101389343467874 0.41129555288048897
-0.11824819113542447 0.44471722767432886
-0.12243015072399863 0.46613506175929514
-0.12658074921009865 0.49257869259802906
-0.128626625984355 0.5171361603362452
-0.12845756764665128 0.5401927953422055
-0.1260039300558573 0.5608470356770137
-0.12059330636223556 0.5812639484443879
-0.11162225628269208 0.6002479742336616
-0.09909070733597865 0.6165232422691613
-0.08253570185486997 0.630158736022222
-0.06363445797719722 0.6401263068615599
-0.04247342246956637 0.6472213169420826
-0.020502133993257496 0.6517455536322981
0.005837574264240312 0.6547108037642367
0.03943853467357294 0.6560880195544331
0.06099516104772999 0.6561465560467153
0.08768507861567944 0.6558354547511323
0.11437552875176211 0.6555854881175207
0.1427028121425613 0.6560427466996767
0.16500305149063155 0.6575342105632336
0.25232640942578055 0.6680679155799578
0.22955369282475438 0.6653050273439415
0.2105764289905659 0.6630026204805944
0.19476204246207549 0.661083948094472
0.18158338702166682 0.65948505443937
0.17060117415465959 0.6581526430601182
0.27509912602680675 0.6708308038159742
0.2940763898609952 0.6731332106793211
0.30989077638948564 0.6750518830654435
0.32306943182989434 0.6766507767205456
0.3340516446969016 0.6779831880997973
0.3500315519648774 0.6795682798084316
0.36567540424547895 0.680435858475992
0.3812868049144676 0.6806275702783567
0.396914355381706 0.6801452210043484
0.41260628698383056 0.6789822771170999
0.42841094283604825 0.6771230781921471
0.4443772577379233 0.6745427062823672
0.4605550715891097 0.6712068299213726
0.47699558620189664 0.6670705658943485
0.49375168875709396 0.662077588353576
0.5108781179185992 0.656159129866182
0.5284317067632945 0.6492322516656158
0.5464712317580979 0.6411984548749506
0.5650573448645118 0.6319413065829275
0.5842517626591086 0.6213247711990071
0.5974165506325504 0.6134147330439483
0.6108970146025021 0.6047782911337746
0.6247102704515559 0.595358009646166
0.6388721531072541 0.5850915110035719
0.6533964854475746 0.5739116819370144
0.66829423075934 0.5617468877997441
0.6835722175336204 0.5485219779764635
0.6992317833920169 0.5341591429616366
0.7152667495595849 0.5185802628542147
0.7316611151672219 0.501709783457161
0.7483862244936892 0.48347897232918263
0.7655665307829956 0.46363072020869556
1.0 0.18478028818774117
0.9734314131703639 0.2163826952176538
0.9492781524161493 0.24511215615393797
0.9273206426395906 0.2712298479141963
0.9073592701154463 0.2949732040598857
0.8892125678207696 0.3165580732832397
0.8727155657347 0.336180681668107
0.8577182911110003 0.3540194165634408
0.8440844050894551 0.3702364482864716
0.8316899632516868 0.3849792043983178
0.8204222888537156 0.3983817099545416
0.8101789484919235 0.410565805914745
0.8008668208902945 0.4216422567876572
0.792401250343359 0.43171175758121383
0.7847052771188721 0.4408658492117198
0.777708937823884 0.44918775069399797
0.7713486293738948 0.4567531156778872
