# CURVE 2D, normalized by CHORD
# COLUMN#1 = X-coordinate, COLUMN#2 = Y-coordinate
#-------------------------------------------------------------------------------
0.0 0.0
0.0007902874389773954 0.03322949609113516
0.0010842893840912167 0.06646705252640524
0.0009048858787088658 0.09601274621918754
0.0002871500599298878 0.12555249697459855
-0.0006649378881409073 0.15215848035009025
-0.0020116327093053507 0.17874738636162366
-0.0035905074715816975 0.20283042358309783
-0.005526479815233463 0.22688736700039525
-0.007617160382160487 0.24879122881339344
-0.01003267673606181 0.2706616330493111
-0.012544161595250953 0.2906723716305564
-0.015352303024137514 0.31064362434662324
-0.021344058573508972 0.3473129458974321
-0.027895225658519162 0.38107397640800267
-0.03491566015800308 0.4122699651955162
-0.04233330080294028 0.44119343343299344
-0.05009054930858804 0.46809520929014387
-0.05814148244973436 0.49319151957447155
-0.06644973286362195 0.5166692961136887
-0.07498664295171666 0.538691606157713
-0.08373006708760995 0.559400399587718
-0.09266320216946425 0.5789201719390242
-0.10177375199465427 0.5973603707746313
-0.12049646385445159 0.6313770487635081
-0.13986711594191423 0.662097887825477
-0.15989518035072467 0.6900340058904353
-0.17297659612475358 0.7080992337975236
-0.18055749660569004 0.726818235835605
-0.18006647926288277 0.746797771490373
-0.1703701652224501 0.7649184062048298
-0.15312154927141974 0.7806476031085732
-0.13306488394327654 0.7926514300052514
-0.11292374649789805 0.801746355899471
-0.09351797912315983 0.8088599938884391
-0.06670972893496266 0.8169151421489038
-0.0293570737543391 0.8257609024226876
-0.0059389327409367625 0.8302460734210034
0.020145141721903966 0.8344473949859462
0.04656549663874941 0.8379111200477283
0.06835998361744929 0.8401281381725605
0.0894475432813696 0.8413451487866971
0.19675682336819875 0.8408808329646947
0.16986639244572826 0.840997184994339
0.14745770001033617 0.8410941450190424
0.12878378964750947 0.8411749450396288
0.11322219767848718 0.8412422783901173
0.10025420437096862 0.8412983895155245
0.08944754328136982 0.8413451487866971
0.22364725429066923 0.8407644809350505
0.2460559467260613 0.840667520910347
0.264729857088888 0.8405867208897607
0.2802914490579103 0.8405193875392721
0.2932594423654289 0.840463276413865
0.30406610345502766 0.8404165171426924
0.33909081786832534 0.8399973704669004
0.3741050978568778 0.8390452300015167
0.4081007967498245 0.8376079082523371
0.4420709221115453 0.835657753106972
0.4740426546169439 0.8333393876078735
0.5059757234383666 0.8305386517969152
0.5352566795316221 0.8275253347345325
0.5644887939429578 0.8240704252751827
0.5908709184667736 0.8205479298790295
0.6171968338581795 0.8166275725914508
0.6407482289411457 0.8127560628771766
0.6642384416774674 0.8085293046492035
0.6851674148570582 0.8044360990443454
0.7060321850688394 0.8000273975099603
0.7431071429427522 0.791311190276901
0.7760110692910059 0.7825184992761749
0.8052622828603299 0.7737468678951174
0.8313288971440791 0.7650634747239837
0.8546229882099295 0.756513086120152
0.8755049412124136 0.748123904198629
0.8942829560975533 0.7399124090097625
0.9112231002498372 0.7318864322935658
0.926552511432884 0.7240478316937083
0.9404662868394857 0.7163941470792147
0.9646924839673747 0.7016178761532417
0.9849787968124852 0.6874940310118858
1.0021269479200166 0.6739445895928023
1.0167425107607095 0.6608865417225205
1.0292836715981137 0.6482376537871768
1.0401026024668263 0.6359178021244083
1.0494713613308455 0.6238496451549158
1.0612527790159842 0.6060562323419005
1.0707538242182555 0.5884149913500532
1.078319566068384 0.5706795051925725
1.0841607277478096 0.5525920254628799
1.0883779597728287 0.5338705522141581
1.090965761921329 0.5141910692092052
1.091805255568438 0.49316413867530534
1.0912738131299886 0.4781624452571867
1.089735761741355 0.462170879354638
1.0870246298173178 0.4449741652024837
1.0829112422963707 0.426306720581186
1.0770842644544358 0.4058388653355294
1.069111764166841 0.383147577397166
1.0583951617978236 0.3576867338093708
1.051756799286105 0.3437013207506254
1.044090794975855 0.3287357571444296
1.034873870071222 0.31203084051738283
1.0 0.2510709590671148
1.007279361772874 0.2637953578734919
1.0138969633845774 0.2753629931520165
1.0199129648497625 0.2858790252234026
1.0253820570908398 0.29543905437920803
1.0303539591281827 0.3041299899753948
