# CURVE 2D, normalized by CHORD
# COLUMN#1 = X-coordinate, COLUMN#2 = Y-coordinate
#-------------------------------------------------------------------------------
0.0 0.0
-0.020512400869326024 0.03173749435507539
-0.04051974629798698 0.06379564671998798
-0.055489040705926695 0.08865456584328282
-0.07006510254714671 0.1137459947687945
-0.08128237564395571 0.1337806934592782
-0.09218268523504798 0.15398953218183284
-0.10899860104539237 0.18701771545105536
-0.12194092298128525 0.2145566092042491
-0.13199735820919647 0.2378379550484746
-0.13986553132927637 0.2577591233298863
-0.15091747205326644 0.2900319670835296
-0.1577481335720222 0.3150398788507004
-0.16186523866653185 0.33500492054650655
-0.1648266052882283 0.3584638610636434
-0.16520265563408493 0.3818314238084768
-0.1624913254079595 0.40334064762151506
-0.15654498464098165 0.422615625298766
-0.14527888161282485 0.442236812730696
-0.1296242443437609 0.45813320154057047
-0.11002144246854187 0.47025272683597796
-0.08993412621799618 0.4779315262017041
-0.06944662001766833 0.48363797420337407
-0.04819835560500831 0.4930436148944649
-0.025911346614191404 0.5065102887686785
0.003905388090283447 0.5270068695544858
0.027493098236885713 0.5422629013160459
0.04749134305698303 0.5530108124203412
0.06824673590724006 0.5613486307289473
0.09141738446196479 0.5669905436685188
0.11462607109321868 0.5688354948853189
0.13479576567991838 0.5675562065170622
0.2082312856146975 0.5519054938500332
0.1901028025135655 0.5559743549717022
0.1749957332626222 0.5593650725730932
0.16240650888683608 0.5621906705742522
0.151915488573681 0.5645453355752181
0.2263597687158295 0.5478366327283641
0.24146683796677282 0.5444459151269733
0.25405606234255895 0.5416203171258143
0.264547082655714 0.5392656521248483
0.2851187965592355 0.5345422276396107
0.3042755770615829 0.5299453228862983
0.32252668594286255 0.525377756227677
0.339969370440281 0.5208319410204445
0.3566940075442336 0.5162992788941204
0.3727853215051249 0.5117699713110073
0.38832430245919636 0.5072327178236282
0.403390001615573 0.502674284267946
0.4180619067468433 0.49807889711035797
0.43242244531529694 0.49342733607641565
0.4535772167642178 0.4862900525658182
0.4745959374303985 0.47885524071330615
0.4887744147669207 0.4736453454046175
0.5033387289426847 0.4681322219689551
0.5186473470826922 0.4621663097976818
0.5353703450456233 0.4554605696553801
0.5551658716767679 0.44729640362000805
0.5883032812535409 0.43322721968502037
0.6067075226815408 0.425312223627108
0.6251241613130855 0.4174261460580879
0.6454814526677415 0.4088682453142609
0.6646337640515669 0.4010905717609868
0.6793456931983859 0.3953677984234082
0.695871349717073 0.3892604673961968
0.7105182819203382 0.3841702393285632
0.7274165100711873 0.37870870368938186
0.7435181395305035 0.37393452332129995
1.0 0.30659258762959635
0.9699369355026327 0.314469949298092
0.9426068768686625 0.32163118717854267
0.9177613690195987 0.3281414034334978
0.895174543702268 0.33405978184709334
0.8746410661410582 0.33944012585945293
0.8559742683581403 0.34433134768887075
0.8390044521918513 0.3487779129883415
0.8235773465861339 0.3528202450787694
0.8095527051263909 0.3564950924337039
0.7968030310720791 0.35983586275637164
0.785212418295432 0.3628729266860695
0.7746754975893891 0.3656338938948859
0.7650964787657138 0.36814386408471883
0.7563882798350999 0.3704256551663852
