# CURVE 2D, normalized by CHORD
# COLUMN#1 = X-coordinate, COLUMN#2 = Y-coordinate
#-------------------------------------------------------------------------------
0.0 0.0
-0.0034210604139942647 0.031866160591605006
-0.0070272194000486005 0.0637118964909464
-0.010838066138295657 0.09553377549428656
-0.014876855636059963 0.1273275127279901
-0.01871712757338746 0.15582283287826287
-0.02278766691091326 0.18428615331160417
-0.02711801743394833 0.21271108084639692
-0.03203982785331787 0.2428336125485482
-0.03735041404617447 0.272889969453521
-0.04154175644265786 0.29492516745170505
-0.04601764840197768 0.31690428586420516
-0.053449970104608405 0.35007432826780877
-0.059894749754772936 0.3756972931714418
-0.06553940173608222 0.39590479706889214
-0.07497236892846602 0.42534479852347956
-0.0825645116344425 0.4453826230326962
-0.09271383830063762 0.46776213608516526
-0.10227620081497016 0.4903692046889091
-0.10941650843805034 0.5126307639245989
-0.11337847912147074 0.5327526139549835
-0.11418856998781152 0.5527739392280654
-0.1105578162396745 0.5728423964752523
-0.10149014992398495 0.5907504704581102
-0.08626716051966582 0.6059077041663715
-0.06713259750768233 0.6165895031024216
-0.04672517449667645 0.6232852367613448
-0.026639223456107166 0.6271363099315305
-0.005668451646268256 0.6292298876646574
0.024780896140408917 0.6298618067635293
0.06419337868573945 0.6282753326312003
0.23521373352760594 0.6439919372708982
0.19982452336219741 0.6405842341875186
0.17033351489102364 0.6377444816180357
0.1457576744983788 0.6353780211434665
0.12527780750450812 0.6334059707479922
0.10821125167628251 0.6317625954184303
0.09398912181942787 0.6303931159771287
0.08213734693871566 0.6292518831093774
0.07226086787145547 0.6283008557195846
0.27060294369301446 0.6473996403542778
0.3000939521641882 0.6502393929237608
0.3246697925568331 0.6526058533983299
0.34514965955070376 0.6545779037938042
0.36221621537892934 0.6562212791233661
0.376438345235784 0.6575907585646678
0.3882901201164962 0.658731991432419
0.3981665991837564 0.6596830188222118
0.4199999169152201 0.6614744570142361
0.4404973000270423 0.6625741789716956
0.460108516364025 0.6630757796924128
0.4789093717178387 0.6630294191398376
0.4969684040121265 0.66247846542968
0.5143474331530192 0.661460163834674
0.5311020409319173 0.6600061857824832
0.5472829465494465 0.6581437514365098
0.5629362553273305 0.6558959405259551
0.5781038731917298 0.6532820700389853
0.5928241238043876 0.650318195114582
0.6141418500203993 0.6452441615641581
0.6346384791710612 0.639444953349028
0.6544086491431959 0.6329419246250365
0.6735364983393421 0.6257456126176058
0.69209728085009 0.6178566654355858
0.7101585872271841 0.6092663300785961
0.7277813880244539 0.5999566775923986
0.7450208685578336 0.5899004379820121
0.761927341393589 0.5790609668718607
0.7785467733174897 0.5673913025080918
0.7949215231659514 0.5548333210890329
0.8110910009130142 0.541316009609483
0.8270926258572895 0.5267533479282124
0.8429631568316847 0.5110403050899708
0.8534895424199297 0.49986286844127076
0.8639874633711796 0.48807017691709165
1.0 0.3263800975395452
0.9825695853003183 0.3471129676606263
0.9667237537551533 0.36596103140706365
0.9523184523504578 0.3830956348129158
0.9392227238007345 0.3986725470000541
0.9273175160282588 0.41283337626108896
0.9164945998714628 0.42570685740748426
0.9066555851834663 0.4374100220860254
0.8977110263761968 0.44804926270288103
0.8895796092786792 0.45772129962729524
0.8821874119172994 0.46651406046767174
0.8754672324978633 0.4745074794134686
0.8693579784801941 0.4817742239096476
