# CURVE 2D, normalized by CHORD
# COLUMN#1 = X-coordinate, COLUMN#2 = Y-coordinate
#-------------------------------------------------------------------------------
0.0 0.0
-0.012714135157771478 0.03187563881934656
-0.023885305174041905 0.061817517831893425
-0.033777783330412946 0.09025549812291406
-0.04252044530804556 0.11732108110921594
-0.05022563036077746 0.1431315185223472
-0.056991536269435254 0.16779169855297932
-0.0629043276928599 0.19139588086762507
-0.06803959546099944 0.2140287899413148
-0.07246397809126329 0.23576703918869973
-0.07623617217463065 0.2566799010471832
-0.07940798784971513 0.27683022051337824
-0.08412874529935048 0.315067365529305
-0.08693349838370046 0.35087958150636595
-0.08806297568803677 0.38460373082405674
-0.08770549276493866 0.416525588652405
-0.08600712736056924 0.44688963455642927
-0.08307951538098912 0.4759069778208723
-0.07921263946221183 0.5025298959725487
-0.07282863256357164 0.523075523172669
-0.061899703655906774 0.5432173772403448
-0.04717814548481079 0.5634728802826139
-0.03398080841489419 0.5786578982635424
-0.016903291433025346 0.5958470723525907
0.0030903001661211718 0.613467608882999
0.022807819996505475 0.628660533377456
0.04285235722031978 0.6418254729954099
0.06164196652143022 0.6511589194205575
0.2925168298617687 0.5963453114129122
0.24726594435041593 0.6080825710701911
0.2095568730909553 0.6178636207845902
0.17813264704140477 0.6260144955465894
0.15194579200011266 0.6328068911815887
0.13012341279903591 0.6384672208774216
0.11193809679813863 0.6431841622906156
0.09678366679739087 0.6471149468016105
0.08415497513010109 0.650390600560773
0.07363106540735959 0.6531203120267418
0.33776771537312145 0.5846080517556334
0.37547678663258205 0.5748270020412343
0.4069010126821326 0.5666761272792351
0.43308786772342467 0.5598837316442358
0.45491024692450144 0.5542234019484029
0.4730955629253987 0.5495064605352089
0.48824999292614646 0.545575676024214
0.5008786845934362 0.5423000222650515
0.5114025943161777 0.5395703107990827
0.5264099883722744 0.5355426472110297
0.5414019974488518 0.531249917618966
0.556753152056894 0.5265780922104166
0.5726807999705157 0.5214411273309413
0.5895112710389802 0.5157034510866512
0.6077919894273665 0.5091309746020124
0.6230649694523903 0.5033893958442955
0.640706200018975 0.49650523209315905
0.6549197047637777 0.4907895384672141
0.6737234744855024 0.48304387939530125
0.6883603918936277 0.47690977429028764
0.7081657868317249 0.4685325859757953
0.7279703971431685 0.46015354129351543
0.7425565251649929 0.4540376299640847
0.7607327734745527 0.44654653500465036
0.7800590491768464 0.43881376974413255
0.7955315019597997 0.43284675236233244
0.813175763226876 0.42633329393200103
0.8288388933268689 0.4208449254469288
0.8432705391196003 0.4160551500530827
0.8601890569053813 0.4107871136675189
0.8763004516549285 0.40613412118639003
1.0 0.37290496746376184
0.9814976905624464 0.37787074710874186
0.9646774092555794 0.38238509224054185
0.9493862444311549 0.3864890423603601
0.93548518549986 0.39021990610564933
0.9228478591986827 0.3936116004195487
0.9113593807430671 0.39669495888672984
0.90091530941978 0.39949801203871277
0.8914206991258828 0.40204624217687907
0.8827892352223399 0.4043628150297575
