# CURVE 2D, normalized by CHORD
# COLUMN#1 = X-coordinate, COLUMN#2 = Y-coordinate
#-------------------------------------------------------------------------------
0.0 0.0
-0.004951137344218294 0.036358557952571806
-0.010003090916813817 0.07270324393373763
-0.015159585719085837 0.10903324430611194
-0.020424590408644874 0.14534767691570166
-0.025802308253976912 0.1816455880940877
-0.03129721327102885 0.21792594269248777
-0.03691408457770109 0.2541876134269267
-0.0431214075297181 0.29331647156826
-0.04948378198780586 0.3324204150441002
-0.05600867875780889 0.3714975657629386
-0.06270416151106152 0.41054584673988453
-0.06957896169899638 0.44956295290152803
-0.07654980064735012 0.48804141337111867
-0.0837145380640385 0.5264842371772456
-0.09108405338676312 0.5648883254916377
-0.09867021640028109 0.6032501998980377
-0.10493875111378011 0.6340760723567314
-0.11136332910512241 0.6648697977748343
-0.11795199895890864 0.6956288275383653
-0.1247134923040255 0.7263503250199591
-0.133035430771059 0.7630172053994878
-0.14163216454162347 0.7996206265572255
-0.14482408209667508 0.8210835790351091
-0.1436909841923691 0.8418647817818237
-0.1371140102004874 0.8614246581275922
-0.12512289132722107 0.8778511403448607
-0.1094779555629419 0.8902483668905385
-0.09131939267043437 0.8994217525524433
-0.07040999390432984 0.9063341494727729
-0.05019664599196959 0.9107288080705442
-0.029441267426892195 0.9136523366676067
-0.0003026252978073027 0.9158501447302596
0.029054452817610894 0.9165029012960461
0.06514868821332874 0.9160822999166142
0.0881343073529435 0.9159574571168314
0.2295968927488936 0.940098257107497
0.19934614532879702 0.9347061141382614
0.1741371891453832 0.9302126616638985
0.15312972565920502 0.9264681179352626
0.13562350608738988 0.9233476648280662
0.12103498977754393 0.9207472872387358
0.10887789285267228 0.9185803059142937
0.0987469787486126 0.9167744881439254
0.2598476401689902 0.9454904000767325
0.28505659635240405 0.9499838525510954
0.3060640598385822 0.9537283962797313
0.32357027941039734 0.9568488493869277
0.3381587957202433 0.9594492269762581
0.3503158926451149 0.9616162083007002
0.3604468067491746 0.9634220260710685
0.3882408809181777 0.967992529340233
0.4148384032326739 0.9716416966281474
0.44089950414111156 0.974520660057839
0.4664417530266292 0.9766635931907955
0.49148004577454424 0.9781018190594267
0.5160267314955337 0.9788643335667137
0.5400916174783985 0.9789781544160441
0.5636819192795239 0.9784686021457215
0.5868023513259547 0.977359768838556
0.6094550868515923 0.9756748081244644
0.6316396834392138 0.9734361899380952
0.6533531133851362 0.9706660828282755
0.6745897645400977 0.9673866847641316
0.6953414573684744 0.9636205530021302
0.7155973955308866 0.9593908526508917
0.7353443167938835 0.9547217705049009
0.754566890759106 0.949639029625234
0.7732474737283342 0.9441698089068348
0.7913664016057465 0.9383430867287547
0.8089024536791298 0.9321899620807388
0.8258335469952222 0.9257439083774068
0.8421367650104731 0.9190405666335107
0.857789202018336 0.9121178445511777
0.872768730776386 0.9050157634468541
0.8870547361332723 0.8977761342899573
0.9006286631971765 0.8904421004218462
0.92558500893886 0.8756668028851032
0.9475702398663501 0.8610373936868521
0.9666021374744803 0.8468755077363903
0.9827916167805794 0.8334506564123444
0.9963365725135447 0.8209604311850446
1.0075001761184799 0.8095228008540956
1.0204419169674768 0.7944153357376592
1.029729786606496 0.7816607287864741
1.0379860382213895 0.7678365359664854
1.0447115809785017 0.7523423788996797
1.048157375604014 0.7366665397666761
1.0 0.0682839691261711
1.0049368342570077 0.13590833815655573
1.009424865399742 0.1973850372750873
1.0135048937113185 0.2532729455646615
1.0172140103582064 0.3040801349188198
1.0205859345826498 0.35026848887714546
1.0236513202412347 0.3922579015665325
1.026438034476312 0.43043009492052076
1.028971411053655 0.46513208887869184
1.0312744806694214 0.49667935611339287
1.033368180320118 0.5253586899631211
1.035271543638933 0.5514308116446921
1.037001873928765 0.5751327404461203
1.0385749014649759 0.5966799484474187
1.040004926497895 0.6162683193576899
1.0413049492550939 0.6340759292761183
1.0424867881252748 0.6502646655655988
1.0435611870981667 0.6649816985560354
1.0445379134371593 0.6783608194564325
1.045425846472607 0.6905236566386116
1.046233058323014 0.7015807813496835
1.0469668872779296 0.7116327129052034
1.0476340045096708 0.7207708325011306
1.0482404747203449 0.7290782139519735
