# CURVE 2D, normalized by CHORD
# COLUMN#1 = X-coordinate, COLUMN#2 = Y-coordinate
#-------------------------------------------------------------------------------
0.0 0.0
-0.0112235456164842 0.017148029153639402
-0.022233254634686412 0.03443410891112276
-0.041147601053769495 0.06538217941687847
-0.05747984166617691 0.09364538699385615
-0.07162336914263619 0.11957344163689522
-0.08390066140243613 0.14345989446217508
-0.09457664256476103 0.1655514528031368
-0.10387172042160614 0.18605832918434465
-0.11196917734085714 0.20515934223871596
-0.12516334654037475 0.23973843101821377
-0.13512685520536188 0.27028769491698157
-0.14255963805575173 0.29756543410252984
-0.14797615688034452 0.32215760911387475
-0.15175917282353601 0.3445236998327634
-0.1541969502598598 0.3650299453377509
-0.15579428803201675 0.3929327976593621
-0.15537363596089843 0.4180834172850053
-0.15328459487726925 0.4410721745413755
-0.14975105353600315 0.46235637449035233
-0.14490461240111221 0.48229872923780875
-0.1364935344626896 0.5073024428591114
-0.12581956064737257 0.5310053086831413
-0.11267498446159682 0.5538705776302034
-0.10096003968351774 0.5707098454676387
-0.08712366056656655 0.5877497031884149
-0.07009497237507863 0.6058197561176418
-0.04982926930527661 0.6243794281126553
-0.02710972886260153 0.6423093110152053
-0.0039333392246337275 0.6579945610271078
0.016964153175768222 0.6700137230905049
0.03816789666360836 0.679947075816356
0.05873271767406668 0.6865721669401086
0.1535906150304188 0.6646179750395191
0.13185369786191162 0.6709008139969985
0.11373960022148896 0.6761365131282313
0.09864451885447008 0.680499595737592
0.08606528438195434 0.6841354979120593
0.07558258898819123 0.687165416390782
0.17532753219892597 0.6583351360820398
0.19344162983934862 0.653099436950807
0.20853671120636752 0.6487363543414463
0.22111594567888326 0.6451004521669791
0.23159864107264636 0.6420705336882564
0.2492741260363345 0.6366780650301177
0.2672926986918921 0.6306023217352178
0.28619060359603565 0.6236153238836921
0.30641703818089433 0.6154644930322658
0.3210117661289035 0.6091724248081224
0.3369683620715826 0.6019249898668562
0.35511441080573874 0.5932561118184283
0.377553921378924 0.5819949703210343
0.39256285945956937 0.5741939757659992
0.419570122301484 0.5598025177334712
0.43989891618215 0.548855736563167
0.4602711870072656 0.5379902073760026
0.4832914712808715 0.5261009554073944
0.49835607736083504 0.5186939159831039
0.5154753402510612 0.5107781180632665
0.5332894774565192 0.5032560383623067
0.5479653732728222 0.4977182532823889
0.5636755663026451 0.4925537921668919
0.580083239311922 0.48810616044972943
0.5947658088525005 0.48502607403268294
0.6104812422178088 0.48274404249874386
1.0 0.46593417372699975
0.9575464803150533 0.46771007148259003
0.9189523715105564 0.46932452398767216
0.8838668180519228 0.4707922080832013
0.851970860362256 0.4721264663518642
0.8229745351898315 0.473339428414285
0.7966142395785366 0.4744421211983039
0.7726503344773594 0.4754445691837757
0.750864966203562 0.47635588553420455
0.7310600859546552 0.47718435494368533
0.71305564936474 0.4779375089523042
0.6966879797375443 0.478622194414685
0.6818082800764573 0.4792446357441221
0.6682812803845601 0.47981049149815586
0.6559840079373807 0.4803249058200047
0.6448046693490359 0.4807925552035036
0.6346416342687224 0.4812176910066845
0.6254025114684374 0.4816041781004853
