# CURVE 2D, normalized by CHORD
# COLUMN#1 = X-coordinate, COLUMN#2 = Y-coordinate
#-------------------------------------------------------------------------------
0.0 0.0
-0.003638453599016879 0.030213071212412797
-0.007485014101112418 0.06040034252597774
-0.011558894660166547 0.09055776404053834
-0.015882418017755074 0.1206803915906298
-0.02019551131522656 0.14894627227806223
-0.024777538855801338 0.17716978224639654
-0.029658693671481134 0.20534306920288622
-0.03543084046055181 0.23633579943071853
-0.041670339522336244 0.2672377435727572
-0.046759360037232134 0.2905988931755761
-0.05220075020649591 0.3138804279228522
-0.061494847282041666 0.34991859243612794
-0.06975555511290499 0.3783526083382843
-0.07714855383225296 0.40119027915008193
-0.08984563799530236 0.4352106073189366
-0.10039496299064944 0.4589586066892667
-0.11334643865254902 0.48310347248337293
-0.12698429187452445 0.5031630438529867
-0.14038244935701502 0.5180566418581817
-0.15583179914622286 0.5319840979578708
-0.17286756362700884 0.5495417050512953
-0.18750433592682225 0.5681948522042511
-0.1983306841423458 0.5866875125579368
-0.2058747138126591 0.6074163218678107
-0.20828369672217348 0.6274359929268855
-0.2052588924123138 0.6486365569785595
-0.1966627432552455 0.6688073212048306
-0.18416965350635509 0.6864974812196908
-0.16638563820589186 0.7044246716374666
-0.15007610832882068 0.7173654327263375
-0.12670262631872523 0.732662677122346
-0.1051683371193269 0.7445662619589514
-0.07662191320828853 0.758154913102862
-0.057545939197020834 0.7661914082736181
-0.038235800661082675 0.7736483233179
-0.014293749646617499 0.7820969277145129
0.013277363337054588 0.7908974712177035
0.04436806415373405 0.7997959403867757
0.077676906464018 0.8082534586434954
0.1090656610096204 0.8152351828641647
0.130501601243509 0.8193519733186578
0.37902336913924406 0.862710743083727
0.3296249547860003 0.8540923653342157
0.2884596094916304 0.8469103838762898
0.2541551550796556 0.8409253993280181
0.22556810973634323 0.8359379122044585
0.20174557195024959 0.8317816729348253
0.18189345712850488 0.8283181402101311
0.1653500281103843 0.8254318629395525
0.15156383726195047 0.8230266318807371
0.1400753448882556 0.8210222726650576
0.1305016012435099 0.819351973318658
0.42842178349248783 0.8713291208332382
0.46958712878685765 0.8785111022911641
0.5038915831988325 0.8844960868394358
0.5324786285421449 0.8894835739629955
0.5563011663282385 0.8936398132326286
0.5761532811499832 0.8971033459573229
0.5926967101681038 0.8999896232279014
0.6064829010165376 0.9023948542867168
0.6179713933902324 0.9043992135023964
0.6275451370349782 0.906069512848796
0.6456107647240273 0.9084005360680839
0.6655020120929818 0.9092275442985993
0.6879434357097086 0.908227424594009
0.7045672732956585 0.9062952700217386
0.7226969878059816 0.9031261823499294
0.7424659714375261 0.8984895525387978
0.763964612703518 0.8921279660649823
0.787198052705196 0.883778743859199
0.8120315708679788 0.8732131010942644
0.8381294475365146 0.8602990318438782
0.851480942690655 0.8529663485065542
0.8649115026173971 0.8450814712885926
0.8783125534833505 0.8366887322229635
0.8915666385773864 0.8278496592483772
0.9045529870883876 0.8186412361624203
0.9171537579423925 0.8091525706565779
0.929260388914262 0.7994805081178011
0.9407795436477658 0.7897244794247058
0.9617820086368237 0.770339258818803
0.9798315654756716 0.7516584451158416
0.9949193588711005 0.7341396596066946
1.0072642232560132 0.7180251587318522
1.0172045793703854 0.7033829367463474
1.0251111360769962 0.6901656613099907
1.0339130534510694 0.672760707425046
1.0399094736922059 0.6578397171511026
1.0447937741632094 0.6410174433801503
1.04748963500852 0.6236690206823314
1.0474316903169898 0.6065529112827096
1.0 0.4068741678342459
1.006054846742441 0.43185967941276066
1.011559252871933 0.45457378084777406
1.0165632584441984 0.4752229639705135
1.0211123544189848 0.4939949486275494
1.0252478962142455 0.5110603892248547
1.0290074796644826 0.526574426131496
1.0324252828010616 0.5406780960466243
1.0355323765615878 0.5534996141512865
1.0383570072529755 0.5651555397009793
1.0409248533360551 0.5757518356552456
1.0432592588661276 0.5853848319773057
1.045381445711648 0.5941421013609969
