# CURVE 2D, normalized by CHORD
# COLUMN#1 = X-coordinate, COLUMN#2 = Y-coordinate
#-------------------------------------------------------------------------------
0.0 0.0
-0.005416758585837496 0.03666260426634271
-0.010960309966481355 0.07330624705978168
-0.016646131030854133 0.10992807855406991
-0.02249312964741782 0.14652451457168567
-0.02852479065907682 0.18309095752326912
-0.03434144631596944 0.21715467501240066
-0.04037558320845828 0.251180520976973
-0.046667997715668846 0.28515952046454485
-0.052768201365648 0.31654768997084426
-0.059197772224089125 0.3478699840199347
-0.0636681500015205 0.3685193390246994
-0.06835553813843677 0.38912047831614605
-0.07533618761572394 0.4176840907550173
-0.08083260820524495 0.43827060260568634
-0.088520729217517 0.46415342696770673
-0.09408981864027015 0.4849508719867731
-0.09841096578036468 0.507640624305334
-0.10053410835248051 0.5302804179260487
-0.10004930534710246 0.5517880077755282
-0.09682129670120809 0.5717849251338257
-0.08976058727775975 0.5924458495239667
-0.07861653531889894 0.6113857992889965
-0.06518256032083951 0.6262592166553986
-0.0472103981470256 0.6397604827471339
-0.028576043464581875 0.6493507607471257
-0.007929145665958396 0.6566095920102878
0.013462143283283871 0.6614468763555771
0.038248373930355746 0.6643710269652273
0.05953821227104536 0.6647423374518519
0.28153382486666945 0.6509526442094206
0.23603128735682194 0.6537837972793413
0.1981125060986157 0.6561430915042753
0.16651352171677716 0.6581091700250536
0.1401810347319117 0.6597475687923688
0.11823729557785717 0.6611129010984649
0.09995084628281173 0.6622506780202116
0.08471213853694051 0.6631988254550005
0.07201321541538117 0.6639889483173246
0.061430779480748376 0.664647384035928
0.32703636237651695 0.6481214911394998
0.3649551436347232 0.6457621969145658
0.39655412801656176 0.6437961183937875
0.4228866150014272 0.6421577196264723
0.4448303541554817 0.6407923873203762
0.4631168034505272 0.6396546103986295
0.4783555111963984 0.6387064629638406
0.4910544343179577 0.6379163401015165
0.5016368702525905 0.6372579043829131
0.5191643821564405 0.6357439771650998
0.5379940859313659 0.6332212171050831
0.552931185135932 0.6305949600141602
0.5684391635827785 0.6273028200928664
0.5843941348249855 0.6233252591267068
0.6006712570870714 0.6186542227088908
0.6171504544400284 0.6132916797127494
0.6337207719444796 0.6072477246699706
0.6502832374714889 0.6005381871563836
0.6667522252752903 0.593182581960093
0.6830557101627562 0.585202188488909
0.6991346862702288 0.5766184434644631
0.7149420127347728 0.567451596400754
0.7304410723408129 0.5577198846893955
0.7456041771614302 0.5474386667730109
0.7604111603874141 0.5366200864786259
0.7748478364819092 0.5252725379787531
0.7889048335893404 0.513400614824796
0.8025764691069286 0.5010049689025071
0.8158596556486484 0.48808207301202294
0.8287530581260083 0.4746241626225597
0.8412563795868276 0.46061919071658536
1.0 0.2718611239923018
0.9802264891927085 0.29538102518047354
0.9622505702769889 0.316762753533357
0.9459088258081529 0.3362006883996146
0.9310526944728476 0.35387153827803064
0.9175471205316609 0.36993594725840884
0.9052693260396729 0.38453995542238906
0.8941076946833203 0.3978163264805528
0.883960757086636 0.40988575471524724
0.8747362683623776 0.420857962201333
0.8663503695221427 0.43083269627959275
0.8587268251219291 0.43990063635073806
0.8517963302126441 0.4481442182335974
0.8454958802951122 0.4556383835816514
