# CURVE 2D, normalized by CHORD
# COLUMN#1 = X-coordinate, COLUMN#2 = Y-coordinate
#-------------------------------------------------------------------------------
0.0 0.0
0.0021704109571532575 0.028154000584310543
0.003888045335431429 0.0563391992003442
0.00496602150392028 0.0803948099741146
0.005659503050808067 0.10446453577883974
0.0059263488972563175 0.12534638368877304
0.005859499521182035 0.14622979912159087
0.0048645397658946534 0.18278001042631473
0.002953834098842072 0.21500974548886
0.00033637449350951414 0.24362582265395813
-0.002829944616852894 0.2691935917352709
-0.006424976562899072 0.29217001515223134
-0.010356858133999511 0.3129274870696796
-0.018965197020027403 0.34895843343008975
-0.028263865282961563 0.37916965588231943
-0.03802255771648997 0.404889360189074
-0.04810978186126455 0.42707748081746666
-0.058456893965444935 0.4464420959373869
-0.06903674087992827 0.4635148034747187
-0.08535208794459727 0.48568688928491055
-0.10174463475702161 0.5040823582532801
-0.11461109427089516 0.5203928450734404
-0.12177800316695384 0.539463477971066
-0.11538180504556202 0.5580305635801455
-0.09722217137286779 0.5706229364903097
-0.07659256318662737 0.5780458199895157
-0.0504675039879132 0.5839514462348115
-0.016958772741716508 0.5888207522758199
0.01179685776538895 0.5916614406228795
0.037546275015327174 0.5935596793448656
0.0633226938630291 0.5950505136924044
0.09874484862880471 0.5966678521424185
0.13417869976116253 0.5980084031364039
0.1696156147716027 0.5992663579628127
0.2050491911512703 0.6006141406456489
0.2404716330539621 0.6022257845807674
0.28931902515032437 0.6047174404326419
0.26999478212319206 0.6037317304253069
0.25389124626724846 0.6029103054191944
0.3086432681774567 0.6057031504399768
0.3247468040334003 0.6065245754460892
0.3381664172466866 0.6072090962845162
0.3557490615874921 0.6072595127834146
0.37249680965079257 0.6058457094743784
0.3879923965499447 0.6033846934470262
0.4051473844348953 0.5994701171776431
0.4202575653786168 0.5950556042815347
0.43677998732361717 0.5892538382590778
0.4549007149611487 0.5817808814861679
0.46966174514953246 0.5748734387373913
0.4855268599107485 0.5666590590629172
0.5025904922188793 0.5569379967587033
0.5209478433561198 0.5454821625597184
0.5339512738940222 0.5367544173615831
0.5475979030761227 0.527056453686981
0.5619127512506258 0.5162967686545746
0.576918254659301 0.5043776921589654
0.592634003019211 0.49119467887788637
0.6090754004245481 0.4766374383239474
0.6262531993078515 0.4605895947042866
0.6441724371710663 0.44292948011913114
0.6628314764619112 0.4235309414331603
0.6822211855158624 0.4022640420184735
0.6921849495319811 0.3908885040084489
0.7025230038397058 0.37875941419689685
1.0 0.024920906527118217
0.9676705061247127 0.06337571148416041
0.9382800571471789 0.0983346250814714
0.9115614671676027 0.1301154556244814
0.8872718399134425 0.15900711975449044
0.8651903605914787 0.18527226896358961
0.8451162884806025 0.20914967733549794
0.8268671320161697 0.23085641221905095
0.8102769897757761 0.2505898075677355
0.7951950422845093 0.2685292578847215
0.7814841809288121 0.28483784908198145
0.769019761514542 0.2996638410794905
0.7576884711379328 0.31314201562268057
0.7473872980682881 0.3253949015710351
0.738022595277702 0.33653388879681206
0.7295092291044418 0.3466602408202456
0.721769805310569 0.35586601538700335
0.7147339654979574 0.36423490135678316
0.7083377474864923 0.37184297951112844
