# CURVE 2D, normalized by CHORD
# COLUMN#1 = X-coordinate, COLUMN#2 = Y-coordinate
#-------------------------------------------------------------------------------
0.0 0.0
-0.014184625240143462 0.035867120367131515
-0.027944434640875322 0.07189931617580972
-0.039527291358477906 0.10334058325356016
-0.05073987854511063 0.13491576402957026
-0.0602842990407739 0.16283162558414985
-0.06950001769101942 0.19085769530135477
-0.0773763371812668 0.21579649756492522
-0.08495904390958106 0.2408261179619856
-0.09145975483171315 0.26323157459248014
-0.09769668367687769 0.28571187155191075
-0.10305474602257941 0.3059461686689984
-0.10817465237354114 0.3262420215075335
-0.11676376348567497 0.36301503635465854
-0.12376448338640993 0.3965281810437133
-0.1294216405654301 0.4271969276984351
-0.1339361648690323 0.45537105559302893
-0.1374739517707446 0.4813469192953697
-0.14017275861958833 0.5053771754460338
-0.1421474714809232 0.5276782194191892
-0.14349440611710282 0.5484364918392373
-0.1446166140075934 0.5859490409278557
-0.14404955682132023 0.6189720319804388
-0.14216168792319803 0.6483169333943374
-0.1392219928832918 0.6746165932256336
-0.13530780239352144 0.6977306143776054
-0.1293080628040396 0.7211207864100975
-0.120833937696664 0.7438764963007193
-0.11166138622698248 0.76173132694938
-0.09990053842504551 0.7787777780104918
-0.08501027363187742 0.7945295008031839
-0.06835839791477001 0.8071299770049117
-0.04899403988717282 0.8172609066891986
-0.028997278656405875 0.8240793228646308
-0.00850658910518709 0.8282149668806981
0.012020576897813173 0.8301384481024701
0.04052450628907785 0.8300669518294131
0.07269927930152656 0.8278415830279425
0.1548140118833971 0.8431055702639744
0.13320879305817585 0.8382529860472975
0.11520444403715814 0.8342091658667334
0.10020081985297671 0.8308393157162633
0.0876977996994922 0.8280311072575383
0.17641923070861837 0.8479581544806513
0.1944235797296361 0.8520019746612153
0.20942720391381753 0.8553718248116854
0.22193022406730203 0.8581800332704105
0.23800233987621366 0.8609844449520957
0.2542800914056457 0.862238544864649
0.27136651388996624 0.8619271376503931
0.2865352243379877 0.8603251588982219
0.30288676142319015 0.8572746296369105
0.3208381510892982 0.8524282982210796
0.33672665247332156 0.8469031083353067
0.3543983142477506 0.8394727142772649
0.3691475489110844 0.8322913032913895
0.38552611045772844 0.8233304259274717
0.40396891675278607 0.8120702569921846
0.4177047479219116 0.8029258117571118
0.43287658545011354 0.7921169170471529
0.44982025976757606 0.7792179774187187
0.4690048308724169 0.7636292381406948
0.4911192643880509 0.7444652329664978
0.5035912316139284 0.7331359473436596
0.5172521427010527 0.7203263021563845
0.5323692861207704 0.7056946289149825
0.549323253090691 0.688757023863177
0.5686918413379395 0.6687840569377945
0.591435560690444 0.6445739266129682
0.6054790941262133 0.6292624852167186
0.6194012611588993 0.6138405879665033
0.6384261631178889 0.592419577605075
0.6572814064500947 0.5708490401223894
0.679762021677449 0.5447686956137682
0.7020935966672492 0.5185605800342158
0.7243231440955362 0.4922658442056679
0.7464950786654577 0.46592249692336296
1.0 0.164387238030186
0.9712700258341427 0.19856053988361894
0.945151867501545 0.22962717793219434
0.9214080871991837 0.25786957615817196
0.8998228323788551 0.2835444836363334
0.8801998734512836 0.30688530861648017
0.8623608198807642 0.3281042404166136
0.8461434984530192 0.3473941784167349
0.831400478973251 0.3649304856895724
0.8179977339916435 0.38087258321033385
0.8058134203720004 0.39536539913829877
0.7947367716268704 0.4085406863455396
0.7846670909494794 0.42051822017030394
0.7755128357882148 0.4314068872837261
0.7671907856416107 0.44130567556865535
0.7596252855083343 0.45030457400950014
0.7527475581144465 0.4584853907739045
