# CURVE 2D, normalized by CHORD
# COLUMN#1 = X-coordinate, COLUMN#2 = Y-coordinate
#-------------------------------------------------------------------------------
0.0 0.0
-0.017055697326087072 0.03449228436705622
-0.0339121172769762 0.06908238130117553
-0.0505479081829707 0.1037791122652093
-0.06693769462072047 0.13859270489795034
-0.083050922493646 0.1735351345856262
-0.09885029977526616 0.20862055372378058
-0.1142896212225923 0.24386584705591113
-0.1270483023055979 0.2738739956906691
-0.13946146292190298 0.30402665807468926
-0.15147172959716848 0.33434197096599727
-0.16300440919289086 0.3648420433437963
-0.17531691486548995 0.3995124668532091
-0.186687274506018 0.43450258569808253
-0.19316896351322266 0.45651796143431933
-0.1990513691776409 0.47870066670385975
-0.20570635618381292 0.5087548582521582
-0.2092498452245497 0.5302839820632095
-0.2116623781051066 0.5587252341086236
-0.21048363750014068 0.5830135489527707
-0.2049402311346302 0.6038293932061822
-0.19210394581233492 0.621107200702057
-0.1733891655708466 0.6292221444630214
-0.14946261590407908 0.6290751395282719
-0.12583172639077123 0.6232309645892646
-0.10477564211355049 0.6178901918874995
-0.07961443357703935 0.6150250007864936
-0.05916518006292405 0.6160821715191003
-0.035899406614706184 0.6218590266123838
-0.01466014677622216 0.6324984053774415
0.001202935690449145 0.6447164583781814
0.018040934683119052 0.662818987132427
0.030529354731624308 0.6805370100870197
0.04544366577778204 0.7076363252884958
0.056378480594800016 0.7319732921834022
0.07105446665106675 0.7670772037222338
0.08180496398916862 0.7839386457757473
0.10298356935963392 0.778853637573901
0.08815140113258715 0.7850295800239276
0.11781573758668068 0.7726776951238745
0.14070195119002127 0.7633917005996274
0.16247937286256361 0.7550110375046961
0.18377453292183937 0.7472493893542634
0.20463324847027808 0.740065890802423
0.2251003842066662 0.7334236400615683
0.24522095710709238 0.7272886583279878
0.26504050010512253 0.7216299918436843
0.28460557604932385 0.716420070641751
0.3039656723154406 0.7116330546695685
0.3231738588436655 0.707245973536474
0.3422891319010953 0.7032377769038303
0.36137905028401845 0.6995894765318303
0.3805238384520054 0.6962837861159402
0.3998228717224722 0.6933053708120838
0.41940526602463674 0.6906403950645117
0.4394487385672337 0.6882765716528907
0.46021573306080416 0.6862028786942894
0.48213438576181933 0.6844094995149418
0.5060079063316195 0.6828860090559191
0.5337834477641692 0.681614932776101
0.5545987334553977 0.6809569648989849
0.5754191484381663 0.6804863644728188
0.6077458598592049 0.6799354596890462
0.6400689439313715 0.6792135726882986
0.6575669549840145 0.6785255206510614
0.678869054744473 0.6771319256671453
0.6990808228127432 0.6749085973881374
0.7173295865391704 0.6717415555650201
0.7337095269123856 0.6675220664778947
0.7485700772493306 0.66208964836174
0.7623436109146878 0.6551463521369817
0.7755119395745703 0.6461052448812664
0.7872341489011447 0.6352796591343887
1.0 0.38248007751688246
0.9757809099298097 0.4112878401276706
0.9537635553205458 0.43747671522838716
0.9337477784030332 0.4612847835017658
0.9155516175689308 0.48292848193211
0.8990096531742923 0.5026045714142411
0.8839715037246209 0.5204919254889058
0.8703004587703742 0.5367531564658736
0.8578722360846953 0.5515360937176625
0.8465738518249872 0.5649751275829253
0.8363025934070709 0.5771924310968005
0.8269650857544196 0.5882990706548689
0.8184764424338276 0.5983960157076582
0.810759493960562 0.6075750566647395
0.8037440862575934 0.6159196393529952
0.7973664428912584 0.6235056236150458
0.7915685852854991 0.6304019729441828
