# CURVE 2D, normalized by CHORD
# COLUMN#1 = X-coordinate, COLUMN#2 = Y-coordinate
#-------------------------------------------------------------------------------
0.0 0.0
-0.012614647864131606 0.03072303521021826
-0.02488157120275913 0.06158652001468017
-0.034830772326707574 0.08746801628287534
-0.044488517054029134 0.11345965039378976
-0.05243801350375025 0.13561602233410663
-0.06013801134428471 0.15786031190832353
-0.06652465183249474 0.1770060086327807
-0.07269566442263631 0.19622227371419265
-0.08280985506399119 0.2296463893835868
-0.0909729398249688 0.2589896889554687
-0.09756365944600823 0.2849282695586
-0.10287647586967354 0.3080012740078754
-0.10714274572614639 0.32864330892347116
-0.11323302843846096 0.3639866265480285
-0.11690906371934928 0.39310519359396223
-0.11887677094150795 0.4174880976428521
-0.11961173257409491 0.4381963156721037
-0.11909131355441537 0.46400691761026847
-0.11723582057406572 0.4850862510474742
-0.11396404465355443 0.5054601756411973
-0.10777792901711174 0.5327717867404792
-0.10092794943282098 0.5556980448564136
-0.0936350240722862 0.5751964014469702
-0.08344737675008482 0.5970477543246557
-0.07288300262012573 0.6152266139323808
-0.05925339010066655 0.6340203542542503
-0.04515909138645215 0.6494486192239709
-0.027523795768997814 0.6645070273272551
-0.00888362748747088 0.6764895320634952
0.011044137810846873 0.685772899342255
0.0325337224681114 0.6924365402170451
0.05571721644223396 0.6963103888262544
0.07613846513482628 0.6971703717875289
0.0969030659901836 0.6957128752527754
0.11673583065420676 0.6920646262611431
0.2184861770361396 0.6648300630320958
0.1939441922203036 0.6714104272776013
0.17349253820710692 0.6768940641488557
0.1564494931961097 0.6814637615415678
0.14224695568694534 0.6852718427021612
0.1304115077626417 0.6884452436693224
0.1205486344923887 0.69108974447529
0.2430281618519756 0.6582496987865903
0.2634798158651723 0.6527660619153359
0.2805228608761695 0.6481963645226237
0.29472539838533385 0.6443882833620304
0.3065608463096375 0.6412148823948692
0.3164237195798905 0.6385703815889016
0.3309517795747553 0.6347783657701264
0.36019540690606233 0.6277560393194789
0.37541179514257356 0.6244124123374223
0.391181233617099 0.6211609099925773
0.40768402669255766 0.6179806491019216
0.42519598586319113 0.6148408303466042
0.4441820857860232 0.6116904681537919
0.4655515040373732 0.6084295812960409
0.4916685229713151 0.6047932837900871
0.5217365645403306 0.6009631032204277
0.5518290858987526 0.5973293089298498
0.5727486111004809 0.5947897516620864
0.5936514882226973 0.5921171455523306
0.6105922647699639 0.5897568062200023
0.6326011431948625 0.5862646836143209
0.6480628324639179 0.5833933228775787
0.6654845629622907 0.5795768395037457
0.6829404559383605 0.5749190583301944
0.6996421480750951 0.5694045420623941
0.7153568962246161 0.5629428016033922
0.7301155365681044 0.5553643630541124
0.744078138433873 0.5463799011116356
0.7560783018478741 0.5367571298542442
0.7668086553444662 0.5261430414809051
1.0 0.24895404317288777
0.973357672628448 0.2806441620045299
0.949137375017946 0.30945336094238646
0.9271189226447625 0.33564354179498324
0.9071021477600502 0.35945279711552586
0.888905079683039 0.38109757467965544
0.8723622905221198 0.4007746451925005
0.8573233912849204 0.4186628911132688
0.8436516647056482 0.4349249328594218
0.8312228223608554 0.4497086071741063
0.8199238747746801 0.46314831109654675
0.8096521042417935 0.47536622375331083
0.8003141310300783 0.4864734170776418
0.7918250644739737 0.4965708655543063
0.7841077312411513 0.5057503641694558
0.7770919737567673 0.514095362910501
0.7707140124073273 0.52168172540236
