# CURVE 2D, normalized by CHORD
# COLUMN#1 = X-coordinate, COLUMN#2 = Y-coordinate
#-------------------------------------------------------------------------------
0.0 0.0
-0.01413599153407187 0.03574745386691702
-0.027855554602357776 0.07165673504107826
-0.03848105090631307 0.10047246773938057
-0.04877220568048926 0.1294092528304411
-0.056895181798200585 0.1531202371621655
-0.0647430183948136 0.17692367397046918
-0.0710109182341506 0.19670606126231274
-0.0770492893998453 0.21655969103387762
-0.0865943390476452 0.25002674033288874
-0.09402848447966575 0.278589946830318
-0.09982777963481836 0.3032015172849922
-0.10434651986054738 0.3245904330583325
-0.11054860314369142 0.3598436727064591
-0.11411128531281368 0.38759881307005506
-0.11593002153645858 0.4099488868254941
-0.11656262325036185 0.43627910726674635
-0.11563388362289778 0.45655922799736953
-0.11171506579995483 0.48540410829320463
-0.10598018033133663 0.5125387945370514
-0.09949526806322596 0.5352641906235402
-0.0925060011888747 0.5545526560184344
-0.08265578331351699 0.576121206858765
-0.07237632412039582 0.5940178847702828
-0.05906031457787695 0.6124550030250191
-0.045268044828564565 0.6275067199224882
-0.028050284574071327 0.6420516835104199
-0.010028417586254437 0.6533992132371036
0.008781372775556729 0.6618579318241077
0.028008976393310753 0.6674624480433696
0.04928477475366094 0.6703410396051774
0.06994425864712385 0.6693054190745251
0.26304406387438706 0.6005548347731156
0.2223585587239996 0.6151659051997195
0.18845397109867668 0.6273417972218894
0.16020014807757424 0.6374883739070311
0.13665529555998887 0.6459438544779824
0.11703458512866771 0.6529900882871086
0.10068399310256676 0.6588619497947137
0.08705849974748264 0.6637551677177179
0.07570392195157918 0.6678328493202215
0.30372956902477455 0.5859437643465116
0.33763415665009744 0.5737678723243417
0.3658879796711999 0.5636212956392
0.38943283218878527 0.5551658150682487
0.4090535426201064 0.5481195812591225
0.4254041346462074 0.5422477197515174
0.4390296280012915 0.5373545018285132
0.45038420579719496 0.5332768202260096
0.46888047657681536 0.5271494656074921
0.48728615815554527 0.5220467952079756
0.5060743125656778 0.5178179990828988
0.5254524342376325 0.5144450493839715
0.5456937620708219 0.5119375730701828
0.5671889743441014 0.5103404291741291
0.5905657634997904 0.5097551832930688
0.6170174411793531 0.5103954375603849
0.6321825232507892 0.5113150723593374
0.6496591765446206 0.5128074320039926
0.6718914401319628 0.5152631220536815
0.7007665352344924 0.5190998431425277
0.7296090298474793 0.523177184232411
0.7531663984257417 0.5261817325898513
0.774677589807014 0.5281375426064949
0.7932216928780093 0.5286901220923602
0.8091160392405073 0.5278034258903846
0.825125924616454 0.5249397114004872
0.8399957762514232 0.5195319216710024
0.8527487550076904 0.5115383997681262
0.863662403422083 0.5006552636081805
1.0 0.256795594464105
0.9841754445676855 0.28539096549544385
0.9697894850837633 0.31138675734211546
0.9567113400983794 0.3350192953845442
0.9448221173843941 0.3565034208776613
0.934013733098953 0.37603444405322217
0.9241879292030973 0.39378991966736854
0.9152553802068649 0.40993126113477424
0.9071348811193809 0.4246052079233249
0.8997526092216682 0.43794515954928004
0.8930414529510203 0.4500723883001484
0.8869404017958858 0.4610971417100287
0.8813939916548545 0.47111964480991986
0.8763518006175532 0.48023101126436635
0.8717679905836431 0.48851407167749955
