# CURVE 2D, normalized by CHORD
# COLUMN#1 = X-coordinate, COLUMN#2 = Y-coordinate
#-------------------------------------------------------------------------------
0.0 0.0
-0.010932466837602189 0.023247624684159026
-0.021603691668021188 0.04661630831507981
-0.03126879971968373 0.06842236298202758
-0.0406913857923871 0.09033429686093337
-0.04932743003418792 0.11104766915578812
-0.057733127444460394 0.13185557616133223
-0.06544450310212128 0.151572084103038
-0.07293668024490232 0.17137291777729333
-0.07981450908478899 0.19017800672539686
-0.08648324311208964 0.20905825202467346
-0.098531124474951 0.24506522009667184
-0.10921914298109099 0.2795317082186513
-0.1186692530322254 0.3125817541328387
-0.12698897381755275 0.3443274283988071
-0.13427317328111077 0.3748701394516416
-0.14060549362970673 0.40430165199034845
-0.14606026817641232 0.432705795053546
-0.15070329054434561 0.46015892387515456
-0.1545929377371195 0.4867308693562002
-0.15778082952409284 0.5124854119234922
-0.1603131421220959 0.5374815685419883
-0.16223061728186278 0.561773404334765
-0.16356943367039142 0.5854108858179947
-0.16436167522215595 0.6084402918238925
-0.1646356514709844 0.6309044853668662
-0.1644163527039226 0.6528433540559834
-0.16372565428076533 0.6742939943490966
-0.16258273635887086 0.6952911327459698
-0.1610040900834613 0.7158671368287456
-0.159004021294488 0.7360525239150164
-0.15378564546685178 0.7753641659587468
-0.14700030584313392 0.8134361625592704
-0.13869174364264797 0.8504569492877955
-0.13214874114430436 0.8704314737156953
-0.12091845411632832 0.8891298724823317
-0.10673160797475012 0.9035581474197635
-0.08879836636587285 0.915336424781213
-0.06899144330260266 0.9237985143902917
-0.04947437401686924 0.9292368032172293
-0.028578466750541768 0.9328749357606391
-0.008028017887360715 0.9348395901756524
0.01966018049748234 0.9356213275316245
0.04696554887896743 0.9348817958850875
0.08098104347996203 0.9328370733548764
0.2398808102429016 0.9395189435249721
0.2076390967315073 0.937849377308818
0.18077100213867875 0.9364580721286896
0.15838092331132164 0.9352986511452492
0.13972252428852402 0.9343324669923823
0.12417385843619269 0.9335273135316599
0.11121663689258324 0.9328563523143911
0.1004189522729087 0.9322972179666672
0.2721225237542959 0.9411885097411262
0.2989906183471244 0.9425798149212546
0.32138069717448153 0.943739235904695
0.3400390961972791 0.944705420057562
0.3555877620496105 0.9455105735182844
0.36854498359321997 0.9461815347355531
0.3793426682128945 0.946740669083277
0.3984937969589645 0.9472139877125263
0.4198222694642329 0.9466196170337122
0.43546856050728094 0.9455053091208047
0.45228002246588367 0.9437180328594597
0.4702377017088104 0.9411741297734945
0.4892775161865935 0.9377973772368984
0.5092828925578147 0.9335264332136128
0.5300808716521602 0.9283235674246207
0.5514456400467916 0.9221818028787879
0.5731094226032638 0.9151295482708164
0.5947802076382813 0.9072312590431273
0.6161638304741488 0.8985836371045631
0.6369864640260113 0.889307551874769
0.6570130072397937 0.8795374309179002
0.6760592199520579 0.8694105907341739
0.6939954390592148 0.8590576472931523
0.7107453841189559 0.8485959570083835
0.7262783472014902 0.838125515301849
0.7406015537240219 0.8277276197527067
0.7537494269240862 0.8174653839334621
0.7657759364047082 0.8073853705290408
0.7818586423336414 0.7926744635225603
0.7958099895192269 0.7785055944243535
0.8078758263607875 0.7648978899879991
0.8182865586429914 0.7518419911440113
0.8272499503176501 0.7393102240687324
0.8372601457482511 0.7233491968821236
0.8453783376786048 0.7081453072848967
1.0 0.3615497933210825
0.9828780593593227 0.3999709730515095
0.9673126587768889 0.43489931826098865
0.95316229461104 0.46665235936051513
0.9402983271875409 0.49551876036008463
0.9286038113479963 0.521760943086966
0.9179724333120467 0.5456174728386763
0.908307544188456 0.5673052271584129
0.8995212813488284 0.5870213674490826
0.8915337696764394 0.6049451313496914
0.8842723954288132 0.6212394621684267
0.8776711461127893 0.6360524901854587
0.8716700103709494 0.6495188792918516
0.8662144324238222 0.6617610512067541
0.861254816108252 0.6728902984021201
0.8567460740031883 0.6830077958524527
0.8526472175440394 0.6922055208073006
0.8489209843993586 0.7005670889480714
