# CURVE 2D, normalized by CHORD
# COLUMN#1 = X-coordinate, COLUMN#2 = Y-coordinate
#-------------------------------------------------------------------------------
0.0 0.0
0.005264189539963946 0.035763488117068615
0.009774327508870275 0.07162973449490302
0.01285060448749651 0.10110786457546377
0.015309335447439662 0.13064381555517757
0.016851539322555776 0.15547297977124772
0.017873591662279042 0.1803289129026893
0.01829918729594299 0.20151389037284428
0.018281098241887075 0.22270307516413423
0.01709902855924284 0.25925698312893397
0.014728901939437324 0.29111261985527137
0.011458682053054569 0.31912855354365854
0.007497080155776293 0.3439718555407942
0.002996336733334898 0.3661669779818404
-0.001931783126984147 0.3861325105129244
-0.01276480678210434 0.42065827905181813
-0.024581276772206402 0.44956666072150825
-0.03717348940928206 0.4742327335126121
-0.050463735325318025 0.49562148978867193
-0.06446103940606715 0.5144237518688902
-0.07923910101105978 0.5311413277106787
-0.09492702659720263 0.546140433689258
-0.1117093851989637 0.5596841885295503
-0.12983334802978022 0.5719525120114574
-0.14962366342459707 0.5830513788276845
-0.17150766052051658 0.5930126423540167
-0.18909856952304124 0.6023417403121958
-0.1899321019147913 0.6202136043230838
-0.17176413636578658 0.634147916423458
-0.1472506152478582 0.6458171357565656
-0.12854391640877397 0.6529550416625723
-0.10955878095929934 0.6593185845400248
-0.07775453124327218 0.6686291767484895
-0.05613035045751438 0.6742330593148768
-0.03439395726032722 0.6793850083774851
-0.007978119817328976 0.6850753723958312
0.018550739801844702 0.6902134106656452
0.04602947193876603 0.6949550429153194
0.0736011731305198 0.699122007123484
0.09805067404141553 0.7023045068243315
0.12256118999344774 0.7049759977045177
0.16179804616260618 0.7080170864314563
0.1917555455941655 0.7090821618872332
0.21459632305671156 0.7089311955466425
0.37674662340769494 0.7042542424505835
0.34153170997614046 0.7052699574880806
0.3121859487831784 0.7061163866859949
0.2877311477890433 0.7068217443509234
0.2673521469605974 0.7074095424050304
0.2503696462702258 0.7078993741167863
0.2362175623615828 0.7083075672099163
0.2244241591043803 0.7086477281208579
0.4119615368392494 0.7032385274130866
0.4413072980322115 0.7023920982151723
0.4657620990263466 0.7016867405502438
0.48614109985479254 0.7010989424961368
0.5031236005451641 0.7006091107843808
0.5172756844538071 0.7002009176912509
0.5290690877110096 0.6998607567803093
0.5388969237586784 0.6995772893545247
0.5623098184279541 0.6987921811584636
0.5857126587365067 0.697750657704811
0.6200539961791407 0.6956461486771864
0.6485155312069427 0.6932758427815887
0.6730903254004975 0.6906879824061907
0.694767651925272 0.6879260567963479
0.7141473214328447 0.6850263279853985
0.731636474394414 0.6820184645956007
0.7475319625557862 0.678926606347634
0.7754065284593737 0.6725657275633291
0.7991000943039914 0.6660599459667496
0.8195152385649134 0.6594848138021424
0.837299817639541 0.6528883140350785
0.8529369444459283 0.646299604066579
0.8667958809373744 0.6397348391325656
0.8848653583883357 0.6299462170825268
0.9003063015465069 0.6202245481931387
0.9136525949345428 0.6105481417710494
0.9252989420456634 0.6008822392829756
0.9386844239922122 0.5879337521452631
0.9500800560301431 0.5748012399507386
0.9598422350269568 0.5613394291793115
0.9682133767750635 0.5473784940574352
0.9753472397369732 0.5327171950023661
0.9813209309534786 0.5171116374931879
0.9861362830828362 0.5002577262847164
0.989711844534413 0.48176649654297754
0.9914720636669201 0.46652130038987133
1.0 0.24844590480627315
0.9989528225664588 0.2760356210290085
0.9980008430814212 0.3011171812314952
0.9971354071859326 0.32391859959739217
0.996348647280943 0.34464716174820764
0.9956334110036796 0.36349130915803984
0.9949831962061676 0.3806223522578873
0.9943920918447929 0.3961960278032032
0.9938547242435433 0.4103539146625813
0.9933662082424072 0.4232247208983795
0.9929221027868289 0.43492545384001424
0.9925183705544851 0.44556248378695495
0.9921513412523543 0.4552325110114465
