# CURVE 2D, normalized by CHORD
# COLUMN#1 = X-coordinate, COLUMN#2 = Y-coordinate
#-------------------------------------------------------------------------------
0.0 0.0
-0.01441739631256357 0.03638972868335881
-0.02845247539894757 0.07292859010736415
-0.04041281531581173 0.10506811882788444
-0.052037578631950195 0.13733052127863207
-0.06205544011440985 0.1660706080500421
-0.07177322913102167 0.1949135230048037
-0.08017913143622599 0.22075108209555686
-0.08831530612882342 0.24667482734249188
-0.09537466350193746 0.2700175990156743
-0.10219033827029197 0.2934326694565994
-0.1081177696612924 0.3146177116108692
-0.11382411883456944 0.3358633605786031
-0.1235633698285339 0.3745297877830298
-0.1316928841129419 0.40990478133251723
-0.13844772408360187 0.44238742775265844
-0.14402301067600973 0.47231653533589724
-0.1485816994667245 0.4999816042287096
-0.15226061443795702 0.5256314300881575
-0.15517507304994171 0.5494806610695037
-0.15742272491993894 0.5717154382319356
-0.15908652353409355 0.5924977245199805
-0.16093562758974572 0.6302543901086984
-0.16117632744593202 0.6636920195119855
-0.16014486602192873 0.6935455862923241
-0.15809289316960878 0.7203967771396577
-0.1552102983341753 0.7447117777481619
-0.15107159883453927 0.7689434283317663
-0.14627978198922145 0.7892037625901915
-0.13913164075605483 0.8119230465435332
-0.13136148695936992 0.8309106340406851
-0.12098127760483855 0.8507507402569953
-0.1076539956818402 0.8703696180191158
-0.09330313885385663 0.886655545892457
-0.07767269467911314 0.9004443258070611
-0.06032440765802916 0.9122436727997935
-0.04058050656871373 0.9223140211021369
-0.021541624506255054 0.9294120605723198
0.0009130885469226773 0.9351979959653389
0.022583525535465703 0.9386610582128816
0.050209656183192244 0.9407144800700489
0.07230755772256299 0.9409338801713603
0.09440367632114574 0.9404804106817359
0.12010349644164052 0.9412218198402397
0.11020941688828453 0.9405882042856876
0.1299975759949965 0.9418554353947918
0.14753643888164536 0.9428562363816405
0.16415955129898885 0.943575573249859
0.18040436984981828 0.9440581433199934
0.1962849952541575 0.9443146635024139
0.21181472077758817 0.9443551258847594
0.227005928564145 0.9441887586659446
0.25642115371605806 0.9432708040652696
0.2846198551961687 0.9416251118546011
0.31168250445933887 0.9393084282106905
0.3376823487365555 0.9363712624517848
0.3626851114676859 0.9328581071004262
0.386750996541003 0.9288089476367956
0.40993403519251903 0.9242591941191832
0.4322832882564422 0.919240650242744
0.45384281929474735 0.9137817556044049
0.4746527532526251 0.9079084157385963
0.49474865664486745 0.9016438857728621
0.514162738164284 0.8950096511944146
0.5329235628185308 0.8880254827017795
0.5510563781422753 0.8807098276888744
0.5685833255354211 0.8730801388395787
0.585523593426855 0.8651531751201711
0.6018935553662683 0.8569453007617077
0.6177068952724439 0.8484727847164023
0.6329747227855147 0.8397521025326072
0.6477056824447969 0.830800241831916
0.6619060612302472 0.8216350115614871
0.6755798998783238 0.8122753538870059
0.6887290895506912 0.8027416487686228
0.7013533404398744 0.7930559849954829
0.7134509559931479 0.783242622858397
0.725018104711679 0.773328033933705
0.7413634305444287 0.7583308198715294
0.7564834432722453 0.7432819430780999
0.7703553644072775 0.7283056068338195
1.0 0.45543767602700086
0.9743257159726126 0.4859763410767367
0.9509854577658969 0.5137387638492239
0.9297670412143372 0.5389773300060304
0.9104775716220102 0.5619214810576727
0.89294169017444 0.5827798001955293
0.8769999797675582 0.6017419085026716
0.862507515761302 0.618980188781892
0.8493325484828872 0.6346513526720923
0.8373553055025101 0.6488978652995472
0.8264669027930764 0.6618492404154152
0.8165683548754095 0.673623217793477
0.8075696749502577 0.684326833591715
0.7993890568364833 0.694057393408295
0.7919521312785066 0.7029033568779133
0.7851912898621641 0.7109451418502934
0.7790450703927619 0.7182558554615481
