# CURVE 2D, normalized by CHORD
# COLUMN#1 = X-coordinate, COLUMN#2 = Y-coordinate
#-------------------------------------------------------------------------------
0.0 0.0
-0.0022291466663853384 0.031107504157888353
-0.004647354644810947 0.06220087789810883
-0.007263956341679295 0.09327817975086304
-0.010088954461396791 0.12433722526130152
-0.013446118566411315 0.15843901400037036
-0.01708378543073451 0.192512011217278
-0.021019140104430387 0.2265518968877399
-0.024563067793246088 0.25507170633656157
-0.028342067229720755 0.2835613113166083
-0.03236948372859087 0.3120168509607932
-0.03787784726922027 0.3481766725979072
-0.04384603416768515 0.3842634104879392
-0.04935753686513502 0.4151343702649146
-0.05526153707309312 0.44593264319029813
-0.06071087970984655 0.4725189147334869
-0.06649827472810546 0.49903362455689343
-0.07184462609294864 0.5221098907233106
-0.07748434104750868 0.5451161973147682
-0.08270310200645249 0.5652884544384956
-0.08817827052738086 0.5853926138619331
-0.09855884213775506 0.6208215522318569
-0.1086183640474395 0.6521701821142598
-0.11835805917479662 0.6800578761239168
-0.12778501223797256 0.7049896558048425
-0.13691002090610196 0.7273804385209249
-0.14574616175852628 0.7475738393426825
-0.1543078267564958 0.7658566168527515
-0.17066765351861848 0.7976143666096521
-0.18118328785446589 0.8167312768946048
-0.19005887340063501 0.8354813136988534
-0.19746495797485317 0.8555413929591316
-0.20230513076159806 0.875357140044671
-0.20421663389904018 0.8970783570170906
-0.20212963028037825 0.9169976122890353
-0.19568014632644015 0.9362550787661976
-0.1844595635684281 0.9543304440485324
-0.16837390341315064 0.9707836689737439
-0.14968788692124116 0.9840931740329809
-0.13178319699089286 0.9937149860245429
-0.10658687756838557 1.0040921632618307
-0.07998611607596286 1.0123900143379172
-0.05654017367178535 1.0181172918804542
-0.026234959791543805 1.0238978006208983
-0.0058675699490774455 1.0269760480988595
0.0145716400869313 1.029535765922401
0.04106904802714027 1.03219450469673
0.0741623028267744 1.034661556874497
0.09702814921765969 1.035918921058072
0.11990822097311117 1.036884945188157
0.15257430191419663 1.0378827522452532
0.185247347523017 1.038624796054664
0.2179184836721735 1.0394417278175727
0.32644026461090087 1.0429083650317608
0.29924599537756824 1.0420396669241416
0.2765841043497911 1.0413157518344591
0.2576991951599768 1.0407124892597237
0.24196177083513154 1.0402097704474442
0.22884725056442717 1.0397908381038778
0.3536345338442335 1.04377706313938
0.37629642487201065 1.0445009782290624
0.395181334061825 1.0451042408037978
0.41091875838667025 1.0456069596160773
0.4240332786573746 1.0460258919596437
0.43496204554962825 1.0463750022459488
0.4722807451454709 1.0470547139519535
0.5111640244242854 1.0467154857953136
0.5313059999990631 1.0461354957558682
0.5514384028783473 1.0452857358101413
0.5718859730937915 1.044148776496111
0.5923164771196379 1.0427379805190227
0.6126432858099374 1.0410611919638015
0.632945806043708 1.039112254648556
0.6725071679572305 1.034511857353934
0.7103031892618752 1.0290880694797615
0.745814262021066 1.023017900189572
0.7787164782225374 1.0164825205650527
0.8088654057075436 1.0096500234591397
0.8362600533895814 1.0026651187343045
0.8610038330752655 0.9956451107660157
0.8832633350775377 0.9886801650854556
0.9032413760845897 0.9818362154056886
0.9211514418609391 0.975159087187976
0.9372062839531786 0.9686784262672237
0.9516066163573603 0.9624116388891876
0.9761674112149696 0.9505457950417956
0.9961029766725841 0.9395586947584681
1.0124122691325157 0.9293932737907262
1.0258649904884054 0.9199703021567086
1.0419370758705209 0.9070434783923627
1.0543162334569838 0.8953262055896309
1.0667141516823164 0.8811800467419704
1.0757536163817667 0.8683029620421344
1.0837161405198579 0.8534342214560239
1.089731166431365 0.8366420967052861
1.0927574196470367 0.8202127127257467
1.093100160122981 0.8033611051400684
1.0911774762358206 0.7883687452918635
1.0 0.4294403194723835
1.0101633707252418 0.4693640752005941
1.0194027986572798 0.5056583985898765
1.027802278595496 0.5386532380346787
1.03543816944842 0.5686485466208624
1.0423798884056237 0.5959170089719386
1.0486905420030814 0.6207065202001896
1.0544274998189522 0.6432424394985996
1.0596429160151983 0.6637296388607905
1.0643842034663311 0.6823543655536914
1.068694464785543 0.6992859352745104
1.0726128841666445 0.7146782713843458
1.0761750836040094 0.7286713042114689
1.0794134467288867 0.7413922431452171
1.0823574132060478 0.7529567330849882
1.0850337463671036 0.7634699057575076
1.0874667765135178 0.7730273354597977
1.089678622101167 0.7817159079164252
