# CURVE 2D, normalized by CHORD
# COLUMN#1 = X-coordinate, COLUMN#2 = Y-coordinate
#-------------------------------------------------------------------------------
0.0 0.0
-0.01938946021828099 0.03198205452673059
-0.03844721779492302 0.0641628296792947
-0.05713401214276808 0.09656037256121719
-0.07064807235127625 0.12060022799221198
-0.0839123887815558 0.14477875411211213
-0.09690080747204444 0.16910656954035627
-0.11141216864951403 0.19719771536811334
-0.1254636403341616 0.22552160216027045
-0.13611050490452115 0.2478992278987276
-0.14639091071410043 0.270447485925894
-0.16196064255552842 0.3069476893379149
-0.17367732031707572 0.33711392833112014
-0.18256366303044058 0.3624164174466821
-0.18933278283910362 0.38391543980811244
-0.19841101916448398 0.41843226639666325
-0.2035450804274672 0.44489738982197197
-0.20619917405146243 0.4658374443980551
-0.2073091164431818 0.49021349299993566
-0.20567580220608386 0.5142317943636633
-0.20091488648589215 0.5360853686774876
-0.1928560791221454 0.5554331873858853
-0.18083650670459997 0.5726734310828098
-0.1652937593096629 0.5865876365581834
-0.14745666056791687 0.5967045640415577
-0.12707892127956105 0.603815420577178
-0.10405695950034574 0.6098386471886001
-0.07957158392154505 0.6177462782309655
-0.058712676749979834 0.6260264224090907
-0.04057702811914335 0.6346394270836813
-0.0170319317136598 0.6482714855371478
0.003701251029736558 0.6631817730369693
0.023532972865583777 0.6806666565249455
0.03852108342426834 0.696259135054369
0.05296363094676007 0.7129389072402702
0.06729781986380982 0.7297123341954643
0.08353488147891118 0.7456294053915336
0.10134860105565771 0.7560204190700469
0.1510315540703377 0.7647777531752049
0.13543713592507176 0.7623585765721211
0.12244178747068347 0.7603425960695512
0.11161233042535991 0.7586626123174097
0.16662597221560363 0.7671969297782888
0.17962132066999192 0.7692129102808587
0.1904507777153155 0.7708928940330002
0.21069989376938555 0.7738597066226424
0.2296464846580007 0.7763134146675553
0.24794411055164045 0.7783779252685411
0.2656282035472257 0.7800790726674951
0.28273295206669896 0.7814411844176076
0.2992893538290961 0.7824860187809984
0.3153266206685713 0.7832336725221299
0.3308716306124343 0.7837023382956767
0.3459500523038008 0.7839090072510855
0.37479923773255663 0.7835961068315025
0.40204626835746166 0.7824037845200552
0.4278416148378302 0.7804234354839674
0.45231771410897686 0.7777321520580979
0.47559209474193304 0.7743953332471607
0.49776805947249003 0.7704678004767378
0.518937584639047 0.765995961250305
0.5391824884385248 0.7610189361969112
0.5585748870152952 0.7555692035074709
0.5771796876710312 0.7496743111941035
0.5950542303531771 0.7433569739877719
0.612249208572022 0.7366358325849176
0.628809896649276 0.7295264131263797
0.6447760429077453 0.7220413010428066
0.6601824536732005 0.7141907345091798
0.6750591731904261 0.7059829766485589
0.6894320332368317 0.6974249918068135
0.7033227304005845 0.6885228861055117
0.716748557189737 0.6792821727787092
0.7297228826107258 0.6697086976783275
0.7422548367549199 0.6598091467709947
0.7543492161975116 0.6495919068740739
0.7660063408967783 0.6390681407969417
0.7772217927992616 0.6282530798639512
0.7879859531158032 0.6171675640939918
0.7982836721594349 0.6058401303502845
0.808093632737575 0.5943094675049984
0.8218315011357823 0.5767506979269439
0.8343779354804394 0.5589689422150912
1.0 0.31131089792308553
0.9802045833106631 0.34091138743182187
0.9622087499567205 0.3678209233488549
0.9458489014531363 0.3922841378188849
0.9309763119044233 0.41452342370073036
0.917455775951048 0.43474095632058984
0.9051643796297977 0.453120531429553
0.8939903829741156 0.469829236074065
0.8838322041962227 0.4850189675690759
0.8745974962163201 0.49882781438272217
0.8662023071436814 0.5113813114860369
0.8585703170776462 0.5227935815799595
0.8516321442903415 0.5331683725744345
0.8453247144837008 0.5426000007512299
0.8395906873867549 0.5511742081846804
0.8343779354804403 0.5589689422150899
