# CURVE 2D, normalized by CHORD
# COLUMN#1 = X-coordinate, COLUMN#2 = Y-coordinate
#-------------------------------------------------------------------------------
0.0 0.0
-0.009355987494947733 0.02364760680096134
-0.018439318233648663 0.0474012578248755
-0.026117262087013864 0.0681933870941258
-0.03355687430475619 0.08907196336577587
-0.04606178944482416 0.12616978200824447
-0.056419099391784744 0.1593910331740768
-0.06499799721098837 0.18930179007331763
-0.072093947392567 0.21636594307695536
-0.07794566676309551 0.2409674605330181
-0.08274713017559401 0.2634259388658831
-0.0866573099550355 0.2840098475780886
-0.0923048293709408 0.3204258230183532
-0.09569151846338515 0.3516548511945547
-0.09737939435721704 0.37875764160531233
-0.0977686104241886 0.4025312499253016
-0.0971484299770903 0.42358559315751226
-0.0947721072855881 0.45107541955543123
-0.09118810256873122 0.47309405735624355
-0.08511847030121378 0.49435929609993207
-0.07597983258037941 0.5139077672281855
-0.06350656444357754 0.5305267290305926
-0.047971854559608076 0.5431803479012333
-0.028797203137716876 0.5519214491894131
-0.007703690166483083 0.5561320143529426
0.01571271570176376 0.5564510590138119
0.03637342708427632 0.5541441427360467
0.056648082730197544 0.5506999621480912
0.17033723237393267 0.5460162170076268
0.14332540403733868 0.5470237296624159
0.12081554709017703 0.5478633235414067
0.10205733296754232 0.5485629851072324
0.08642548786534673 0.5491460364120871
0.07339895028018374 0.5496319124994661
0.06254350229254792 0.5500368092389486
0.19734906071052666 0.5450087043528378
0.2198589176576883 0.544169110473847
0.238617131780323 0.5434694489080212
0.25424897688251863 0.5428863976031665
0.2672755144676816 0.5424005215157875
0.27813096245531743 0.541995624776305
0.3019787116472025 0.5409512768547664
0.32382390374414277 0.5397097276395337
0.3442587281363015 0.5382837753292566
0.3634261928150832 0.5366976976846589
0.3814521011402409 0.5349717941270278
0.39844820176097856 0.5331230734156429
0.41451369824869355 0.5311656735902993
0.4297374178780122 0.529111307037554
0.4511671653687362 0.5258684090933192
0.47111883039199637 0.5224531759504887
0.4897996032910222 0.5188821949748624
0.5073933346203954 0.5151648689096903
0.5240663140069023 0.5113036847341333
0.5399737323838728 0.5072940071864165
0.5552662555526752 0.503123058542188
0.5700981553931346 0.4987676341227554
0.5846398290406061 0.4941899280610402
0.5990981819154243 0.4893288354086818
0.6137584219665685 0.48408161416313483
0.6290850127913441 0.47825807757438954
0.6460452841698512 0.47143313376854656
0.6679873382640693 0.46209516530241673
0.6877847355975896 0.45333670444196217
0.707556487948208 0.44452036386810695
0.7227778798839504 0.43788728745488187
0.7395565439040774 0.43095372259223885
1.0 0.33333028121855574
0.9690139351281444 0.34493202947916074
0.9408447852446392 0.35547907335243806
0.9152364671687255 0.36506729505541735
0.891956178008804 0.37378386023994403
0.8707922787725116 0.38170801040769553
0.8515523703758823 0.38891178328746967
0.8340615445607646 0.3954606677236279
0.8181607938197486 0.40141419902922637
0.8037055658733705 0.40682650021613403
0.7905644495584812 0.4117467740224137
0.7786179801813091 0.41621975020994073
0.7677575534747891 0.42028609219860164
0.7578844382870435 0.4239827667337479
0.7489088790254568 0.42734337994751725
