# CURVE 2D, normalized by CHORD
# COLUMN#1 = X-coordinate, COLUMN#2 = Y-coordinate
#-------------------------------------------------------------------------------
0.0 0.0
-0.01729967154522509 0.028094663449277628
-0.03442855480042285 0.05629376603748339
-0.0513658215932546 0.08460835694070803
-0.06808614663155309 0.11305157184235351
-0.08232128954396477 0.13772012260087996
-0.09634659266875088 0.1625085538044305
-0.11013112632713686 0.18743164183789904
-0.12405818687064034 0.2133042230853524
-0.13763109233786466 0.23936425030197425
-0.1471238405459261 0.25822258952098043
-0.15635826704475714 0.277208701117011
-0.1695153494035867 0.3057420676535166
-0.17898700187477806 0.32785999019230316
-0.19111281838839686 0.3595955537684377
-0.19796822525752308 0.38100439803780667
-0.20325376867151845 0.40232963965343205
-0.206142645028365 0.42325293146228515
-0.2049946147995238 0.44352714220540723
-0.1954840989373733 0.46130115386302395
-0.1751923603674172 0.4691510698039282
-0.15353598478632763 0.47353141279790645
-0.13119914213558653 0.4786408591366869
-0.11152379246447584 0.48371290982167
-0.07806905856658096 0.49379832610794444
-0.04995995419527675 0.5039902475258123
-0.024868689750579893 0.5146860763337288
-0.00038430394296482044 0.5267645250653663
0.029861791853417047 0.5438850090764419
0.0502637484346649 0.5563838951573182
0.07064391426934785 0.5689184207794108
0.09685986878125265 0.5838840959472879
0.11519919657525574 0.59300361975829
0.1409150252991135 0.6036446053733737
0.16901070553694833 0.6126183051413561
0.19106619334750793 0.6180360509623924
0.21793249020878783 0.6230805039140281
0.3388023694292454 0.6424507277132437
0.30851381344270684 0.6375967797172816
0.2832733501205914 0.6335518230539798
0.26223963068549516 0.6301810258345617
0.2447115311562483 0.6273720281517132
0.23010478154854258 0.6250311967493396
0.369090925415784 0.6473046757092059
0.39433138873789947 0.6513496323725076
0.41536510817299566 0.6547204295919258
0.43289320770224254 0.6575294272747743
0.44749995730994824 0.6598702586771479
0.459672248649703 0.6618209515124593
0.47637582578478194 0.6641102677039772
0.4926617076945179 0.6655970792424496
0.5088607025925242 0.6663470929732628
0.5250209858039374 0.6663711349345474
0.5411887013562292 0.6656707858355012
0.5574081060260234 0.6642386842990672
0.5737215820759006 0.6620586083160419
0.590169350521137 0.6591060304884345
0.6067890622035949 0.6553476004318414
0.6236147454717411 0.6507421008214533
0.6406754127424107 0.6452405041810959
0.6579928222470715 0.6387868945064415
0.675577843986174 0.6313211713977332
0.6934255207893795 0.6227820762806784
0.7115075078554343 0.6131137519799723
0.7297611447795244 0.6022767260419524
0.7480740114498623 0.5902653883429655
0.7662626282060929 0.5771360959818825
0.7781852144553882 0.5678355567433421
0.7898163081463535 0.5581911744632511
0.8063978777184475 0.5433677735534324
0.8214051661992599 0.5286971287463332
0.8341793302769873 0.5150463548984064
1.0 0.31806847721167986
0.979684230443408 0.34223337626220723
0.9612153490283244 0.3642014663081412
0.9444254568327939 0.38417245725899024
0.9291619184732206 0.4023279035779439
0.9152859745099722 0.4188328547769927
0.9026714799979283 0.4338373558670371
0.891203757714252 0.447477811403441
0.8807785556381825 0.4598782255274446
0.8713010992053921 0.4711513292765388
0.8626852297210372 0.48139960541207893
0.8548526210988965 0.49071622008075183
0.8477320678060412 0.4991858697795454
0.8412588375398091 0.5068855513239031
