# CURVE 2D, normalized by CHORD
# COLUMN#1 = X-coordinate, COLUMN#2 = Y-coordinate
#-------------------------------------------------------------------------------
0.0 0.0
-0.0019277242845282632 0.02946246816169045
-0.00409338655495688 0.058908390875367644
-0.00651523915751044 0.08833433605307775
-0.00980567474924629 0.1237833273246062
-0.013540395448024808 0.15918821947432527
-0.016969892752819786 0.188190272930935
-0.02076288246039271 0.21714699325792206
-0.024221680724632755 0.241195380994395
-0.027981896354347897 0.26519845664349145
-0.03140368568735124 0.285375891493704
-0.03507840445977256 0.3055087762760259
-0.04198389887217172 0.3396799361883475
-0.04866141789267198 0.3689174580294639
-0.05509383934180818 0.3941433877637396
-0.06127645112696145 0.41607228758247616
-0.06721228264327939 0.43526545760565316
-0.07837719727000073 0.46713945525296496
-0.08867592124622653 0.4923906810817494
-0.09820835917630673 0.5127669118618344
-0.10801010168505243 0.5324736868940904
-0.11600222742463387 0.5532553471737058
-0.12035641266509191 0.5728782210128983
-0.12025932754775719 0.593312197495397
-0.11334165334015055 0.6130719606130259
-0.09921025934412982 0.6293806035262635
-0.08157403686311687 0.640642386994239
-0.06055130649734357 0.6491027543873703
-0.03710174960512754 0.655324328483735
-0.008714121413748895 0.6602648571175485
0.021163191910513225 0.6635838978895912
0.04277343589310645 0.665189047773352
0.07369137031584906 0.6666975144515832
0.10426179347202129 0.6675697996847416
0.13484090306002547 0.6680623935899173
0.16943172300582335 0.668387715799752
0.2040229177869296 0.6686728557761527
0.23861248243663447 0.6691081653378415
0.27319610794396865 0.6698763582579901
0.36458845941782503 0.6725102831172929
0.3391220032771848 0.6717763406065089
0.31789995649331787 0.6711647218475222
0.30021491750676216 0.6706550395483666
0.2854773850179657 0.6702303042990704
0.3900549155584653 0.6732442256280768
0.4112769623423322 0.6738558443870636
0.42896200132888795 0.6743655266862192
0.4436995338176844 0.6747902619355154
0.45598081089168147 0.6751442079765957
0.47153337552901836 0.6753860217348311
0.4867521127079542 0.6752222394816128
0.5019140210029243 0.6746635342515677
0.5170158967379594 0.6737122524156159
0.5320527807406306 0.6723708011584398
0.5470177349579013 0.6706414628547672
0.5619017462777914 0.6685270219162068
0.5766934912442463 0.6660306753688381
0.5986774015901951 0.661579639859558
0.6203648289122996 0.6562982901362767
0.6416845789540001 0.6502145605703146
0.6625513012622111 0.643367490975512
0.6828660672547952 0.6358099346301931
0.7025182828908798 0.6276109657728102
0.7213890879771021 0.6188572929323655
0.7393561467816686 0.6096532370170074
0.7563010001715735 0.600119368836668
0.7721166307554994 0.5903884513119122
0.7867159214931185 0.5805996440127051
0.8000391886160666 0.5708910173218974
0.8120593067692952 0.5613914491166433
0.8260758234656552 0.5492417199644143
0.8378965113464761 0.5378649624039996
0.8498704074484128 0.5249150434931624
1.0 0.34637657389416965
0.9810616948375116 0.3689030271089887
0.963845053780704 0.3893816209406423
0.9481935619108788 0.4079985244239638
0.9339649329383105 0.42492298213607427
0.9210298156905211 0.44030885278344734
0.9092706181925309 0.4542960079174229
0.8985804386489032 0.46701160349376436
0.8888620936092418 0.4785712358358929
0.8800272344822769 0.48907999251055523
0.8719955443668542 0.49863340766933917
0.8646940078982882 0.507318330540961
0.858056247472319 0.515213714969708
0.8520219198123471 0.5223913371776598
