# CURVE 2D, normalized by CHORD
# COLUMN#1 = X-coordinate, COLUMN#2 = Y-coordinate
#-------------------------------------------------------------------------------
0.0 0.0
-0.006414755901004408 0.03296727908389273
-0.012625582025962737 0.0659735782349399
-0.018619133697577537 0.09902001477201083
-0.023429286604838517 0.12654437215208356
-0.028069435082039403 0.15409789385286882
-0.03252924352945182 0.1816811735058396
-0.037903686369944546 0.21667824332115956
-0.042944134431085426 0.25172495299963693
-0.046958887161674887 0.28167058791255395
-0.05068785799659754 0.31165313290753643
-0.05365154451698195 0.33749882785906016
-0.0563685749156093 0.3633716009206874
-0.05851227874012316 0.38585307117243317
-0.06044145590664267 0.40835395361324134
-0.06325142060826641 0.44775476323113544
-0.06506256331724443 0.482488662216099
-0.06607921034537016 0.5132885621841903
-0.06646084625376636 0.5407475624496607
-0.06633288240499842 0.5653496017465682
-0.06579471582683412 0.5874932408374016
-0.06492556121075643 0.6075088113677652
-0.06306907964029637 0.6345035350281584
-0.060561460967581256 0.6555642257909945
-0.056736814940746394 0.6760357830872334
-0.0506535656010321 0.6972981529904076
-0.04241569420716722 0.7161773704254099
-0.030855056081953377 0.7333525383364146
-0.01579511395861997 0.7472704805760573
0.0017130648627762383 0.7568943333939225
0.022825786344133972 0.7631921782438007
0.04669444286931159 0.7662657428675196
0.06966071857233473 0.7668488007161639
0.10310408642789035 0.7654349022213377
0.13423947771109876 0.7629887955271145
0.16586904177443335 0.7602404395386531
0.19752036468760917 0.7577588680719582
0.22333292116564377 0.7561905209708223
0.2632088498999303 0.7541723101549833
0.24743375721383892 0.7549707232249856
0.23428784664209612 0.7556360674499875
0.2789839425860217 0.753373897084981
0.2921298531577645 0.7527085528599792
0.3030847786342169 0.7521540993391442
0.3268090481236034 0.7508855569926144
0.35052527221354746 0.7494746680446805
0.3707515570832079 0.7481496438235864
0.39096960605767517 0.7467044401670511
0.42629183323347847 0.7438623716706175
0.4574734027755281 0.7409796687494424
0.4852511493747956 0.7380779186154037
0.5101917788674735 0.7351722258929378
0.5327387031707116 0.7322732095891591
0.5532439911792624 0.7293883391462309
0.5719923614334389 0.7265228239822376
0.5892167311463903 0.7236802279227281
0.6051090334582283 0.7208629199083715
0.6335132548565254 0.7153094153477692
0.6582117665479957 0.7098671241061784
0.6799372892996642 0.7045346903899612
0.6992392747549423 0.6993072019262426
0.7165367553057136 0.694177850960432
0.7321562266753959 0.6891387912637862
0.7463565472884885 0.6841816516743898
0.7654385484068582 0.6768809019577522
0.7823313620309795 0.6697165074898573
0.7974442273999964 0.6626602714671737
0.8110915081955554 0.6556846342369237
0.8274244485907398 0.6464626223170548
0.8420296251177763 0.6372729121588714
0.8552442925654797 0.628052055204468
0.8673283299782046 0.6187344879457926
0.8811520609422411 0.6068447488701849
0.8938422098944939 0.5945425865488608
0.9056477047982928 0.581649114695018
1.0 0.46945661131912575
0.986396121235195 0.4856379504572466
0.9740289587217359 0.5003482587646292
0.9627860837095004 0.5137212663167953
0.9525652882438318 0.5258785459096734
0.9432736560023148 0.5369306182668354
0.9348267176009357 0.5469779567733463
0.9271476826905911 0.5561119008701744
0.9201667418630052 0.5644154864127453
0.9138204320197452 0.5719642005423553
0.9080510594349633 0.5788266679329098
