# CURVE 2D, normalized by CHORD
# COLUMN#1 = X-coordinate, COLUMN#2 = Y-coordinate
#-------------------------------------------------------------------------------
0.0 0.0
-0.009515437782961291 0.019047932320002556
-0.01883518638935933 0.038192356042682854
-0.034296372090337215 0.0712299559082321
-0.047164125821188195 0.10025186500103887
-0.05792523110943927 0.1259214097285246
-0.06696011303487184 0.14876775842323142
-0.07456942588640668 0.1692178947439239
-0.08642283858331361 0.20425687447103882
-0.09490068758436629 0.23314907725898626
-0.10094458340227609 0.2573596292182144
-0.10519788619456583 0.2779334115684676
-0.10916826697267855 0.30359037829215313
-0.11110899650966755 0.324553793236342
-0.11159892473549449 0.34724335823654184
-0.11003602548141929 0.3696685237103552
-0.10617414802452205 0.39073473302052003
-0.09990498439222359 0.41005959556002525
-0.08760479700084116 0.4361747834561723
-0.07523196619808188 0.4589734573325463
-0.06197496815329191 0.4797458504374518
-0.048019971777164036 0.4977427443038864
-0.032956507414337255 0.5132180062408869
-0.015724209701508556 0.5267452121118275
0.003116816583458446 0.5375642860711771
0.022765136395577028 0.5455883352723568
0.04459077827292201 0.5517489363280991
0.07016553567535949 0.5564876446043806
0.10185595451668904 0.5600476835944974
0.12353788735905596 0.5615870767178752
0.1452467216804208 0.562690290978927
0.18357687105659312 0.5640585441488781
0.22191574781598156 0.5651647815240404
0.26025236364351306 0.5663456742692727
0.32983111764563455 0.5686877384263487
0.30743318789234486 0.5679338101731022
0.2887682464312701 0.5673055366287302
0.2732141285470411 0.5667819753417535
0.26025236364351695 0.5663456742692728
0.35222904739892424 0.5694416666795951
0.370893988859999 0.5700699402239672
0.386448106744228 0.5705935015109438
0.39940987164775216 0.5710298025834244
0.4174726491257972 0.5711529071960996
0.4347169832181953 0.5703440774205378
0.4515813434930543 0.5686490695595061
0.46824582523883046 0.5660709955918838
0.4849006077785097 0.5625768175165617
0.5017628205851858 0.5580888800433469
0.519104861614491 0.5524673404730441
0.5373086828287646 0.5454729185051908
0.5518824267556053 0.5390805052194795
0.5677237163515192 0.5313616834319475
0.5856970304733654 0.521693118836963
0.5998362769353188 0.5134723545876427
0.6178030798878702 0.5023674013347709
0.6306325966580978 0.49408507900245463
0.6484022603152129 0.48231365666644715
0.6661332038937654 0.47048386853581897
0.6806824669058255 0.4609527701710204
0.6961599007932628 0.45124327046053203
0.7111665966209462 0.44250842735688634
0.7255856329689524 0.4349902539880239
0.7394889669468084 0.42876866464323066
0.7552026819904502 0.4231941767831236
1.0 0.3496378322318922
0.969790626021104 0.3587151012932387
0.9423275587675622 0.3669671640762809
0.9173611339916152 0.374469039333592
0.8946643841952997 0.38128892593114755
0.8740309752895583 0.3874888228380162
0.8552733308297935 0.3931250927533514
0.8382209267754618 0.3982489744945652
0.8227187412715239 0.4029070488047595
0.8086258453588531 0.4071416618140271
0.7958141218018796 0.41099131000427036
0.7841671003864492 0.4144909901772188
0.7735788990996942 0.41767251760717194
0.7639532615662807 0.42056481527076567
