# CURVE 2D, normalized by CHORD
# COLUMN#1 = X-coordinate, COLUMN#2 = Y-coordinate
#-------------------------------------------------------------------------------
0.0 0.0
-0.0080771423235307 0.018707997608442575
-0.015895189358797548 0.037525728211359875
-0.029488891774593875 0.07225045882616053
-0.04119268208450318 0.10474605188659457
-0.05124459722282293 0.13525500549441727
-0.05984503019013378 0.16398713409219354
-0.06716359886568918 0.1911251060522535
-0.07334445667615452 0.21682873980305795
-0.07851039034693798 0.24123829782541617
-0.08276634347277267 0.2644774630190061
-0.08620234889325286 0.28665589515719964
-0.08889559195910116 0.30787092652754244
-0.09091260926885879 0.3282096392880671
-0.09313875407321351 0.3665618806581804
-0.09324898579068985 0.40224752918007683
-0.09151436941058469 0.435704864502889
-0.08813097980635322 0.4672977652760637
-0.0832355693526908 0.497332531346205
-0.07838253304493 0.5175516344931373
-0.06772836281968674 0.5345783360670548
-0.050439252217458465 0.5448266129884333
-0.02985421460183142 0.5478678007491178
-0.009399972320681411 0.5462474744364337
0.015331456230979654 0.5408460954825458
0.04196994066759035 0.5331187748701384
0.14519261069992218 0.5459153456198091
0.11898606850327734 0.5419155805087839
0.09714728333940663 0.5385824429162629
0.0789482957028477 0.5358048282558286
0.06378247267238193 0.5334901493721335
0.051144286813660456 0.5315612503023875
0.17139915289656701 0.5499151107308343
0.19323793806043774 0.5532482483233554
0.21143692569699668 0.5560258629837895
0.22660274872746244 0.5583405418674847
0.23924093458618392 0.5602694409372306
0.2580108707905727 0.5629899000624707
0.27496316288392914 0.5651868105612765
0.2907638948488644 0.5669960669520789
0.319458010005449 0.5696419386221656
0.3449816533299483 0.5712314865324939
0.3679783725237253 0.5719780071746473
0.3889281923598329 0.5720346525759075
0.4081990890622262 0.5715135090061633
0.4260788759180534 0.5704973088360319
0.44279732306424907 0.5690473978410752
0.4585408301420943 0.5672088782113378
0.4734643372065268 0.5650147649634651
0.4945899744043948 0.5611042321315064
0.5145207888729514 0.5564866722216111
0.5335546336244952 0.551171934890976
0.5519468214286658 0.5451399093053269
0.5699268743305871 0.5383404778826737
0.5877132197317521 0.5306908266769942
0.6055270546892421 0.5220680497553387
0.6236083697790994 0.5122970043374777
0.6422374346127646 0.5011280933153212
0.655131147189652 0.4927334365118188
0.6685559687958643 0.4834130728841375
0.6826821119166642 0.4729695719933568
0.6977356637850023 0.461131978284921
0.7140327686495818 0.4475125298105503
0.7320432357940455 0.4315266008624457
0.7525195497040352 0.41223108952283477
0.7640646349876767 0.40086222546827316
0.7768141893284248 0.38792804254201235
0.7911795891647567 0.37291393990465516
0.807838983118382 0.3549746217379299
0.8280604855632379 0.33253671487536274
0.8414792460164878 0.3173046381041998
0.854784684988295 0.3019734518615831
0.8775319767181979 0.27533481009368543
0.9000812052447025 0.24852821963168129
1.0 0.12907288126504507
0.985216978446695 0.14674634145895624
0.9717778679436904 0.16281312345342092
0.9595604947591407 0.17741928890293424
0.9484537918640957 0.19069762112976454
0.9383567892322365 0.2027688322450648
0.9291776959305463 0.21374266053170143
0.9208330656562825 0.22371886806500743
0.9132470381342246 0.23278814764074018
0.9063506494778082 0.24103294725504265
