# CURVE 2D, normalized by CHORD
# COLUMN#1 = X-coordinate, COLUMN#2 = Y-coordinate
#-------------------------------------------------------------------------------
0.0 0.0
-0.01683742587334411 0.033778572418091644
-0.033460114740161376 0.06766332075169536
-0.04984521427190048 0.10166357508170838
-0.06596581044377486 0.13579001075972402
-0.08178947226437387 0.17005510804267476
-0.09727674057224057 0.20447351628670404
-0.10978159959789421 0.23303157289017729
-0.12199009346143731 0.261717539179326
-0.13386079192057868 0.2905448793902751
-0.14534184332764993 0.3195295346103888
-0.15880266730986195 0.35534949823317674
-0.1714096375705466 0.3914783954921668
-0.17916595189999746 0.41557159624848444
-0.18634728081432828 0.43984214761075
-0.1951669706503089 0.47415483005926895
-0.20040939031850197 0.49953925475281324
-0.20511139501036293 0.5342238020748091
-0.2059711881139271 0.5565771280881896
-0.20427058159990044 0.5781769205050469
-0.19860950964726592 0.5990660959020137
-0.18712521221347553 0.6168572092958031
-0.17005368293818113 0.6279194816305845
-0.14840769297595652 0.6319106246276873
-0.12709661550795204 0.6303223353737585
-0.09889172349918701 0.6236597999369774
-0.07802091093739881 0.6196157929412912
-0.053576126646291626 0.6178194384009214
-0.02864984374366973 0.6201523969958247
-0.008579005395243951 0.6260658451428628
0.013283691764395943 0.6381255556463268
0.030274194685478626 0.6530763039224998
0.04439901169984284 0.6705103056074221
0.05830956341677901 0.6927749216560836
0.07029335234399485 0.7138166480421925
0.08345844119174621 0.7291020973379154
0.3428020508167573 0.722055246800831
0.2923577408822446 0.7237333873158649
0.2503208159368173 0.7251318377450597
0.21529004514896125 0.7262972131027221
0.1860977361590812 0.7272683592341075
0.16177081200084784 0.7280776476769285
0.14149837520232003 0.7287520547126128
0.12460467787021351 0.729314060575683
0.11052659676012477 0.7297823987949082
0.09879486250171746 0.7301726806442626
0.08901841728637805 0.7304979155187244
0.39324636075127 0.7203771062857971
0.4352832856966973 0.7189786558566023
0.4703140564845534 0.7178132804989399
0.4995063654744334 0.7168421343675545
0.5238332896326667 0.7160328459247335
0.5441057264311946 0.7153584388890492
0.5609994237633011 0.714796433025979
0.5750775048733898 0.7143280948067537
0.5868092391317972 0.7139378129573994
0.5965856843471365 0.7136125780829375
0.6358450769327945 0.7125351029651614
0.6751112673903066 0.7117355821389458
0.7143781240519872 0.7109686241069133
0.7536403380351276 0.7099967762152141
0.7819655166620461 0.7090254431048613
0.8102764173971158 0.7077044237599339
0.8446663284355777 0.7054330885735685
0.8699102941765375 0.7031301943334795
0.8897734724222407 0.7008177368330386
0.9060113113720826 0.6985164316385257
0.9312349207980869 0.6940013209046101
0.9500716641158928 0.689650571975314
0.9647321452886577 0.6854858545016742
0.981520966501934 0.679584252254617
0.997668969418935 0.6722926388224236
1.01179183137752 0.6639165549955024
1.0250709492143317 0.6531092597265932
1.0349821954986875 0.6413524339830246
1.0421274620882752 0.6278706064438248
1.0461542182285593 0.6127937466162953
1.046943381686245 0.5963837209376203
1.0 0.2793283479884026
1.0054881088106262 0.3159944786459698
1.0104772986384682 0.3493273246983035
1.0150129257546883 0.37962991201860696
1.01913622313307 0.4071777186734282
1.0228846752952354 0.4322211792687203
1.026292359079022 0.4549879616280767
1.029390253427919 0.47568503650021887
1.0322065210178253 0.49450055911125723
1.0347667642813765 0.5116055796667467
1.037094258157332 0.5271555983535552
1.039210161680928 0.5412919789779266
1.0411337103387426 0.5541432340909915
1.042882390936756 0.5658261932846869
1.0444721005713133 0.5764470652789555
1.0459172911481838 0.5861024034555632
