# CURVE 2D, normalized by CHORD
# COLUMN#1 = X-coordinate, COLUMN#2 = Y-coordinate
#-------------------------------------------------------------------------------
0.0 0.0
-0.00737779464120188 0.01862113954299269
-0.014564649610232768 0.03731679625692372
-0.02742788663526336 0.07236770660656007
-0.03888331745031975 0.10565622268328839
-0.04906917703656542 0.13733051877400823
-0.05810675555414886 0.1675232413113089
-0.06610269621625502 0.1963534059927466
-0.07315109311332622 0.22392823059442568
-0.07933507705552557 0.2503444591408209
-0.0847282697761329 0.2756896434460125
-0.08939597510972781 0.3000431862484083
-0.09339621872026108 0.32347727472315374
-0.09678071985334508 0.346057804647258
-0.09959552412468924 0.3678449042826115
-0.10188173050013176 0.38889364491753214
-0.10367597389144058 0.4092544604260776
-0.10591630089667761 0.4480945219631382
-0.1065390328599863 0.4846946843157603
-0.1057217159328634 0.5193367602571763
-0.1036051566604435 0.5522632010183275
-0.10030031313000547 0.5836845840128435
-0.09690560724301109 0.604921916918055
-0.08944374564976136 0.6237862860220885
-0.07709413548013368 0.6402048188525251
-0.06071306428359231 0.6534536830386863
-0.04278745890698177 0.6629736850372697
-0.023732960020800484 0.6698707784007616
-0.0022340775548903334 0.675047510596757
0.0198930427948721 0.6782964705748546
0.04647183006610836 0.6800304640118073
0.07160264662486993 0.6797131610770621
0.16024753102259387 0.6747506422458802
0.1355466559033829 0.6761334468911633
0.11496259330404043 0.677285784095566
0.09780920780458836 0.6782460650992348
0.0835147198883783 0.6790462992689588
0.18494840614180483 0.6733678376005972
0.20553246874114733 0.6722155003961946
0.2226858542405994 0.6712552193925257
0.23698034215680946 0.6704549852228018
0.24889241542031784 0.6697881234146984
0.2711128975471707 0.6682812366068348
0.29215787595470033 0.6663587666180396
0.3126407255592012 0.6640092409320636
0.332616331370428 0.6612491554328379
0.3521372144688332 0.6580908296704178
0.37125475603767544 0.654542750818902
0.39002011952727444 0.6506095282526223
0.40848530749686107 0.6462917224362034
0.42670418695244017 0.6415850421230334
0.4447344871712314 0.636480029634966
0.462639911270827 0.6309604639257292
0.48049370659005547 0.6250018020577106
0.498383879666089 0.6185679199174346
0.5164219304120188 0.6116059999386647
0.5347581391436933 0.6040374801573398
0.5536106938801013 0.5957407401752821
0.5733303680366225 0.5865119397751408
0.5945663277793244 0.5759670045657203
0.6188577236509173 0.563191898770767
0.6533707339144209 0.5439730133619229
0.681543338041435 0.5277599385061573
0.7098009469873169 0.5116962397753696
0.7245006611857576 0.5037556679765143
0.7418502684060118 0.4951229973403908
0.7579558987135124 0.4882265547258478
0.7723127340702374 0.48340372104794627
0.7873495810738685 0.48020050432891076
0.8036603136095528 0.4795884835555832
0.8197468229143727 0.48279815163088513
0.8338585365534376 0.4895159330286249
1.0 0.6042952458215818
0.9782500198439761 0.5892549604945534
0.958477310611227 0.5755819738336184
0.9405021203996369 0.5631519859600412
0.9241610383891005 0.5518519969840621
0.9093055092886129 0.5415792797331718
0.895800482833624 0.5322404458687261
0.8835231860563615 0.5237505969010482
0.8723620071679411 0.5160325523849775
0.8622154809057406 0.5090161482794585
0.8529913661219221 0.5026375990926232
0.8446058072275415 0.4968389180136819
0.8369825718690138 0.49156738976009895
