# CURVE 2D, normalized by CHORD
# COLUMN#1 = X-coordinate, COLUMN#2 = Y-coordinate
#-------------------------------------------------------------------------------
0.0 0.0
-0.013931724494460895 0.03571841704336871
-0.026167435631585384 0.06913040677263967
-0.037000178596148105 0.10072811315082406
-0.04657618093861448 0.13067264524837616
-0.0550226819702128 0.1591070361801778
-0.062450926580858684 0.18615895003104385
-0.06895844775487026 0.21194269282293907
-0.0746307412820415 0.23656058313445605
-0.07954331971222205 0.26010502347145226
-0.083762616779287 0.2826591063886142
-0.08734747155240287 0.304298150739305
-0.09034992818317816 0.32509036645121203
-0.09281625774392967 0.34509792178420934
-0.09629992625933942 0.38298008795838345
-0.09807518339004155 0.41834126420091683
-0.09836118350639492 0.45151495076858417
-0.09733148142998399 0.4827838933472171
-0.09512302178284741 0.5123896937176636
-0.09184296163646484 0.5405403849537769
-0.08729453802829741 0.5599944653369611
-0.07696130803147255 0.577353927323209
-0.061365581378843403 0.5899576924091241
-0.04286337165316589 0.5977311065442162
-0.022520822016208773 0.6021446132891265
0.002796368972904027 0.6044337815128632
0.03035915506032415 0.6046792431686686
0.052420947476086284 0.6039267017415142
0.07446328759650736 0.602723814946259
0.10650143712387086 0.6006939992101809
0.13855258075061022 0.5988866140300911
0.1608712772398774 0.5980544102998568
0.25538222204898475 0.5955877693459923
0.22904677064657672 0.5962750982378884
0.20710056114457 0.5968478723144683
0.18881205322623107 0.5973251840449516
0.17357162996094866 0.5977229438203544
0.16087127723987996 0.5980544102998567
0.2817176734513928 0.5949004404540963
0.3036638829533995 0.5943276663775163
0.32195239087173844 0.593850354647033
0.33719281413702085 0.5934525948716302
0.3498931668580896 0.5931211283921278
0.37848611779745256 0.5922032948169043
0.4019932904132789 0.5911573252901755
0.4222471899571421 0.5900068828579313
0.44009310629134274 0.5887733281982463
0.4560824338904762 0.5874708938305208
0.4839050975870807 0.5846960280736587
0.5076873642639783 0.5817324887075324
0.528575018253366 0.5786072108588954
0.5472971234066892 0.5753344908833475
0.5643483006452348 0.5719208851120436
0.5800812861182256 0.5683677537743308
0.5947583215375133 0.5646727212754049
0.6152209687659208 0.5588513746572552
0.6342622301062566 0.5526685713213881
0.652261811517413 0.546082530805879
0.6695174821727005 0.5390385444886541
0.6862757740993458 0.531467024268687
0.7027528193160045 0.5232799306254714
0.7191503387988415 0.5143657390548003
0.7356691714704828 0.5045817907217808
0.7525230279876671 0.49374267746459893
0.7699549210979265 0.4816025456461515
0.7820397653645034 0.47262621808876787
0.7946170408391511 0.46279678947859637
0.8078166069227097 0.45194929354048763
0.8218006189291955 0.43987071846887094
0.8367787659827227 0.42627800444251057
0.8530310143736837 0.4107852921997534
0.8709461062048914 0.392848168054808
0.8910906444680974 0.3716634455670979
0.9022546656176517 0.35948791746206327
0.9143410952419315 0.34597755872268554
0.9275536137486516 0.330838963254563
0.9424512166830571 0.31333699306189516
1.0 0.24488472323963972
0.9892537849142018 0.25766697113825826
0.9794844984725671 0.26928719650063876
0.970603328980172 0.2798510377391665
0.9625295385325401 0.2894545297741916
0.9551897290346928 0.29818497707876
0.9485171749457407 0.30612174735564035
