# CURVE 2D, normalized by CHORD
# COLUMN#1 = X-coordinate, COLUMN#2 = Y-coordinate
#-------------------------------------------------------------------------------
0.0 0.0
-0.01849316186898692 0.02858747655682113
-0.03658226281992381 0.057432233677672875
-0.054200614737790226 0.08656677689674566
-0.07127671977515862 0.11605705623876185
-0.08767991529075705 0.14592654978216507
-0.09878396821971734 0.16729925695676162
-0.10940013648180165 0.18891826439580894
-0.12394322477165534 0.22129893625281982
-0.1338929443013901 0.24646750236999754
-0.14078816622537935 0.26654382176742974
-0.14890592873305433 0.2964989011159738
-0.15262451830149634 0.31777483253828376
-0.154003138386355 0.3402933986038606
-0.1520276679936036 0.3605964047465611
-0.14527041230784019 0.38078225315459685
-0.13348635599011233 0.39713359925400316
-0.11567260293641911 0.40982785974196756
-0.09524501023206507 0.4171652689704402
-0.07258483974596994 0.42142301429091295
-0.049244296766055115 0.42970935181240644
-0.031781934058748636 0.4403700235953669
-0.014191531567839198 0.45617561626583
-0.00021214734879876243 0.4734738332216249
0.015280876439875359 0.49922210866938965
0.027491277201801858 0.525926390510318
0.03547757501477262 0.5470247374697524
0.042376325372979785 0.56726574056886
0.0492436700306167 0.5875172455908566
0.05754202182794771 0.6057423401699911
0.2858737515284224 0.5765188327679625
0.23999411417926708 0.5833917213243042
0.20176108305497092 0.5891191284545889
0.16990022378472414 0.5938919677298261
0.14334950772618515 0.5978693337925239
0.12122391101073601 0.6011838055114387
0.10278591374786172 0.603945865277201
0.08742091602879981 0.6062475817486696
0.0746167512629149 0.6081656788082268
0.06394661395801077 0.6097640930245244
0.33175338887757777 0.5696459442116207
0.3699864200018739 0.5639185370813361
0.40184727927212066 0.5591456978060988
0.42839799533065964 0.5551683317434011
0.4505235920461088 0.5518538600244863
0.46896158930898313 0.549091800258724
0.484326587028045 0.5467900837872555
0.4971307517939299 0.5448719867276982
0.507800889098834 0.5432735725114006
0.523592475444652 0.5402725748576801
0.5412885393288214 0.5356600291438641
0.5586426199275062 0.5300629023362473
0.5739608127765906 0.5243181369992453
0.5903505458673362 0.5173767734426944
0.6076452369386505 0.5091829225125087
0.621123894708986 0.5021834630339905
0.6349807793093266 0.4944258842974581
0.6491725117076084 0.48588497494721505
0.663662267538474 0.47653286248674914
0.678419002154935 0.46633823291793114
0.6934166204740988 0.45526583464334025
0.708633281937608 0.4432757267152405
0.7240507521781644 0.4303224086821178
0.7396536767949822 0.4163545492457398
0.7554291008274692 0.40131364459470614
0.7660362863143564 0.39065802935034716
0.7767121439062353 0.3794746942263362
0.7874538792852368 0.3677399960157177
0.7982587874732836 0.3554284419460789
1.0 0.11553699481203594
0.9765579358064825 0.14342051225371327
0.9552469683578304 0.16876916447341989
0.9358733615863285 0.19181339376406226
0.918260991794054 0.21276269311919171
0.9022497465283499 0.2318075107147639
0.8876940690140734 0.24912098125619317
0.8744616349101857 0.26486049993021976
0.8624321493611969 0.279169153270244
0.8514962534075707 0.2921770199429933
0.8415545298133651 0.3040023532818562
0.8325165992731782 0.3147526563171862
0.8243002987820992 0.32452565907657704
0.8168309346993001 0.33341020703965973
0.8100406037149372 0.34148706882428026
0.8038675755473347 0.3488296704466626
