# CURVE 2D, normalized by CHORD
# COLUMN#1 = X-coordinate, COLUMN#2 = Y-coordinate
#-------------------------------------------------------------------------------
-0.3305044691355333 1.1406522398464118
-0.3304457145213511 1.1134299616120524
-0.32950293333182196 1.1626285908974876
-0.3287262265652037 1.0789794138667412
-0.3269542762992254 1.0581500061892066
-0.32682247913168766 1.1883293478199728
-0.3243468484665486 1.0342534634099845
-0.32127000316565163 1.2243710015108091
-0.32066313642588506 1.006616112048067
-0.3155795717796558 0.9743644700081585
-0.31535306814804476 1.2575958932483244
-0.30933775878567005 1.287261353949115
-0.30865592436376166 0.9363511586216714
-0.304103727436683 0.9136673602231952
-0.30327421639359503 1.3138916966365106
-0.29928219659051425 0.891039253198816
-0.29719881812112237 1.3379164517318276
-0.29310279574564907 0.8636483359808205
-0.2911377627884256 1.359687848043302
-0.2865982360468043 0.8363327745861286
-0.28510956994099335 1.3795038262740282
-0.2781813124750293 0.8027715339287699
-0.2731990113295588 1.4142098438828186
-0.26936613427192563 0.7693126461055932
-0.26172073713917 0.7414148523941038
-0.26152399971489537 1.4435895826203227
-0.25384586137520143 0.7135809505156429
-0.2501003695721809 1.4687681090309046
-0.2457593520803404 0.6858077846642829
-0.2389197781313798 1.4905841496880599
-0.23512608445969238 0.6503467952334989
-0.22795999746810602 1.509670194546687
-0.22420026894409287 0.6149748276664624
-0.21300663490633867 0.5796866826372156
-0.21186626792322258 1.5342138175223428
-0.201760347510251 0.5450671025522322
-0.19607805017697397 1.5548990671954908
-0.19029385125446965 0.5105198243114175
-0.1804600794380947 1.5725808406022699
-0.1786229174795166 0.4760410652735699
-0.1667616163366183 0.4416273250901666
-0.16486684263056042 1.5878769217696829
-0.15375796540813808 0.40454676383227833
-0.14914122070275806 1.6012362371055764
-0.1405611359361693 0.36753450741254623
-0.12766406683745513 1.6165977858340894
-0.12718363309090763 0.3305871632269485
-0.1136368554683279 0.293701543128387
-0.10515086599708132 1.6296487387183247
-0.09993091354400876 0.25687476490790717
-0.08604610729361352 0.2200276676225846
-0.08096612440472443 1.6407358131774081
-0.0720191574170704 0.18323444386500312
-0.06120033892088279 1.6478726134860946
-0.057857769936628986 0.14649275196487996
-0.04356897053749395 0.10980042048260345
-0.039429097623239505 1.6540129739090328
-0.02915920479868539 0.07315542397048387
-0.014780524090554793 1.659093276318332
-0.01463439291151271 0.036555873662055836
0.0 0.0
0.01427728724350632 1.6629368822661765
0.037582748856444075 1.6646268730564926
0.06648742239837932 1.6653332276244812
0.08756163200521545 1.6650723229333357
0.10862393179821837 1.6643099437921405
0.1405944983509616 1.6624950678594943
0.17254303161419998 1.660319763040288
0.1938180940015078 1.6589294673587274
0.215107881525657 1.657790123406968
0.24845509465731233 1.6570172593334684
0.2694807120374476 1.6575563585193966
0.29211190692216027 1.6594735990962879
0.31405446870057996 1.663183306935473
0.32323989268614145 1.665446146812748
0.33320705121901684 1.6681686006563745
0.34516764145846734 1.6714355452687264
0.35952034974580793 1.6753558788035485
0.3767435996906166 1.6800602790453354
0.39741149962438704 1.6857055593354793
0.42221297954491155 1.6924798956836522
0.451974755449541 1.7006090993014595
0.4817365313541705 1.7087383029192669
0.506538011274695 1.7155126392674398
0.5272059112084654 1.7211579195575837
0.5444291611532741 1.7258623197993705
0.5587818694406147 1.7297826533341927
0.5707424596800651 1.7330495979465446
0.5807096182129405 1.7357720517901711
0.6082177754526418 1.7422021899120275
0.6237258895056542 1.7449730314987253
0.6408036652285715 1.7474077278797602
0.6596403267324327 1.7494195156957213
0.6804390703911548 1.7509023476894037
0.703409794733786 1.7517289694527802
0.7287626314841514 1.7517483401629106
0.7566899757004406 1.750786436611959
0.7873467402271178 1.7486481696745877
0.8208161068765338 1.7451266403333647
0.8570743414081979 1.740016696580948
0.8959537872098798 1.7331350297457118
0.9165707867715196 1.7289222758109437
0.9371104999666028 1.7243474757671509
0.9586088890108198 1.719161167973198
0.9800127445184842 1.7135975288993905
1.0 0.33850422242001516
1.002042773244631 1.7074558489124065
1.0239614041666176 1.700927731499007
1.0461159846948855 1.6939036130941496
1.050009001636884 0.4123466317779053
1.0681434533243488 1.6864904908133038
1.0899993391117733 1.6787054638338137
1.0954717303976873 0.47947609483053266
1.1117149171601226 1.6705372351923882
1.1328778126789254 1.6621494887223491
1.1368014838165994 0.5405028794238302
1.153889974213624 1.6533909979497883
1.1740321253179065 1.644576519543233
1.1743739869247016 0.5959817745086462
1.1940160657164318 1.6354090284718263
1.208530807932067 0.6464171336766608
1.2128979859428979 1.626341830375158
1.2316176091714377 1.6169441679489667
1.2395824633933084 0.6922674601930376
1.2664054266726712 1.5983147109602704
1.267811241085346 0.7339495752079257
1.2934737662599254 0.771842407039642
1.2982596292120492 1.5797861158410273
1.3168033346004524 0.806290435977566
1.327192527614772 1.561564764675986
1.3380120330918406 0.8376068259211333
1.3533146107009941 1.5437999248568808
1.3572926680840114 0.8660762713243764
1.3748205180768942 0.8919575853273243
1.3767969729244554 1.5265911450745373
1.390754927161333 0.9154860526027317
1.39784435984253 1.5099973130335893
1.405240753601732 0.9368755683076475
1.4166739441914533 1.4940459930631382
1.4184096867293674 0.9563205825848438
1.4303814441181268 0.9739978682913857
1.4335002635592733 1.4787420370760578
1.44126485992609 0.9900681280246058
1.448528952819635 1.4640735837880676
1.4511588742969654 1.0046774550548057
1.4601534328159433 1.0179586614458966
1.4619508708474953 1.4500175847281545
1.468330304196832 1.0300324854377974
1.4739381933101474 1.4365445112429396
1.4757638236340038 1.0410086890667982
1.4825215685768873 1.0509870560022534
1.484645630968854 1.4236206633716635
1.4886649730704176 1.060058298670849
1.4942120874944207 1.4112096790061333
1.4942498862463545 1.0683048829150268
1.4993270800426606 1.0758017776824613
1.503942710766575 1.0826171365619472
1.5081387386974066 1.0888129173614798
1.5103914996930285 1.3877820315450486
1.5152930314604682 1.0998078539865725
1.5232805229800606 1.3659787614158083
1.5267603823195366 1.119671846608257
1.5334954251073953 1.3455368005757395
1.535909506297752 1.1384652539451632
1.5415013307161836 1.3262202881262888
1.543132933264474 1.1564188232695203
1.5476485141900305 1.307818476559095
1.5487179087614718 1.1737315477927823
1.552197946399911 1.2901426358835766
1.5528674333702066 1.1905773096684764
1.555338488786927 1.2730228159536188
1.5557235380779026 1.2071139419877073
1.5572007569705435 1.2563032850331315
1.557376046477798 1.2234876430354975
1.5578670277186484 1.2398381413649233
