# CURVE 2D, normalized by CHORD
# COLUMN#1 = X-coordinate, COLUMN#2 = Y-coordinate
#-------------------------------------------------------------------------------
-0.1351213279167021 0.3731511531650477
-0.13478873641041494 0.35133588764501106
-0.13353427257395098 0.3990426312107052
-0.13280116816174892 0.32688872208548947
-0.13006723607731363 0.4221203650949396
-0.12868754464303553 0.2991071466977437
-0.1250077424025167 0.443066552286406
-0.12443422308131918 0.27827668180449233
-0.11865233038317681 0.25518128598497963
-0.11849770649078374 0.46239444498896776
-0.11096896841765808 0.2293583807875652
-0.10835845995643932 0.4848764510592387
-0.10088670500794354 0.20021749559325466
-0.09584724947123727 0.5060527327055006
-0.08773175784793524 0.16699223511951217
-0.08388282028411782 0.5223780973052163
-0.07972541636745953 0.14854450903745003
-0.07057818459860467 0.12867295176994992
-0.07006457992547593 0.5384069073167759
-0.060114944610615145 0.10719575439551328
-0.05590434362166316 0.5541377837488103
-0.048127253080218785 0.08390110702947037
-0.03697260438434432 0.5740070531554783
-0.03436332681826637 0.05853819253452494
-0.019017232873700936 0.5908829149813907
-0.018519210354654574 0.030810579161288622
-0.00021251170388977565 0.6060045730787255
0.0 0.0
0.016879121169413706 0.6174121091806295
0.038471514304471266 0.6289058578144239
0.05739372985904524 0.6366822917608188
0.07925114186437812 0.6434851081796998
0.09875838441425785 0.6479539659187158
0.12242095665241398 0.6517521964504398
0.15254505875085123 0.654563769228012
0.1781839732945657 0.6555615361398001
0.21072139365737533 0.655395200963021
0.23096976687252005 0.6546359597721525
0.24225079011024656 0.6540906205460657
0.25578801799551837 0.6534362134747614
0.27203269145784453 0.6526509249891965
0.29152629961263593 0.6517085788065184
0.31101990776742733 0.6507662326238404
0.3272645812297535 0.6499809441382755
0.34080180911502533 0.6493265370669712
0.35208283235275184 0.6487811978408844
0.37098606440441717 0.6477527702181843
0.3886016370645964 0.6465812477766136
0.4054090494253136 0.645261979569507
0.42146106970678116 0.6438092639544722
0.4368057832197548 0.6422358652476735
0.4655476542964404 0.6387718838044493
0.49195017350493014 0.6349488646534613
0.5162831691718681 0.6308307960694289
0.5387776922589673 0.6264696086673411
0.5596328193550347 0.6219075511325657
0.5790214689757841 0.6171790782603638
0.5970938418907992 0.6123121955032823
0.6139806698526143 0.6073296006543972
0.6297974336152068 0.6022497354030775
0.6446450122843704 0.5970873638644112
0.6652916692269767 0.5892141889559145
0.6842163053436937 0.5812108900843878
0.7016369706002288 0.5730970451829379
0.7177382381264155 0.5648843694726824
0.7326769211064315 0.5565781989320063
0.7465873491802739 0.5481786027338973
0.7595850280841911 0.5396811001763574
0.775666825552779 0.5281835052255163
0.7905058962820716 0.5164654311797204
0.80427382225761 0.5044836582511802
0.8171179438639476 0.492180935199643
0.8291677032909025 0.4794823251992158
0.83786141082267 0.46951378546074884
0.8436572530257033 0.46261983338283497
0.8500326794490399 0.45503648609712977
0.8570456485147103 0.446694804082854
0.8647599144869477 0.4375189538671506
0.8732456070564087 0.42742551862987693
0.8825798688828159 0.4163227398688759
0.8928475568918639 0.40410968323177476
0.9041420137018166 0.39067532093096347
0.9165659161927646 0.375897522400071
0.9302322089328074 0.3596419440160894
0.9452651309468545 0.34176080779370954
0.9618013451623063 0.3220915579490918
0.9799911807993033 0.3004553831200122
1.0 0.2766555908080246
