# CURVE 2D, normalized by CHORD
# COLUMN#1 = X-coordinate, COLUMN#2 = Y-coordinate
#-------------------------------------------------------------------------------
-0.18953827173281013 0.4618654546862739
-0.18878377130446597 0.436817305856954
-0.18836290515443807 0.48272487398999425
-0.18640917224828077 0.4142894744846036
-0.1849934423902807 0.5045856109164681
-0.18180151522588814 0.3874109732135818
-0.17890293771980273 0.5264775615573327
-0.17702240688014717 0.36634514321653266
-0.17099852502919824 0.5451117272500255
-0.17039802030305962 0.3420522814155322
-0.1613343442725582 0.3136944446682392
-0.1595874243853896 0.5640761518846734
-0.14898814255154294 0.28013237115665796
-0.1454926573098765 0.5810385926057545
-0.14122096999829548 0.26092647697450777
-0.1321330978442055 0.23977787815887358
-0.13065688434960898 0.5945021913724698
-0.12147551731337314 0.21637968680450312
-0.10893977422045437 0.19035959390552376
-0.1055620120436858 0.6136236178330775
-0.09414025377884178 0.16126171970907305
-0.0805130380661566 0.6328057218456689
-0.07659132503747013 0.12852390071852224
-0.06623226275221819 0.1099275819675496
-0.05567362279901831 0.0914438329362489
-0.05539773021455123 0.6519007222311903
-0.04324541674147238 0.07022229738510381
-0.03254291302136164 0.6687419608020352
-0.030589467402820127 0.04913576874858282
-0.015428095889718841 0.024484873279062045
-0.007506322518672322 0.6859953753646352
0.0 0.0
0.009974166092924817 0.6969381353199553
0.03132856843551568 0.7087600528908811
0.0505957911337536 0.7178377400662264
0.06980245912307134 0.7254024895838556
0.09046893473579722 0.7320263338184505
0.11439911411618335 0.7380121807030664
0.14456639428034487 0.7435001164896607
0.17100460198739312 0.746865761338131
0.20696121796774708 0.7498640286611314
0.23116259365194286 0.7511170754467673
0.2629039809631039 0.7520689513564164
0.2735710799527438 0.7522785321866877
0.28637159874031165 0.7525300291830134
0.3017322212853931 0.7528318255786042
0.3170928438304746 0.7531336219741949
0.3298933626180424 0.7533851189705205
0.34056046160768233 0.7535946998007919
0.3623556017990706 0.7537386903872594
0.38306899919189674 0.7533363384393149
0.40310412189995737 0.7524294258984432
0.422506195768529 0.7510484216213587
0.44131717204933846 0.749220445330619
0.45957534390245486 0.7469691138642932
0.47731578276162157 0.7443149716288717
0.4945710893741868 0.7412761644950124
0.5113710278649259 0.7378682271205407
0.527743094618233 0.7341045900073885
0.5437126595512871 0.7299967488419636
0.5593030691161708 0.725554391248152
0.5745356942097539 0.7207854593133782
0.5894304587207858 0.7156966630391521
0.6040053275816227 0.710293021647081
0.618277081423113 0.7045786342981096
0.6322607637864595 0.6985561504765613
0.6459703144769675 0.6922274568836402
0.666047381731661 0.6821614712680193
0.6855721609958885 0.6714069797484871
0.7045752154145851 0.659959214171137
0.7230810511815963 0.6478103570686919
0.7411080889477265 0.6349502160244693
0.7586685861872289 0.6213670568117335
0.7757684642351373 0.6070485737204571
0.792406981048891 0.5919829285449647
0.8032395750519207 0.5815191521055367
0.8138598576946354 0.5707168200995802
0.8242623246135868 0.559574868571224
0.8344399067108285 0.5480934581900195
0.8395943781721936 0.5420445482811167
0.8461354826343077 0.5342641327489542
0.8533306975426332 0.5257056756635756
0.8612454339417912 0.516291372869659
0.8699516439808651 0.5059356397963508
0.8795284750238463 0.4945443334157118
0.8900629891711257 0.48201389639700887
0.901650954733133 0.46823041567643564
0.914397716851341 0.45306858688380514
0.9284191551813697 0.4363905752119115
0.9438427373444015 0.41804476237282856
0.9608086777237363 0.3978643682498373
0.9794712121410047 0.3756659347145469
1.0 0.3512476578257274
