# CURVE 2D, normalized by CHORD
# COLUMN#1 = X-coordinate, COLUMN#2 = Y-coordinate
#-------------------------------------------------------------------------------
-0.10485873608696868 0.47642605281327843
-0.10444071630129502 0.44016015473359293
-0.10376795618448859 0.5103709135016719
-0.10228905925719371 0.4012041400367247
-0.1013436000390022 0.5423056552967817
-0.10047613509606404 0.3805826589598603
-0.09811602734537775 0.359116277835173
-0.09773787699261581 0.5723778079946343
-0.09515991640720534 0.3367352027965407
-0.09239095058003527 0.5936468896538465
-0.09155248936202111 0.3133624538283269
-0.08723074192471751 0.2889125453451618
-0.08333052436189033 0.6115601751208914
-0.08212315468793424 0.263290839623757
-0.07614805424430943 0.2363917972731327
-0.06985953409544725 0.6279255896118627
-0.06921197421376413 0.20809739814826844
-0.06120798807152146 0.17827569219703443
-0.0521826307040963 0.6420306922651419
-0.05201313683925139 0.14677825783923407
-0.041485734966511034 0.11343776531118231
-0.03265490041472392 0.652684242130536
-0.02946177152164278 0.07806460188853077
-0.022709050668406276 0.05921678677313545
-0.0157511979658513 0.040443722493304295
-0.013955621082264943 0.6599306852388971
-0.007986712224863577 0.020178591547186746
0.0 0.0
0.010512046507591384 0.6664488716067423
0.035785807974014934 0.6706020926852473
0.05904769087687435 0.6726354450594503
0.08678141430331078 0.6732387158807406
0.10807771501048 0.672551710382376
0.13178187931822752 0.6707502919036844
0.1579360332056476 0.6676114072175474
0.18645167157810577 0.6629210438194644
0.20175325142190553 0.6598883619299029
0.21207505478560532 0.6577243733452345
0.22446121882204506 0.6551275870436324
0.23932461566577273 0.6520114434817099
0.257160691878246 0.6482720712074029
0.2749967680907192 0.644532698933096
0.28986016493444694 0.6414165553711735
0.30224632897088666 0.6388197690695714
0.31256813233458647 0.636655780484903
0.3430548361691692 0.6303518626332618
0.3735735350197974 0.6242046672221392
0.40788544505711327 0.6174598734139626
0.4422224809931001 0.6108441003938493
0.4765732445497189 0.6042999164837869
0.5109224931664567 0.5977477984422436
0.5368165158200128 0.5927349556033524
0.5626850052732003 0.5875921339940237
0.5886160034275506 0.5822145009021432
0.6071351592333929 0.5781747792396672
0.6217635915244742 0.5748267681087529
0.6443680043813498 0.5692972923300105
0.6616905134160264 0.5646822168662775
0.681934832395837 0.5587398411402303
0.6978881691950524 0.5535210133225072
0.7149665214013905 0.5472571308021448
0.7288674666171738 0.5415048232834194
0.7432497480092622 0.5347696853459822
0.7575156319759608 0.5270905674477842
0.7713697928327493 0.5184068016142942
0.7847226873913511 0.5085427423847164
0.7962721087301042 0.49845626150873945
0.8077933249850471 0.48648461968737594
0.8103043506894926 0.48356160923190605
0.8162747892323967 0.4764599808995527
0.8228422716295912 0.46864818973396405
0.8300665022665051 0.4600552194518165
0.8380131559671106 0.4506029521414542
0.8467544750377765 0.4402054581000557
0.8563699260155089 0.4287682146545173
0.8669469220910146 0.4161872468644251
0.8785816177740711 0.40234818229532365
0.891379783025433 0.3871252112693121
0.9054577648019312 0.37037994314069933
0.9209435447560791 0.35196014819922533
0.9379779027056419 0.3316983737636039
0.956715696450161 0.3094104218844203
0.9773272695691319 0.2848936748173184
1.0 0.2579252530435062
