# CURVE 2D, normalized by CHORD
# COLUMN#1 = X-coordinate, COLUMN#2 = Y-coordinate
#-------------------------------------------------------------------------------
-0.2146254321509052 0.451674619741703
-0.21242823749262874 0.4308867896587342
-0.2098722909029067 0.47136924974975297
-0.20713799220968582 0.409088844674723
-0.1989162827528406 0.38383695584661404
-0.19184919547426976 0.36506958520372373
-0.1882843849192349 0.4798219574202556
-0.18125752595318217 0.33943252372183885
-0.17317153454461753 0.3211098721500929
-0.1680870828075988 0.4823287363392023
-0.16479906577477946 0.30291625179463555
-0.15158021768423557 0.27536322390977175
-0.13793145586681066 0.2480204500393701
-0.13311719806201222 0.48833740037016304
-0.12259230529583098 0.21828040853219957
-0.10691660482325863 0.18871629854217647
-0.10344298411065443 0.4953937518543164
-0.09096087995908213 0.15930232443993605
-0.07732986588131611 0.503379028870861
-0.0731947483981177 0.12720073895530556
-0.055185669527368926 0.09523478469230792
-0.05337916421059018 0.5123973895702529
-0.03696681688504993 0.06338790281116724
-0.030124414586950043 0.522883011013262
-0.018564505200664643 0.03164666244990999
-0.004940188033325695 0.5362378431534467
0.0 0.0
0.023482327440568516 0.5534652062319929
0.05149193079732983 0.5713617906237075
0.07727810749684655 0.5866383991077009
0.09965351152746513 0.5975501989733393
0.11849025315556373 0.604580129956421
0.14349159335449435 0.6108471786285867
0.16434731773940722 0.6136711675822358
0.18909527076065583 0.6146449335356345
0.2094304383713085 0.6138456386773333
0.2094304383713105 0.6138456386773332
0.22005577134581109 0.6130984777755725
0.2328061709152118 0.6122018846934596
0.24810665039849264 0.6111259729949241
0.26646722577842963 0.6098348789566815
0.28849991623435406 0.6082855661107905
0.31493914478146334 0.6064263906957212
0.34666621903799444 0.6041953801976381
0.3847387081458318 0.6015181675999384
0.4228111972536691 0.5988409550022387
0.4545382715102002 0.5966099445041555
0.48097750005730955 0.5947507690890862
0.5030101905132339 0.5932014562431952
0.521370765893171 0.5919103622049526
0.5366712453764517 0.5908344505064171
0.5494216449458524 0.5899378574243043
0.5600469779203531 0.5891906965225435
0.5750563084612622 0.5873519211571655
0.5901995834966834 0.5843698481639487
0.6064106891181509 0.5803034319980084
0.6208790447887602 0.5760517307675512
0.6368941465721445 0.5707360191418632
0.6538427057101184 0.564450358793901
0.6710592881241968 0.5573769020095465
0.6879619547493475 0.5497365896460111
0.7041232220822693 0.5417444218799533
0.7192776528287917 0.5335831095096971
0.7332937041462486 0.5253940759901088
0.7461358353624881 0.5172792821981543
0.7614830249808529 0.5066904649408024
0.7749450852913639 0.4964494706415121
0.786718517992511 0.48659858085238294
0.7993679447553059 0.47484452685431583
0.8100592563181966 0.46368680320140293
0.8157709547608479 0.45713492003722167
0.8215693386268786 0.45023794473985357
0.8279475608795124 0.44265127191274867
0.8349636053574094 0.43430593180293325
0.8426812542830963 0.4251260576821363
0.8511706681013518 0.4150281961492597
0.8605090233014329 0.4039205484630954
0.870781214021522 0.39170213600831466
0.8820806238136201 0.3782618823080558
0.894509974584928 0.3634776032377711
0.9081822604333667 0.347214896260458
0.9232217748666491 0.3293259185854135
0.93976524074326 0.3096480431428646
0.9579630532075318 0.2880023801560608
0.977980646918231 0.26419215087057657
1.0 0.23800089865654386
