# CURVE 2D, normalized by CHORD
# COLUMN#1 = X-coordinate, COLUMN#2 = Y-coordinate
#-------------------------------------------------------------------------------
-0.21170604589138892 0.5139151723230581
-0.2109977150240022 0.5352216423890076
-0.21099407088741315 0.4901172999840156
-0.20848169248225001 0.4631974642301364
-0.2082864618328571 0.5605700169270732
-0.20554351006134186 0.4431114773518217
-0.20391719455094864 0.5831905379242612
-0.20134258720305764 0.4209485144065405
-0.19812538877852068 0.6037141961116391
-0.1955890835562686 0.39630930829775496
-0.19102533151334658 0.6226180770245553
-0.1879014435825706 0.36869066139885087
-0.18033488180654073 0.6445261150767421
-0.17777160011642318 0.3374502323056575
-0.16749361562993884 0.6650371922242654
-0.1645132668263769 0.30175532820459605
-0.1564294074209752 0.28190751535545355
-0.15217228313580416 0.6845857107388895
-0.14718477280412817 0.26050879286799816
-0.13776233556749534 0.6997650907327572
-0.13660175992260143 0.23736176583667992
-0.12446935984546383 0.21223674248593835
-0.12003470570436152 0.7156962591467749
-0.11053387409022576 0.1848629059354333
-0.1034203819948623 0.7293056902444481
-0.09448848811724002 0.15491913849441788
-0.08183730385828597 0.7451811217915876
-0.07596046046054025 0.12202309371260694
-0.06532198509097487 0.10381275379094962
-0.06275678304804816 0.7574333645867863
-0.05449277486436011 0.08571517630681798
-0.04505227792480233 0.767278396658088
-0.042112729115385966 0.06551158830594918
-0.02952112660470105 0.04543915299872685
-0.022124496052788944 0.7778974482134748
-0.014881213005714359 0.022641202096575712
0.0 0.0
0.0018729523275997566 0.786628365007596
0.022361849500505203 0.792410537694961
0.04819520960514819 0.7979483471287903
0.07321180192430088 0.8019519125877627
0.09308407328241228 0.8045060824898472
0.12905964537247314 0.8084148278623466
0.16505385301809597 0.812151362132406
0.18715416131532522 0.8146198257238548
0.20922678338001738 0.8173242096146665
0.20922678338002224 0.8173242096146671
0.22022009211759191 0.8187407801310169
0.23341206260267555 0.8204406647506368
0.2492424271847759 0.8224805262941806
0.26507279176687626 0.8245203878377243
0.27826476225195984 0.8262202724573441
0.28925807098952955 0.8276368429736939
0.30419630077949406 0.8294484286702183
0.3318249266526682 0.8321872960562421
0.35800760308327173 0.8340186883791976
0.3828956676503666 0.8350362113796911
0.4066223323932603 0.835318398237151
0.4293054410857444 0.834931068778832
0.451049526106731 0.83392907031105
0.4719484112137043 0.8323582545119
0.49208657449092913 0.8302565724127295
0.5115400449182563 0.8276547352058481
0.5303780737256794 0.8245773483555151
0.5486641237191784 0.8210435451511607
0.5664566271935354 0.8170673880950671
0.5838094222992332 0.8126578485792239
0.600773462146836 0.8078200466421172
0.6173964048762712 0.8025543320012815
0.6337237049725415 0.7968567180497169
0.6497993593415127 0.790719080877917
0.6656661938729863 0.7841284501471648
0.6813666908336099 0.777066905504738
0.6969436817315143 0.769511062155221
0.7124411173904682 0.7614310412043942
0.7279051328981057 0.7527897942645737
0.7433852566765874 0.7435411362716923
0.7589361132791194 0.7336279144639903
0.7746197430342374 0.7229787674148822
0.7905089952907085 0.7115035354837029
0.8066925265867534 0.6990866712176833
0.823282827251126 0.6855762936868663
0.840429906252991 0.6707656725011211
0.8583463721255272 0.6543596971876757
0.8773568848382618 0.6359100588581573
0.8980144462796337 0.6146630477887649
0.9092666775107383 0.6025802102656439
0.9214349232602057 0.589127659708131
0.9349574502966622 0.5737343003119132
0.9509561786319504 0.5549748587796797
0.9561256671304764 0.5488259325791848
0.961812104478855 0.5420621137586404
0.9680671855620715 0.5346219130560417
0.9749477747536096 0.526437692283183
0.9825164228643016 0.5174350494330384
0.9908419357860627 0.5075321422978795
1.0 0.4966389444492046
