# CURVE 2D, normalized by CHORD
# COLUMN#1 = X-coordinate, COLUMN#2 = Y-coordinate
#-------------------------------------------------------------------------------
-0.16344344818577583 0.3883093526791037
-0.16254466628332345 0.4112931915115851
-0.16205826284403546 0.3653378100021827
-0.1591511775414158 0.34428908566341615
-0.15898135254893223 0.43326014684346
-0.1538570371207079 0.3186850938371531
-0.15248429197107427 0.4538899534536115
-0.14844694501249775 0.2982409364647914
-0.1425578311315923 0.473329399392498
-0.14094445028370806 0.274250178892089
-0.13059716968845275 0.2456808747359164
-0.1298335226958743 0.4900375481959227
-0.11629713817260771 0.21107853007539368
-0.11342724594145531 0.5050537196871276
-0.10717125562420882 0.19089045389671186
-0.09636567308341257 0.1683332437723913
-0.09064901648935919 0.5204674662234724
-0.08352010533914786 0.14297647578708278
-0.06817508184342631 0.11428278660821731
-0.06362839472909503 0.5388182302108656
-0.04973916585149322 0.08157526165972423
-0.03869425710782377 0.06272093471652154
-0.03672583688604256 0.5573421461628741
-0.02744119658632064 0.04399007644495442
-0.017396447712040207 0.5702600850337363
-0.01384344406511055 0.02191841995388924
0.0 0.0
0.003254338517934107 0.5830972600215365
0.025196878867359072 0.5950962165351316
0.04445818387681484 0.6039961421711462
0.06390040611683456 0.6114417814840505
0.08540772786951234 0.6180653540434078
0.11124117550191524 0.6241621631276731
0.132647114613537 0.6279862047459451
0.1596569695042199 0.6315787319987832
0.19609523810416063 0.6347790667711083
0.22011619491495177 0.6361065416235725
0.2503181625607491 0.6371026195749822
0.27036584637029787 0.6374269911756387
0.2904159315738784 0.6375279725968657
0.30024234395248806 0.6375279624339147
0.3120340388068197 0.6375279502383737
0.32618407263201765 0.6375279356037244
0.34316411322225515 0.6375279180421454
0.36014415381249265 0.6375279004805663
0.3742941876376906 0.637527885845917
0.38608588249202225 0.637527873650376
0.3959122948706319 0.6375278634874252
0.41625526577823135 0.6371764247722672
0.4355095209762295 0.6361765367048406
0.4540886188490833 0.6345696096625116
0.4721259236629095 0.632382437568581
0.489739495738768 0.6296292200700147
0.5070361187895112 0.6263126182609963
0.5241148689071273 0.6224246359260706
0.5410698940246567 0.6179463341400324
0.557993167114279 0.6128479611040094
0.5749769175824829 0.6070873050667601
0.5921162589833953 0.6006086188954249
0.6095120366521067 0.5933399598282092
0.6272741152721247 0.5851899747885659
0.6455254605914851 0.5760431485742483
0.6644075025989392 0.5657530223009241
0.6774268866457003 0.5581678379639695
0.6908575568639008 0.549925014674531
0.7047657193633122 0.5409438793075708
0.7192284291491373 0.5311276774898738
0.7343362937864376 0.5203597133327398
0.7501980298263883 0.5084967744615179
0.7669450776984859 0.49536247582242776
0.7847398034642885 0.4807353593817499
0.8037861200588701 0.46433345335268694
0.8243460222606689 0.4457902136040146
0.8467641601016369 0.4246187098663916
0.8588099734543065 0.4128482938988034
0.8717497396131869 0.39990840793094046
0.8786705266291344 0.3929072320910159
0.8862833923466764 0.38520593866709896
0.8946575446359728 0.37673451590079027
0.9038691121541987 0.3674159508578507
0.9140018364242474 0.3571655293106172
0.9251478331213008 0.3458900656086603
0.9374084294880596 0.33348705553650776
0.9508950854914943 0.3198437444571399
0.9657304070952724 0.3048361022698354
0.9820492608594283 0.2883276958638003
0.9999999999999999 0.27016844881716173
