# CURVE 2D, normalized by CHORD
# COLUMN#1 = X-coordinate, COLUMN#2 = Y-coordinate
#-------------------------------------------------------------------------------
-0.16095641597609692 0.7892775984403336
-0.16019245620669545 0.8094175207905013
-0.15776739178408125 0.7686704597625562
-0.15453471467360635 0.8291266117859114
-0.15185312734721212 0.749266472263389
-0.143874110686396 0.8466128813348823
-0.14301508366328744 0.7281217344934265
-0.13373306636546067 0.705839043101781
-0.1296344075324329 0.8607474250544396
-0.12422164987375885 0.6813703824406327
-0.11447704586330518 0.6544064078635795
-0.1124818871517211 0.8722384584834804
-0.10449891018612897 0.6245798271754475
-0.09429175618244992 0.5914512562329935
-0.09009969927293983 0.8826287338456301
-0.08386702099050028 0.5544925881436813
-0.07843245825190756 0.5338096390260092
-0.07324577523672803 0.5130631266897091
-0.06842635088056859 0.889734222109693
-0.06771452828325658 0.48975412109901884
-0.06246265329841278 0.46638056679251066
-0.05685869155545663 0.43996311773735336
-0.05157128620484514 0.4134804739208453
-0.04654777736681621 0.8949452395421456
-0.045931250002826975 0.3833542307851831
-0.040652091754196804 0.35316263455374264
-0.03503065162079414 0.31857285840654714
-0.0298234662692883 0.2839182709331826
-0.026087009321248706 0.2572506208615717
-0.022568581911697864 0.2305533225022033
-0.019258039865343874 0.20382944302253375
-0.017543338027284913 0.8996798753468103
-0.015657134386266463 0.1727222892089038
-0.012310912174989844 0.14158669998989348
-0.009206711716163479 0.1104260427664741
-0.005840371214817739 0.07364258977726454
-0.002776861651524285 0.03683266663472254
0.0 0.0
0.00726749782567835 0.9022400597499614
0.0379679769722837 0.9039262958307597
0.05860269230794636 0.904299291539026
0.07924060379440494 0.9041712291735973
0.0973562371713231 0.9038627371838692
0.10982875189699903 0.9038627242841913
0.12230126662267495 0.9038627113845135
0.16166782897738638 0.903613891167251
0.19688544686209658 0.9029423760320436
0.22915592913913171 0.9019192251314769
0.2588793654982947 0.9006007172510353
0.28638676133336205 0.8990322481402588
0.31195152050440544 0.8972503912356078
0.33580247732308194 0.8952849436240046
0.3581338157115195 0.8931604496256869
0.37911085958101526 0.8908971640261247
0.39887513771529176 0.8885118584504438
0.4175491377655089 0.8860185253630438
0.43523873062517676 0.8834287961284915
0.45203741115476376 0.8807524969435321
0.46802577684608476 0.8779977093816671
0.48327642294838263 0.8751713332130968
0.5118118309740602 0.869325607172302
0.538074959882364 0.8632502070237371
0.5624122450573739 0.8569684574396937
0.5851067331909297 0.8504949959142445
0.6063920730236393 0.8438375843681512
0.626464068106542 0.8369984938691072
0.64548800317469 0.8299752459352776
0.6636061187219453 0.8227613844310504
0.6809412953926728 0.8153465801911662
0.6976016574749715 0.8077169008315551
0.7136836800553358 0.7998548428055073
0.7292740778401282 0.7917388471199802
0.7444527762901754 0.7833432784527034
0.759294272830503 0.7746375988529146
0.7738695110755033 0.7655854782063402
0.7882479340100069 0.7561442396071267
0.802498778903283 0.746262607744332
0.8166933788511483 0.7358794697419463
0.8309073346362524 0.7249202431058596
0.8452234967616621 0.7132938997460303
0.8597358455361799 0.7008868171400017
0.8745549648683261 0.6875549265548999
0.8898165676602486 0.6731104485026791
0.9056935582982315 0.6573040782720704
0.9224185475472663 0.6397893490544687
0.9403206863444016 0.6200665880681924
0.9601573913785839 0.5970615119485153
0.9601573913785864 0.5970615119485124
0.9653212875088228 0.5909192376749748
0.9710015732520829 0.5841627359740834
0.977249887569669 0.5767305841031029
0.9841230333190137 0.5685552170450243
0.9916834936432929 0.5595623132811378
1.0 0.5496701191408627
