# CURVE 2D, normalized by CHORD
# COLUMN#1 = X-coordinate, COLUMN#2 = Y-coordinate
#-------------------------------------------------------------------------------
-0.08741024633066091 0.38276839672222907
-0.08727897967095384 0.42139101001840673
-0.08670056176777369 0.36248756735541826
-0.08542407561098346 0.3414836578395014
-0.08528128653647357 0.45776340847133223
-0.08353613369958064 0.31969192703059074
-0.08160218833735655 0.4922319615839748
-0.0809853585650138 0.29704097713381133
-0.07771254285327849 0.27345168176744933
-0.07654760982716419 0.512442209302757
-0.0736496188582788 0.24883630519793173
-0.06871802132340728 0.2230969485590307
-0.06282716028603022 0.19612428147170471
-0.06277233141538417 0.5268268341211295
-0.05587228680976169 0.16779566272345284
-0.04773189924747894 0.13797289429402498
-0.043748827652944224 0.5326724334222537
-0.038264800535651906 0.10649980390608889
-0.027306488894442742 0.07319931564505694
-0.02150782058176034 0.532939288080234
-0.014664274016197408 0.03786936692600044
-0.007454732148663763 0.018887216278021722
0.0 0.0
0.0007686328146897192 0.52990328042096
0.034203999529425134 0.5225755842679446
0.053998382205901085 0.5185936346156012
0.06116004439822492 0.5183636803175292
0.07341786682100458 0.5200134575516985
0.08812725372834018 0.5219931902327015
0.10577851801714291 0.5243688694499052
0.1269600351637062 0.5272196845105497
0.1523778557395821 0.530640662583323
0.1828792404306332 0.534745836270651
0.2133806251216843 0.538851009957979
0.2387984456975602 0.5422719880307523
0.2599799628441235 0.5451228030913967
0.2776312271329262 0.5474984823086004
0.2923406140402618 0.5494782149896035
0.30459843646304147 0.5511279922237727
0.32488617897787775 0.5535912498522557
0.3434784841066809 0.555359574296148
0.36092724520521946 0.556566709732711
0.37736385319832033 0.5572792949346935
0.3929016769617446 0.5575524726569907
0.4147360459709136 0.5572365398666097
0.43505177598959976 0.5561566011602526
0.45408557717085823 0.5544054326178421
0.4720375153761211 0.5520515837682981
0.48907909654876314 0.5491436353790855
0.5053604181978868 0.5457134768398128
0.5210154923398655 0.541778070419004
0.5361671715246991 0.5373404223876316
0.5509316156851978 0.5323894810974922
0.5654228489682448 0.5268986516847478
0.5797584579412729 0.5208236307337918
0.594066385035091 0.5140969748058676
0.608495527948025 0.5066193712423985
0.6232329881465288 0.4982440550495309
0.6385360714514576 0.48874624502612257
0.6547998368182127 0.4777583622899523
0.6727290385561423 0.46460518974387405
0.6863104153590052 0.4539565619398758
0.7023999729405058 0.440653741006113
0.7249218616999841 0.42101069349996567
0.7422089961038474 0.40538751796162303
0.759404299660354 0.38966317559542535
0.7821560030718706 0.36907426398770377
0.7821560030718707 0.3690742639877036
0.78901237642744 0.36296810677887714
0.7965543871185663 0.356251333849168
0.8048505988788052 0.348862883626488
0.813976431815068 0.34073558838153994
0.8240148480449571 0.33179556361209706
0.835057105897835 0.32196153636570995
0.8472035895360008 0.3111441063946841
0.8605647215379831 0.29924493342655567
0.8752619667401638 0.28615584316161435
0.8914289364625624 0.271757843870179
0.9092126031572009 0.2559200446496
0.9287746365213032 0.2384984655069632
0.9502928732218159 0.21933472845006263
0.9739629335923797 0.19825461768747205
1.0 0.17506649584862236
