# CURVE 2D, normalized by CHORD
# COLUMN#1 = X-coordinate, COLUMN#2 = Y-coordinate
#-------------------------------------------------------------------------------
-0.2025145190338838 0.5606339188161605
-0.20146150554697503 0.5828189946059967
-0.20134702815266128 0.5356862444016158
-0.19828319726340865 0.5102225482592485
-0.19775033112181253 0.6041402531608725
-0.19450733930809694 0.48844556056918276
-0.19072466200618443 0.6248964960850663
-0.1885920191707638 0.46121707278316426
-0.18285703918198398 0.6453619825882746
-0.17946299519941755 0.42636544312545965
-0.17404898438758326 0.6670100918774868
-0.1731797801016539 0.4050861538975387
-0.16572102458164664 0.6863019441436315
-0.16534732742339647 0.38048354444222215
-0.15553842486339195 0.35178200614976607
-0.15029902473112094 0.7191747582695239
-0.143176141456826 0.3179589095510265
-0.13624634833603763 0.7461085542526675
-0.13542919522384583 0.2977613907254813
-0.12747004931521347 0.27764652644684124
-0.1233014688113491 0.7685547221952433
-0.11752023372752647 0.25325822496062145
-0.1112614662384516 0.7875328021781939
-0.10731430498520962 0.22897595964557585
-0.09455304694259414 0.8110565622094592
-0.09437866873501355 0.19908897337463652
-0.08112926288347196 0.16933972076193504
-0.0790989535887779 0.8301289809260588
-0.0697962631989435 0.14448071362335785
-0.06457470155378696 0.8458970515807764
-0.05828224970436419 0.11970501676793031
-0.04660159210040467 0.09500743916374411
-0.04621301582460296 0.8631029006557495
-0.03129420677478853 0.06322757189624569
-0.028539042352726314 0.8770569513907901
-0.0157535839200996 0.03156109022572142
-0.011107092211269388 0.888571395431018
0.0 0.0
0.00652211145291659 0.8981833825288862
0.02484293554457958 0.9062460874053413
0.04449679029194422 0.9129767648221234
0.06645539848466644 0.9184723015907025
0.09250135535525461 0.9226842616321123
0.11712282648983251 0.9248221971053374
0.13851608987444877 0.9255551846438786
0.1705024310267147 0.9252685378547357
0.19437535998012176 0.9243787124403315
0.21823796499693482 0.9232401170871961
0.23126428443082275 0.9226009058329065
0.24689586775148825 0.9218338523277589
0.2656537677362869 0.920913388121582
0.28816324771804525 0.9198088310741696
0.31517462369615523 0.9184833626172746
0.3421859996742652 0.9171578941603796
0.3646954796560236 0.9160533371129672
0.38345337964082227 0.9151328729067901
0.39908496296148777 0.9143658194016426
0.4121112823953757 0.913726608147353
0.42852055336683126 0.9125169306180898
0.44642263946388216 0.9103306899637906
0.4661325620500797 0.9069646111250278
0.48215729790326084 0.903538174503669
0.49927729407331334 0.8992328405638988
0.5175064618134149 0.8939497027058166
0.5368445369197605 0.8875882298828531
0.5572756319316481 0.880048407320035
0.5714883408723214 0.8743190292864218
0.5861594573577142 0.8679946618479026
0.6012724397224973 0.861048570417952
0.6168080941113284 0.8534549542069408
0.6327444370578864 0.8451896122611121
0.649057111887002 0.8362298890528885
0.6657198737504577 0.8265543829284335
0.6827047471900307 0.816143249351218
0.6999824240409281 0.8049780640307733
0.7175225974367527 0.7930417680344836
0.7352944015945742 0.7803181473570524
0.7532664943223012 0.766792413460227
0.7714075567170765 0.7524502273888904
0.7896864009828336 0.7372779763103318
0.8080722287857526 0.7212622506010337
0.8265347551580831 0.7043898255149735
0.8450443473940293 0.6866472422773678
0.8635720897271956 0.6680204966245457
0.8820898167294545 0.6484951211277755
0.900570115984601 0.6280554911307998
0.9192489661148314 0.6063728114045023
0.9192489661148315 0.606372811404502
0.9251955157809459 0.5992995980575838
0.9317367204136717 0.5915190633759737
0.9389320455096701 0.5829604752262026
0.9468469031152684 0.5735460282614545
0.9555532464814265 0.5631901366002314
0.9651302241842004 0.5517986557728862
0.9756648996572516 0.5392680268628064
0.9872530426776079 0.5254843350617185
1.0 0.5103222740805219
