# CURVE 2D, normalized by CHORD
# COLUMN#1 = X-coordinate, COLUMN#2 = Y-coordinate
#-------------------------------------------------------------------------------
-0.11805622367495545 0.5217084858348248
-0.1120786386540004 0.5025273675169611
-0.11164099069212727 0.5402757359345419
-0.10017274179819516 0.4846163462660146
-0.09390231707574911 0.5525192313694632
-0.0861073749432498 0.4668394933779595
-0.07112533320539595 0.44428887822544866
-0.06902425417560237 0.5607661598155921
-0.06115853514173834 0.426478087706082
-0.051213757405292076 0.4058236178795627
-0.04132827111438777 0.38158586689137675
-0.03652622791612745 0.5670119178441185
-0.03158784650943235 0.35275329459383536
-0.022158030930935456 0.3179105321028838
-0.01764596019052121 0.2976328564653046
-0.013701652963718466 0.5700861001276666
-0.01333935744008829 0.2750261772429211
-0.009313246019504767 0.2496817853564887
-0.005667909418172095 0.2210950195264723
-0.0025380662963762207 0.1886357591138336
-0.00010584375794749166 0.15150862333915094
0.0 0.0
0.0008014466034575256 0.13010874676949594
0.0010165876951746672 0.029437407630390745
0.0013805213421984358 0.10869744435317494
0.0015793690183902487 0.058886937319105825
0.001670856947935368 0.08379297212396876
0.01727429851693916 0.5734446073348269
0.04829272451545286 0.5763904470269174
0.07931650923613269 0.5792798518810975
0.11367660492241728 0.5827241043824817
0.14797927299037347 0.5866967916473149
0.18630849894237442 0.5921012501435757
0.21567844370483924 0.597174295845458
0.24017629553139277 0.6021924029503974
0.24017629553139386 0.6021924029503977
0.25155783185628167 0.6047140054438819
0.265215675446147 0.6077399284360628
0.2816050877539854 0.61137103602668
0.30127238252339145 0.6157283651354206
0.32487313624667874 0.6209571600659094
0.34847388996996603 0.6261859549963982
0.3681411847393721 0.6305432841051388
0.3845305970472105 0.6341743916957561
0.3981884406370758 0.637200314687937
0.4095699769619636 0.6397219171814212
0.42565376957419593 0.6427687140835372
0.44511239513316714 0.6450193067989255
0.46325994176714114 0.6456197902052746
0.4805389521134169 0.6447726933296299
0.49733151697868627 0.6425591621434084
0.5139998080662961 0.6389515902956873
0.5309278532088206 0.6338033757852741
0.5485809102649059 0.6268061745285904
0.5626787781935464 0.6200151204824225
0.5779686776970562 0.6114527358899972
0.5951647853095995 0.6003780385868114
0.6083500613964051 0.5909054459630679
0.6239237542113264 0.5787146818863497
0.6444038634414034 0.5612652195476241
0.6595287767705424 0.5475725217023746
0.6819289249522097 0.5265304042592737
0.7042222014521428 0.5053747336628277
0.7241770216119513 0.4869157815265705
0.736481303394756 0.4760103540002528
0.7545433893582357 0.46094590971295113
0.7686604385511395 0.4501297832512763
0.7861886220017322 0.4380604621475116
0.8012177039654321 0.42902586032041096
0.8147334051600611 0.4219957479788714
0.8312869398601901 0.41483736038758007
0.8393756645215876 0.41192570578663057
0.8480434583496186 0.40901186294770636
0.8575780315604525 0.4058066358248897
0.8680660620923699 0.4022808859897914
0.8796028956774791 0.3984025611711832
0.8922934126210992 0.39413640387071425
0.9062529812590812 0.3894436308401984
0.9216085067608615 0.3842815805066309
0.9384995848128198 0.37860332513970674
0.957079770669974 0.3723572442360901
0.9775179751128436 0.3654865552421118
1.0 0.3579287973487357
