# CURVE 2D, normalized by CHORD
# COLUMN#1 = X-coordinate, COLUMN#2 = Y-coordinate
#-------------------------------------------------------------------------------
-0.1438895959456962 0.4528709496563088
-0.14152129171568587 0.43301852760106074
-0.13651850117455339 0.4720247143128475
-0.1330633409003169 0.41435280876365416
-0.12235095881825402 0.39679161426806675
-0.12138546774757188 0.48617950495976325
-0.11062869656227556 0.37553827585770083
-0.1011531328774498 0.49681134630666185
-0.09760113231454677 0.34883240872108784
-0.08298338435608332 0.3146081447462108
-0.08224355907456561 0.503511687528504
-0.07496925548686648 0.29374907474661527
-0.06641600157516785 0.2697036048217801
-0.05922575738892393 0.5094851436233092
-0.05726423633406926 0.24177815856191123
-0.04744813779962406 0.2090780444483684
-0.042051050554541294 0.1897883484750717
-0.03689570336584241 0.17043262120672203
-0.03552760795491208 0.5141042983874388
-0.03106861158075412 0.14739538283185263
-0.02553015289502559 0.12428702652508108
-0.019227318348440804 0.09645098514883188
-0.013273126072377706 0.06853825451843254
-0.006421494417387767 0.034310801489581516
0.0 0.0
0.002388785805558765 0.5195162045423825
0.033382621538976615 0.5228004867810427
0.06474674155453744 0.5254813083239529
0.0961419090626344 0.5277732116015653
0.13441613898645996 0.5303317866065101
0.17268659475119252 0.5329455961840251
0.2109261685565127 0.5359732776590405
0.22236931371518365 0.5369842140858164
0.23610108790558884 0.5381973377979474
0.25257921693407503 0.5396530862525047
0.2723529717682585 0.5413999843979735
0.2960814775692786 0.5434962621725361
0.3198099833702987 0.5455925399470987
0.3395837382044822 0.5473394380925675
0.3560618672329684 0.5487951865471248
0.36979364142337356 0.5500083102592559
0.3812367865820445 0.5510192466860319
0.3992987858212847 0.5520097803209957
0.4163853397171252 0.5518043462115573
0.43301402061700023 0.5504989855176172
0.4494159056911649 0.5481095929916553
0.4658292723292666 0.5445943979208228
0.48252374629481304 0.5398422784893745
0.49984044452543464 0.5336449089967881
0.5182737440059892 0.5256311465652423
0.5386807783195091 0.515094755987438
0.5542463414448319 0.5059431545806293
0.5729616073779016 0.49378742459468966
0.6017845577317528 0.47312328907987117
0.621112926255186 0.4585116605882624
0.6404649525643318 0.4439315353396048
0.6604289945389895 0.4297373342534111
0.6766135618533534 0.41953116848341515
0.6909746473282967 0.4119549687782534
0.7064177300487547 0.4058549910098305
0.7220753015050387 0.40232623744691126
0.7384659146040742 0.4019777094258255
0.7417272925463083 0.40235234892255894
0.7509595664013289 0.4036296381257389
0.7611150676418516 0.4050346562492368
0.7722861190064264 0.40658017618508446
0.7845742755074588 0.40828024811451696
0.7980912476585944 0.41015032723689265
0.8129599170248436 0.412207414271506
0.8293154533277178 0.41447021000958056
0.8473065432608793 0.41695928532146265
0.867096742187357 0.41969726816453296
0.8888659610064825 0.4227090492919103
0.9128121017075205 0.4260220085320253
0.9391528564786623 0.4296662636961519
0.9681276867269183 0.4336749443766911
1.0 0.43808449312528425
