# CURVE 2D, normalized by CHORD
# COLUMN#1 = X-coordinate, COLUMN#2 = Y-coordinate
#-------------------------------------------------------------------------------
-0.10353622063675479 0.4523984230888285
-0.10322157552161389 0.47869684878197033
-0.10237508563736228 0.42591699247943593
-0.10172936763588977 0.4989180185564644
-0.09941034325445032 0.399680907611493
-0.09870961282043908 0.51962692409998
-0.09404668960462312 0.3669042663357159
-0.09303422140021542 0.5422440353584808
-0.08905420392809019 0.34116163224923435
-0.08554570092421443 0.5610388238249434
-0.08111844107051577 0.3043155392927522
-0.07502227667524652 0.5784712240601135
-0.07468027940222473 0.27652393594558133
-0.06795951728583256 0.2487992604638716
-0.06044873040539439 0.5941194163297372
-0.06043829008882569 0.21889426358041517
-0.052697110024859294 0.18904542088661458
-0.04477129791260341 0.15924505550143941
-0.04236775563077573 0.6062705055205646
-0.036092773650148034 0.12731925369041305
-0.027258122954558157 0.09543629306013826
-0.022106312873304942 0.6144725784359946
-0.01828749290638693 0.06359131758041735
-0.009197048440156676 0.031780332089553574
0.0 0.0
0.0013640015611113352 0.61972278997409
0.022000576729991922 0.621990571711296
0.047382034759410226 0.6229410984739396
0.078022629183872 0.6226388941842955
0.10865700390171876 0.6218938227179426
0.12997253994540564 0.6216525256884816
0.15364271306668364 0.6221033390069266
0.17713881787166857 0.6237536005142434
0.18367612930226496 0.6244963295360089
0.1945054039969962 0.6258448046594235
0.20750053363067372 0.6274629748075211
0.22309468919108671 0.6294047789852382
0.24180767586358232 0.6317349439984987
0.264263259870577 0.6345311420144113
0.28671884387757174 0.6373273400303239
0.30543183055006734 0.6396575050435844
0.32102598611048033 0.6415993092213015
0.3340211157441578 0.6432174793693991
0.3448503904388891 0.6445659544928137
0.36035661719623435 0.6458285303090315
0.37627648236325634 0.645774779188104
0.39317888775763155 0.6442922880855829
0.4088178999351527 0.6416815634380806
0.42596098438133567 0.6375319366875092
0.4418239496875145 0.6325671240557925
0.4559013486332716 0.6273146826752322
0.4716129457608414 0.6205764427604696
0.48951517170886055 0.6118580194481521
0.5048899530160091 0.6035597593718365
0.5225689017944617 0.5931783942148064
0.5360872173490451 0.5846902197284742
0.5515025358976868 0.5744866056939283
0.5695562282654987 0.5619023176348389
0.5916046993630714 0.5457309168618873
0.6049408217691808 0.535582810003965
0.6207082629627554 0.5232823903670762
0.6404299921722325 0.5075108559147393
0.6684634697405568 0.48452680760281797
0.6920610728759755 0.46482776390863867
0.7155705724330507 0.445023600654198
0.7390506543378408 0.4251845515335655
0.7625534268746545 0.4053723996906584
0.7700267673398727 0.3990901924118726
0.7782474418516128 0.3921797644052083
0.7872901838145269 0.38457829359787754
0.7972371999737323 0.37621667570981365
0.8081789177488583 0.3670188960329434
0.820214807301497 0.3569013383883861
0.8334542858093994 0.3457720249793731
0.8480177121680922 0.3335297802294588
0.8640374811626541 0.3200633110045531
0.8816592270566723 0.30525019485715676
0.9010431475400924 0.2889557670950208
0.9223654600718544 0.27103189655667126
0.9458200038567927 0.2513156389644868
0.9716200020202247 0.22962775561308382
1.0 0.20577108392654053
