# CURVE 2D, normalized by CHORD
# COLUMN#1 = X-coordinate, COLUMN#2 = Y-coordinate
#-------------------------------------------------------------------------------
-0.13643446010510454 0.36057089225379857
-0.13579903740263927 0.3391978600955238
-0.13447793003751726 0.3825475320284081
-0.1331032215876784 0.316653343048697
-0.12934775373804044 0.4028124624860371
-0.12897822198098208 0.2950011920130798
-0.12198553427800661 0.2674224713604595
-0.12068475508400564 0.4208231166121142
-0.11493912261851348 0.24444476997116768
-0.10580042580489703 0.4384181218964626
-0.10510031243555411 0.2164135796123777
-0.09127072973944544 0.18154322923594382
-0.08893797768363626 0.45423556051096375
-0.08231080503190231 0.1607539083328568
-0.0715740710780218 0.1371508192221596
-0.06234270409053307 0.4785761062406807
-0.058638834161642464 0.11015894646224585
-0.04690932673850792 0.4921287256285972
-0.04295590829804715 0.07904444440669121
-0.03346809248325685 0.060903035107338764
-0.02671590634398149 0.5088489252152767
-0.023799780808732362 0.04285715738275975
-0.012007558946899328 0.02136879797187485
-0.006551220255476153 0.523927960465764
0.0 0.0
0.013436432394900007 0.5367970159636908
0.034979330863544086 0.5480471416658524
0.05740398856505445 0.5569942482655629
0.07987664808474433 0.563669977838135
0.10439039849020157 0.5691151268277753
0.13158774705918735 0.5737534302264494
0.15596154251166192 0.5771856752088587
0.18619831509878204 0.5809503689190614
0.21646384917450184 0.5844778271107339
0.24673561138783323 0.5879516279243417
0.27700180695807725 0.5914735208987891
0.2770018069580834 0.5914735208987899
0.28794388200915666 0.5927633923773137
0.3010743720704445 0.5943112381515422
0.3168309601439899 0.5961686530806165
0.33573886583224444 0.5983975509955056
0.3584283526581499 0.6010722284933725
0.3811178394840553 0.6037469059912394
0.4000257451723098 0.6059758039061285
0.41578233324585523 0.6078332188352027
0.4289128233071431 0.6093810646094312
0.43985489835821634 0.610670936087955
0.45862339863683327 0.6124769758595976
0.4770009484525302 0.6134577663423543
0.4952822172824955 0.61365909495087
0.513493121714516 0.6130889119897176
0.5316541207025303 0.6117496340615871
0.549779173314786 0.6096391819816309
0.5678743058556476 0.6067520519364764
0.5859356963982205 0.6030809082246164
0.6039471739375499 0.5986192069777797
0.6218769846710084 0.5933638394005036
0.639673765025432 0.5873192793752191
0.6572618476139487 0.5805035144248583
0.674535870972475 0.5729548453726415
0.691355848553784 0.5647414122939876
0.7075435159955039 0.5559711066112344
0.7228834995496403 0.5468017044270779
0.7371320985366816 0.5374462982913367
0.7500394799972453 0.5281691149279314
0.7647932499558929 0.5164297727173721
0.77648853053064 0.5060006508335188
0.7885738499622903 0.49363621942909314
0.7901033726269883 0.49189757876763235
0.7967096122463383 0.4842740000142426
0.8039764758276234 0.4758880633855139
0.811970025767037 0.4666635330939123
0.820762930700392 0.45651654977315054
0.8304351261270824 0.4453548681203126
0.8410745410964419 0.4330770183021909
0.8527778975627373 0.419571383502257
0.8656515896756622 0.4047151852223297
0.8798126509998797 0.38837336711440973
0.895389818456519 0.37039736719569766
0.9125247026588221 0.35062376728511446
0.9313730752813556 0.3288728073834729
0.9521062851661424 0.30494675149166717
0.9749128160394079 0.2786280900106809
1.0 0.24967756238159594
