# CURVE 2D, normalized by CHORD
# COLUMN#1 = X-coordinate, COLUMN#2 = Y-coordinate
#-------------------------------------------------------------------------------
-0.15222701271165381 0.5782490876962959
-0.15179753650410563 0.5557959209835299
-0.15135535674813314 0.6064998006443532
-0.1502362410114033 0.5296125785382135
-0.14921887842447298 0.6297719854496417
-0.14713566890082666 0.49870968722506065
-0.1447535140649962 0.6583009230491669
-0.14190836210051566 0.461734831443282
-0.13882618661070084 0.6857585976456659
-0.13824159234526853 0.4404073328669323
-0.13368954823778567 0.41679729323267917
-0.1323808097619747 0.7087530067982449
-0.1280740039018094 0.39053720541976905
-0.12560303179111823 0.7282881901568741
-0.12117350356470398 0.36118157453212124
-0.11623300497771928 0.7501884015443732
-0.1127098790602631 0.32818399115721564
-0.10660143924420246 0.7684548481513908
-0.10233096374646708 0.2908689778887855
-0.09606587473668038 0.2695988296153642
-0.09426318091163081 0.7874566803214057
-0.08958647647091766 0.24839296886190781
-0.08186319303187388 0.22400204653661857
-0.08156939584623162 0.803245041597425
-0.07389418650587826 0.19969028093219213
-0.06571612901804608 0.8190058662943368
-0.06433551996382969 0.171495955395686
-0.05449284833565612 0.1433994949372353
-0.04889057089955514 0.8320868843358087
-0.04259845480810119 0.11051689773091321
-0.030634695679958336 0.8430101502727662
-0.030372949107605424 0.07775593731296047
-0.020425670904503663 0.051768385018207914
-0.010297723892887179 0.025850702167695406
-0.010264213610863127 0.8520464916430268
0.0 0.0
0.00911371631902302 0.8581743056078582
0.031937528823431566 0.8629139333928603
0.05470289411373813 0.865512283289661
0.07979072724343629 0.8665568330080287
0.101879044405961 0.8666891909704189
0.11111279116234785 0.8669386297764159
0.12254391909980433 0.8675303494120806
0.13626127262475213 0.8682404129748783
0.15272209685468946 0.8690924892502355
0.17247508593061428 0.8701149807806642
0.19617867282172408 0.8713419706171786
0.2246229770910558 0.8728143584209958
0.2587561422142539 0.8745812237855765
0.29288930733745205 0.8763480891501572
0.32133361160678375 0.8778204769539744
0.34503719849789355 0.8790474667904887
0.36479018757381837 0.8800699583209174
0.3812510118037557 0.8809220345962746
0.3949683653287035 0.8816320981590723
0.40639949326616 0.882223817794737
0.42674260585848667 0.8827804395779527
0.44791880476852214 0.8823443306263917
0.470192892815828 0.8808226889645414
0.48563508986049436 0.8791520023690919
0.5015298445881325 0.8769198756603251
0.5178498995162499 0.8740972208934379
0.5345600580551125 0.8706576146167728
0.5516169131104247 0.8665784428525922
0.568969117698203 0.8618416244308417
0.5865576533759352 0.8564350754930575
0.6043170097698447 0.8503527214263961
0.622176215681221 0.8435955882603647
0.6400605004290705 0.8361721127965357
0.6578930784036768 0.828097364945155
0.6755970689293822 0.8193936526928411
0.6930973935515592 0.8100892129743777
0.7103225742139946 0.8002175432056168
0.7272062428044874 0.7898162308661655
0.7436884490666312 0.7789258796502043
0.7597165012883059 0.7675888140489898
0.7752455712072356 0.755847989511195
0.7902385497581115 0.7437457123766108
0.8046664399969243 0.7313230951159022
0.8185074756225131 0.7186189709074545
0.8317465905991696 0.7056694114502242
0.8443748159386049 0.6925073777140895
0.8563887301080325 0.6791625149046054
0.8677890781263876 0.6656608548983011
0.8785803398758053 0.6520249282998863
0.8887700176175645 0.6382738271103952
0.8983675193499028 0.6244232604916844
0.9073842281830975 0.6104858463097419
0.9159944787473154 0.5961918576839507
0.915994478747316 0.5961918576839497
0.9205276806215263 0.588382207014744
0.9255142026831578 0.5797915912786177
0.9309993769509524 0.5703419139688788
0.9370330686455263 0.559947268928166
0.9436701295095578 0.548513159383382
0.9509708964599922 0.5359356388841195
0.9590017401054702 0.5221003663349307
0.967835668115496 0.5068815665308232
0.9775529889265244 0.49014088674630485
0.9882420418186557 0.4717261389833346
1.0 0.4514699164440674
