# CURVE 2D, normalized by CHORD
# COLUMN#1 = X-coordinate, COLUMN#2 = Y-coordinate
#-------------------------------------------------------------------------------
-0.1244800901523829 0.5623400941674898
-0.12427340828159388 0.5826707486304776
-0.1242720189817926 0.541438851654573
-0.1236249198015096 0.5199278694782572
-0.12270029953443 0.6217634009687142
-0.12251157914068109 0.49776482642452685
-0.12090153304207095 0.4749039144239537
-0.11969908758254418 0.6589785341479139
-0.11876079416235702 0.45129560257984924
-0.11605126442068302 0.4268859871690131
-0.11538534550483993 0.6945386784616465
-0.11273038033456886 0.40161650309713276
-0.11022440070932732 0.7152541226867976
-0.10875051783266163 0.3754233365364399
-0.10405832147927885 0.34823677867932323
-0.10025067469719114 0.7338821495798927
-0.09859395019567234 0.3199805191222172
-0.09229023164888678 0.29057087771296397
-0.08625891047165297 0.7489808334459682
-0.08507147130934876 0.2599156420719858
-0.07685268039803618 0.2279135645421591
-0.06834830360779832 0.7612392938163856
-0.06753773432862646 0.19445251444171394
-0.0570179420734647 0.1594083254774021
-0.0492322106726481 0.7700149064253575
-0.045170121719616305 0.12264313130214513
-0.038609427322022244 0.10328984243848814
-0.03185440018418187 0.08400351781029743
-0.029264699085161317 0.7764300407871485
-0.02448505695734003 0.0636230891130844
-0.01691114742495045 0.043317788803701594
-0.008565441452130543 0.021616005797773747
-0.006401593755277607 0.7815618613308286
0.0 0.0
0.01785527270177753 0.785253362715774
0.039839138560762294 0.7874915407323065
0.06995397831953117 0.7893296861844488
0.09016456416073966 0.7899682339005334
0.11644605709544793 0.790266584046148
0.15453495983947074 0.7899226027798925
0.18694023744282684 0.7891396928382107
0.2193377385605247 0.7880797161465555
0.2517300825903086 0.7868711719412821
0.2517300825904284 0.7868711719412774
0.2645946868727569 0.7863762751673044
0.2800322120115511 0.7857823990385367
0.29855724217810414 0.7850697476840156
0.3207872783779678 0.7842145660585902
0.34746332181780415 0.7831883481080797
0.37413936525764047 0.7821621301575692
0.3963694014575041 0.7813069485321438
0.41489443162405715 0.7805942971776226
0.43033195676285135 0.780000421048855
0.44319656104517985 0.779505524274882
0.46283744004648514 0.7782627285033666
0.47845257612436026 0.7766088156932043
0.49499330555584403 0.7742491259498983
0.5124682153132227 0.7711075315571155
0.5308618807335815 0.7671090650950557
0.5501273333400665 0.762185280889678
0.5701795926785623 0.7562802608245559
0.5908899392350442 0.7493585198464863
0.6049781645483028 0.7441740318266041
0.6192196243505312 0.7385397066744924
0.6335440610860604 0.7324691612900065
0.6478751027083418 0.7259838898195013
0.6621323912539865 0.7191132461113812
0.6762339988571904 0.7118936035249377
0.6900992636501062 0.7043677315827765
0.7036513367042504 0.6965831035160789
0.7168199090257529 0.6885905041458743
0.7295431424581431 0.6804421019358251
0.7476827186904514 0.6680403206388263
0.7645779836584147 0.6555697007632806
0.7801563031221208 0.6431767405652207
0.794395144623754 0.6309831890096435
0.8073141179982006 0.619083827830455
0.8189636466282022 0.6075474994057617
0.8294161950498636 0.5964195122660161
0.8388873735512692 0.58556984318384
0.8446465414615797 0.578719513897518
0.8509816261629213 0.5711841516825639
0.857950219334397 0.5628952532461142
0.8656156718230202 0.5537774649660198
0.8740476695605058 0.5437478978579158
0.88332286707174 0.5327153740390014
0.8935255843340977 0.5205795978381955
0.904748573322691 0.5072302440173091
0.9170938612101437 0.49254595481433405
0.9306736778863417 0.4763932366910615
0.9456114762301595 0.4586252467554617
0.962043054408359 0.4390804578263019
0.9801177904043785 0.4175811900042261
1.0 0.39393199539994267
