# CURVE 2D, normalized by CHORD
# COLUMN#1 = X-coordinate, COLUMN#2 = Y-coordinate
#-------------------------------------------------------------------------------
-0.09904181685524102 0.445008870164905
-0.09900261920878983 0.4143546902621806
-0.09781033386703615 0.4732428841747617
-0.09745562444656569 0.3808569636896944
-0.09549007269524765 0.49940456525745325
-0.09409110503807244 0.34399529958495106
-0.0926468784087719 0.5206150745201389
-0.09160478895296632 0.3241068158361547
-0.08850225384951804 0.3031229733072339
-0.08674362352521064 0.5404110941769193
-0.08471166265056436 0.28093634813573737
-0.08015018289971045 0.257426094392207
-0.07533553342843066 0.5568694171278917
-0.07472161199552659 0.23245509432014297
-0.06831404670299848 0.2058675106205005
-0.060796815135508206 0.17748546032493623
-0.05823097644376778 0.567684835314057
-0.05201671544297384 0.14710500805615895
-0.04179348223890505 0.11449146636421653
-0.03641417768930209 0.5731558222519878
-0.02991394622252834 0.07937332006925082
-0.02312561941369377 0.06036538125635751
-0.016124690875242993 0.041434705439631146
-0.015575773037614102 0.5747114103346708
-0.00817926137121914 0.020671859706175768
0.0 0.0
0.01266233822020224 0.5743097438741658
0.03472817664370632 0.5731279907431541
0.05678139118732143 0.571725286874639
0.07867614684842045 0.5703981988426383
0.10058448771178213 0.5693212169333985
0.12540218112992438 0.5685633588781708
0.1463966745715967 0.5683974860653798
0.18343933755914524 0.5693418867867954
0.21728463599890444 0.5717341901066246
0.24990469871480495 0.5755265986308362
0.2499046987148055 0.5755265986308363
0.26203010098777085 0.5772165711019563
0.27658058371532934 0.5792445380673004
0.29404116298839944 0.5816780984257133
0.3149938581160836 0.5845983708558087
0.33594655324376776 0.5875186432859041
0.3534071325168379 0.589952203644317
0.36795761524439635 0.5919801706096611
0.38008301751736173 0.5936701430807811
0.3996621166924369 0.5961061458396815
0.41768590870424405 0.5978100829455064
0.43465602922039076 0.5989144296271345
0.45071220051663086 0.5994879865942653
0.4659734958626162 0.5995861537859645
0.4875947727218558 0.5989365742500384
0.5079451729134942 0.5974286644400091
0.5272645940552199 0.5951405123249807
0.5457556020401549 0.5921218053103771
0.5635941040666687 0.5883989244788173
0.5809363381444769 0.5839766966529033
0.5979259260416412 0.5788399661102316
0.6146993864512572 0.5729530580518694
0.6313915459706736 0.566257651892799
0.6481413869162344 0.5586689628453506
0.66509885796241 0.5500694307864024
0.6824337074554054 0.5402985579943483
0.7003481997650003 0.529136453504224
0.719096126213039 0.5162782040218873
0.7322195565002312 0.5065561132579021
0.7459919623184267 0.4957145194193415
0.7605842112272689 0.48351867457710385
0.7762270671928021 0.4696465741462509
0.7932472826638706 0.4536379628633929
0.8121363492450456 0.4347978012688726
0.8336962199693432 0.4119930936340396
0.8458928746025345 0.3985198154040331
0.8594057322813804 0.3831457041452296
0.8749191098701976 0.3649610538896851
0.880768306948362 0.35800363804940655
0.8872024237343428 0.3503504806251002
0.8942799521989216 0.34193200745836316
0.9020652335099584 0.3326716869749524
0.9106290429520989 0.32248533444320066
0.9200492333384533 0.3112803466582737
0.9304114427634433 0.298954860094854
0.9418098731309322 0.2853968248750924
0.9543481465351701 0.2704829861333546
0.9681402472798317 0.254077763517443
0.9833115580989594 0.23603201863994025
1.0 0.21618169927468722
