# CURVE 2D, normalized by CHORD
# COLUMN#1 = X-coordinate, COLUMN#2 = Y-coordinate
#-------------------------------------------------------------------------------
-0.17363771683199053 0.5147661601670397
-0.17334018203886017 0.5402112005631595
-0.17243726279588636 0.4864226567631903
-0.17182265769075725 0.5632681643861429
-0.1693538173257113 0.4545240223592421
-0.16928735258556057 0.5843414243574542
-0.16388298001134935 0.6129215711094822
-0.16385141432903627 0.4182146092349254
-0.15996756059007394 0.3980640116333407
-0.15683170799517004 0.6386001686312837
-0.15517253760857058 0.37635608229333284
-0.14931898711213426 0.35288378994824504
-0.14830981977513588 0.662012280186756
-0.1422291871287067 0.327404325318421
-0.13766376442541947 0.6850740800198251
-0.13368653479143502 0.29962950811069117
-0.12635186322040923 0.7059246527105951
-0.12342554446467909 0.2692153475961045
-0.11582673703190244 0.7230479905451538
-0.11111890770831025 0.23574881676542242
-0.10128084704405937 0.7435136583595333
-0.09635945865899664 0.198729302000667
-0.0879495436014448 0.7593713525237739
-0.08763678347352478 0.17807732465908171
-0.07863639649757691 0.15754483336577577
-0.07161962309479294 0.7754562482852715
-0.06812495601085075 0.13442049390465913
-0.057302677927796315 0.11143995876413923
-0.05284381364985772 0.7899294079511987
-0.04459215875866312 0.0853700490155351
-0.035165288089655036 0.8000769573507707
-0.03153129170768877 0.05947385231195521
-0.015967546318964482 0.029629905963076138
-0.01446204590566364 0.8081598573478428
0.0 0.0
0.006813631630863184 0.8126739526754562
0.030609490572130853 0.8137502179606441
0.05255938900475528 0.8117079660785178
0.07236651917973709 0.8089529091586912
0.07778556333789272 0.8093064162203394
0.08850967025853315 0.8125561959388503
0.10137859856330164 0.8164559316010633
0.11682131252902384 0.821135614395719
0.13535256928789047 0.8267512337493058
0.15759007739853045 0.83348997697361
0.18427508713129842 0.841576468842775
0.21629709881061998 0.8512802590857731
0.25472351282580585 0.8629248073773708
0.3008352096440289 0.8768982653272879
0.3469469064622519 0.890871723277205
0.3853733204774378 0.9025162715688027
0.4173953321567594 0.9122200618118007
0.44408034188952733 0.9203065536809657
0.46631785000016734 0.9270452969052699
0.4848491067590339 0.9326609162588567
0.5002918207247562 0.9373405990535124
0.5131607490295247 0.9412403347157254
0.5238848559501651 0.9444901144342364
0.5402495339213655 0.9480904804008259
0.5560429329132645 0.9493241622788757
0.5749449391031359 0.9484250541267327
0.5932212606638092 0.9454840013409951
0.6094155940666518 0.9414096793783465
0.6283596443041536 0.9350988985337564
0.642854415928402 0.9292516221146637
0.6591087829585972 0.9217287740265648
0.6773558096745952 0.9121487848336451
0.6977983934702259 0.9000759179020538
0.7205436353451263 0.8850624673428813
0.7327644251705268 0.8763288689512161
0.7455075628700925 0.8667321145924062
0.7587120586828634 0.8562608823476144
0.772290050311338 0.8449296715412749
0.7861256323565684 0.8327846390824473
0.8000765642598675 0.819907403890846
0.813979450600413 0.8064161857206745
0.8276587557692496 0.7924620760475342
0.8409385483801204 0.778221014741013
0.8536552943149656 0.7638819861422468
0.8656698846254961 0.7496332716098811
0.8768762588684972 0.7356489927102816
0.8872048337345242 0.7220789038013846
0.8966230860644869 0.7090415328958184
0.9051310029598507 0.696622162087841
0.9195397334732912 0.6738239347467678
0.9308313407294044 0.6538104370304023
0.9395230098583581 0.6364294161700311
0.9461240944389366 0.621394188143653
0.953052021508738 0.6025327338424795
0.9574085594776764 0.587204078898977
0.9605877575559655 0.5706313104053231
0.96182820968128 0.5615996664376018
0.9631927070191261 0.5516648580731085
0.9646936540907567 0.5407365688721657
0.9663446958695504 0.5287154507511286
0.9681608418262234 0.5154922208179878
0.9701586023785638 0.5009466678915331
0.9723561389861382 0.4849465596724328
0.97477342925447 0.46734644063142244
0.9774324485496351 0.4479863096863111
0.9803573697743165 0.4266901656466886
0.9835747831214662 0.40326440720310386
0.9871139378033309 0.37749607291516063
0.9910070079533819 0.34915090519842307
0.9952893851184381 0.3179712207100117
1.0 0.2836735677727592
