# CURVE 2D, normalized by CHORD
# COLUMN#1 = X-coordinate, COLUMN#2 = Y-coordinate
#-------------------------------------------------------------------------------
-0.17565004488801284 0.42964119289071206
-0.17525017289045838 0.40688863460629193
-0.17247294325759874 0.45109962133838666
-0.17238587049067097 0.38447552885452163
-0.16754887875350907 0.36113883972110444
-0.16473206337910068 0.46986584643598034
-0.16215193568286507 0.3407960251981364
-0.1540093119582871 0.3148500492871983
-0.15089558801468758 0.48524012608336864
-0.14162406929505225 0.2808030255283236
-0.13309689661480073 0.25955057998387077
-0.12601264391314868 0.49929959348212033
-0.12240602708751937 0.23453854211126562
-0.10888380360484444 0.20476239021005357
-0.10092243481744807 0.513040374336463
-0.0915953827745934 0.16884823184388822
-0.08325103716505731 0.5229866479387743
-0.08052162877078453 0.14679932451580052
-0.06920275312697066 0.12487521022695586
-0.06569156639795992 0.5331291574430699
-0.05462597757274141 0.09740154028643117
-0.03974393487102592 0.07009197858562198
-0.038770608391808466 0.5492885764162656
-0.026673168838603312 0.046627827333739234
-0.017688111785456043 0.5625940706623326
-0.013419803978451916 0.023266314097082522
-0.0008026907519726893 0.5737866746961909
0.0 0.0
0.02456804111350939 0.591823085417018
0.043194573958328625 0.6063717790373494
0.0594662009033314 0.6203256858851882
0.07492900154119252 0.6345268365975
0.09056000700345757 0.6474835226056509
0.10583721141048086 0.6559288947529203
0.11552790424596404 0.6601011140465092
0.12715673564854388 0.665107777198816
0.14111133333163967 0.6711157729815841
0.15785685055135462 0.6783253679209058
0.17460236777106958 0.6855349628602275
0.18855696545416537 0.6915429586429955
0.2001857968567452 0.6965496217953023
0.20987648969222839 0.7007218410888912
0.2286669887738902 0.7083513252014348
0.2460733063024391 0.7145865289175359
0.26267522638613905 0.7197720985019787
0.27857719777664913 0.7240280231703404
0.2938715586982293 0.727452942822276
0.3086394360181185 0.730126254675111
0.329960783191235 0.7328637710235678
0.35047566871936725 0.7342163117798728
0.3703735581875217 0.7342954094599277
0.3898244662557192 0.733168151135147
0.4089852096049603 0.7308624128282124
0.4280047993875422 0.7273697310381473
0.4470292914405987 0.7226440246871908
0.4662071376761492 0.7165991169396088
0.48569488727145216 0.709103036309862
0.5056646991532122 0.6999666839574707
0.5193421430626765 0.6928383367113109
0.5333895958614737 0.6847642467885858
0.5478876673063968 0.675616069843538
0.5629345240660789 0.6652305274451182
0.5786561397744677 0.6533935254599365
0.5952254000435532 0.6398125454927062
0.6129033659225761 0.6240598548963383
0.6321453628472371 0.6054323401342635
0.6426218914328496 0.5946506953453452
0.6539658622801175 0.5824835469848807
0.6667004116896348 0.568245408022303
0.6824277258499217 0.5499045654299692
0.6995625173236653 0.5292060813701489
0.7165946962971474 0.5084228768486758
0.7312119091412064 0.4913267005394099
0.7411005170810379 0.4810752550639454
0.7483022257976673 0.474306171186031
0.7562241053859597 0.46686017892032516
0.7649381729330813 0.45866958742804875
0.7745236472349152 0.4496599367865447
0.7850676689669324 0.43974932108089027
0.7966660928721513 0.42884764380467033
0.809424359167892 0.4168557988008284
0.823458452093207 0.40366476929660233
0.8388959543110533 0.3891546368419536
0.8558772067506843 0.37319349114184
0.8745565844342784 0.3556362308717151
0.895103899886232 0.33632324457457763
0.9177059468833809 0.3150789596477265
0.9425681985802447 0.29171024622819014
0.9699166754467948 0.2660046614667002
1.0 0.2377285182290613
