# CURVE 2D, normalized by CHORD
# COLUMN#1 = X-coordinate, COLUMN#2 = Y-coordinate
#-------------------------------------------------------------------------------
-0.12147680131221991 0.5118685720492236
-0.1214474663192574 0.48346358700416225
-0.1203637632166399 0.5372121091607672
-0.11997043309327 0.4513485741756198
-0.1183342650082293 0.5600041459136368
-0.11662911113079998 0.4146873877695618
-0.11496639735635933 0.5838520384125263
-0.11408748287521667 0.3943225773874637
-0.11084785755122736 0.37238495241003433
-0.11050429142793478 0.603606572897614
-0.10680170282323916 0.3486803427899807
-0.10410671887445566 0.6227401359254473
-0.1018190277302216 0.3229817085515936
-0.09574411493004563 0.2950237555368839
-0.09427828050345254 0.6427607977294038
-0.08838886477559975 0.2644935700213938
-0.08213911499068548 0.6595777953615708
-0.07952496928708618 0.23102030847065297
-0.06887365868491972 0.19416176281234696
-0.06712056940335734 0.6736679293819913
-0.06259704410265128 0.17373806898495833
-0.05609174615402256 0.15338604731019484
-0.049838951244530194 0.6842528717422086
-0.04855003218911418 0.13067474222338368
-0.0407540777536633 0.10804943281508848
-0.03168369266240935 0.08265574947951367
-0.028714933712041906 0.6918577997174805
-0.022329093819866842 0.057365366790270794
-0.011326332197455987 0.028619720929470904
-0.00783391670337941 0.6953550950683067
0.0 0.0
0.01517129186462282 0.6958151222977561
0.04040542534402975 0.69319549240504
0.06252691855523518 0.6888581801740996
0.07756683745012127 0.6854170445118479
0.08702492982317514 0.6835626887028627
0.09837464067083973 0.6813374617320804
0.11199429368803729 0.6786671893671418
0.12833787730867433 0.6754628625292154
0.1479501776534388 0.6716176703237036
0.17148493806715615 0.6670034396770895
0.199726650563617 0.6614663629011527
0.23361670555936997 0.6548218707700284
0.27428477155427355 0.6468484802126793
0.31495283754917713 0.6388750896553301
0.3488428925449301 0.632230597524206
0.37708460504139096 0.626693520748269
0.40061936545510834 0.622079290101655
0.4202316657998728 0.6182340978961433
0.43657524942050985 0.6150297710582169
0.4501949024377074 0.6123594986932781
0.461544613285372 0.6101342717224959
0.47100270565842584 0.6082799159135107
0.48891815636679636 0.6050702373118733
0.5074827222695553 0.6023586065583217
0.5273571734107376 0.600102573744927
0.5492190640117454 0.5983281822107649
0.5744741931136863 0.5970935120335095
0.6074337223589119 0.5965541772447746
0.6343122365479233 0.5967539875763118
0.6621892021521378 0.5972554543366162
0.6900673872881111 0.5976761543218898
0.7068060286781692 0.5976895019126255
0.7275231380417237 0.5972213171996148
0.7479983861776016 0.5959447978910549
0.7630371164615739 0.5942728250175908
0.7787557108862443 0.5916328908046643
0.7944125327641915 0.5878313660057527
0.8097681721156502 0.5826380033566598
0.8248713294120457 0.5757066070867672
0.8381663677837625 0.5676880475053098
0.8504161515622074 0.5582767384093265
0.8621392444481369 0.5469667351604541
0.8672264176055883 0.5412063628588156
0.8734353504760921 0.5338210538450824
0.8802651766336463 0.5256972139299758
0.887777985406956 0.5167609900233585
0.8960420750575966 0.5069311437260796
0.9051325736733012 0.49611831279907276
0.9151321221505764 0.4842241987793652
0.926131625475579 0.4711406733576869
0.9382310791330819 0.4567487953938407
0.9515404781563351 0.44091772963361003
0.9661808170819136 0.42350355729735617
0.98228518990005 0.404347967727477
1.0 0.38327681920060985
