# CURVE 2D, normalized by CHORD
# COLUMN#1 = X-coordinate, COLUMN#2 = Y-coordinate
#-------------------------------------------------------------------------------
-0.25200161750846134 0.5905771728444682
-0.2516226688044944 0.5626333715534364
-0.25049049705086024 0.6150634591576074
-0.250025706029857 0.5415713737370148
-0.24748832815782074 0.6368664674346791
-0.24705666312757468 0.5180878697969471
-0.24324864358049975 0.6565626647737335
-0.24235818946576448 0.49164667799182366
-0.23592337116535922 0.6802903227742133
-0.23543984854530953 0.46155136534251523
-0.22682510733621247 0.701822570313793
-0.22561731075262026 0.4268793238167885
-0.21932874050687762 0.4074548677372296
-0.21594268482549467 0.7217372477676007
-0.2119204949928303 0.38638694164377313
-0.2032024238312031 0.3634455458925676
-0.2031114212830237 0.7404744602535576
-0.19294250845808048 0.3383565606706628
-0.18800731486040015 0.7583781030702346
-0.1808561459490474 0.3107916634314203
-0.17011152448928363 0.7757193299333426
-0.1665923301399327 0.28035557255963234
-0.15439912784073717 0.7884839315976988
-0.14971268931949241 0.2465660022734812
-0.13980784760644485 0.22763637871746611
-0.13335116054477467 0.8029783042396694
-0.12966705540006182 0.20883208078487756
-0.11784443316880774 0.18755169506754688
-0.11110635266957689 0.8164856131778827
-0.1057565781801567 0.16642081680208762
-0.0915704805683935 0.14232750403042083
-0.0907325597673065 0.8275003770213198
-0.07708417973555709 0.11841345695565217
-0.07196595697987485 0.8364628791950092
-0.059955079993982176 0.09092042804007372
-0.04636542766394963 0.8467904719282983
-0.04248358852336183 0.06364366605316195
-0.023319603869439678 0.8541290739656054
-0.021442490647901307 0.03168788875154982
-0.0023860333420808472 0.8590997594877599
0.0 0.0
0.0228100397724963 0.8628030945833227
0.04541896289857588 0.8638371791279629
0.06581550665671444 0.8627248315233736
0.08850579328488539 0.8589066976207739
0.10077788253500866 0.8555398456206431
0.11285587271539767 0.8517264244176189
0.12734946093186447 0.84715031897399
0.14474176679162465 0.8416589924416351
0.16561253382333685 0.8350694006028093
0.19065745426139147 0.8271618903962183
0.2157023746994461 0.8192543801896274
0.2365731417311583 0.8126647883508016
0.25396544759091844 0.8071734618184467
0.2684590358073853 0.8025973563748178
0.28053702598777425 0.7987839351717936
0.30597722758524026 0.7912180822964369
0.330838114477204 0.7847136387111977
0.35578482875367945 0.7790538830056257
0.3808932223703537 0.7742169366801802
0.40624648517517714 0.7701899178879889
0.43193824246067414 0.7669688211703435
0.45807682663828775 0.7645590561416024
0.4847921506723167 0.7629773740174945
0.5122460775347977 0.7622540466801113
0.5406508107975894 0.7624378334691851
0.5703003279914538 0.7636030408275506
0.6016360698923998 0.7658662095667924
0.6353979728068031 0.7694226166775725
0.6730537592043654 0.7746471034388536
0.6958880744884145 0.7783976528660265
0.7186578127320208 0.7825225604383126
0.7536331938746348 0.78947852018586
0.7885088626406513 0.7969200366787849
0.8233639838641276 0.8044576335645842
0.8606627073110916 0.8118638636311607
0.8779270181031955 0.8146724157896982
0.8983367231491943 0.8170081934335618
0.9159247307284755 0.8175938750881142
0.9325849008976408 0.8160147907564343
0.9473841763885875 0.8113644195783474
0.9603192599721988 0.8017926478942273
0.9685767065169049 0.7880367613640986
0.9724750617956315 0.7724956658708816
0.9734285169056918 0.761694732638983
0.9737625686131748 0.7534954134969623
0.9741300254914063 0.7444761624407394
0.9745342280574607 0.7345549862788945
0.9749788508801207 0.7236416925008649
0.9754679359850467 0.7116370693450323
0.9760059296004652 0.6984319838736165
0.9765977225774256 0.6839063898550592
0.977248694852082 0.667928236434646
0.9779647643542041 0.6503522676721917
0.9787524408065384 0.6310187020334919
0.9796188849041062 0.609751779830922
0.9805719734114307 0.5863581654080952
0.9816203707694876 0.5606251895429856
0.9827736078633502 0.5323189160913651
0.9840421686665992 0.5011820152945826
0.985437585550173 0.46693142441812174
0.9869725441221042 0.42925577445401486
0.9886609985512285 0.38781255949349736
0.9905182984232652 0.34222502303692803
0.9925613282825057 0.29207873293470177
0.9948086611276701 0.2369178138222529
0.9972807272573511 0.17624080279855914
1.0 0.10949609067249608
