# CURVE 2D, normalized by CHORD
# COLUMN#1 = X-coordinate, COLUMN#2 = Y-coordinate
#-------------------------------------------------------------------------------
-0.10997893546527499 0.4731908043862855
-0.10936999552862836 0.44152050433954454
-0.10929629320853482 0.502194227361362
-0.10752242688495064 0.5289153800492592
-0.10720976408473452 0.4067133694694269
-0.10481219813091283 0.5536718131779972
-0.10315973058124264 0.3681889769709667
-0.10096291998317276 0.5755864215366702
-0.10029220559043538 0.34731305363975623
-0.09677545302623515 0.32522254891385405
-0.09443143989649565 0.5959637380928371
-0.09253094279108759 0.30179643900879494
-0.08746792061228481 0.27689803873039603
-0.08475006694176379 0.6149766406255701
-0.08148101398612491 0.25037213616685683
-0.0744474015712113 0.22204172343688575
-0.07272321940171896 0.6310258411364423
-0.06622349415591006 0.19170430356033252
-0.05780924640491081 0.6450767458930852
-0.05664047480783305 0.15912678610349776
-0.04549949702488102 0.12404044614744353
-0.039133366466592164 0.10505231348887654
-0.03882862531104303 0.6576078126066158
-0.03256479656921909 0.08613324854929975
-0.02516991001133199 0.0655471868517586
-0.020684158462458888 0.666023131939643
-0.01755559644896277 0.045041262757917165
-0.008898907398337468 0.02247343305577677
0.0 0.0
0.002401292965625146 0.6733051698453767
0.026998253579536596 0.6779959645587842
0.05141096863443599 0.6802698986147896
0.073088708192857 0.6806750211846467
0.09785476677898529 0.679551868855295
0.1251784133075899 0.6765574764503158
0.13468945926645054 0.675104147794385
0.14510378495257054 0.6733972138300887
0.1576009757759146 0.671348893072933
0.1725976047639274 0.6688909081643463
0.1905935595495428 0.6659413262740422
0.21218870529228126 0.6624018280056773
0.23810288018356743 0.6581544300836394
0.26401705507485357 0.6539070321616015
0.2856122008175921 0.6503675338932365
0.3036081556032074 0.6474179520029325
0.31860478459122027 0.6449599670943458
0.3311019754145643 0.6429116463371901
0.3415163011006843 0.6412047123728938
0.3691325951361927 0.6367535831145354
0.39676012365049146 0.6323725655664009
0.4243783010563328 0.6279331387653158
0.45218895891492944 0.6232490136447144
0.4706409393540737 0.6199378968253334
0.49776356731009613 0.6146406093445977
0.5186799452248156 0.6100960046918392
0.536240929442752 0.6058932631554984
0.5516468234329182 0.6018638525135355
0.5720412747619288 0.5959605111157844
0.5901937056946145 0.5900831577792213
0.6067849349594515 0.5841305552458885
0.6222427041787356 0.578031623192956
0.6368584955253072 0.5717290150004766
0.650844507063236 0.5651712814222817
0.664363376601684 0.5583083161538267
0.6775458255285018 0.5510884856153825
0.6905014220566054 0.5434562643179478
0.7033258503094698 0.535350106904296
0.7161060708731792 0.5267004575436581
0.7289241578087438 0.5174272649229373
0.7418605043792807 0.5074371219171898
0.7549967071503351 0.4966196414864252
0.7684183502970062 0.484843013703496
0.7822178327643441 0.47194848559308655
0.7964979695565149 0.45774193707358096
0.811376215243462 0.4419832311484098
0.8216938904628853 0.4304703777144191
0.8326141082393439 0.41775564667027487
0.8385975216918795 0.4106385851356221
0.8451792764896686 0.4028098174475041
0.8524192067672367 0.39419817299057425
0.8603831300725616 0.38472536408795144
0.869143445708419 0.3743052742950664
0.8787797929078621 0.3628431755228928
0.8893797748272495 0.3502348668735018
0.9010397549385757 0.3363657273591718
0.9138657330610345 0.3211096738934087
0.9279743089957392 0.3043280150810693
0.9434937425239143 0.285868190387496
0.960565119404907 0.2655623832245654
0.9793436339739988 0.24322599534534167
1.0 0.21865596867819553
