# CURVE 2D, normalized by CHORD
# COLUMN#1 = X-coordinate, COLUMN#2 = Y-coordinate
#-------------------------------------------------------------------------------
-0.1308999302314357 0.5095945675676764
-0.1305599491314441 0.4838881022903098
-0.13024901391132776 0.5328551189678419
-0.12900124263399418 0.4552787996072288
-0.12878127538110656 0.5540384437893541
-0.12592340674782285 0.4231941611895497
-0.12533212700597496 0.5825613210968784
-0.121157730455981 0.6054918973378852
-0.12092667163222494 0.38690834647122163
-0.11754716986259917 0.36690809274144076
-0.11604562017504395 0.6252737811914896
-0.11347240982482058 0.34548760294156255
-0.10860385536632951 0.32248492425846287
-0.10807958235451304 0.6467908718669197
-0.10282560405527894 0.29771369781140394
-0.09847158669003063 0.6648599379606854
-0.09600068698657815 0.2709583981893075
-0.08796653457262567 0.2419686390452952
-0.08527075347223191 0.6820822891642371
-0.07852899746625869 0.21045161198723225
-0.07010004369748785 0.6956341310654276
-0.06745497636684954 0.176063046169347
-0.05446332929094701 0.13839635490086794
-0.0508216765069594 0.7072197491518392
-0.046944385787862475 0.11764267378052655
-0.03921233662434185 0.09696743113531554
-0.030365956878577592 0.0740358123290027
-0.029822905148369865 0.715499757021371
-0.021284125684989306 0.05119640563262347
-0.01077468040139052 0.025543076988143374
-0.007682506116726792 0.7212137826628379
0.0 0.0
0.02056620460764395 0.7257612989470908
0.04412834148733548 0.7281205075969893
0.07486290473182888 0.7300964498301736
0.10563171104839933 0.7314590683728744
0.1333272470454016 0.732538651844437
0.1610187306092206 0.7337163636539497
0.18869779149288515 0.7351547410697565
0.22452171548107333 0.7375959212572191
0.2545457643048058 0.7402702642920708
0.281815167276758 0.7432685524190751
0.3078669643618434 0.7466823019526769
0.3078669643618443 0.746682301952677
0.3195780145410746 0.7483425459454675
0.3336312747561509 0.750334838736816
0.3504951870142425 0.7527255900864341
0.3707318817239524 0.7555944917059759
0.39501591537560427 0.7590371736494261
0.41929994902725615 0.7624798555928763
0.43953664373696605 0.7653487572124181
0.45640055599505763 0.7677395085620363
0.47045381621013393 0.7697318013533848
0.48216486638936423 0.7713920453461752
0.49741472052834107 0.7729760422763157
0.5129334259935932 0.7734349225706595
0.529158311277224 0.7727233104195476
0.5463375132835679 0.7707001866415558
0.564775201238858 0.767142207561129
0.5806871971515598 0.7629695923839218
0.5979003574210899 0.7573578553005909
0.6167346221673332 0.749969021965402
0.6321705943961977 0.7429839322783662
0.6489765163866328 0.7344692924819871
0.667440651241712 0.7240691089526884
0.6808512465957036 0.7158585337308603
0.6953020002701273 0.7064176228468942
0.710964596714965 0.6955164005115341
0.7280527299644588 0.6828633097109882
0.7468394558052834 0.6680799038932032
0.7676809218247629 0.6506657085387741
0.7790156634607011 0.6407685064395788
0.7910568734235138 0.6299392496137811
0.8038951184613237 0.6180481872289508
0.8176409277768627 0.6049367697763477
0.832429892874963 0.5904103552467944
0.8484339708874276 0.5742224552051358
0.8658754274950078 0.5560553031700929
0.88505186543301 0.5354853330616489
0.9063791963386125 0.5119243497493856
0.9304737649270564 0.4845079532072402
0.9445829140857398 0.46809085830193964
0.9585704935952417 0.4515700503563161
0.9585704935952424 0.45157005035631526
0.9639400633900813 0.445183134434888
0.9698465901644042 0.43815752692131793
0.9763437696161594 0.4304293586563909
0.9834906670130901 0.4219283735649712
0.9913522541497138 0.4125772899644095
1.0 0.40229109800379165
