# CURVE 2D, normalized by CHORD
# COLUMN#1 = X-coordinate, COLUMN#2 = Y-coordinate
#-------------------------------------------------------------------------------
-0.11346181123230306 0.5981443639794987
-0.11330804698481887 0.5780682729159534
-0.10317785240912042 0.5601953617807597
-0.10058415232269248 0.6140147387072191
-0.08807845822725001 0.5430775261286303
-0.07965522107420366 0.6253238101911909
-0.07478948059804796 0.5268528013950113
-0.06210290623772968 0.5090933869487064
-0.05496892951498429 0.6332282420978893
-0.04998123018407823 0.4895138444440132
-0.03841693903248309 0.4677486081980903
-0.03336758402421606 0.6379682472934722
-0.02743932216280883 0.44332602743530486
-0.017126434501927152 0.41563044257330733
-0.007624867054388125 0.3838464095526233
0.0 0.0
0.0008178019057913646 0.3468746774696863
0.0009517188426929739 0.6431451438359066
0.0036643067255744837 0.02816882121882565
0.004524447725658105 0.32599155300092997
0.006861516180507663 0.05639442601962536
0.007799086925841799 0.30320186408880556
0.009217155117460957 0.08079863478226813
0.010552283026218304 0.2782177598895222
0.011170796519502604 0.10523827256639653
0.01253078273411992 0.12670603215042567
0.012670351327527944 0.2506937149557041
0.013537164305391985 0.14819324076869933
0.014007751293673822 0.22021011468988097
0.014377430411510904 0.18625424430878745
0.026226385009793608 0.6457376575401355
0.06018121270463362 0.6480912047911807
0.08360978865967567 0.6491317989859666
0.10705236820855231 0.6497880071180085
0.1402820828927473 0.6501658600016146
0.1735136620671196 0.6499991399711427
0.2055382098249794 0.6494017582423228
0.23755370475423435 0.6484324228324982
0.2695575623261813 0.6471337027072009
0.26955756232620326 0.6471337027071999
0.27963410505969466 0.6466765023374978
0.29172595633988435 0.6461278618938553
0.30623617787611196 0.6454694933614842
0.3236484437195851 0.6446794511226389
0.3445431627317529 0.6437314004360246
0.36543788174392067 0.6427833497494103
0.38285014758739383 0.641993307510565
0.39736036912362144 0.6413349389781939
0.40945222040381113 0.6407862985345514
0.41952876313730253 0.6403290981648493
0.45611271342323656 0.638385847580753
0.48373370736630544 0.636460474135959
0.506595527962339 0.6344902846907173
0.5262925061359656 0.6324681143998375
0.5436703426775389 0.6303968287188846
0.5592470736628888 0.6282819243760346
0.5862848684334854 0.6239445242908828
0.6091914750249601 0.6194979467452293
0.6290093235906278 0.6149749904064865
0.6464163933333007 0.6103998567093415
0.6618844333412183 0.6057898606649897
0.6821822280123336 0.5988346621632943
0.6997119322377724 0.5918515440064449
0.7150556273669004 0.5848508155127322
0.7286348110881443 0.5778330612709469
0.744528997975673 0.5684379127565197
0.7583900066919851 0.5589722366066283
0.7706165696244783 0.5493958244011813
0.7840421076100512 0.5371928883124042
0.7957867080405717 0.5246216693465008
0.8061443117766433 0.5115417907068369
0.8153183068718596 0.4977844202540135
0.8234402917573693 0.4831436379207217
0.829315748459527 0.4704194973377776
0.8330588920256492 0.46155762555820107
0.8371763499483835 0.4518095666006669
0.8417055536633913 0.44108670174737935
0.8466876777498997 0.429291550408763
0.8521680142450592 0.41631688393628496
0.8581963843897344 0.4020447508165592
0.8648275915488773 0.38634540438486087
0.8721219194239345 0.3690761233099927
0.8801456800864974 0.3500799141276376
0.8889718168153165 0.32918408402704713
0.8986805672170176 0.3061986709163976
0.9093601926588888 0.280914716494683
0.921107780644947 0.25310236663079705
0.9340301274296111 0.22250878178052247
0.9482447088927417 0.18885583844522041
0.9638807485021853 0.15183760077638814
0.9810803920725732 0.11111753934067264
1.0 0.0663254717613855
