# CURVE 2D, normalized by CHORD
# COLUMN#1 = X-coordinate, COLUMN#2 = Y-coordinate
#-------------------------------------------------------------------------------
-0.11475461665821707 0.4928747795470294
-0.11443449146957081 0.5258600819931264
-0.11362969427947292 0.4572716471976359
-0.11286661664902384 0.5565794744834512
-0.11080835564191109 0.41862819670162776
-0.11020594995285118 0.5853286113227448
-0.10866456418433364 0.3980108178869291
-0.10749584284611949 0.6061770160896607
-0.10596981270569898 0.3764335008692068
-0.10300054814811258 0.6258586792531077
-0.10266957357891118 0.35381441178991113
-0.09870196468319592 0.3300628253642292
-0.09554537165959251 0.6445309656301146
-0.0939962511239857 0.3050772881728697
-0.08847182401759596 0.2787447411225505
-0.0843096528290817 0.6625930483595814
-0.08203652928509739 0.2509387082722597
-0.0745842703216788 0.2215165417288313
-0.06931037129759035 0.6788927938457232
-0.06599311341773545 0.19031773360646836
-0.05612221721278238 0.15716064460794013
-0.05126784139749095 0.6926229834952261
-0.044808272673212884 0.12183886706285667
-0.03314540811608267 0.7026757042146158
-0.03186140270515649 0.08411720711618402
-0.024564734729917607 0.06388356785388692
-0.01705975378244922 0.04372625898231366
-0.013329913352852801 0.7108942524054421
-0.008643510693737439 0.021818800027070717
0.0 0.0
0.007188506700068857 0.717257403362883
0.03398509048657739 0.7231896569574187
0.06023707262244026 0.7270568733870366
0.08197727832539635 0.7291346367089744
0.10843245194596102 0.7305629308417544
0.1414161932934948 0.7309775459268978
0.16267201558934266 0.730583404245171
0.18391532186207377 0.7297517371048869
0.21027885490700057 0.7281914094550324
0.24171622968350634 0.7256749797618643
0.25117039975082617 0.7248221048533039
0.26251540383160993 0.7237986549630313
0.27386040791239374 0.7227752050727588
0.28331457797971354 0.7219223301641984
0.3166136007866656 0.7187306461829415
0.34504930283577695 0.7156769879983884
0.37012506803803685 0.7126962333231501
0.3925463426780716 0.7097729220772719
0.4128189167655997 0.7068957621898366
0.4313178977764615 0.7040561403899196
0.4483295546820294 0.701247237193605
0.4640763309336747 0.6984635053874467
0.4924539917535633 0.6929535202794588
0.5175110776650719 0.6874958882227525
0.5399760293428856 0.6820666617488804
0.5603702934442049 0.676645711693153
0.5790817221834406 0.6712152546466478
0.5964054353801261 0.6657589341887791
0.6125726408995569 0.660261207855648
0.6277677281546868 0.6547068852513431
0.6421406895764785 0.6490807743600854
0.6624244738419164 0.6404729296077485
0.6814730362275649 0.6316133744905759
0.6995577153046565 0.6224417912276743
0.7169031011713184 0.6128905175923167
0.7337016941677482 0.6028814120470528
0.7501260794204894 0.5923227349576646
0.7663378327822739 0.5811040484140236
0.7824962875064119 0.5690897190742265
0.7987673083380739 0.5561100326488223
0.815333811740748 0.5419466302741627
0.8266460717950216 0.5317085984729607
0.8382588134090614 0.5207097142576752
0.8502608214070436 0.508814937686706
0.8627608550379229 0.49585191667384365
0.8758952209510981 0.4815982145533716
0.8898408094866599 0.4657583290810593
0.8974097127051759 0.4568602866674875
0.9038467807926 0.4492036187730882
0.9109275556887664 0.4407812840892489
0.9187164080745495 0.43151671593702573
0.9272841456989109 0.42132569096958017
0.9367086570857085 0.41011556350539013
0.9470756196111858 0.3977844232947811
0.9584792783892108 0.38422016906311107
0.9710233030450384 0.3692994894082741
0.9848217301664487 0.35288674178795343
1.0 0.33483271940560067
