# CURVE 2D, normalized by CHORD
# COLUMN#1 = X-coordinate, COLUMN#2 = Y-coordinate
#-------------------------------------------------------------------------------
-0.12009680564775008 0.5206959297290089
-0.11980061998458262 0.5598854723174906
-0.11958537057309215 0.5000404994028474
-0.11858971643963431 0.4786048934631914
-0.11793180708504258 0.596568300563744
-0.11707073638207864 0.45632744685188154
-0.11498425399864727 0.4331405639933908
-0.11466985566860433 0.6310770848743661
-0.11228033805796596 0.4089699966153791
-0.1118170098065102 0.6527311741200883
-0.10890211832163962 0.38373340770538256
-0.10649793757753143 0.6727228452918214
-0.10478528547654599 0.35734011441784447
-0.0998565404743832 0.32968927842867923
-0.09630179431066872 0.6904762619772143
-0.0940323170496497 0.30066867213863535
-0.08721733179791503 0.27015332372600986
-0.08095072792989613 0.7041000895313007
-0.07930221216783831 0.23800295975624178
-0.07016171000168436 0.20406055532743114
-0.06092328151492644 0.7132184850068265
-0.05965148128493283 0.16814902365110385
-0.0476048705131148 0.1300682675065474
-0.04082632428046012 0.10979241730459065
-0.04067422754777269 0.71784849474671
-0.03382865146999879 0.08959113820983362
-0.026080177330268062 0.06798254280431504
-0.01809820678865265 0.04645909592833817
-0.015026508890948986 0.7203069704870619
-0.009175862343407894 0.023180173985858397
0.0 0.0
0.015146531144552982 0.7206214266850894
0.044963381616443754 0.7195977145444507
0.07476043104154408 0.7180865610830383
0.10455991648358788 0.7166251986738225
0.1361187178240047 0.7155622654975861
0.1583883301116571 0.7153068475659847
0.19334601380948355 0.716024534919655
0.22227547355589614 0.7178900540155478
0.23526677330796525 0.7190209225387904
0.2508563330104482 0.7203779647666814
0.26956380465342766 0.7220064154401505
0.2920127706250031 0.7239605562483136
0.31895152979089353 0.7263055252181092
0.345890288956784 0.7286504941879048
0.3683392549283594 0.7306046349960679
0.3870467265713389 0.732233085669537
0.4026362862738218 0.733590127897428
0.4156275860258909 0.7347209964206705
0.43177909642391327 0.7344835008564276
0.4482383051042008 0.7307991780436975
0.4623388169078277 0.7248831018662002
0.47674408456700373 0.7163213393652863
0.49191214896287455 0.7047996059655519
0.5081161008470597 0.6900772871158775
0.5252232262593297 0.6724622439006938
0.5408798758924467 0.6551036864997472
0.5638910913866928 0.6286383688672731
0.5869932458546917 0.6022526635155443
0.6054859222255922 0.5820054110434858
0.6195149501671039 0.5674152377832449
0.6316123337744943 0.5554559843148271
0.642575785264014 0.5451525064338116
0.6624470976338286 0.527829325763658
0.6806544435042619 0.5135109229703929
0.6978776640914193 0.501322042048595
0.7145045757414183 0.49077264026646605
0.7307934945848834 0.48155592162553357
0.7469373202395023 0.47346772185424424
0.7630939988931055 0.4663686627397756
0.7794032069568706 0.4601637842145403
0.7959966242135669 0.454791697255794
0.8130054238643659 0.4502187268886631
0.830566001485394 0.4464353740967325
0.8488254960178635 0.44345568140926817
0.8679476179680762 0.44131831251862663
0.8783026094367041 0.4405596073790585
0.8872644708817261 0.440020695828575
0.8971225184712504 0.43942789312304315
0.907966370819727 0.4387758101469581
0.9198946084030514 0.4380585188732645
0.9330156697447081 0.4372694984722016
0.9474488372205305 0.4364015760310324
0.9633253214439352 0.4354468613457463
0.9807894540896803 0.43439667519193154
1.0 0.4332414704227353
