# CURVE 2D, normalized by CHORD
# COLUMN#1 = X-coordinate, COLUMN#2 = Y-coordinate
#-------------------------------------------------------------------------------
-0.15625043255051185 0.8644923717943374
-0.15252839575976262 0.844218751947522
-0.15163504703494657 0.8855891981596198
-0.1411815871219941 0.8247638929459228
-0.14087382658869296 0.9037275943302239
-0.1270560848964986 0.8097969245566491
-0.12578506049344343 0.9200886286256218
-0.10820134375649514 0.794951725540123
-0.10554741104964058 0.9364126130445175
-0.0880026082506509 0.782210854347323
-0.0842721198668345 0.9501893238183821
-0.056468385304355544 0.7659077166395294
-0.05296820751212179 0.9668664579889426
-0.036095630048443586 0.755550572102999
-0.032426410042885365 0.9762266542088848
-0.02007896887133894 0.742449217626648
-0.00853775929439283 0.9859112024406304
-0.0067626938516903825 0.7264241219771753
0.0 0.0
0.0038893508990368248 0.7088636855595831
0.00507075512997759 0.033340047909668234
0.00993998032959662 0.0667101168759858
0.014592290465455134 0.10011110899010663
0.015314979442998294 0.6830539948614415
0.017620651696334744 0.9952496653439468
0.019010404323341352 0.13354387452726071
0.02317456152937885 0.1670092064852571
0.02334433256414565 0.6581704745841752
0.027062235758709682 0.2005077663110929
0.030535923610422847 0.23294882257284313
0.03146999460748787 0.6229357372497503
0.03369915423502184 0.2654215971256858
0.035379685869793565 0.5994020073558
0.0365202166231009 0.2979258547133831
0.0389614604310151 0.33046080367137876
0.03896896898215501 0.5701307448803232
0.040827679828077196 0.360308340746031
0.04192448805381309 0.532980783795681
0.04229647627198069 0.39017802307227506
0.043068555337779924 0.5088437193279048
0.04331872656310911 0.4200662532269061
0.043432053968503345 1.0032568594099294
0.04370021210196809 0.48468768909842674
0.043851986310588245 0.45237504265679035
0.06547818809163167 1.0090936509277597
0.09266456104648763 1.0145996478203887
0.11321018843808689 1.0158416050679773
0.11395628761735085 1.015714671382933
0.12332112046974594 1.0138810536894616
0.13455891989262003 1.0116807124572957
0.14804427920006896 1.009040302978697
0.1615296385075179 1.0063998935000982
0.172767437930392 1.0041995522679323
0.1821322707827871 1.0023659345744609
0.20207720286011008 0.9980870432422349
0.22158735421202888 0.9931684223804421
0.24119392762458278 0.9874826261956042
0.2610760684882189 0.9809479291868112
0.28145651364535357 0.9734423664170883
0.29546219832171644 0.9678127024444227
0.3099351795616352 0.9615958915065869
0.325031037207631 0.9546862078949455
0.340966932512683 0.9469333551032199
0.3580684509717918 0.9381095195262026
0.37686987010407286 0.9278403805084657
0.3983768223615769 0.9154254494197784
0.42502049249833 0.8991901714164892
0.442545533601366 0.8880905226303439
0.46906652052907616 0.8708392567524017
0.5008521890027418 0.8497918640865584
0.5326748089835107 0.8288005007375601
0.5543264343579853 0.8148320299674419
0.5699365614750627 0.8050239031952183
0.5828546620383566 0.7971188270081364
0.6043771886485995 0.7844566614474547
0.6225804298033868 0.7743189480894381
0.6387797516234578 0.7657913397269075
0.6536255937263962 0.7584174951679412
0.6674977637892235 0.7519298114223334
0.6869963215225043 0.7434974052747798
0.7053836414769445 0.7363052716519946
0.7230105903547888 0.7301188410210103
0.7401250199679337 0.7247827626061023
0.7569144578797833 0.7201915121096346
0.7735300822809767 0.7162723405276598
0.7901003832017675 0.7129763080941992
0.7959866536085133 0.7119509287359568
0.8055269940104824 0.7103506145500903
0.8160213684526485 0.7085902689456373
0.8275651803390311 0.7066538887807389
0.8402633734140521 0.7045238705993506
0.8542313857965751 0.7021808505998235
0.8695961994173504 0.6996035286003438
0.8864974944002033 0.696768474400916
0.9050889188813416 0.6936499147815455
0.9255394858105935 0.690219499200238
0.9480351094327707 0.6864460420607995
0.9727802954171656 0.6822952392074174
1.0 0.677729356068697
