# CURVE 2D, normalized by CHORD
# COLUMN#1 = X-coordinate, COLUMN#2 = Y-coordinate
#-------------------------------------------------------------------------------
-0.15291815299067682 0.4024649162531666
-0.15275277906503346 0.378536158955562
-0.15136828068226477 0.42322723175534394
-0.15025771891069012 0.3503705077063541
-0.14726817552375313 0.447261082290903
-0.14682933137032494 0.32849488967554535
-0.14149074397664296 0.30341009915379363
-0.14128796152883782 0.4682428371623574
-0.13364512211658178 0.48703258138552297
-0.1336092583867824 0.2742456009927187
-0.12226433485251255 0.23980244251344418
-0.12175999391321324 0.5083564851898068
-0.1148880846030735 0.2200971843199941
-0.10694595598900282 0.5280669925720911
-0.10608268665413297 0.19838463039925425
-0.09555991398857822 0.17433000659453995
-0.09050906049688161 0.544978893623274
-0.08295655009837725 0.1475220979165983
-0.06781200803285307 0.11745290746658689
-0.06420733154037296 0.5718121346465022
-0.04953331309739185 0.08348480889316039
-0.042885893920923526 0.5951180851536042
-0.038572750282658386 0.06407291621113992
-0.027350480425602525 0.04481110676767224
-0.021644997075124378 0.6184977811006813
-0.013828050189893042 0.02231230514523947
-0.004947411666730097 0.6361786230735519
0.0 0.0
0.014925340482274113 0.6556063266529476
0.03585261388631674 0.6734706800188955
0.05272669502530541 0.6856291625982932
0.07240257351320348 0.6971503808727233
0.0950639164221914 0.7069326928865886
0.11740871413802094 0.7131424023245584
0.14091775196731332 0.7163296829657435
0.16161520507360436 0.7165911040147148
0.1851404197470922 0.7143215437027223
0.2055661146296596 0.7103807202464821
0.2294633448970277 0.7037131322785405
0.25864992121611413 0.6929260783741398
0.25864992121611496 0.6929260783741394
0.2685559118492121 0.6888151337405285
0.2804431006089288 0.6838820001801954
0.29470772712058874 0.6779622399077957
0.31182527893458073 0.670858527580916
0.33236634111137103 0.6623340727886604
0.3570156157235195 0.6521047270379536
0.3816648903356679 0.641875381287247
0.4022059525124582 0.6333509264949914
0.4193235043264502 0.6262472141681117
0.43358813083811015 0.620327453895712
0.4454753195978268 0.6153943203353789
0.455381310230924 0.6112833757017679
0.47363612543965117 0.6040005409452965
0.4918654677514502 0.5972996893603659
0.5105006268519667 0.5910186842871563
0.5297763851862646 0.5850997565774594
0.5500409771248501 0.579475188607908
0.571870559037226 0.5740512289908812
0.5878045201519941 0.5704716069991758
0.6055623216175238 0.566819548009294
0.6266406189912938 0.5628836383317601
0.6569922766125261 0.557799191175666
0.6804387522601042 0.5541561684620331
0.7038919485799531 0.5505564746076009
0.7220683290105105 0.547654116690661
0.7418792947143632 0.5442187044187193
0.7611554371132102 0.540426502194276
0.7796544464910539 0.5361753749122296
0.7941797968718413 0.5322747143903471
0.8092024330385496 0.527578337763755
0.8244057006351632 0.5219814981366014
0.8396924165472945 0.5153084801847521
0.8532687659941962 0.5083243985985527
0.8588650357065836 0.5051124767270478
0.8664811218293881 0.5005983573268263
0.8748588165644731 0.49563282598658265
0.8840742807730666 0.4901707415123146
0.8942112914025194 0.48416244859061974
0.9053620030949175 0.47755332637675546
0.9176277859565556 0.4702832919415047
0.9311201471043573 0.46228625406272883
0.9459617443669393 0.45348951239607543
0.9622875013557793 0.44381309656275664
0.9802458340435035 0.433169039146106
1.0 0.4214605759877903
