# CURVE 2D, normalized by CHORD
# COLUMN#1 = X-coordinate, COLUMN#2 = Y-coordinate
#-------------------------------------------------------------------------------
-0.10909345153779344 0.5343023524131087
-0.1082044086403164 0.4998787924776482
-0.10770155718909967 0.5582560951450831
-0.1069252190527124 0.47837942449577175
-0.10492303101134805 0.4543968134351299
-0.10414367575661837 0.5780577302182637
-0.10202954929688812 0.4274974706738079
-0.09802997017470458 0.3971460651284808
-0.09776628468345301 0.5980377489310948
-0.09264789410624813 0.36267584789729884
-0.08920326618223827 0.3429398835735693
-0.08787752721802344 0.6177759627179208
-0.08552368160478781 0.32324635455183587
-0.08098937178451823 0.3004882980636822
-0.07618418322395022 0.2777858702278179
-0.07534400352091045 0.6348798070348582
-0.07024906914907035 0.2513114186746234
-0.06399893404829629 0.2249095365601913
-0.05969510894515902 0.6500701908452348
-0.05624238280648873 0.19380818098684208
-0.04811584567996268 0.16280140923617414
-0.04313876500710563 0.6617697330249886
-0.037959880423898425 0.12585910415836202
-0.02736455456379454 0.08904036153138321
-0.02291954904107915 0.6720843736639371
-0.01848226243728173 0.05928709851065628
-0.009355322837178565 0.029607956217804047
-0.0028871885404733047 0.6791937669357659
0.0 0.0
0.01958508107398506 0.6842732291329323
0.042070467774728455 0.6866333689063181
0.0626136271200187 0.6861863637275742
0.07914838764658093 0.6823540175321802
0.09029534250436361 0.6764971797655425
0.10367168833370283 0.6694689744455771
0.1197233033289099 0.6610351280616188
0.13898524132315837 0.6509145124008687
0.15824717931740684 0.6407938967401187
0.1742987943126139 0.6323600503561604
0.18767514014195313 0.625331845036195
0.19882209499973583 0.6194750072695573
0.21510561348856527 0.611156305600765
0.23047149402737963 0.6037428161424218
0.2454434060286944 0.596928994432486
0.26006083620037357 0.5906684380759253
0.2743611681941828 0.584919833944047
0.30215162530671114 0.5748158699349109
0.329085290410645 0.5663718778075377
0.3554255135322187 0.5593955952579593
0.3814442349278763 0.5537411779669379
0.40744649209040057 0.5493023342200726
0.43381028637450125 0.5460124143603823
0.46106659025930896 0.5438493388361876
0.4900941318170032 0.5428567874115128
0.5057698113688596 0.5428455262956264
0.5227461891202259 0.543215158226282
0.5418962630241596 0.5440641363328074
0.5656038763582928 0.5456551001008463
0.5957258770382119 0.5482969536610549
0.6258235681270488 0.551206548272562
0.6532268210013652 0.553549142885057
0.6774633539888683 0.5548073008248461
0.6928202368203757 0.554897851027965
0.7095048165413809 0.5540689291450608
0.726022488372356 0.5519444499068749
0.7420214714349318 0.5482162474424591
0.7576805728771484 0.5424503058014831
0.7713471473022407 0.5351868943330514
0.7841271607221855 0.5259842844490435
0.7968064135563535 0.5139418577350812
0.8012902964954098 0.5088505345571683
0.8075444413688692 0.5014114474434104
0.8144240007296745 0.4932284516182768
0.8219915160265603 0.48422715621062973
0.8303157828531347 0.4743257312622179
0.8394724763623665 0.46343416381896496
0.8495448392225216 0.45145343963138673
0.8606244383686921 0.4382746430250507
0.8728119974294797 0.423777966758081
0.886218312396346 0.40783162286441443
0.900965258859899 0.3902906445813811
0.9171868999698072 0.37099556847004445
0.9350307051907063 0.3497709847475742
0.9546588909336954 0.32642394265285685
0.9762498952509833 0.3007421963486678
1.0 0.27249227541405974
