# CURVE 2D, normalized by CHORD
# COLUMN#1 = X-coordinate, COLUMN#2 = Y-coordinate
#-------------------------------------------------------------------------------
-0.15715164763761724 0.5542315178243132
-0.15637967922707835 0.529498262416085
-0.1561269738347314 0.5781816278730265
-0.1545857462699225 0.50814748050336
-0.15115772284467907 0.48122409021969414
-0.15101061844521388 0.6136863906742814
-0.14528193758954475 0.6428770066873223
-0.14520442665432481 0.44643389437113973
-0.14084687857558523 0.4250267931970326
-0.13911114998274493 0.6684747740347875
-0.1352225762381023 0.4001323705653417
-0.13262082337670603 0.6911024947837127
-0.12795949790549208 0.3709065852250534
-0.1258966152991167 0.711252170311983
-0.11854977568343676 0.3362289782552069
-0.11549564196236435 0.7376639249519835
-0.11252955378003641 0.31537358826035233
-0.10628716288625338 0.29458359569563947
-0.10482106229225163 0.7603764371912751
-0.09836430220321478 0.2691889743452978
-0.09393465489388883 0.7801373587717053
-0.0901710154161587 0.24388028041590357
-0.08285736088059563 0.7975066707893519
-0.0796272472736426 0.21246574700512477
-0.06874903753786366 0.18116541344742565
-0.06777548139770902 0.8176659619987333
-0.0593088137991749 0.15475973813455185
-0.05226815746026281 0.835065742346409
-0.049673370731296684 0.1284246595170413
-0.039858660792452864 0.10215585502039527
-0.03621510347537685 0.8502385424697314
-0.02681913402543287 0.06800802832857906
-0.01945202017480107 0.8635625102328839
-0.013525320970157597 0.03395837306087284
-0.0017681376763464313 0.8752998181949622
0.0 0.0
0.017103506332748448 0.8856177301925795
0.03750283042630432 0.8945983193424158
0.059869664990136025 0.9022364600256633
0.08478658725093474 0.9084246460993045
0.10561329379966473 0.9119750809597039
0.12875858791904593 0.9144064082673232
0.15480879343383455 0.9154611932059208
0.18455753804494351 0.9147549523086769
0.2069760901598942 0.913030272312893
0.23196832255709432 0.9100280825354913
0.24587981976575296 0.9079041927360709
0.2577011876416032 0.9059688313042482
0.27188682909262346 0.9036463975860609
0.2889095988338478 0.9008594771242362
0.30933692252331696 0.8975151725700465
0.33384971095068 0.8935020071050189
0.36326505706351564 0.8886862085469858
0.39856347239891843 0.882907250277346
0.4338618877343212 0.8771282920077061
0.46327723384715686 0.872312493449673
0.48779002227451984 0.8682993279846454
0.508217345963989 0.8649550234304557
0.5252401157052133 0.862168102968631
0.5394257571562336 0.8598456692504437
0.5512471250320838 0.857910307818621
0.5850050321923139 0.8525244395921919
0.6187911068916222 0.8473177831408499
0.6525849919147749 0.8421619592511966
0.6863686785147675 0.8369398508206854
0.7201239486922962 0.8315374361906774
0.7504519955782796 0.8264253969285592
0.7807215205548357 0.8209780618541002
0.8195792313001197 0.8132940045997417
0.8488572663760233 0.8068208055739716
0.8723176086565795 0.8010826236095753
0.8917681962573225 0.7958637628669821
0.9082577561082781 0.791043834190795
0.9348486034605993 0.782320142971158
0.9554388258506111 0.7745332359623863
0.9718744428309519 0.7674663021142331
0.9911107217455235 0.7579136821949055
1.0 0.002601943341492212
1.00582447399161 0.7493369940391804
1.006838604994482 0.06824432222761162
1.0130555186258294 0.12791921212408391
1.0187072582906904 0.18216911202996783
1.02071826881693 0.7390403672217964
1.0238452034405643 0.2314872028534986
1.0285160626677223 0.2763218308748902
1.032762298328775 0.3170805836216099
1.0343011929726675 0.727497117380304
1.0366225125660957 0.35413399520953687
1.0401317982363871 0.38781891483492503
1.0433220579366522 0.4184415690398233
1.0458627538077068 0.7149471604002292
1.0462222940278023 0.4462803455897309
1.048858872292484 0.4715883242714651
1.051255761624013 0.49459557761849604
1.053434751925403 0.5155112624794334
1.0551668651413058 0.701342273777275
1.0554156521993938 0.5345255214439218
1.0572164706302947 0.5518112114116386
1.05885357829475 0.5675254750186538
1.060341857989709 0.5818111692068495
1.0616948395305812 0.594798163923391
1.0621245365043843 0.6862689058746738
1.0629248227495558 0.6066045227566106
1.06404298931226 0.6173375762413557
1.0650595043692639 0.6270948975911239
1.0659836089665402 0.6359651897272768
1.066136268354577 0.6707718731003367
1.066823704054973 0.644029091669234
1.0674002382702126 0.6537678562600202
