# CURVE 2D, normalized by CHORD
# COLUMN#1 = X-coordinate, COLUMN#2 = Y-coordinate
#-------------------------------------------------------------------------------
-0.1972706538505846 0.7622859493572887
-0.19502581886935885 0.782806138396077
-0.18968039718874435 0.7427543881338423
-0.18305410404869732 0.8016926253892467
-0.17675451548215515 0.7267021455930154
-0.16604939057503057 0.8168017784630051
-0.15368120915575637 0.7002292840053707
-0.14352485562931172 0.8309483566859824
-0.13167318294444746 0.6712159714752893
-0.12547053366152117 0.8399653026683727
-0.11064391188674005 0.6391886580308921
-0.10048321547000906 0.6218604769338415
-0.09980888536678416 0.8506701794387908
-0.09055872289753056 0.6035371468142016
-0.0808759881426809 0.5841134975590145
-0.07144549290816864 0.5634695710895836
-0.06321448047055613 0.8630984083354029
-0.062283667497447424 0.541467260412796
-0.05341397495176856 0.5179471981995195
-0.044868302624158994 0.492725054813026
-0.040071398889832625 0.8697020411070644
-0.03668889785991212 0.4655862344549911
-0.028930795336344173 0.4362796533577999
-0.021664903319301237 0.4045102814619438
-0.014982167164550286 0.3699290440716696
-0.014242825952251396 0.8761374050881706
-0.008999015041810157 0.3321201440342636
-0.006255536454434177 0.3113746201463786
-0.003864406985873234 0.29058551444018366
-0.0016225661990047057 0.2676716503971984
0.0 0.0
0.00023037809035408315 0.24472303673705426
0.00185055683228486 0.21927337339723715
0.0020225053056987527 0.03646079927144916
0.003038964118279415 0.19379986373576724
0.0034224924173788763 0.0729507455222668
0.003881590207878235 0.1653625129136049
0.004103411250735961 0.1049293838100128
0.004241916407345483 0.13691492449716652
0.012387335158919387 0.8818284221444391
0.03664405397023416 0.8861676025653125
0.06878673185311451 0.8903630441342713
0.09030476502729305 0.8911027267151667
0.09367442036390661 0.8906451040830894
0.1037581342504622 0.8884171836458741
0.11585859091432893 0.8857436791212155
0.13037913891096897 0.8825354736916254
0.14780379650693704 0.8786856271761173
0.16871338562209873 0.8740658113575076
0.19380489256029276 0.8685220323751759
0.2239147008861256 0.8618694975963778
0.25402450921195846 0.8552169628175796
0.27911601615015247 0.8496731838352479
0.3000256052653142 0.8450533680166382
0.31745026286128225 0.8412035215011301
0.3319708108579223 0.83799531607154
0.344071267521789 0.8353218115468815
0.3541549814083446 0.8330938911096661
0.3876236258831812 0.8258537615560507
0.42115468515082416 0.8189084238798756
0.4547453906713875 0.8122575418847053
0.4891582734881478 0.8057584311389678
0.5236270428301381 0.7995625349006305
0.5581481185108208 0.7936650045732482
0.5969756400105298 0.7873877986007609
0.6358583610279878 0.7814620168345878
0.6747898302373643 0.7758653134515919
0.7102952117821433 0.7710260210630291
0.7458289515125605 0.7663993966774075
0.7813837921185154 0.761937649869262
0.8169506807876592 0.7575728358512578
0.852517299780156 0.7532058394522073
0.8880648955306429 0.7486871522903522
0.9133815802813156 0.7452472449139872
0.9386517763592115 0.7414821752771475
0.963905281807651 0.7371811491389606
0.9807297988871257 0.7338555103651174
1.0 0.37157820793962754
1.0028534372354923 0.7286052954971065
1.0089904946964183 0.405228385332586
1.0171636716931622 0.4358194556898209
1.0227751210396006 0.7225041698475909
1.024593832599293 0.46362951965094357
1.0313485243321392 0.48891139597923683
1.037489153180181 0.5118949199140489
1.0385762585144842 0.716047853263172
1.0430715430420374 0.5327890325820599
1.0481464429164524 0.5517836804620699
1.0523828925580043 0.7082067522366697
1.0527599882568295 0.5690515421711699
1.056954120384445 0.5847495982703517
1.0607669677731866 0.5990205583605169
1.0638142012649883 0.6983683020378089
1.0642331926720423 0.6119941584424854
1.0673843062164567 0.623788340335184
1.070248954893197 0.6345103238740009
1.072353413153816 0.6850294812514638
1.0728531809629611 0.6442575816365617
1.0750679421190705 0.6546141641001016
1.0757940109755986 0.6704518676450684
