# CURVE 2D, normalized by CHORD
# COLUMN#1 = X-coordinate, COLUMN#2 = Y-coordinate
#-------------------------------------------------------------------------------
-0.09193626170073985 0.41566273671723547
-0.09168050664055183 0.3877465840273217
-0.09114539912844837 0.4418993977751822
-0.09023357332671936 0.3579100368749693
-0.08942336701513148 0.46666231481948034
-0.08741462197231008 0.3258690052283882
-0.08686195487175626 0.49012838496725664
-0.08317470282325613 0.5106286234314501
-0.08299689687359847 0.29128563529242674
-0.07669544454847313 0.253755474410425
-0.07520169086576539 0.530959919158486
-0.07272918822521257 0.23373636930838093
-0.06814982815155148 0.2127894547296435
-0.06376039766271277 0.5483578513278412
-0.06289673564199255 0.1908365733061364
-0.05690131227519836 0.16779108778672114
-0.05008568864223553 0.1435565940411184
-0.048771948909904835 0.5638391698560402
-0.04236109710998742 0.11802530275343598
-0.03362645127621603 0.0910768684347808
-0.0326706953412672 0.5759504713412966
-0.023765998873030693 0.06257608098810158
-0.014575945081282187 0.586253083352454
-0.01264676595983628 0.03237051309717416
0.0 0.0
0.004242672339943363 0.5944360938332474
0.026430522257485323 0.6016018143148198
0.050054414740470565 0.606769413534403
0.07035423569851551 0.6092042140677107
0.07913258522123406 0.6095523547427719
0.08879675896740896 0.6096321784118407
0.1003937674628188 0.6097279668147233
0.11431017765731061 0.6098429128981825
0.1310098698907008 0.6099808481983334
0.15104950057076902 0.6101463705585145
0.17509705738685089 0.6103449973907319
0.20395412556614914 0.6105833495893928
0.23858260738130704 0.6108693722277857
0.2801367855594965 0.6112125993938573
0.32169096373768596 0.6115558265599289
0.3563194455528439 0.6118418491983219
0.3851765137321421 0.6120802013969826
0.409224070548224 0.6122788282292
0.42926370122829227 0.6124443505893811
0.44596339346168246 0.612582285889532
0.45987980365617426 0.6126972319729912
0.4714768121515841 0.6127930203758738
0.481140985897759 0.6128728440449426
0.4981969969945888 0.6126844183223703
0.5143792513464349 0.611880976671199
0.5300550423328239 0.6105002381400322
0.5453033281435461 0.6085671643898191
0.5601967756647057 0.6060971970261616
0.5796195592849226 0.6019787142272599
0.5986841460285826 0.5969079048219068
0.6175379130550557 0.5908482401576912
0.6316289820846539 0.5856152475245097
0.6457500907413739 0.5797473316824882
0.659971076966424 0.5731893632472409
0.6743689767419402 0.5658696514287951
0.6890317385139327 0.5576949650596623
0.7040632992042279 0.5485441341050958
0.7195918419535705 0.5382565313455062
0.7357826242557917 0.5266149883003978
0.7528606033694368 0.513315326788313
0.7648942542246125 0.5033150451209014
0.7776029631530798 0.4921936462789467
0.7911846670486946 0.47968217121952256
0.8059415449665832 0.4653747786318316
0.8223823537659859 0.4485987557245739
0.8415046776615157 0.42805986712047506
0.8527359415242166 0.4155317410605753
0.865936239256249 0.4004222788855744
0.883233470712326 0.38009770587401825
0.8832334707123266 0.3800977058740176
0.8895345595159987 0.3726027805931913
0.8964657572000378 0.3643583627842823
0.904090074652481 0.35528950319448244
0.9124768238501686 0.3453137576457026
0.9217022479676248 0.3343404375420448
0.9318502144968266 0.32226978542802115
0.9430129776789486 0.30899206810259516
0.9552920171792829 0.2943865790446266
0.9687989606296507 0.2783205410808612
0.9836565984250552 0.2606478993207192
1.0 0.241207993384563
