# CURVE 2D, normalized by CHORD
# COLUMN#1 = X-coordinate, COLUMN#2 = Y-coordinate
#-------------------------------------------------------------------------------
-0.1781442593191913 0.40530743824217974
-0.17694429774433024 0.3847414046632385
-0.17539167724976476 0.4262870754257025
-0.1731984550885875 0.36307238303349987
-0.16702973648408903 0.3390046513560936
-0.16618383032620074 0.44430064715382017
-0.1599621759847929 0.31675223849130507
-0.14883018647946436 0.2866175546669918
-0.1409370012210011 0.2672805053890615
-0.1387271818239387 0.47146201841285945
-0.13080631930953487 0.24401376042523423
-0.11764743891253468 0.2156052646889425
-0.11148683806505695 0.49884554226138583
-0.10030511771598888 0.1803275262082687
-0.08880120137280548 0.15791800320378077
-0.08778332927099224 0.5230256622872291
-0.07703993674617286 0.1356424271103564
-0.0640951051371653 0.5472207662992099
-0.06125874677502747 0.10657650895613249
-0.04514400866447741 0.0776941229597834
-0.0401907322069729 0.5712018944376046
-0.030299225854989283 0.051678399251336854
-0.021952496382093664 0.5887992684772787
-0.01524388785437695 0.02578393383934847
0.0 0.0
0.0006763347231209546 0.6092062152323718
0.016783327633293436 0.6224139086296547
0.03600285909029532 0.6364125889431371
0.05761193939413064 0.6496209898596018
0.0776155418117109 0.6594182582316102
0.09780928178236059 0.6670753549426691
0.11970660768291724 0.6731233986567432
0.14521566852184287 0.6776727455166797
0.16856002894602848 0.6799180011817098
0.1981945247304801 0.6806942593025582
0.2237847427002477 0.6799037497804065
0.25738115940033673 0.6773009177720299
0.27930719132685666 0.6748503073300148
0.290959486653138 0.6734140880618666
0.3049422410446755 0.6716906249400888
0.32172154631452055 0.6696224691939554
0.3418567126383346 0.6671406822985952
0.36601891222691146 0.6641625380241631
0.3901811118154883 0.661184393749731
0.4103162781393024 0.6587026068543709
0.42709558340914744 0.6566344511082374
0.44107833780068495 0.6549109879864595
0.45273063312696626 0.6534747687183113
0.47007853737474187 0.6512423550796113
0.49782071648908177 0.6472177569574475
0.52055882382341 0.6434105255572619
0.5402489266412578 0.6396712672085209
0.5578653248829395 0.6359271614642319
0.5739769892693736 0.6321351274459078
0.5889505644946592 0.6282658462989765
0.6098107645793511 0.6222691758153055
0.6292529315165357 0.6159872022259877
0.6476743419050437 0.6093646718140253
0.6653630746441628 0.6023467335951247
0.6825408709615565 0.5948749558204562
0.6993881738876503 0.5868846708231367
0.7160592846832368 0.5783020309008943
0.7326929094095372 0.56904137913924
0.7494197858683673 0.5590015092241468
0.7663687581847807 0.5480621911879708
0.7836724664551392 0.5360779345114091
0.801472665561669 0.5228717641815318
0.8136920353714718 0.5132830236847117
0.8262532355249891 0.5029777790317249
0.8392137256742656 0.4918656106800256
0.8526378835076172 0.479840637724734
0.8665989471928032 0.4667775324256696
0.8811810331798926 0.4525272352926305
0.8964820905466698 0.43691061884361926
0.9126169323193659 0.4197116572454103
0.929722921957761 0.40066505636368155
0.9482262499177289 0.37913374090181523
0.9536834879165244 0.37264254671061087
0.9596864497151996 0.36550223310028607
0.9662897076937421 0.3576478881289288
0.973553291470139 0.34900810866043575
0.9815432336241755 0.3395043512450934
0.9903321699936157 0.3290502180882169
1.0 0.3175506716156527
