# CURVE 2D, normalized by CHORD
# COLUMN#1 = X-coordinate, COLUMN#2 = Y-coordinate
#-------------------------------------------------------------------------------
-0.16380750007327397 0.4077439808390349
-0.16319439612139602 0.38594491957282695
-0.1611157596894616 0.4279387395796444
-0.1596182454394557 0.36080283935145435
-0.15415544356412633 0.33654511467683834
-0.15319357225887467 0.44720998595348904
-0.14394965413440616 0.3020047162608397
-0.1388597442773809 0.46179822222547023
-0.1358620119706735 0.2787611995502614
-0.12464101359651426 0.24962784502472446
-0.11964126379014922 0.46963486991143766
-0.11688591045344965 0.23088386459122467
-0.10882580511993627 0.21226893368311914
-0.09844981272784903 0.47164482041543143
-0.09763753243200424 0.18755605224351696
-0.0860475189530055 0.16302891291901983
-0.07502101008574774 0.47193354601980503
-0.06943722443676939 0.12933157482704982
-0.05475944279867512 0.4741068278017339
-0.05227975259232463 0.09590936011775786
-0.03520986705644843 0.06374612523407636
-0.03174463210741564 0.4792961168341199
-0.01776735972749154 0.0317833700723859
-0.00984331222172154 0.4874092603642639
0.0 0.0
0.009288241986546295 0.4971529439660617
0.030740867316831354 0.5104611218724295
0.06325532949980403 0.5321055111909881
0.0862056336501952 0.5458907080797646
0.10441179804799011 0.5552165705502344
0.1312208832415544 0.5662621412706546
0.15060117280073815 0.5724410887801793
0.17236350453372845 0.5778342391484537
0.1977130479272509 0.5823745886561786
0.22861192926665727 0.5858259637722211
0.22861192926666313 0.5858259637722215
0.2415097337649742 0.586851354760821
0.2569870991629475 0.5880818239471404
0.27555993764051545 0.5895583869707235
0.297847343813597 0.5913302625990234
0.3245922312212949 0.5934565133529832
0.3513371186289927 0.595582764106943
0.37362452480207425 0.5973546397352428
0.3921973632796422 0.5988312027588261
0.4076747286776155 0.6000616719451454
0.4205725331759266 0.6010870629337448
0.4383721648167295 0.6021290896005301
0.4554872775763683 0.6024174283931811
0.47224238408040536 0.6020071176750518
0.48869804405550504 0.6009225735386178
0.5049106952669427 0.5991788552591334
0.5209334551932029 0.5967823043021312
0.536816813067409 0.5937309986177203
0.5526091685096283 0.5900145279901968
0.5683574543114509 0.5856143677773368
0.5841075603423672 0.5805033850712757
0.5999047849428993 0.5746452254224816
0.6157942081074598 0.5679938917997378
0.6318210875064487 0.5604923323496229
0.6480310604790868 0.5520718318283746
0.664470466840887 0.5426499165579856
0.6811864144066151 0.5321289040219133
0.6982268287447725 0.5203935257563291
0.7156402133758257 0.5073086019485992
0.7274804085822565 0.4977584439084333
0.7395223171784024 0.48748550119127987
0.7517799431690382 0.4764309071372476
0.764266673705868 0.46452995839458733
0.7769950335953731 0.4517113539376989
0.7899761076139152 0.4378972931278034
0.8032190008602099 0.423002970471639
0.8100740380033021 0.4149639443334111
0.8160517253563058 0.4078536937943625
0.8226271814446097 0.400032418201409
0.829860183141744 0.39142901504916017
0.8378164850085918 0.38196527158168636
0.8465684170621244 0.3715551537674653
0.8561955423210103 0.3601040241718221
0.8667853801057847 0.34750778161661455
0.8784342016690365 0.3336519148058862
0.8912479053886135 0.31841046131408507
0.9053429794801483 0.30164486247310385
0.9208475609808365 0.2832027037480245
0.9379026006315936 0.26291632915043717
0.9566631442474263 0.24060131709309107
0.9772997422248423 0.21605480383001044
1.0 0.18905363924062166
