# CURVE 2D, normalized by CHORD
# COLUMN#1 = X-coordinate, COLUMN#2 = Y-coordinate
#-------------------------------------------------------------------------------
-0.26016231076460355 0.6397606860003606
-0.26013176736714455 0.6676285455638389
-0.2590893975273316 0.6189966877594537
-0.25852921338484725 0.6922957671253803
-0.2569297279325707 0.5961176891608037
-0.2556698944397781 0.7143999509345367
-0.253439180583994 0.5707250831059391
-0.25176796089816433 0.734429073384551
-0.24829677395911723 0.5423192802165502
-0.24518204283296788 0.7585520510479216
-0.24107501950746765 0.5102643736108868
-0.23718768419370978 0.7803443788550837
-0.23119935102934225 0.4737426996029264
-0.22786224381015668 0.8003249897832145
-0.2250312406809335 0.45348426312361445
-0.2178841732542587 0.431682867002041
-0.21718842599448274 0.8188921164234408
-0.2096114833879568 0.4081482172156255
-0.20506481173659713 0.8363570654810099
-0.2000389315817015 0.3826589035500828
-0.1913042329831938 0.8529660837337965
-0.188958015795404 0.3549553174829066
-0.17703496379637867 0.8675862309720427
-0.1761180901878521 0.32473172057720345
-0.1621726564229282 0.8816104723576631
-0.16121621258639174 0.29162610647724635
-0.15264631855045396 0.2733700887369395
-0.14388312780840204 0.25520605368827415
-0.13452904949396677 0.9069376380575708
-0.1338813184669202 0.2350254144855136
-0.12366601000971106 0.21495198890542788
-0.11325080297010093 0.9256128402115189
-0.11195371876877584 0.1925300114052649
-0.10000425252687345 0.1702335139092941
-0.09588485232339328 0.9402111450523425
-0.08623457819478786 0.1451839516094982
-0.07219993858804033 0.12028185609693083
-0.0682826417395587 0.9619855852998686
-0.05593563272137939 0.09212767543544566
-0.04639010888476243 0.9777865121979612
-0.03937357736685595 0.06414759015939389
-0.027865676373557847 0.9899899719066664
-0.019858519059647722 0.03196840264947048
-0.003794860364772174 1.004086850366607
0.0 0.0
0.017843825727571358 1.0149625295693887
0.03853965921229314 1.0237543408773535
0.05950226979848683 1.0311152819965193
0.0820855843788923 1.0374538333265515
0.10840379898262205 1.0430477564768228
0.13009762562049745 1.046473332975566
0.15877121189504056 1.049747240143789
0.18277806908833416 1.0516821056064618
0.20682071758742537 1.0531103103820372
0.24417943136093234 1.0546987644777803
0.28155280409581845 1.0559035886217931
0.2815528040958859 1.0559035886217951
0.2934614668525529 1.0562606213143717
0.3077518621605534 1.0566890605454637
0.32490033653015393 1.057203187622774
0.3454785057736746 1.0578201401155467
0.37017230886589936 1.0585604831068736
0.3948661119581241 1.0593008260982004
0.4154442812016447 1.059917778590973
0.43259275557124527 1.0604319056682834
0.44688315087924574 1.0608603448993754
0.45879181363591276 1.061217377591952
0.48747101263103 1.0618511705501164
0.5161566079966988 1.0620388230327809
0.5444553652419274 1.0617889564991427
0.5727468863941255 1.061102393924376
0.5994316501776328 1.060044371590845
0.6260968853082051 1.0585746224832635
0.6504221413697173 1.0568576348854253
0.6747179644661401 1.05476529106425
0.6964579582868107 1.0525545260662748
0.7181612193103472 1.050008514312432
0.7565714436916576 1.0445975253520572
0.7903740635989835 1.0387654878944705
0.8200885230689716 1.032687535144623
0.8462380712887522 1.0264909318847073
0.8693054628928559 1.0202656945261077
0.8897177634054221 1.0140739976975428
0.9078444489399985 1.0079576020645893
0.9240016204822434 1.001943451034718
0.9384562328071478 0.9960479717696463
0.9631322268082265 0.9846427787247268
0.9833042324835531 0.9737570665983367
1.0 0.608085238069467
1.0000058629939654 0.9633613307869523
1.0076811123846086 0.6210999559353281
1.0139917072132756 0.9534054730063057
1.0146639418251617 0.6329315176315654
1.021011968589301 0.643687482809963
1.0258175568632426 0.9438314627922687
1.026782902011246 0.6534656329721427
1.032029205122105 0.662354860392306
1.036798571586522 0.670435976228818
1.0403927518410971 0.9300536656386953
1.0411343592814468 0.6777824451711018
1.0411343592814475 0.677782445171103
1.0520320861869805 0.9167980432057996
1.0549356760446487 0.7028840268964727
1.061409674514918 0.903872364094606
1.0649284663085286 0.7241007130044356
1.0711568630956785 0.8868305842959783
1.0723146712346623 0.7426866976271688
1.0777196373220264 0.7591977261225451
1.078348623278873 0.8696030483656405
1.0830388214052096 0.7809610331758974
1.0833261816949737 0.8517131366051794
1.0858534418020307 0.8000029592429035
1.0861612850856186 0.832600483514305
1.0867706359751796 0.8170416712059346
