# CURVE 2D, normalized by CHORD
# COLUMN#1 = X-coordinate, COLUMN#2 = Y-coordinate
#-------------------------------------------------------------------------------
-0.1602344055388373 0.3628992472100584
-0.1583359048838869 0.3406046753126609
-0.15755858927084163 0.3836110883721985
-0.15392067816668376 0.3191654135040796
-0.1469081637321745 0.294789853505963
-0.1424964590142288 0.41345372301625033
-0.13889978901402283 0.27177047834358037
-0.12753780443319832 0.4387529637623176
-0.1261897256300511 0.2399116070081402
-0.11708153384399252 0.21907527978897842
-0.11402065156868191 0.4594449794387889
-0.10526775679517239 0.19361541513269637
-0.10172151924317184 0.4765515514612676
-0.08971741888939316 0.1619749884117655
-0.08516490468511258 0.49708656306497423
-0.0794102135973517 0.14186310121809742
-0.07045460011674587 0.5130159452043785
-0.06887973856508507 0.12186717777727804
-0.05475516906633303 0.09576225655859942
-0.05308031568073448 0.5291243862748891
-0.04034098136952097 0.06981607822688805
-0.03406323953240984 0.5435102907907101
-0.027070465449704515 0.04644241310570623
-0.014010024538174761 0.5551277427145395
-0.013617093799379483 0.02317349780891219
0.0 0.0
0.007031193896710974 0.5635250328061754
0.027217573155423676 0.5680780145020659
0.05292616109282784 0.5696639528615407
0.05951546821268061 0.570013836557891
0.06931097834525327 0.5712951955096263
0.08106559050434045 0.5728328262517087
0.09517112509524508 0.5746779831422076
0.11209776660433063 0.5768921714108063
0.1324097364152333 0.5795491973331247
0.15678410018831646 0.5827376284399068
0.1860333367160163 0.5865637457680453
0.2211324205492561 0.5911550865618115
0.26325132114914385 0.596664695514331
0.3053702217490316 0.6021743044668505
0.3404693055822714 0.6067656452606167
0.36971854210997124 0.6105917625887551
0.3940929058830544 0.6137801936955373
0.41440487569395706 0.6164372196178557
0.43133151720304264 0.6186514078864543
0.4454370517939472 0.6204965647769533
0.45719166395303446 0.6220341955190357
0.4669871740856071 0.623315554470771
0.48221776992703236 0.6249621342861827
0.5013065931997093 0.6260259406185565
0.5196440522826832 0.6259624160310409
0.5374419641840805 0.6248468189007093
0.5548922426329497 0.6227118121658302
0.5721765100471431 0.6195509419082208
0.5894748606077609 0.6153174615775289
0.6069754586434757 0.6099200367870214
0.6248860091541699 0.6032129864026163
0.6387319533967906 0.5971963791566065
0.6530662105963996 0.5901965173591727
0.6680373949011913 0.5820446958418591
0.6838332479306726 0.5725124095908227
0.7007007252435795 0.5612838902864556
0.7189812992014571 0.547907602686056
0.7321915618368 0.537475950820769
0.7464602957477664 0.5255069471126476
0.7620907260470436 0.51158779776416
0.779541428971778 0.4950964215482896
0.7995704427225007 0.47501250602060635
0.8109509639638371 0.46309123039220823
0.8236092850162998 0.4494325425107593
0.8380327777545504 0.43339950136121097
0.8551148324288541 0.4138354142607366
0.876886511806549 0.3881375273584983
0.8942409311397811 0.3671660425541487
0.9114398854263939 0.3460668153112165
0.9114398854263963 0.3460668153112135
0.9169966247861575 0.3392101070266671
0.9231090380818949 0.331667727913666
0.929832692707206 0.3233711108893648
0.9372287127950482 0.3142448321626335
0.9453643348916746 0.30420592556322906
0.9543135191979637 0.2931631283038842
0.9641576219348816 0.2810160513186048
0.9749861349454914 0.26765426663479747
0.9868974992571622 0.25295630348260945
1.0 0.23678854401520255
