# CURVE 2D, normalized by CHORD
# COLUMN#1 = X-coordinate, COLUMN#2 = Y-coordinate
#-------------------------------------------------------------------------------
-0.12994328662462676 0.5762372550639727
-0.12640788864430325 0.5560331930945565
-0.12474870617080688 0.5962126085103051
-0.11603616708532263 0.5365590234990949
-0.11272651340740367 0.6122841523066084
-0.10278305190201327 0.5198848890228587
-0.09425411741973733 0.6266579728801146
-0.08540320248088681 0.4962384815640982
-0.07512465152973404 0.6369281662289447
-0.073923998009777 0.4777267414159601
-0.06251957551375484 0.4564304783867886
-0.052765199110369844 0.645945488433006
-0.051211815623691447 0.43165879997070267
-0.04006710861798004 0.40247539542088945
-0.03165090598013003 0.6526076821298799
-0.029223147129200815 0.3675869410544132
-0.023987352979139908 0.3474591690402738
-0.01893575203155404 0.32516271883882836
-0.014132404254309467 0.30033659501288895
-0.009662640487416982 0.27253905235365006
-0.0056404327980361674 0.2412242520061047
-0.003125964495923837 0.6596548656917834
-0.0022186607812600006 0.20571120641457497
-0.0007506890496810189 0.18543629229873929
0.0 0.0
0.0003962483810897538 0.16514065780756407
0.0012431328402641194 0.03205066573092175
0.0013446528830607096 0.14178430553895113
0.001923368399164427 0.11841583526713646
0.001976342270591032 0.06411699241382725
0.0021646547892535794 0.091266645322831
0.03584578436581204 0.666698625916719
0.06042658268679012 0.6699749319446965
0.08907853383626695 0.6728743127110486
0.12225332033178558 0.6751737111885511
0.1602575919780866 0.6766019411101492
0.18170052588194002 0.6768989244655454
0.20314549943336702 0.6768566119478041
0.22688771310400146 0.6764348069416165
0.25062030301229815 0.6756373811168097
0.2763149331615351 0.6743677794555145
0.30198627579554993 0.6726917666748242
0.3293392493868342 0.6704701497528125
0.35665330880152984 0.6678124003288575
0.36875149559827136 0.6665389690600755
0.3832693197543611 0.6650108515375373
0.4006907087416689 0.6631771105104912
0.4181120977289767 0.6613433694834452
0.43262992188506644 0.659815251960907
0.44472810868180795 0.658541820692125
0.46118652237375246 0.6566217402344701
0.4775050600325286 0.6543475037188577
0.49381747407099524 0.6517038407181638
0.5100445233822256 0.6487030794183782
0.526108741267624 0.6453621029114454
0.5419366591253731 0.6417020738096961
0.5574605508788503 0.6377474566946882
0.5726200031242191 0.6335253054526302
0.58736295878087 0.6290643360166901
0.601646168901027 0.6243939951551191
0.6221370393228088 0.6170602697775683
0.641440950563112 0.6094174818752697
0.6595200458426508 0.6015538749738926
0.6763703324459539 0.5935475583954308
0.6920145404299717 0.5854653090159561
0.7064951337178011 0.5773624266966336
0.7198679754812279 0.5692833275248325
0.7360867812674173 0.5586066738813257
0.7506123683566168 0.5480915480392319
0.7636075962762313 0.5377749121049148
0.7752281126462571 0.5276769083372526
0.7880392475894626 0.5153723224246473
0.7991790165105076 0.5034153610204756
0.803328593008542 0.4985930979757343
0.8095185849923167 0.4912303184858993
0.8163275761744688 0.4831312610470808
0.8238174664748363 0.4742222978643804
0.8320563458052405 0.46442243836341
0.841119113068685 0.45364259291234266
0.8510881570584741 0.44178476291616847
0.8620541054472419 0.4287411499203769
0.8741166486748867 0.4143931756250061
0.8873854462252959 0.3986104039000983
0.901981123530746 0.38124935500269963
0.9180363685667412 0.3621522012155612
0.9356971381063358 0.34114533204970887
0.9551239845998899 0.3180377759672713
0.9764935157427995 0.29261946427658997
1.0 0.26465932141684045
