# CURVE 2D, normalized by CHORD
# COLUMN#1 = X-coordinate, COLUMN#2 = Y-coordinate
#-------------------------------------------------------------------------------
-0.11249211550662398 0.6006349364006852
-0.11186741746583767 0.6203750467721584
-0.10088878133150873 0.5843903534549995
-0.09968563911585533 0.6378379040280485
-0.08402670925115248 0.5725729271393001
-0.0837810497870231 0.6509647828841627
-0.06192763385129449 0.5622069741194611
-0.059220768003964565 0.665547516125114
-0.034780537243846846 0.5529245427810191
-0.03044862898229721 0.678639547941099
-0.010227420203941535 0.6863000432923065
-0.0056865817497413875 0.5435453327296077
0.0 0.0
0.005671781589353859 0.03511679216858067
0.009849404844512398 0.5293433988014608
0.011082443699051864 0.0702747455835287
0.014901442598227024 0.694552746267824
0.016201252786188045 0.10547635184786379
0.019832468701865523 0.5119805382977373
0.020991005263934815 0.14072420692777454
0.025406058304058832 0.17602090826605699
0.02666110716487448 0.4931140953350549
0.029246751928531548 0.2100250690673782
0.03149952150686417 0.47311807933407807
0.03262348095626155 0.24407834979153376
0.035452918174721716 0.2781813376976623
0.036158707649753895 0.44165595990913237
0.03753416347043978 0.31064018144525873
0.03806755897310156 0.418495554810698
0.038891059045804116 0.34313708173288326
0.039234579441484535 0.38716614866959004
0.03930868024832137 0.3651497799978097
0.04535758446342182 0.7030656640389537
0.08087536144824815 0.7113015001999077
0.10053446247732606 0.7151716188930063
0.12027534452098204 0.7186004336899346
0.14091485880400267 0.7217137646950259
0.16161895516609662 0.7243638695433601
0.18216431037167835 0.726529582434042
0.20275302429468625 0.728234326412221
0.2418928885908853 0.7301572653451193
0.2779149298699157 0.7303126785557084
0.3107256692842707 0.7289742308162609
0.31072566928427847 0.7289742308162604
0.32085661917036257 0.7283257089801026
0.3330137590336635 0.7275474827767132
0.34760232686962456 0.726613611332646
0.3651086082727778 0.7254929655997653
0.38611614595656174 0.7241481907203084
0.4113251911771025 0.7225344608649603
0.4415760454417514 0.7205979850385424
0.4718268997064003 0.7186615092121246
0.49703594492694103 0.7170477793567763
0.518043482610725 0.7157030044773195
0.5355497640138782 0.7145823587444388
0.5501383318498393 0.7136484873003716
0.5622954717131402 0.7128702610969821
0.5724264215992243 0.7122217392608243
0.609161153140238 0.70985677056753
0.6458643683868945 0.707050941873574
0.6796466774599846 0.7037348357987385
0.7070129307426363 0.7003693987253924
0.7305656003107295 0.6968878640772106
0.7513647812774383 0.6932936921472307
0.7699999591772191 0.689604165995264
0.7868562207909076 0.6858383872365449
0.8022098220209604 0.6820138955211708
0.8292052281587953 0.6742465052545913
0.8522170447845537 0.666393493618477
0.8720856630400522 0.6585136522874654
0.889420998725871 0.6506417158642265
0.9046804291185897 0.6427953427319685
0.9182161098249432 0.6349801744380958
0.9358739668773532 0.6233079808496212
0.9509645274474121 0.6116644563631259
0.9639976016303168 0.5999955482163207
0.9753465832840837 0.5882326516539315
0.9852882957950687 0.5762950475540988
0.9940267638465068 0.5640900473512568
1.0 0.24073601382863968
1.0035321479051116 0.26127306835488817
1.0040546369832584 0.54721504162745
1.006743191455213 0.279943117924205
1.0096623219553054 0.2969158902599475
1.0123160769553892 0.3123456832924407
1.0124244025497628 0.5293747424521398
1.01472858150092 0.3263727678674346
1.0169217674514024 0.3391246629356108
1.017676875826933 0.5151405522070993
1.018915572860932 0.35071729481577096
1.0207281232332315 0.3612560510704621
1.0220488955964138 0.49996146078358195
1.0223758962989584 0.37083673857472665
1.0238738718132556 0.37954645448769453
1.0254844811819532 0.38967390799294366
1.025491460751107 0.48359846670846435
1.0276656431085214 0.40761785374620035
1.027902916505861 0.46575307690445183
1.0288495372859205 0.4239672726226788
1.0291111383795781 0.4460419784188425
