# CURVE 2D, normalized by CHORD
# COLUMN#1 = X-coordinate, COLUMN#2 = Y-coordinate
#-------------------------------------------------------------------------------
-0.1036174984868306 0.4742401355572969
-0.10155637810471636 0.49480693142455684
-0.09800196971224692 0.45509853626870733
-0.09009627082049862 0.5120328583892126
-0.08748090956876052 0.4354868733604254
-0.07662562303999908 0.41427066720692257
-0.07381755449208431 0.523883305885587
-0.06567763746276772 0.38975936037826636
-0.055065700607452236 0.5323433694948103
-0.05467220652987224 0.361147432123792
-0.04368596605523421 0.32735458714341265
-0.0382412775624906 0.3080739673143492
-0.034563021294367224 0.5385675663271998
-0.03286249632723727 0.2869039884519349
-0.027585093130492105 0.263567237242279
-0.022455751691470092 0.23773133350181744
-0.017535788211586717 0.20899624335605002
-0.012905846234090133 0.17687618152322698
-0.011934107047339139 0.5432418268977413
-0.008672229403423546 0.14077678034216776
-0.006689326454566697 0.12038257289049291
-0.004975680987694448 0.09996395946276587
-0.0033364627697333427 0.07675294204690487
-0.002003590827818539 0.05352229737409504
-0.0008243709999945881 0.026767804256702582
0.0 0.0
0.007897711974521826 0.5460154640096899
0.031317247899496976 0.5480480139741982
0.05301441871084849 0.5488265943928174
0.058449085119856 0.5488082497366551
0.06875917896770076 0.5486136301035051
0.08113129158511442 0.5483800865437252
0.09597782672601088 0.5480998342719892
0.11379366889508657 0.547763531545906
0.13517267949797743 0.5473599682746061
0.16082749222144643 0.5468756923490463
0.19161326748960927 0.5462945612383746
0.2285561978114046 0.5455972039055685
0.2654991281331999 0.5448998465727625
0.2962849034013627 0.5443187154620908
0.32193971612483174 0.543834439536531
0.34331872672772257 0.5434308762652311
0.3611345688967983 0.5430945735391479
0.37598110403769475 0.5428143212674119
0.3883532166551084 0.542580777707632
0.39866331050295317 0.542386158074482
0.41595528370528134 0.5416683920088764
0.432656181982311 0.5402180128040222
0.44912307020497655 0.5380403874155054
0.46549296087260933 0.5351234073748251
0.481914310349441 0.5314305902143982
0.4985584878508196 0.5268945947141982
0.5156384007785362 0.521405632138409
0.529805634334067 0.5162139385133737
0.5446416494181789 0.5101647084208067
0.5604580941558679 0.5030429029247949
0.5777755699006284 0.4944836351381444
0.5923295664194463 0.48671443166669176
0.609209806610427 0.47710823239518113
0.6228595202860074 0.4689325671561558
0.6410957154092021 0.45755298579481724
0.6560752214215703 0.4479267822715237
0.673499405812818 0.43657491718283786
0.6909375454896348 0.42524453805600343
0.710291200763223 0.4129841661960356
0.7272784275251881 0.40275214618534527
0.7318962801191292 0.40008853825903645
0.7403345167813342 0.3952740285328268
0.7496165771097598 0.38997806783399613
0.7598268434710279 0.38415251106528236
0.7710581364684229 0.3777443986196973
0.7834125587655574 0.3706954749295537
0.7970024232924051 0.3629416588703957
0.8119512742719378 0.35441246120532194
0.8283950103494238 0.3450303437737408
0.8464831200346583 0.3347100145990015
0.8663800406884163 0.3233576525067884
0.8882666534075501 0.31087005420535385
0.9123419273985972 0.2971336960737759
0.9388247287887491 0.28202370212904015
0.9679558103179162 0.2654027087898308
1.0 0.2471196161167005
