# CURVE 2D, normalized by CHORD
# COLUMN#1 = X-coordinate, COLUMN#2 = Y-coordinate
#-------------------------------------------------------------------------------
-0.16314770356194405 0.728942298993295
-0.16313929960452317 0.7007687888959503
-0.16176673866922314 0.7557100012841219
-0.16169778350911934 0.6658159196590566
-0.16023881041971774 0.6455228256169613
-0.15922333744759334 0.7779716637158236
-0.1581453823795149 0.622951348290804
-0.1552773130688272 0.5977214205923923
-0.15461821714843932 0.8024770260896682
-0.1514578942374157 0.5693680669446012
-0.14906805990219085 0.8226264606317123
-0.14646258658836958 0.5373176110554053
-0.14120392453086558 0.8434153502285919
-0.1400035630806034 0.5008557211844498
-0.13596364599539734 0.47994755139365414
-0.13170771514207147 0.4590822662928483
-0.1307123965326282 0.8637937983671079
-0.12652185549972675 0.43493945087580077
-0.12108658721995674 0.4108515417845174
-0.11915135661602998 0.8806856358045038
-0.114434451287525 0.3827326747179546
-0.10749188012957568 0.354684082729997
-0.10411420218970555 0.8973133817075745
-0.09894230952737332 0.321618224587366
-0.09005128638954046 0.2886425117835653
-0.08685149627398063 0.911556373570158
-0.08274061198165751 0.26242592497777434
-0.07524387896375118 0.23626192741337268
-0.06950006149468947 0.9223092419807466
-0.06757247952426795 0.21014860251923362
-0.05806657449958176 0.17860107676246562
-0.04858895064670517 0.9318974561087935
-0.04833634256961248 0.14712200719692486
-0.03839648144737965 0.11570849235881704
-0.029026667662796105 0.08670574990475488
-0.026938328903063014 0.9389761140466998
-0.019498331506207205 0.05775469553736318
-0.009820129350755526 0.028853391714751393
-0.005119239373058161 0.9439235453708519
0.0 0.0
0.015718642637454625 0.9470900775279615
0.04456811258967304 0.9496280725595072
0.0693337202935795 0.9506501628277758
0.09411609916461107 0.9511619386423489
0.11459379582459249 0.9517043083625629
0.13686680273921345 0.9533343991982062
0.14474976404383857 0.9545392347869215
0.15502034427725897 0.9564686182866388
0.16734504055736343 0.9587838784862995
0.18213467609348877 0.9615621907258923
0.1998822387368392 0.9648961654134038
0.2176298013801896 0.9682301401009152
0.23241943691631498 0.9710084523405081
0.24474413319641944 0.9733237125401688
0.25501471342983983 0.9752530960398861
0.2755509611340295 0.9783601759731866
0.2950543000626795 0.9799056179109739
0.31419513263974175 0.9800713646305169
0.3332407389713593 0.9788934115672528
0.35246565881928554 0.9763372061675588
0.37217393510232527 0.972288462687226
0.39273150746989055 0.9665308553076047
0.40713841731510086 0.961572242094948
0.42232222709274003 0.9555354670142701
0.43853876351257376 0.9481892857874421
0.4561571024513199 0.9391884301506878
0.47575662962565773 0.9279844293759569
0.4983709582592678 0.9136048462275642
0.5114206916125599 0.9046576869122134
0.5262983093548568 0.8939346214034802
0.5441479430148196 0.8804189527826906
0.5683225994660447 0.86119139532722
0.5915730875967977 0.8419944032139519
0.6146596698915172 0.822600288655822
0.6377703456818955 0.8032349424271854
0.6666869765975586 0.7796956439968019
0.6841777673563474 0.7661514694468887
0.6977259523237429 0.7561637872249413
0.7189642650915915 0.7416068635047005
0.7358535710003533 0.7311667851492396
0.7501606996676388 0.7232280476022493
0.7685304619987394 0.7143884714568818
0.7844500826893402 0.7080684077809848
0.8032271930716767 0.7023387605166218
0.820208780332868 0.6988603550103393
0.8361032283039566 0.697137195373729
0.8517018123843151 0.6969328704926104
0.861006840726622 0.6972575604174749
0.8712423719031597 0.6976147193348259
0.8825014561973511 0.6980075941439119
0.8948864489209616 0.6984397564339064
0.9085099409169332 0.6989151349529006
0.9234957821125019 0.699438051323794
0.9399802074276276 0.7000132593317769
0.9581130752742657 0.700645988140558
0.9780592299055677 0.7013419898302172
1.0 0.7021075916888424
