# CURVE 2D, normalized by CHORD
# COLUMN#1 = X-coordinate, COLUMN#2 = Y-coordinate
#-------------------------------------------------------------------------------
-0.18191345490987149 0.46520827707745
-0.1814891743092974 0.44493356201163503
-0.18074115097770882 0.488763846373484
-0.17959048114158016 0.42178672873166617
-0.17804135518598418 0.5092520544490923
-0.17573633239302466 0.39497755980773264
-0.17298823724711038 0.5316278214322745
-0.17174265142706685 0.37454883587543003
-0.1663781816453007 0.5513238805199903
-0.16627851065081312 0.3515908274376521
-0.1589549948499149 0.32556016618314865
-0.1565742872869145 0.5723964231157432
-0.14924678381020934 0.2957518952714274
-0.14467869322691837 0.5914719603834856
-0.13643437190087943 0.2612383303557639
-0.13038424827678363 0.6091585189658688
-0.1285647435185732 0.24184384951344132
-0.11951389467988895 0.22077516238649345
-0.11310820445273767 0.6268214782057203
-0.10908837533229393 0.19780324896865234
-0.09705569948746649 0.17265836305638352
-0.09550414270891115 0.6441595800099785
-0.08313336845261286 0.14501896258726854
-0.07657232336922863 0.662152699512842
-0.0669753389101472 0.1144986489507463
-0.06094616529200007 0.6764110159756067
-0.048156076210070224 0.08063155939872024
-0.03724703769896833 0.06168484119727595
-0.03643313556308729 0.6974826551725611
-0.026146570820553695 0.04284962406912628
-0.01780603729860656 0.712218378345306
-0.013182912311452997 0.021357926914664576
0.0 0.0
0.0035270610651278326 0.7274268199223899
0.024893203905614506 0.7404934477405153
0.04574847673013511 0.7507639441210985
0.06746120047439261 0.7585642597369867
0.08699119498713974 0.7631498011189101
0.10479844472565167 0.7658018676568902
0.11612668212101013 0.7671747697426614
0.12972056699544024 0.7688222522455868
0.14603322884475642 0.7707992312490972
0.1656084230639358 0.7731716060533098
0.1890986561269511 0.7760184558183649
0.21728693580256941 0.7794346755364311
0.2511128714133114 0.7835341391981104
0.2917039941462018 0.7884534955921257
0.34041334142567026 0.794356723264944
0.3891226887051387 0.8002599509377623
0.4297138114380291 0.8051793073317776
0.4635397470487711 0.8092787709934569
0.4917280267243894 0.8126949907115231
0.5152182597874047 0.8155418404765782
0.5347934540065841 0.8179142152807908
0.5511061158559003 0.8198911942843014
0.5647000007303303 0.8215386767872267
0.5760282381256888 0.8229115788729979
0.5916050995381543 0.8238662144999725
0.6078327636750925 0.823435969650309
0.6321202805897332 0.8210486820611216
0.648512463148692 0.8185774357612691
0.6684177190670122 0.8148466631020209
0.6921683893306616 0.8095133727113125
0.7197342469504011 0.8022842776259843
0.7505597907163081 0.7930173675266378
0.7835606598805562 0.7818029871497277
0.8173358679852256 0.7689692089412173
0.850501436377025 0.7549981010393811
0.8819632149705127 0.7404055870561007
0.9110280609209265 0.7256453539501422
0.9373729480569105 0.711063303621795
0.9609470963360247 0.6968941664532236
0.9818715769340778 0.6832791615893098
1.0 0.2613401509158221
1.0003565298570831 0.6702901998148295
1.0107799555891257 0.27237085632349284
1.016648265531937 0.6579514239560001
1.0205799152156039 0.28239877033046623
1.0294889694214928 0.2915150557913511
1.0309964407290422 0.646256253867674
1.0375881096086648 0.2998025880285192
1.0436367769912023 0.6351794981645231
1.0449509643242756 0.3073367082441266
1.0516444686111945 0.3141859084401333
1.0547834761531514 0.6246854135853462
1.0577294725083934 0.32041245407286667
1.0632612942331199 0.32607295010262427
1.0725201099416546 0.33590145622966977
1.0733288425691996 0.6052812709852539
1.0871972322886398 0.35325700152096534
1.0878693557412995 0.5877106531282756
1.0986975782545854 0.36901353723136315
1.0993233249528962 0.5716618269297336
1.10776506233133 0.38350766028399946
1.1083648565156625 0.5568620399023082
1.1154871980295562 0.5430788715164997
1.1179040331398025 0.4034462920754147
1.123337410914209 0.5238858650500113
1.1248836439624619 0.42181892475343613
1.1285013298792237 0.5059901560016558
1.1294151944177175 0.43915238750752356
1.1314907499307627 0.48894168500630203
1.1319146839211962 0.4558736610435273
1.1325919246174971 0.4723539622121239
