# CURVE 2D, normalized by CHORD
# COLUMN#1 = X-coordinate, COLUMN#2 = Y-coordinate
#-------------------------------------------------------------------------------
-0.15925426100020348 0.38420200754924044
-0.1587236460685575 0.35898554343483047
-0.15654136791097198 0.4075955695679177
-0.15552945717153932 0.3339065293703522
-0.15120302067784797 0.31275639355155616
-0.15041158406348218 0.42866646815056764
-0.14414330512762857 0.2865155168630117
-0.14042541279354626 0.44774337517293455
-0.13291122407794426 0.2530562238008508
-0.12725805363025186 0.46344534266129467
-0.12502075584309383 0.23262338928770765
-0.1150397558005945 0.2089499794630932
-0.10950725699795333 0.47714672946753506
-0.1023413076036453 0.18122333629216617
-0.08648287625771797 0.48923194148738636
-0.08605581596185664 0.14834963372682036
-0.07565375161439133 0.12850701275679988
-0.06495118926938556 0.10882479435618755
-0.05924624352602113 0.5043893653573964
-0.05127926109417501 0.08457294274454254
-0.03724030979138052 0.06053162062250737
-0.03676256487996504 0.5187639846555714
-0.018851416495683962 0.030123584124289133
-0.01780825550865803 0.5325803660220638
-0.0013733995020135355 0.5461717305712666
0.0 0.0
0.013656199422227346 0.5602383415431715
0.03127545574091916 0.5789834539536253
0.04611121278278129 0.5954123916372713
0.06337939574013379 0.6051380507736301
0.06427894307307906 0.6050821447485004
0.07422197831692474 0.604148600257577
0.08615362060953956 0.6030283468684688
0.10047159136067733 0.601684042801539
0.11765315626204267 0.6000708779212233
0.13827103414368105 0.5981350800648444
0.15888891202531943 0.5961992822084655
0.17607047692668476 0.5945861173281497
0.19038844767782254 0.5932418132612199
0.20232008997043738 0.5921215598721117
0.21226312521428303 0.5911880153811883
0.24830763637289746 0.5877974164734667
0.2843479845361494 0.5843629041263652
0.3203786626432003 0.5808285386610567
0.3563921834272025 0.5771237395234522
0.38004481830173475 0.5745542594624414
0.4036815850701867 0.5718428336418855
0.4364557645112624 0.5677769495640766
0.462076224421701 0.5642828437333368
0.48331596297401236 0.5611243231883037
0.5015617926104149 0.5581855288414033
0.5176194924580643 0.5554001162121438
0.5450599410625885 0.5501355007162232
0.5681353516163938 0.5451275478010653
0.5881866143994974 0.5402664070380672
0.6060248578090833 0.5354834505104991
0.6221818579673948 0.5307309854601506
0.6370263396387905 0.5259728592129996
0.6574012458501249 0.5187615638306052
0.6760627360062126 0.5113866443139704
0.6934655851931368 0.5037704916958453
0.7099470230108367 0.49583555994360873
0.7257719732024944 0.4874990148576426
0.7411601131359098 0.478667535752397
0.7563047113512117 0.46923197441771514
0.7713864568777622 0.45906086582068806
0.7865854241443178 0.44799071311816924
0.8020933246258934 0.4358135334462395
0.8181277195781106 0.422257679859133
0.8349517527651058 0.4069572523269605
0.8467689094443508 0.3955449175032877
0.8592129078645061 0.38293346414915225
0.8724450863794135 0.36886053294309196
0.8866764868413954 0.3529743266694542
0.9021914945235331 0.3347916285604133
0.9193897333137013 0.31362295722569616
0.9287937485438069 0.30161607806298135
0.9391470566734795 0.2880592440382485
0.93914705667348 0.2880592440382479
0.9444682825192033 0.2810027802744888
0.950321630949499 0.2732406701343537
0.9567603142228243 0.26470234898020517
0.963842865823482 0.2553101957106418
0.9716336725842055 0.24497882711412203
0.9802035600210015 0.23361432165795032
0.989630436201477 0.2211133656561614
1.0 0.20736231405419364
