# CURVE 2D, normalized by CHORD
# COLUMN#1 = X-coordinate, COLUMN#2 = Y-coordinate
#-------------------------------------------------------------------------------
-0.15636839336677036 0.44529457689564317
-0.15633933376632703 0.42272110988054273
-0.1545570920037799 0.39655185123019965
-0.15439936912464994 0.4711454998147355
-0.15208668368824133 0.3765771273193918
-0.15070325382425712 0.49333636269696923
-0.14828347699724473 0.35408315517091604
-0.1456518827608257 0.5127902176240644
-0.1427803978537596 0.3285072974547479
-0.13772689554936776 0.53424254954124
-0.13507496029589655 0.2991142573284252
-0.1281370852195171 0.5533468647034441
-0.12446800153425291 0.26492601520917436
-0.11778158235505194 0.24563645869562237
-0.11690603807018636 0.5708345598265393
-0.1099679785606863 0.22461548033841308
-0.1051003531572465 0.5879474200121277
-0.10083254119555267 0.20161562540772518
-0.09013818899238589 0.1763419178071551
-0.08701443099408257 0.6132543730102542
-0.07759430011088812 0.14844048161035522
-0.07258197693689866 0.6325255922862286
-0.06284124730695916 0.11748261797995181
-0.05014096735441275 0.6605495521946174
-0.045430865644445796 0.08294543638377183
-0.03522284755684451 0.06350830855279607
-0.03279184563701415 0.6803332976632533
-0.024799798033812784 0.04418562081831938
-0.018499852716155972 0.6952348240783819
-0.012523464974236356 0.02202346789074601
-0.0006489329132157599 0.7119111978421135
0.0 0.0
0.01907235302853708 0.7276687454864154
0.03607129765362534 0.7389227485470098
0.055255116809220725 0.7490297368553036
0.07706746304772094 0.7572969113749554
0.09928911235963812 0.7624528548346506
0.11951019270535164 0.7645890409279066
0.1430105574775177 0.7644352323540053
0.1540798526659206 0.7635121978506415
0.1650091733226413 0.7623571424122331
0.17812435811070615 0.7609710758861429
0.19386257985638394 0.7593077960548348
0.21274844595119727 0.7573118602572649
0.2354114852649733 0.7549167373001813
0.2626071324415045 0.7520425897516807
0.295241909053342 0.7485936126934801
0.3278766856651795 0.7451446356352796
0.3550723328417108 0.742270488086779
0.3777353721554868 0.7398753651296953
0.39662123825030016 0.7378794293321255
0.41235945999597795 0.7362161495008174
0.4254746447840428 0.7348300829747272
0.4364039654407635 0.7336750275363187
0.45680838756099607 0.7316720998040254
0.47723263140119376 0.7298812804269456
0.5081936838823808 0.7273310027153649
0.5391502079913495 0.7247267275576031
0.5700817592240396 0.721842601277908
0.6046243075503354 0.7180465496449767
0.6309247178236187 0.7145930185590427
0.6528871251264967 0.7112396532575992
0.6719827202237167 0.7079140258757858
0.6889723808166415 0.7045881216569968
0.7043167482640049 0.7012502392349667
0.7312126409222072 0.6945228767881378
0.7542590870743114 0.687723297135216
0.7743928678737271 0.6808567800422096
0.7922299639511664 0.6739293286124789
0.808205380310434 0.6669442616070381
0.8226392278296891 0.6599014479162199
0.8419215735555432 0.6492207597580169
0.8588931085524113 0.6383782956370668
0.8739987617078345 0.6273378261006292
0.8875675241659526 0.6160517923775519
0.8998484556200607 0.6044620388620155
0.911031038513757 0.5924992232150367
0.9212600016379973 0.5800817770353195
0.9306442707623667 0.5671138592000138
0.9392626470418003 0.5534822852390515
0.947167265184572 0.5390525645492167
0.9543844178806451 0.5236629497157997
0.9609138557160383 0.5071170883375762
0.9667255158404652 0.4891737679506864
0.9717530482707739 0.4695319966851917
0.9758838270807912 0.44781127158510686
0.9780562502323045 0.4319399714201216
0.9797161179499752 0.41428663236694646
0.9804411901257193 0.40432074303546967
0.9812387695190378 0.3933582647708452
0.9821161068516882 0.3812995386797583
0.9830811779176035 0.36803493997956266
0.9841427560901104 0.35344388140934746
0.985310492079868 0.33739371698211085
0.9865950016686014 0.3197385361121504
0.9880079622162081 0.300317837155194
0.9895622188185755 0.278955068302542
0.9912719010811797 0.25545602256462474
0.9931525515700442 0.22960707225291574
0.9952212671077952 0.20117322691003586
0.9974968541993213 0.16989599703286798
1.0 0.13549104416798324
