# CURVE 2D, normalized by CHORD
# COLUMN#1 = X-coordinate, COLUMN#2 = Y-coordinate
#-------------------------------------------------------------------------------
-0.18994635186175896 0.506354981330914
-0.1813691356917104 0.5247134203140881
-0.17660654418876345 0.4920370079419722
-0.16317026465465273 0.5367866038943621
-0.1562335033292816 0.4827617033582785
-0.13770085424183667 0.47375092524051643
-0.13543866383757383 0.5492966444530641
-0.12028093610452029 0.46257811852305875
-0.11375807730388975 0.5571798451294357
-0.10354054828714637 0.4488170512281805
-0.09179049507803407 0.5642274303243257
-0.08713301305403102 0.43172639668139523
-0.07176545817010699 0.5700762701963715
-0.07078310094610796 0.410094532351973
-0.05981752688737493 0.39221392557299933
-0.05163054479915995 0.5755354131084139
-0.04877090749313941 0.3705602670493609
-0.037676999236403094 0.343824934023335
-0.026671320663835353 0.3100384050787308
-0.021294043718311204 0.2896005946340935
-0.020599775386734027 0.5832982381994465
-0.016089216988614 0.26611968144974046
-0.011164027821324692 0.23889686739219815
-0.006676556786937737 0.20701621867689182
-0.0028614580930378364 0.16925280674668353
-0.0012444590080554353 0.14661054374166607
-7.001613536696205e-05 0.12394094915534606
0.0 0.0
0.0008163694611664927 0.09635807691362543
0.0009194553143186491 0.034375883477788964
0.001164011274210888 0.06876306666641784
0.010575802814220306 0.5904583046979497
0.03835121315474161 0.5963862953940037
0.06620211394708461 0.6019489789885538
0.09412111257245463 0.6071591343931007
0.12595997040721424 0.6126347301202358
0.15789587457522106 0.6175101693198392
0.15789587457522755 0.61751016931984
0.16766734178535853 0.6188754560304864
0.17939310243751572 0.6205138000832621
0.19346401522010434 0.6224798129465928
0.21034911055921068 0.6248390283825898
0.22723420589831703 0.6271982438185867
0.24130511868090565 0.6291642566819174
0.25303087933306284 0.6308026007346931
0.26280234654319384 0.6321678874453395
0.2912286860502755 0.6357169933815229
0.3166585025588646 0.6381316299653547
0.33998436078385963 0.6396587257791385
0.3615428454932017 0.6404369463683733
0.3816048774084504 0.6405730478601993
0.4003926708753515 0.6401501238157052
0.41809012182203537 0.6392326652761275
0.43485128164009845 0.6378705176432822
0.4508075200896614 0.6361021578928219
0.46607143604212353 0.6339563512761756
0.48788066481516706 0.6300736459892671
0.5086354642003788 0.6254294769134587
0.5285791355768482 0.6200365135012377
0.5479270714271778 0.6138803544353384
0.5668778785278967 0.6069196334525513
0.5856233039158896 0.5990831459968968
0.6043587312022028 0.5902645444787835
0.6232952731772153 0.5803121375700836
0.6426761245613797 0.5690121557936849
0.6559881533637262 0.5605850100445386
0.6697395373014433 0.551304436396272
0.6840678132567134 0.5410110292030402
0.6991511932491112 0.5294904161696932
0.715230573554478 0.5164454531991592
0.7326491263509874 0.5014460542537489
0.7519278151816932 0.48383410545143185
0.7739347970136315 0.46251077722506784
0.7864218145124491 0.44987611646333797
0.800323274385552 0.4353915653835298
0.816205871065358 0.4183489916658095
0.8351060459652432 0.39746100419062114
0.8593486108225612 0.3698604142738668
0.8785888294344619 0.3474430545614463
0.8976642973742451 0.32488528007475004
0.8976642973742518 0.32488528007474216
0.9040853914460837 0.3172476127145407
0.9111485949250987 0.30884617861831914
0.9189181187520152 0.29960460111247544
0.9274645949616234 0.28943886585604733
0.9368657187921924 0.27825655707397645
0.9472069550058183 0.26595601741369845
0.9585823148408068 0.25242542378739263
0.9710952106592942 0.23754177079845626
0.9848593960596302 0.22116975251062623
1.0 0.2031605323940132
