# CURVE 2D, normalized by CHORD
# COLUMN#1 = X-coordinate, COLUMN#2 = Y-coordinate
#-------------------------------------------------------------------------------
-0.07366036526192427 0.42257479217523847
-0.07356098852525558 0.44287090696320336
-0.07013504264015058 0.39999169253671746
-0.0686374750123832 0.4635641858346206
-0.06415962270473129 0.37820850405677325
-0.057869219564741614 0.4815683879447367
-0.055986540355553914 0.35562791384333226
-0.0456368960634163 0.3285350352511377
-0.04226334538788474 0.49542180502061445
-0.03951144098812934 0.30526478877237395
-0.03291995715358751 0.2730505245110948
-0.028222854577983708 0.24554378661374754
-0.024972144824544313 0.22428441266678387
-0.021964079044723247 0.20298929648643182
-0.021815079259379533 0.5061561079813403
-0.017379556431436897 0.16752821536172252
-0.013198492543670856 0.1320171962958681
-0.009601714774629759 0.09904330931480895
-0.006225439244930195 0.06604609207227898
-0.003033887977342817 0.03303048141230818
-0.002807349361577255 0.512595848783445
0.0 0.0
0.02166345864956721 0.5181573232950852
0.05340087518168637 0.5227386617369917
0.07508814042065766 0.5248550147892391
0.09681830513641507 0.5264782074846119
0.12768137661813195 0.5282977133563243
0.15855635746123742 0.5299064520735602
0.18942593837118382 0.531614384900462
0.21065343148441934 0.5329828543571408
0.231863545118643 0.5345975291737879
0.24342672513676333 0.5355588901896529
0.2573025411585077 0.5367125234086909
0.273953520384601 0.5380968832715365
0.29393469545591294 0.5397581151069513
0.31391587052722486 0.541419346942366
0.3305668497533182 0.5428037068052117
0.34444266577506255 0.5439573400242497
0.3560058457931829 0.5449187010401148
0.373194892553838 0.5457489800816884
0.38974996631845155 0.5453981566660521
0.4061371389519581 0.5439160417611728
0.4226123317762036 0.5412703961926483
0.43946704009448995 0.5373549120299639
0.4570716257006189 0.5319607582006592
0.47204550846484666 0.5263365579994322
0.4882647985558949 0.5191989555216123
0.5064844790131169 0.5099459034954479
0.5223923651146613 0.5008795832534554
0.5421591508502234 0.48849281026885444
0.5608555092139872 0.47586046236334645
0.5774113821437689 0.4641722769167766
0.5937187310761152 0.45245792970876536
0.6100698273037412 0.4408048676036534
0.6275275578521978 0.42884352697142186
0.6429831717297115 0.4190198497695528
0.6573147968197183 0.4108517844597731
0.6708110611859615 0.4042311303290547
0.6777100566052983 0.40131966261459023
0.686675073717187 0.397762110921794
0.6965365925402646 0.3938488040597181
0.70738426324565 0.38954416651143464
0.7193167010215737 0.3848090652083228
0.7324423825750901 0.3796004537748998
0.7468806322839581 0.3738709811981345
0.7627627069637127 0.3675685613636927
0.7802329891114429 0.36063589954580666
0.7994502994739461 0.35300997154613206
0.8205893408726996 0.34462145074649
0.8438422864113285 0.3353940778668837
0.8694205265038203 0.32524396769931674
0.8975565906055613 0.3140788465149932
0.9285062611174763 0.3017972132122372
0.9625508986805829 0.2882874165792056
1.0 0.2734266402828709
