# CURVE 2D, normalized by CHORD
# COLUMN#1 = X-coordinate, COLUMN#2 = Y-coordinate
#-------------------------------------------------------------------------------
-0.15318436573684177 0.5217746143287949
-0.15284579821097755 0.5518084193904026
-0.1521911234784785 0.49013423933732214
-0.15130014468302794 0.5804444846479814
-0.14970728702637048 0.45664530614086296
-0.14864385806718156 0.6078643048097876
-0.1455318573503012 0.42102471762662197
-0.14494958075902076 0.6342268454033926
-0.1402698803935269 0.6596727956262165
-0.1394111233252281 0.3829384920890914
-0.13552441326432096 0.3628497115728758
-0.13463941061792994 0.6843273966869045
-0.13102509605612914 0.3419897415466935
-0.12807677921930413 0.70830317591974
-0.1258598714628418 0.32029663099495403
-0.12058593460517959 0.7317022561478246
-0.11996822610651191 0.2977017185434004
-0.11328190413647601 0.27412939606054876
-0.11215678082585283 0.7546180904606852
-0.10572369462648011 0.24949609774223028
-0.10396048729539585 0.773698640015292
-0.09720588309866497 0.22370898595635194
-0.09250353020014722 0.7931792278907557
-0.08762874105578833 0.19666480883595397
-0.07977215963292009 0.8088664498294856
-0.07687870584358861 0.16824852188965486
-0.06482541211852526 0.1383307511227893
-0.06320218579877879 0.8236423155085179
-0.05131990494464788 0.10676683525249775
-0.046112083766492305 0.834533683386349
-0.03619047149033137 0.07339337290096636
-0.02520309946088118 0.8437995206831355
-0.019238913798235318 0.038025611015206344
-0.009721946835638038 0.01896095545664712
-0.002284151968983061 0.8503457530914025
0.0 0.0
0.02308374884760748 0.854460765879904
0.04357055427452543 0.8560338629191375
0.07582667606025897 0.8563676426561747
0.10783944212577913 0.8555145329314191
0.11720151656450371 0.8553998880594125
0.12983735886378922 0.8553998749908134
0.1450003696229318 0.8553998593084944
0.1601633803820744 0.8553998436261754
0.1727992226813599 0.8553998305575763
0.1884044065558916 0.8536815175882458
0.20336739033501033 0.8494787137125045
0.2178190620608213 0.8437009994616713
0.23526151543564516 0.8350679954550078
0.2502658720282446 0.8265554606733703
0.26392754299265914 0.8181480232639972
0.28376825803383005 0.8051216446858532
0.29940912832473976 0.7943748322458457
0.32503060010549817 0.7762546947579952
0.35056212767275735 0.7580077535607275
0.3788287552894147 0.7381290472719948
0.39485863690707795 0.7272162064382869
0.4174700940422257 0.7125127066439173
0.43427697948868277 0.7022691617272191
0.4478935123843349 0.6945028892876003
0.46455960320993006 0.6857707734471566
0.47820629898222217 0.6793607379771731
0.4932451026954797 0.6731978809850411
0.5085825991055972 0.6680432031021926
0.5166363486599891 0.6658576072655839
0.5250756966410733 0.6637711461095063
0.534358979420266 0.6614760388378208
0.5445705904773779 0.658951420838967
0.555803362640201 0.6561743410402276
0.5681594120193065 0.6531195532616144
0.5817510663363223 0.6497592867051398
0.5967018860850399 0.6460629934930178
0.6131477878086293 0.6419970709596836
0.6312382797045776 0.637524556173016
0.6511378207901206 0.6326047899076815
0.673027315984218 0.6271930470158137
0.6971057606977251 0.6212401298347591
0.7235920498825831 0.614691920935599
0.7527269679859268 0.6074888911465228
0.7847753778996047 0.5995655583785391
0.8200286288046506 0.5908498923337571
0.8588072048002009 0.5812626596844968
0.9014636383953064 0.5707167037703104
0.9483857153499224 0.5591161522647055
1.0 0.5463555456085399
