# CURVE 2D, normalized by CHORD
# COLUMN#1 = X-coordinate, COLUMN#2 = Y-coordinate
#-------------------------------------------------------------------------------
-0.13134579762795828 0.6521753385298205
-0.13096786573141148 0.6301849122863434
-0.12692957841741065 0.6101446919981928
-0.126635496030397 0.6723273108478951
-0.11976066782347135 0.5889791063300901
-0.11627265744533112 0.6905760189876368
-0.11095243123639607 0.5645116539866981
-0.10190163565233454 0.7048293549389618
-0.10158383890969545 0.5363398549820049
-0.09159966532563 0.5036635905621595
-0.08365187042560021 0.7162780426075446
-0.08094092191529192 0.46545253294356614
-0.0751057678442331 0.44294188141004204
-0.06954646059603428 0.42036149907514936
-0.06328699237944459 0.39352160438790135
-0.0627553798895145 0.7248691894663613
-0.057356311788535314 0.36660711787185174
-0.050638997204995595 0.33423531373100807
-0.04431811980539327 0.30178373297200073
-0.04308588462935813 0.7303029539469974
-0.03946089666956917 0.2754222088178629
-0.034826046692229905 0.24902066860556124
-0.03039933186864884 0.2225834250416249
-0.025199375519666303 0.18988172461320832
-0.020275929791778308 0.1571372377662103
-0.016428808361736106 0.7349160152761953
-0.015609806281465058 0.1243550805263712
-0.011415825067386885 0.09330356146668414
-0.007423892503616603 0.06222541449091337
-0.003622189669246257 0.031123418320222602
0.0 0.0
0.00970841425129963 0.7371875787238332
0.030468157222742574 0.7377334396751503
0.053588528867154636 0.7372124988127459
0.07785102371903554 0.7354820030154029
0.10092167640335466 0.7327070835946348
0.1277916252552733 0.7278501159205015
0.1342713536318269 0.7263315149441884
0.14695031297025232 0.7231865762429094
0.1621650641763628 0.7194126498013745
0.18042276562369539 0.7148839380715328
0.19868046707102796 0.710355226341691
0.21389521827713845 0.7065812999001562
0.22657417761556387 0.7034363611988772
0.24215822786446792 0.6996317106152323
0.25779695198948993 0.6959340298923661
0.27399077470195715 0.6922280433207129
0.29101477218737026 0.6884609582172454
0.3093108996679718 0.6845505620977511
0.3296897798832056 0.6803486852255782
0.3540226599437288 0.6755153006596027
0.3692850818697456 0.6725679628441252
0.39006239795733694 0.668634575519201
0.41887849765207197 0.6632705536396005
0.44769713165322667 0.6579201429419707
0.4702559828814387 0.6536718950462732
0.48511756948668544 0.6508161158276493
0.5075187848972462 0.6463882059388448
0.5254444504451526 0.6427093994299239
0.5410221531800027 0.6393949646648824
0.5617892653202157 0.6347815698102625
0.5806228915755487 0.630383193025589
0.5982437454105629 0.6260665685839742
0.6150753250984824 0.6217499484813724
0.6313964254569383 0.6173757982296229
0.6474067549602793 0.6128990365763135
0.6632595656646879 0.608281118811166
0.6790796172855871 0.6034868468285277
0.6949737744270003 0.5984821376837747
0.7110381566599744 0.593232459480532
0.7273626129646602 0.5877020584773358
0.7440346101643911 0.5818525072926177
0.7611419188849309 0.5756419750734225
0.7787750328945032 0.5690242458826863
0.7912075372757168 0.5642291670846217
0.7997217856793526 0.5609092484413667
0.8090874589233519 0.5572573379337862
0.8193896994917511 0.5532402363754477
0.8307221641169902 0.5488214246612754
0.8431878752047532 0.5439607317756857
0.8569001574012927 0.5386139696015372
0.871983667817486 0.5327325312099738
0.8885755292752986 0.5262629489792541
0.9068265768788926 0.5191464085254622
0.9269027292428459 0.5113182140262914
0.9489864968431946 0.5027072000772034
0.9732786412035781 0.4932350847332066
1.0 0.48281575785481007
