# CURVE 2D, normalized by CHORD
# COLUMN#1 = X-coordinate, COLUMN#2 = Y-coordinate
#-------------------------------------------------------------------------------
-0.2329253871559979 0.5712016632807542
-0.2329028983175535 0.5475081186666807
-0.231459739083402 0.5915960629548281
-0.23083258754369956 0.5194518505253025
-0.22789494000941823 0.49758922479199236
-0.22778920047017978 0.6149316409387168
-0.2232753557728888 0.4724866259879815
-0.22260564000763908 0.6349788716406367
-0.21642906175906465 0.4433025381858738
-0.21438752843107117 0.6566942559432583
-0.2065761516555433 0.4088911726043664
-0.20439556655727514 0.6757393973149322
-0.200184871488906 0.3892499492934429
-0.19257592944516605 0.3676568792562335
-0.19254911412073564 0.6928877705239568
-0.1835161481643872 0.34380376926233447
-0.17853487301125034 0.708676838462536
-0.17271528286123566 0.3173158334556674
-0.16177672055991943 0.7234791297602132
-0.15980940208011185 0.2877340841425464
-0.14433907642136043 0.2544927617926928
-0.13706496004062194 0.740748006477591
-0.1351412921532406 0.235632239866394
-0.12571620282956303 0.21688425413635717
-0.1145776870906255 0.19538135736553042
-0.11227956707599451 0.7579234237219996
-0.10318016768955456 0.17401459113751974
-0.09137404514301227 0.7728569948889278
-0.08960683578926898 0.1492950917038885
-0.07573580167765503 0.12474137655353461
-0.07065175426710844 0.7880438590706798
-0.05907113441649943 0.09606001005061827
-0.045853141583902385 0.8066452313480336
-0.04206107425037842 0.06758208826198024
-0.02123625943702449 0.03366303507549484
-0.021185830460613828 0.8254205783288194
0.0 0.0
0.0035380892844928194 0.8441211056108736
0.022991303349176956 0.8583126341982791
0.04349055937297687 0.8721836839336996
0.0626624915365967 0.8835367677544604
0.08124879428001895 0.8925096082966916
0.10059703466123208 0.8993568122249437
0.1229236866720183 0.9040081648994505
0.1436642517197829 0.905481308217099
0.16402938400944575 0.9047015503587913
0.17671383703095403 0.9033019868417451
0.1877023464863793 0.9018242748252945
0.2008885578328896 0.9000510204055537
0.21671201144870203 0.8979231151018648
0.2357001557876769 0.8953696287374382
0.2546883001266518 0.8928161423730114
0.27051175374246417 0.8906882370693225
0.2836979650889745 0.8889149826495818
0.2946864745443998 0.8874372706331312
0.3257064767425538 0.8834002818149361
0.3567576753460966 0.8796105632029109
0.387835012304826 0.8760413818126385
0.4272952414384159 0.8717860978027911
0.4667813996043776 0.8677782119400671
0.5062853170682163 0.8639490446860184
0.5457989454733405 0.8602212325874299
0.585313738228596 0.8565057589487496
0.6248197089011482 0.8526978646651903
0.6538910172813688 0.8497627151099153
0.6829437043242035 0.8466489627726266
0.711968351808561 0.8432843614624582
0.7343462774519042 0.8404608608256963
0.7566912120436413 0.8373875328574152
0.7880270465906248 0.8325311570176629
0.8121654160437388 0.8282312119461008
0.8317039731644948 0.8242956646223976
0.848018109380028 0.8206264726309539
0.8740136518590494 0.8138743212434235
0.8940293471840673 0.807701904259674
0.9100434308577466 0.8019637867071598
0.9289609199348204 0.793977425151395
0.9436783161010772 0.7865583776662478
0.958939947207498 0.7773085408372425
0.9733666335059292 0.7664453020022548
0.9843707526284547 0.756028090306146
0.9945289718943753 0.74370484526735
1.0 0.1648490946279508
1.001654075303843 0.21869009464526354
1.0031577801255185 0.267636458297366
1.0034181353835923 0.7289785999542446
1.0045247845088598 0.31213315252655005
1.0057675157664427 0.3525846927348992
1.0068972714551547 0.3893588201970347
1.0079243220812564 0.42278984516261253
1.0088580044686215 0.45318168604041054
1.0097068066389534 0.4808106322929542
1.0098555721880635 0.713097191739928
1.010478444975619 0.5059278561589029
1.0111799343725876 0.5287616960370382
1.0118176520061952 0.5495197322898884
1.0123973953094751 0.568390674337934
1.012924434676093 0.5855460761997936
1.0134035613730186 0.6011418960742115
1.0135887952146925 0.6977624592325504
1.0138391310974961 0.6153199141418642
1.014235103574294 0.6282090214760938
1.0145950785532014 0.6399263917799389
1.014922328534026 0.6505785466016163
1.0152198285165939 0.6602623237122321
1.0154568355046447 0.679792838414972
1.0154902830462011 0.6690657574491556
