# CURVE 2D, normalized by CHORD
# COLUMN#1 = X-coordinate, COLUMN#2 = Y-coordinate
#-------------------------------------------------------------------------------
0.0 -0.4565645801282533
0.0 -0.4550644358393744
0.0 -0.453469263995519
0.0 -0.45177304501825605
0.0 -0.44996937801528714
0.0 -0.44805145662588713
0.0 -0.4460120433362594
0.0 -0.44384344216788113
0.0 -0.4415374696357761
0.0 -0.43908542386712085
0.0 -0.4364780517636502
0.0 -0.4337055140839456
0.0 -0.43075734831383944
0.0 -0.42762242918482274
0.0 -0.42428892669146706
0.0 -0.42074426144943444
0.0 -0.41697505722561345
0.0 -0.4129670904612474
0.0 -0.4087052365975748
0.0 -0.4041734130014343
0.0 -0.3993545182754573
0.0 -0.39423036772382847
0.0 -0.3887816247300841
0.0 -0.38298772778799667
0.0 -0.3768268129101853
0.0 -0.37027563112165274
0.0 -0.3633094607269001
0.0 -0.3559020140195484
0.0 -0.3480253380824241
0.0 -0.3396497093037658
0.0 -0.33074352121149536
0.0 -0.3212731652022829
0.0 -0.31120290371532133
0.0 -0.3004947353722165
0.0 -0.2891082515740813
0.0 -0.27700048401468547
0.0 -0.2641257425342322
0.0 -0.2504354427018845
0.0 -0.23587792247640013
0.0 -0.2203982472530238
0.0 -0.2039380025609551
0.0 -0.1864350736291116
0.0 -0.1678234109883503
0.0 -0.1480327812256191
0.0 -0.12698850194947814
0.0 -0.10461115996684983
0.0 -0.080816311607504
0.0 -0.05551416406541412
0.0 -0.028609236554487782
0.0 0.0
0.008173833707071365 -0.4565645801282533
0.01674690460959133 -0.4565645801282533
0.025738712778633155 -0.4565645801282533
0.03516971073352959 -0.4565645801282533
0.04506134996261013 -0.4565645801282533
0.055436129716165794 -0.4565645801282533
0.0663176481826247 -0.4565645801282533
0.07773065616434155 -0.4565645801282533
0.08970111337509168 -0.4565645801282533
0.10225624748732104 -0.4565645801282533
0.11542461606346058 -0.4565645801282533
0.12923617151217165 -0.4565645801282533
0.14372232921727018 -0.4565645801282533
0.15891603899429374 -0.4565645801282533
0.17485186003724515 -0.4565645801282533
0.19156603952598364 -0.4565645801282533
0.20909659507306244 -0.4565645801282533
0.22748340119754365 -0.4565645801282533
0.24676828002248163 -0.4565645801282533
0.26699509640237296 -0.4565645801282533
0.28820985769694674 -0.4565645801282533
0.3104608184182386 -0.4565645801282533
0.33379858998897555 -0.4565645801282533
0.3582762558619245 -0.4565645801282533
0.3827539217348735 -0.4565645801282533
0.40609169330561046 -0.4565645801282533
0.4283426540269023 -0.4565645801282533
0.4495574153214761 -0.4565645801282533
0.4697842317013674 -0.4565645801282533
0.4890691105263054 -0.4565645801282533
0.5074559166507866 -0.4565645801282533
0.5249864721978654 -0.4565645801282533
0.5417006516866039 -0.4565645801282533
0.5576364727295553 -0.4565645801282533
0.5728301825065789 -0.4565645801282533
0.5873163402116774 -0.4565645801282533
0.6011278956603885 -0.4565645801282533
0.614296264236528 -0.4565645801282533
0.6268513983487574 -0.4565645801282533
0.6388218555595075 -0.4565645801282533
0.6502348635412243 -0.4565645801282533
0.6611163820076833 -0.4565645801282533
0.6714911617612389 -0.4565645801282533
0.6813828009903194 -0.4565645801282533
0.6908137989452159 -0.4565645801282533
0.6998056071142578 -0.4565645801282533
0.7083786780167777 -0.4565645801282533
0.716552511723849 -0.7215788266203461
0.716552511723849 -0.7195019117901325
0.716552511723849 -0.7172656570884358
0.716552511723849 -0.7148578380396664
0.716552511723849 -0.7122652923125548
0.716552511723849 -0.7094738477683313
0.716552511723849 -0.7064682449887976
0.716552511723849 -0.7032320538607901
0.716552511723849 -0.6997475837610456
0.716552511723849 -0.6959957868504939
0.716552511723849 -0.6919561539493368
0.716552511723849 -0.687606602423716
0.716552511723849 -0.6829233554710998
0.716552511723849 -0.6778808121445078
0.716552511723849 -0.6724514074050558
0.716552511723849 -0.6666054614378041
0.716552511723849 -0.6603110174071906
0.716552511723849 -0.6535336667651436
0.716552511723849 -0.6462363611569186
0.716552511723849 -0.6383792098964449
0.716552511723849 -0.6299192619040817
0.716552511723849 -0.6208102709147474
0.716552511723849 -0.6110024426729341
0.716552511723849 -0.6004421627326484
0.716552511723849 -0.5890717033742997
0.716552511723849 -0.577701244015951
0.716552511723849 -0.5671409640756653
0.716552511723849 -0.557333135833852
0.716552511723849 -0.5482241448445178
0.716552511723849 -0.5397641968521545
0.716552511723849 -0.5319070455916808
0.716552511723849 -0.5246097399834558
0.716552511723849 -0.5178323893414088
0.716552511723849 -0.5115379453107953
0.716552511723849 -0.5056919993435436
0.716552511723849 -0.5002625946040916
0.716552511723849 -0.4952200512774996
0.716552511723849 -0.49053680432488345
0.716552511723849 -0.48618725279926256
0.716552511723849 -0.4821476198981055
0.716552511723849 -0.4783958229875538
0.716552511723849 -0.4749113528878093
0.716552511723849 -0.47167516175980184
0.716552511723849 -0.46866955898026813
0.716552511723849 -0.46587811443604465
0.716552511723849 -0.46328556870893306
0.716552511723849 -0.4608777496601636
0.716552511723849 -0.458641494958467
0.716552511723849 -0.4565645801282533
0.7188172394245408 -0.7215788266203461
0.7212525424913334 -0.7215788266203461
0.7238712683652292 -0.7215788266203461
0.7266872321342244 -0.7215788266203461
0.7297152894148045 -0.7215788266203461
0.7329714147227469 -0.7215788266203461
0.7364727857466767 -0.7215788266203461
0.740237873968961 -0.7215788266203461
0.7442865421120113 -0.7215788266203461
0.7486401489240729 -0.7215788266203461
0.7533216618572988 -0.7215788266203461
0.7583557782325399 -0.7215788266203461
0.7637690555300585 -0.7215788266203461
0.7695900514935112 -0.7215788266203461
0.7758494747863223 -0.7215788266203461
0.782580346995233 -0.7215788266203461
0.7898181768356786 -0.7215788266203461
0.7976011474780108 -0.7215788266203461
0.8059703179828093 -0.7215788266203461
0.814969839907949 -0.7215788266203461
0.8246471902301385 -0.7215788266203461
0.8350534218097042 -0.7215788266203461
0.8462434327199477 -0.7215788266203461
0.8582762558619246 -0.7215788266203461
0.8703090790039014 -0.7215788266203461
0.8814990899141448 -0.7215788266203461
0.8919053214937105 -0.7215788266203461
0.9015826718159001 -0.7215788266203461
0.9105821937410398 -0.7215788266203461
0.9189513642458382 -0.7215788266203461
0.9267343348881705 -0.7215788266203461
0.933972164728616 -0.7215788266203461
0.9407030369375268 -0.7215788266203461
0.9469624602303378 -0.7215788266203461
0.9527834561937906 -0.7215788266203461
0.9581967334913092 -0.7215788266203461
0.9632308498665503 -0.7215788266203461
0.9679123627997761 -0.7215788266203461
0.9722659696118378 -0.7215788266203461
0.976314637754888 -0.7215788266203461
0.9800797259771723 -0.7215788266203461
0.9835810970011022 -0.7215788266203461
0.9868372223090447 -0.7215788266203461
0.9898652795896248 -0.7215788266203461
0.9926812433586198 -0.7215788266203461
0.9952999692325156 -0.7215788266203461
0.9977352722993083 -0.7215788266203461
1.0 -0.7215788266203461
1.0 -0.7177792816809203
1.0 -0.713795084798071
1.0 -0.7096172621760535
1.0 -0.7052364039066802
1.0 -0.7006426427749382
1.0 -0.6958256320345924
1.0 -0.6907745221037183
1.0 -0.6854779361276726
1.0 -0.6799239443544649
1.0 -0.6741000372648102
1.0 -0.6679930973963446
1.0 -0.6615893697985431
1.0 -0.6548744310517911
1.0 -0.6478331567808318
1.0 -0.640449687589418
1.0 -0.6327073933394415
1.0 -0.6245888356940832
1.0 -0.6160757288406198
1.0 -0.6071488983044196
1.0 -0.5977882377613636
1.0 -0.5879726637514167
1.0 -0.5776800681913503
1.0 -0.5668872685796577
1.0 -0.5555699557815045
1.0 -0.5437026392761113
1.0 -0.5312585897432432
1.0 -0.5182097788594942
1.0 -0.5045268161687624
1.0 -0.49017888288473227
1.0 -0.475133662476259
1.0 -0.4593572678793109
1.0 -0.4428141651715276
1.0 -0.4254670935374795
1.0 -0.40727698134436496
1.0 -0.388202858139117
1.0 -0.3682017623687074
1.0 -0.3472286446158018
1.0 -0.3252362661318185
1.0 -0.30217509243885315
1.0 -0.277993181760823
1.0 -0.25263606803253913
1.0 -0.2260466382232029
1.0 -0.19816500369801573
1.0 -0.1689283653281643
1.0 -0.1382708720453622
1.0 -0.10612347252236322
1.0 -0.07241375964537955
1.0 -0.03706580742810261
1.0 0.0
