# CURVE 2D, normalized by CHORD
# COLUMN#1 = X-coordinate, COLUMN#2 = Y-coordinate
#-------------------------------------------------------------------------------
0.0 0.0
0.0 0.023595333851227803
0.0 0.04562865674341382
0.0 0.06620337379265237
0.0 0.08541604469697407
0.0 0.10335683690298066
0.0 0.12010994877285111
0.0 0.13575400473769456
0.0 0.1503624242917536
0.0 0.16400376655919352
0.0 0.17674205205057217
0.0 0.18863706311903355
0.0 0.19974462452630312
0.0 0.21011686543521577
0.0 0.21980246405834025
0.0 0.22884687611086613
0.0 0.2372925481399107
0.0 0.2451791167314274
0.0 0.252543594529618
0.0 0.25942054394186065
0.0 0.2658422393443729
0.0 0.2718388185498609
0.0 0.27743842424801096
0.0 0.28266733608262123
0.0 0.28755009398522857
0.0 0.2921096133440497
0.0 0.2963672925487393
0.0 0.3003431134156854
0.0 0.30405573496515154
0.0 0.3075225809903719
0.0 0.3107599218295733
0.0 0.31378295072469
0.0 0.31660585512513134
0.0 0.31924188327124137
0.0 0.3217034063699328
0.0 0.32400197665429514
0.0 0.3261483815996571
0.0 0.3281526945505452
0.0 0.33002432199613907
0.0 0.33177204771609115
0.0 0.3334040740038938
0.0 0.3349280601612594
0.0 0.3363511584441732
0.0 0.337680047629317
0.0 0.3389209643583967
0.0 0.3400797324074745
0.0 0.3411617900186726
0.0 0.3421722154225172
0.0 0.34311575067070427
0.0 0.34399682389113606
0.004888832735090692 0.34399682389113606
0.010073929601647713 0.34399682389113606
0.015573244258621943 0.34399682389113606
0.021405818359883144 0.34399682389113606
0.027591847486905463 0.34399682389113606
0.03415275107698479 0.34399682389113606
0.04111124658911894 0.34399682389113606
0.04849142816435309 0.34399682389113606
0.056318850052956226 0.34399682389113606
0.06462061509729927 0.34399682389113606
0.07342546857681134 0.34399682389113606
0.08276389773995693 0.34399682389113606
0.09266823736786867 0.34399682389113606
0.10317278173515493 0.34399682389113606
0.1143139033555523 0.34399682389113606
0.12613017892358552 0.34399682389113606
0.1386625228883145 0.34399682389113606
0.15195432912167411 0.34399682389113606
0.1660516211719405 0.34399682389113606
0.181003211622584 0.34399682389113606
0.1968608711082971 0.34399682389113606
0.21367950757342336 0.34399682389113606
0.23151735639347917 0.34399682389113606
0.25043618201807355 0.34399682389113606
0.26935500764266795 0.34399682389113606
0.28719285646272374 0.34399682389113606
0.30401149292785 0.34399682389113606
0.31986915241356306 0.34399682389113606
0.3348207428642066 0.34399682389113606
0.348918034914473 0.34399682389113606
0.3622098411478326 0.34399682389113606
0.3747421851125616 0.34399682389113606
0.3865584606805948 0.34399682389113606
0.39769958230099217 0.34399682389113606
0.40820412666827843 0.34399682389113606
0.41810846629619014 0.34399682389113606
0.4274468954593358 0.34399682389113606
0.4362517489388478 0.34399682389113606
0.4445535139831909 0.34399682389113606
0.452380935871794 0.34399682389113606
0.4597611174470282 0.34399682389113606
0.4667196129591623 0.34399682389113606
0.47328051654924164 0.34399682389113606
0.47946654567626396 0.34399682389113606
0.48529911977752516 0.34399682389113606
0.4907984344344994 0.34399682389113606
0.49598353130105644 0.34399682389113606
0.5008723640361471 0.34399682389113606
0.5008723640361471 0.35296844903968244
0.5008723640361471 0.3623580936526978
0.5008723640361471 0.37218523472234144
0.5008723640361471 0.38247025674211144
0.5008723640361471 0.3932344939905128
0.5008723640361471 0.40450027478487066
0.5008723640361471 0.41629096779708297
0.5008723640361471 0.4286310305273872
0.5008723640361471 0.4415460600366892
0.5008723640361471 0.45506284604268954
0.5008723640361471 0.46920942648994396
0.5008723640361471 0.48401514570912835
0.5008723640361471 0.4995107152861472
0.5008723640361471 0.5157282777673475
0.5008723640361471 0.5327014733329822
0.5008723640361471 0.5504655095772227
0.5008723640361471 0.5690572345394687
0.5008723640361471 0.5885152131384407
0.5008723640361471 0.608879807167607
0.5008723640361471 0.6301932590178762
0.5008723640361471 0.6524997793012238
0.5008723640361471 0.675845638557012
0.5008723640361471 0.7002792632312265
0.5008723640361471 0.7258513361277239
0.5008723640361471 0.7514234090242213
0.5008723640361471 0.7758570336984357
0.5008723640361471 0.7992028929542239
0.5008723640361471 0.8215094132375715
0.5008723640361471 0.8428228650878407
0.5008723640361471 0.8631874591170071
0.5008723640361471 0.8826454377159791
0.5008723640361471 0.9012371626782251
0.5008723640361471 0.9190011989224656
0.5008723640361471 0.9359743944881002
0.5008723640361471 0.9521919569693005
0.5008723640361471 0.9676875265463194
0.5008723640361471 0.9824932457655038
0.5008723640361471 0.9966398262127583
0.5008723640361471 1.0101566122187586
0.5008723640361471 1.0230716417280605
0.5008723640361471 1.0354117044583648
0.5008723640361471 1.047202397470577
0.5008723640361471 1.0584681782649348
0.5008723640361471 1.0692324155133364
0.5008723640361471 1.0795174375331062
0.5008723640361471 1.0893445786027498
0.5008723640361471 1.0987342232157653
0.5008723640361471 1.1077058483643116
0.5057372544324523 1.1077058483643116
0.5108974728681255 1.1077058483643116
0.5163709475273048 1.1077058483643116
0.5221766949424858 1.1077058483643116
0.528334886063797 1.1077058483643116
0.534866916339078 1.1077058483643116
0.5417954800482379 1.1077058483643116
0.5491446491501557 1.1077058483643116
0.5569399569160611 1.1077058483643116
0.5652084866399624 1.1077058483643116
0.5739789657343306 1.1077058483643116
0.5832818655379558 1.1077058483643116
0.5931495071827391 1.1077058483643116
0.6036161738872345 1.1077058483643116
0.6147182300670828 1.1077058483643116
0.6264942476761626 1.1077058483643116
0.638985140217408 1.1077058483643116
0.6522343048888879 1.1077058483643116
0.6662877733590029 1.1077058483643116
0.6811943716946441 1.1077058483643116
0.6970058899979489 1.1077058483643116
0.7137772623410267 1.1077058483643116
0.731566757623802 1.1077058483643116
0.7504361820180736 1.1077058483643116
0.7693056064123452 1.1077058483643116
0.7870951016951204 1.1077058483643116
0.8038664740381983 1.1077058483643116
0.8196779923415031 1.1077058483643116
0.8345845906771442 1.1077058483643116
0.8486380591472592 1.1077058483643116
0.8618872238187391 1.1077058483643116
0.8743781163599846 1.1077058483643116
0.8861541339690643 1.1077058483643116
0.8972561901489126 1.1077058483643116
0.907722856853408 1.1077058483643116
0.9175904984981913 1.1077058483643116
0.9268933983018165 1.1077058483643116
0.9356638773961847 1.1077058483643116
0.9439324071200861 1.1077058483643116
0.9517277148859915 1.1077058483643116
0.9590768839879094 1.1077058483643116
0.9660054476970692 1.1077058483643116
0.9725374779723501 1.1077058483643116
0.9786956690936613 1.1077058483643116
0.9845014165088424 1.1077058483643116
0.9899748911680217 1.1077058483643116
0.9951351096036949 1.1077058483643116
1.0 0.0
1.0 0.04446528601568427
1.0 0.08750877713552017
1.0 0.12917593580689032
1.0 0.16951077079765758
1.0 0.2085558836781353
1.0 0.2463525138167788
1.0 0.2829405819371221
1.0 0.31835873228196476
1.0 0.35264437342934174
1.0 0.3858337178033875
1.0 0.4179618199218242
1.0 0.44906261342047177
1.0 0.4791689468938846
1.0 0.5083126185899702
1.0 0.5365244099952337
1.0 0.5638341183461206
1.0 0.5902705881007976
1.0 0.6158617414046098
1.0 0.6406346075813943
1.0 0.664615351681796
1.0 0.6878293021187412
1.0 0.7103009774192552
1.0 0.7320541121208813
1.0 0.7531116818400495
1.0 0.7734959275388766
1.0 0.7932283790160249
1.0 0.8123298776464313
1.0 0.8308205983939246
1.0 0.8487200711199823
1.0 0.8660472012111287
1.0 0.882820289546767
1.0 0.8990570518285299
1.0 0.9147746372915679
1.0 0.9299896468175358
1.0 0.9447181504684111
1.0 0.9589757044596593
1.0 0.9727773675906779
1.0 0.9861377171498691
1.0 0.9990708643111421
1.0 1.0115904690381063
1.0 1.0237097545116973
1.0 1.0354415210964718
1.0 1.0467981598603295
1.0 1.0577916656619306
1.0 1.0684336498196434
1.0 1.0787353523753938
1.0 1.0887076539663745
1.0 1.0983610873171525
1.0 1.1077058483643116
