# CURVE 2D, normalized by CHORD
# COLUMN#1 = X-coordinate, COLUMN#2 = Y-coordinate
#-------------------------------------------------------------------------------
0.0 0.0
0.0 0.010445068907331852
0.0 0.020044648928817056
0.0 0.0288671791970676
0.0 0.03697555895534732
0.0 0.04442759599069516
0.0 0.05127641876808041
0.0 0.057570855203854465
0.0 0.06335578077892186
0.0 0.06867243847346466
0.0 0.07355873280415913
0.0 0.07804950006018992
0.0 0.08217675666467938
0.0 0.08596992743219715
0.0 0.0894560553496861
0.0 0.0926599943764146
0.0 0.09560458663750061
0.0 0.09831082527428925
0.0 0.10079800411260711
0.0 0.1030838552159366
0.0 0.10518467530418023
0.0 0.10711544193930335
0.0 0.10888992030618784
0.0 0.11052076134997883
0.0 0.11201959196958394
0.0 0.11339709791034913
0.0 0.11466309994688569
0.0 0.11582662389918484
0.0 0.11689596498119247
0.0 0.11787874694060954
0.0 0.11878197641154906
0.0 0.11961209286755074
0.0 0.1203750145310877
0.0 0.12107618056687201
0.0 0.12172058985977137
0.0 0.12231283665380008
0.0 0.122857143306268
0.0 0.12335739039060507
0.0 0.12381714436247572
0.0 0.12423968298642582
0.0 0.1246280187043386
0.0 0.1249849201123023
0.0 0.12531293169900648
0.0 0.12561439198638963
0.0 0.12589145020186995
0.0 0.126146081601022
0.0 0.12638010154994037
0.0 0.12659517846768947
0.0 0.1267928457211106
0.0 0.12697451255678954
0.0021651263269042986 0.12697451255678954
0.004494916931245901 0.12697451255678954
0.007001895019604937 0.12697451255678954
0.009699536225557248 0.12697451255678954
0.012602341044571475 0.12697451255678954
0.015725912777795253 0.12697451255678954
0.019087041403697103 0.12697451255678954
0.022703793828395616 0.12697451255678954
0.026595610999793726 0.12697451255678954
0.030783412407530894 0.12697451255678954
0.035289708530466465 0.12697451255678954
0.04013872183612764 0.12697451255678954
0.045356516982524256 0.12697451255678954
0.050971140922197664 0.12697451255678954
0.05701277366159796 0.12697451255678954
0.06351389048615892 0.12697451255678954
0.07050943652307093 0.12697451255678954
0.0780370145800704 0.12697451255678954
0.08613708726992622 0.12697451255678954
0.09485319450709262 0.12697451255678954
0.10423218754562755 0.12697451255678954
0.1143244808163886 0.12697451255678954
0.12518432291719475 0.12697451255678954
0.1368700882125931 0.12697451255678954
0.14855585350799147 0.12697451255678954
0.15941569560879762 0.12697451255678954
0.16950798887955867 0.12697451255678954
0.1788869819180936 0.12697451255678954
0.18760308915526 0.12697451255678954
0.19570316184511583 0.12697451255678954
0.2032307399021153 0.12697451255678954
0.2102262859390273 0.12697451255678954
0.21672740276358826 0.12697451255678954
0.22276903550298854 0.12697451255678954
0.22838365944266198 0.12697451255678954
0.23360145458905857 0.12697451255678954
0.23845046789471974 0.12697451255678954
0.2429567640176553 0.12697451255678954
0.24714456542539248 0.12697451255678954
0.2510363825967906 0.12697451255678954
0.2546531350214891 0.12697451255678954
0.258014263647391 0.12697451255678954
0.26113783538061475 0.12697451255678954
0.264040640199629 0.12697451255678954
0.2667382814055813 0.12697451255678954
0.2692452594939403 0.12697451255678954
0.2715750500982819 0.12697451255678954
0.2737401764251862 0.12697451255678954
0.2737401764251862 0.12854104336841918
0.2737401764251862 0.1302343215073125
0.2737401764251862 0.13206460204464288
0.2737401764251862 0.13404296978493607
0.2737401764251862 0.1361814063994355
0.2737401764251862 0.13849286299119834
0.2737401764251862 0.14099133853140253
0.2737401764251862 0.1436919646419011
0.2737401764251862 0.14661109723749594
0.2737401764251862 0.1497664155829485
0.2737401764251862 0.15317702936464989
0.2737401764251862 0.15686359442541337
0.2737401764251862 0.1608484378633186
0.2737401764251862 0.1651556932522491
0.2737401764251862 0.16981144680306462
0.2737401764251862 0.17484389535061012
0.2737401764251862 0.18028351712338567
0.2737401764251862 0.18616325633011543
0.2737401764251862 0.19251872268113623
0.2737401764251862 0.19938840705297484
0.2737401764251862 0.20681391460225215
0.2737401764251862 0.21484021674073273
0.2737401764251862 0.2235159234975655
0.2737401764251862 0.23289357791823526
0.2737401764251862 0.24227123233890502
0.2737401764251862 0.2509469390957378
0.2737401764251862 0.2589732412342184
0.2737401764251862 0.2663987487834957
0.2737401764251862 0.2732684331553343
0.2737401764251862 0.2796238995063551
0.2737401764251862 0.2855036387130849
0.2737401764251862 0.2909432604858604
0.2737401764251862 0.29597570903340586
0.2737401764251862 0.3006314625842214
0.2737401764251862 0.3049387179731519
0.2737401764251862 0.30892356141105715
0.2737401764251862 0.3126101264718206
0.2737401764251862 0.316020740253522
0.2737401764251862 0.3191760585989746
0.2737401764251862 0.3220951911945694
0.2737401764251862 0.324795817305068
0.2737401764251862 0.3272942928452722
0.2737401764251862 0.329605749437035
0.2737401764251862 0.33174418605153444
0.2737401764251862 0.33372255379182764
0.2737401764251862 0.335552834329158
0.2737401764251862 0.33724611246805136
0.2737401764251862 0.33881264327968097
0.2820760712107361 0.33881264327968097
0.29081518555554575 0.33881264327968097
0.2999770237860436 0.33881264327968097
0.30958203368177345 0.33881264327968097
0.3196516521116172 0.33881264327968097
0.33020835287750905 0.33881264327968097
0.34127569687242043 0.33881264327968097
0.3528783846645616 0.33881264327968097
0.3650423116251586 0.33881264327968097
0.37779462572284167 0.33881264327968097
0.3911637881136346 0.33881264327968097
0.4051796366617713 0.33881264327968097
0.4198734525331075 0.33881264327968097
0.43527803000975507 0.33881264327968097
0.4514277496817535 0.33881264327968097
0.46835865517912967 0.33881264327968097
0.48610853361560247 0.33881264327968097
0.5047169999234669 0.33881264327968097
0.5242255852678821 0.33881264327968097
0.5446778297378891 0.33881264327968097
0.5661193795210302 0.33881264327968097
0.5885980887784479 0.33881264327968097
0.6121641264478336 0.33881264327968097
0.636870088212593 0.33881264327968097
0.6615760499773525 0.33881264327968097
0.6851420876467383 0.33881264327968097
0.7076207969041559 0.33881264327968097
0.729062346687297 0.33881264327968097
0.749514591157304 0.33881264327968097
0.7690231765017193 0.33881264327968097
0.7876316428095838 0.33881264327968097
0.8053815212460564 0.33881264327968097
0.8223124267434327 0.33881264327968097
0.8384621464154312 0.33881264327968097
0.8538667238920787 0.33881264327968097
0.8685605397634149 0.33881264327968097
0.8825763883115516 0.33881264327968097
0.8959455507023446 0.33881264327968097
0.9086978648000276 0.33881264327968097
0.9208617917606245 0.33881264327968097
0.9324644795527658 0.33881264327968097
0.9435318235476772 0.33881264327968097
0.9540885243135689 0.33881264327968097
0.9641581427434127 0.33881264327968097
0.9737631526391426 0.33881264327968097
0.9829249908696405 0.33881264327968097
0.9916641052144501 0.33881264327968097
1.0 0.0
1.0 0.02333840394958359
1.0 0.04512430951978111
1.0 0.06546099074866316
1.0 0.08444485176249816
1.0 0.10216588377045356
1.0 0.11870809165946615
1.0 0.13414989221151438
1.0 0.14856448583100437
1.0 0.16202020354440794
1.0 0.1745808309170726
1.0 0.18630591042269976
1.0 0.19725102369884598
1.0 0.2074680550264528
1.0 0.21700543728240448
1.0 0.22590838153102985
1.0 0.23421909134290395
1.0 0.24197696285690837
1.0 0.24921877153392555
1.0 0.255978846487455
1.0 0.26228923321755004
1.0 0.26817984551949925
1.0 0.27367860728736215
1.0 0.27881158488456453
1.0 0.28360311070904526
1.0 0.28807589853870147
1.0 0.29225115120391887
1.0 0.2961486610975963
1.0 0.29978690399912433
1.0 0.30318312665708147
1.0 0.30635342854582476
1.0 0.30931283818353533
1.0 0.3120753843734964
1.0 0.314654162706317
1.0 0.3170613976383486
1.0 0.3193085004405716
1.0 0.32140612329265306
1.0 0.3233642097786037
1.0 0.32519204202340296
1.0 0.3268982846940407
1.0 0.32849102607355646
1.0 0.32997781640278523
1.0 0.3313657036715648
1.0 0.33266126702906895
1.0 0.3338706479716461
1.0 0.3349995794560055
1.0 0.3360534130757597
1.0 0.3370371444301514
1.0 0.33795543680522205
1.0 0.33881264327968097
