# CURVE 2D, normalized by CHORD
# COLUMN#1 = X-coordinate, COLUMN#2 = Y-coordinate
#-------------------------------------------------------------------------------
0.0 0.0
0.0 0.036112266315199336
0.0 0.07049117693360216
0.0 0.10321993134054072
0.0 0.13437773552227963
0.0 0.16403999365031197
0.0 0.19227849056498497
0.0 0.2191615655000791
0.0 0.24475427746876616
0.0 0.26911856271119333
0.0 0.2923133845847273
0.0 0.31439487625960355
0.0 0.3354164765653162
0.0 0.3554290593165045
0.0 0.3744810564313161
0.0 0.39261857514020126
0.0 0.40988550956879233
0.0 0.4263236469649075
0.0 0.44197276882675557
0.0 0.45687074717707926
0.0 0.4710536362162283
0.0 0.4845557595759689
0.0 0.4974097933851899
0.0 0.5096468453485318
0.0 0.5212965300293132
0.0 0.5323870405189467
0.0 0.5429452166662877
0.0 0.5529966100320376
0.0 0.5625655457253944
0.0 0.5716751812726016
0.0 0.5803475626598603
0.0 0.5886036776862321
0.0 0.5964635067556535
0.0 0.6039460712309778
0.0 0.6110694794670689
0.0 0.6178509706343484
0.0 0.6243069564388521
0.0 0.6304530608397629
0.0 0.6363041578605376
0.0 0.6418744075851346
0.0 0.647177290426456
0.0 0.6522256397499355
0.0 0.6570316729312241
0.0 0.661607020923135
0.0 0.6659627564034026
0.0 0.6701094205713753
0.0 0.6740570486584906
0.0 0.6778151942142713
0.0 0.6813929522266159
0.0 0.6847989811323371
0.002502063607662336 0.6847989811323371
0.005188376033579745 0.6847989811323371
0.008072505129074703 0.6847989811323371
0.011169017864982561 0.6847989811323371
0.014493553905555984 0.6847989811323371
0.01806290460025972 0.6847989811323371
0.021895097792421575 0.6847989811323371
0.026009488873085712 0.6847989811323371
0.03042685853995758 0.6847989811323371
0.03516951775519438 0.6847989811323371
0.04026142043215518 0.6847989811323371
0.04572828442026196 0.6847989811323371
0.051597721399033306 0.6847989811323371
0.0578993763373518 0.6847989811323371
0.06466507722233628 0.6847989811323371
0.07192899581406005 0.6847989811323371
0.0797278202380445 0.6847989811323371
0.08810094028724695 0.6847989811323371
0.09709064636945372 0.6847989811323371
0.10674234310490938 0.6847989811323371
0.11710477865300661 0.6847989811323371
0.12823029092630533 0.6847989811323371
0.14017507193544257 0.6847989811323371
0.15299945160006917 0.6847989811323371
0.16582383126469577 0.6847989811323371
0.177768612273833 0.6847989811323371
0.18889412454713173 0.6847989811323371
0.19925656009522896 0.6847989811323371
0.20890825683068462 0.6847989811323371
0.21789796291289137 0.6847989811323371
0.22627108296209383 0.6847989811323371
0.2340699073860783 0.6847989811323371
0.24133382597780206 0.6847989811323371
0.24809952686278652 0.6847989811323371
0.25440118180110505 0.6847989811323371
0.2602706187798764 0.6847989811323371
0.26573748276798315 0.6847989811323371
0.27082938544494395 0.6847989811323371
0.27557204466018076 0.6847989811323371
0.2799894143270526 0.6847989811323371
0.28410380540771674 0.6847989811323371
0.2879359985998786 0.6847989811323371
0.2915053492945824 0.6847989811323371
0.29482988533515575 0.6847989811323371
0.29792639807106364 0.6847989811323371
0.3008105271665586 0.6847989811323371
0.303496839592476 0.6847989811323371
0.30599890320013834 0.6847989811323371
0.30599890320013834 0.6873716284811879
0.30599890320013834 0.6901324838212148
0.30599890320013834 0.6930953159450812
0.30599890320013834 0.6962749009334525
0.30599890320013834 0.6996870958454894
0.30599890320013834 0.7033489178003397
0.30599890320013834 0.7072786288440207
0.30599890320013834 0.7114958270249356
0.30599890320013834 0.7160215441322302
0.30599890320013834 0.7208783505844267
0.30599890320013834 0.726090467991429
0.30599890320013834 0.7316838899512621
0.30599890320013834 0.7376865116839789
0.30599890320013834 0.7441282691492356
0.30599890320013834 0.7510412883413358
0.30599890320013834 0.7584600455063016
0.30599890320013834 0.7664215390799962
0.30599890320013834 0.7749654742047781
0.30599890320013834 0.7841344607449013
0.30599890320013834 0.7939742257881907
0.30599890320013834 0.8045338416937711
0.30599890320013834 0.8158659708231584
0.30599890320013834 0.8280271281752213
0.30599890320013834 0.8410779632348135
0.30599890320013834 0.8541287982944058
0.30599890320013834 0.8662899556464687
0.30599890320013834 0.8776220847758561
0.30599890320013834 0.8881817006814364
0.30599890320013834 0.8980214657247257
0.30599890320013834 0.907190452264849
0.30599890320013834 0.915734387389631
0.30599890320013834 0.9236958809633256
0.30599890320013834 0.9311146381282914
0.30599890320013834 0.9380276573203916
0.30599890320013834 0.9444694147856482
0.30599890320013834 0.9504720365183651
0.30599890320013834 0.9560654584781982
0.30599890320013834 0.9612775758852005
0.30599890320013834 0.9661343823373969
0.30599890320013834 0.9706600994446914
0.30599890320013834 0.9748772976256064
0.30599890320013834 0.9788070086692875
0.30599890320013834 0.9824688306241378
0.30599890320013834 0.9858810255361747
0.30599890320013834 0.9890606105245461
0.30599890320013834 0.9920234426484124
0.30599890320013834 0.9947842979884393
0.30599890320013834 0.9973569453372901
0.3138006882945212 0.9973569453372901
0.3219922296822544 0.9973569453372901
0.3305929985441469 0.9973569453372901
0.3396234387890653 0.9973569453372901
0.3491050156488227 0.9973569453372901
0.35906026670073843 0.9973569453372901
0.3695128554391485 0.9973569453372901
0.38048762752320486 0.9973569453372901
0.3920106698346642 0.9973569453372901
0.40410937248604584 0.9973569453372901
0.4168124939265512 0.9973569453372901
0.4301502293005004 0.9973569453372901
0.44415428222077374 0.9973569453372901
0.4588579401278619 0.9973569453372901
0.4742961534136523 0.9973569453372901
0.49050561849802826 0.9973569453372901
0.5075248650557527 0.9973569453372901
0.5253943476009731 0.9973569453372901
0.5441565416470433 0.9973569453372901
0.5638560446702321 0.9973569453372901
0.5845396821173092 0.9973569453372901
0.6062566187089858 0.9973569453372901
0.6290584753037768 0.9973569453372901
0.6529994516000692 0.9973569453372901
0.6769404278963617 0.9973569453372901
0.6997422844911526 0.9973569453372901
0.7214592210828292 0.9973569453372901
0.7421428585299064 0.9973569453372901
0.7618423615530951 0.9973569453372901
0.7806045555991652 0.9973569453372901
0.7984740381443857 0.9973569453372901
0.8154932847021101 0.9973569453372901
0.8317027497864862 0.9973569453372901
0.8471409630722765 0.9973569453372901
0.8618446209793647 0.9973569453372901
0.875848673899638 0.9973569453372901
0.8891864092735873 0.9973569453372901
0.9018895307140926 0.9973569453372901
0.9139882333654741 0.9973569453372901
0.9255112756769335 0.9973569453372901
0.9364860477609898 0.9973569453372901
0.9469386364993999 0.9973569453372901
0.9568938875513157 0.9973569453372901
0.966375464411073 0.9973569453372901
0.9754059046559914 0.9973569453372901
0.984006673517884 0.9973569453372901
0.9921982149056172 0.9973569453372901
1.0 0.0
1.0 0.042720738444778354
1.0 0.08392176446715506
1.0 0.12365713906726475
1.0 0.1619790001236745
1.0 0.19893763080492946
1.0 0.23458152554748224
1.0 0.26895745368657753
1.0 0.3021105208235839
1.0 0.3340842280102949
1.0 0.3649205288278563
1.0 0.39465988443521427
1.0 0.4233413166593158
1.0 0.4510024591967217
1.0 0.4776796069938155
1.0 0.5034077638704016
1.0 0.5282206884491805
1.0 0.5521509384513664
1.0 0.57522991341657
1.0 0.5974878959029979
1.0 0.6189540912220307
1.0 0.6396566657593162
1.0 0.6596227839326586
1.0 0.6788786438351994
1.0 0.6974495116106555
1.0 0.7153597546057227
1.0 0.7326328733431413
1.0 0.7492915323573789
1.0 0.7653575899333898
1.0 0.7808521267874722
1.0 0.7957954737278562
1.0 0.8102072383313171
1.0 0.8241063306708164
1.0 0.8375109881279282
1.0 0.850438799322611
1.0 0.8629067271917185
1.0 0.8749311312465364
1.0 0.8865277890385481
1.0 0.8977119168615931
1.0 0.9084981897175857
1.0 0.9189007605719883
1.0 0.9289332789243074
1.0 0.9386089087179773
1.0 0.9479403456131325
1.0 0.9569398336449327
1.0 0.9656191812892991
1.0 0.9739897769571393
1.0 0.9820626039373955
1.0 0.9898482548085203
1.0 0.9973569453372901
