# CURVE 2D, normalized by CHORD
# COLUMN#1 = X-coordinate, COLUMN#2 = Y-coordinate
#-------------------------------------------------------------------------------
0.0 0.0
0.0 0.03474475226667003
0.0 0.06774217601276447
0.0 0.09908014514037307
0.0 0.128842114335292
0.0 0.15710734131131007
0.0 0.18395109787773423
0.0 0.20944487039223875
0.0 0.2336565501328542
0.0 0.25665061409606765
0.0 0.2784882967025084
0.0 0.2992277528674811
0.0 0.31892421287061185
0.0 0.337630129437033
0.0 0.35539531742179237
0.0 0.3722670864694728
0.0 0.3882903670023033
0.0 0.40350782987227307
0.0 0.41795999999589034
0.0 0.4316853642741992
0.0 0.44472047408545323
0.0 0.4571000426233885
0.0 0.46885703734031225
0.0 0.4800227677411902
0.0 0.4906269687625298
0.0 0.5006978799581054
0.0 0.5102623207023982
0.0 0.5193457616120226
0.0 0.5279723923753397
0.0 0.5361651861708888
0.0 0.5439459608461897
0.0 0.5513354370198355
0.0 0.558353293261607
0.0 0.5650182184975555
0.0 0.5713479617796108
0.0 0.5773593795522548
0.0 0.5830684805421336
0.0 0.5884904683901514
0.0 0.5936397821395789
0.0 0.5985301346879967
0.0 0.6031745493054734
0.0 0.6075853943162305
0.0 0.61177441603615
0.0 0.6157527700538407
0.0 0.6195310509385672
0.0 0.6231193204541534
0.0 0.6265271343539973
0.0 0.6297635678285526
0.0 0.6328372396730454
0.0 0.635756335239787
0.008795332250966958 0.635756335239787
0.01800470774665569 0.635756335239787
0.0276476177130493 0.635756335239787
0.037744470932195684 0.635756335239787
0.048316636936470314 0.635756335239787
0.05938649123622297 0.635756335239787
0.07097746267653199 0.635756335239787
0.08311408302329315 0.635756335239787
0.09582203888359064 0.635756335239787
0.10912822607023748 0.635756335239787
0.12306080652554441 0.635756335239787
0.13764926792479498 0.635756335239787
0.1529244860855744 0.635756335239787
0.16891879031503837 0.635756335239787
0.18566603183342698 0.635756335239787
0.20320165541863866 0.635756335239787
0.22156277442349667 0.635756335239787
0.24078824932447881 0.635756335239787
0.26091876996815533 0.635756335239787
0.28199694168940537 0.635756335239787
0.30406737548367835 0.635756335239787
0.32717678242414405 0.635756335239787
0.3513740725235632 0.635756335239787
0.37671045825011296 0.635756335239787
0.40204684397666274 0.635756335239787
0.42624413407608186 0.635756335239787
0.44935354101654756 0.635756335239787
0.47142397481082055 0.635756335239787
0.4925021465320706 0.635756335239787
0.5126326671757471 0.635756335239787
0.5318581420767292 0.635756335239787
0.5502192610815873 0.635756335239787
0.5677548846667989 0.635756335239787
0.5845021261851875 0.635756335239787
0.6004964304146515 0.635756335239787
0.615771648575431 0.635756335239787
0.6303601099746815 0.635756335239787
0.6442926904299884 0.635756335239787
0.6575988776166353 0.635756335239787
0.6703068334769328 0.635756335239787
0.6824434538236939 0.635756335239787
0.6940344252640029 0.635756335239787
0.7051042795637557 0.635756335239787
0.7156764455680302 0.635756335239787
0.7257732987871766 0.635756335239787
0.7354162087535703 0.635756335239787
0.744625584249259 0.635756335239787
0.7534209165002259 0.635756335239787
0.7534209165002259 0.6372224906743282
0.7534209165002259 0.6388085929423253
0.7534209165002259 0.6405244549480019
0.7534209165002259 0.6423806923936758
0.7534209165002259 0.644388789457031
0.7534209165002259 0.646561169841477
0.7534209165002259 0.648911273639169
0.7534209165002259 0.6514536404822278
0.7534209165002259 0.6542039994965965
0.7534209165002259 0.657179366615064
0.7534209165002259 0.66039814985151
0.7534209165002259 0.6638802631876828
0.7534209165002259 0.6676472497771059
0.7534209165002259 0.6717224152283516
0.7534209165002259 0.676130971792279
0.7534209165002259 0.6809001943452935
0.7534209165002259 0.6860595891336683
0.7534209165002259 0.6916410763229133
0.7534209165002259 0.6976791874815902
0.7534209165002259 0.7042112792213675
0.7534209165002259 0.711277764315063
0.7534209165002259 0.7189223617225575
0.7534209165002259 0.7271923670714422
0.7534209165002259 0.7361389452658058
0.7534209165002259 0.7450855234601694
0.7534209165002259 0.753355528809054
0.7534209165002259 0.7610001262165487
0.7534209165002259 0.768066611310244
0.7534209165002259 0.7745987030500213
0.7534209165002259 0.7806368142086983
0.7534209165002259 0.7862183013979432
0.7534209165002259 0.791377696186318
0.7534209165002259 0.7961469187393325
0.7534209165002259 0.8005554753032599
0.7534209165002259 0.8046306407545057
0.7534209165002259 0.8083976273439288
0.7534209165002259 0.8118797406801015
0.7534209165002259 0.8150985239165475
0.7534209165002259 0.8180738910350152
0.7534209165002259 0.8208242500493838
0.7534209165002259 0.8233666168924425
0.7534209165002259 0.8257167206901346
0.7534209165002259 0.8278891010745805
0.7534209165002259 0.8298971981379357
0.7534209165002259 0.8317534355836096
0.7534209165002259 0.8334692975892862
0.7534209165002259 0.8350553998572833
0.7534209165002259 0.8365215552918245
0.7553155918458316 0.8365215552918245
0.7573583303018776 0.8365215552918245
0.7595607025497071 0.8365215552918245
0.761935183484187 0.8365215552918245
0.7644952228752411 0.8365215552918245
0.7672553215513691 0.8365215552918245
0.7702311135366738 0.8365215552918245
0.7734394546066485 0.8365215552918245
0.7768985177643282 0.8365215552918245
0.7806278961776125 0.8365215552918245
0.7846487141608264 0.8365215552918245
0.7889837468291521 0.8365215552918245
0.7936575491036906 0.8365215552918245
0.7986965947978766 0.8365215552918245
0.8041294265730721 0.8365215552918245
0.8099868176127344 0.8365215552918245
0.8163019459309275 0.8365215552918245
0.8231105823025131 0.8365215552918245
0.8304512928795141 0.8365215552918245
0.83836565764133 0.8365215552918245
0.8468985059161711 0.8365215552918245
0.8560981703077774 0.8365215552918245
0.8660167604657352 0.8365215552918245
0.876710458250113 0.8365215552918245
0.8874041560344907 0.8365215552918245
0.8973227461924486 0.8365215552918245
0.9065224105840548 0.8365215552918245
0.9150552588588959 0.8365215552918245
0.9229696236207118 0.8365215552918245
0.9303103341977128 0.8365215552918245
0.9371189705692984 0.8365215552918245
0.9434340988874915 0.8365215552918245
0.9492914899271538 0.8365215552918245
0.9547243217023493 0.8365215552918245
0.9597633673965353 0.8365215552918245
0.9644371696710738 0.8365215552918245
0.9687722023393995 0.8365215552918245
0.9727930203226134 0.8365215552918245
0.9765223987358977 0.8365215552918245
0.9799814618935774 0.8365215552918245
0.9831898029635521 0.8365215552918245
0.9861655949488568 0.8365215552918245
0.9889256936249848 0.8365215552918245
0.9914857330160389 0.8365215552918245
0.9938602139505188 0.8365215552918245
0.9960625861983483 0.8365215552918245
0.9981053246543943 0.8365215552918245
1.0 0.0
1.0 0.03970453501310839
1.0 0.07776043216502751
1.0 0.1142361472831948
1.0 0.1491972937270805
1.0 0.18270676041501518
1.0 0.21482482495022961
1.0 0.24560926204960085
1.0 0.27511544747014816
1.0 0.303396457620225
1.0 0.330503165034589
1.0 0.3564843298850935
1.0 0.38138668769161155
1.0 0.40525503339096963
1.0 0.4281323019151152
1.0 0.45005964542346466
1.0 0.47107650732835904
1.0 0.49122069324678597
1.0 0.510528439005997
1.0 0.5290344758253515
1.0 0.5467720927916367
1.0 0.563773196740247
1.0 0.5800683696499356
1.0 0.5956869236543867
1.0 0.6106569537695573
1.0 0.6250053884316427
1.0 0.6387580379365687
1.0 0.6519396408681499
1.0 0.6645739085984249
1.0 0.6766835679402208
1.0 0.6882904020286698
1.0 0.6994152895052155
1.0 0.7100782420745964
1.0 0.7202984405023622
1.0 0.7300942691176793
1.0 0.7394833488834857
1.0 0.7484825690934875
1.0 0.7571081177530106
1.0 0.7653755106983583
1.0 0.7732996195070568
1.0 0.7808946982491927
1.0 0.788174409127963
1.0 0.7951518470555633
1.0 0.801839563208617
1.0 0.8082495876055231
1.0 0.814393450746331
1.0 0.8202822043540702
1.0 0.8259264412548456
1.0 0.8313363144324576
1.0 0.8365215552918245
