# CURVE 2D, normalized by CHORD
# COLUMN#1 = X-coordinate, COLUMN#2 = Y-coordinate
#-------------------------------------------------------------------------------
0.0 0.0
0.0 0.026833842267098888
0.0 0.05200391701576859
0.0 0.07561338212879846
0.0 0.09775899943384182
0.0 0.11853153127535196
0.0 0.1380161124980341
0.0 0.1562925993663627
0.0 0.17343589685018754
0.0 0.18951626561778714
0.0 0.20459960999455992
0.0 0.21874774806753303
0.0 0.23201866504269386
0.0 0.244466750893513
0.0 0.25614302327464483
0.0 0.267095336614403
0.0 0.27736857824296274
0.0 0.28700485236010753
0.0 0.29604365259650123
0.0 0.304522023875715
0.0 0.31247471424039064
0.0 0.3199343172647901
0.0 0.326931405637399
0.0 0.3334946564610632
0.0 0.33965096878419415
0.0 0.3454255738447357
0.0 0.35084213847871987
0.0 0.3559228621172255
0.0 0.3606885677692751
0.0 0.3651587873635566
0.0 0.3693518417987386
0.0 0.3732849160304588
0.0 0.37697412950272563
0.0 0.3804346022123908
0.0 0.3836805166774541
0.0 0.38672517606317325
0.0 0.38958105870420495
0.0 0.392259869246232
0.0 0.3947725866166779
0.0 0.3971295090211131
0.0 0.39934029614976757
0.0 0.4014140087671313
0.0 0.40335914584689647
0.0 0.40518367940443795
0.0 0.40689508716958994
0.0 0.40850038323362564
0.0 0.41000614679604563
0.0 0.41141854912899084
0.0 0.4127433788697923
0.0 0.41398606574531727
0.011327711636175464 0.41398606574531727
0.023118193424839895 0.41398606574531727
0.03539035088026776 0.41398606574531727
0.04816386186228788 0.41398606574531727
0.06145920812885852 0.41398606574531727
0.07529770817765691 0.41398606574531727
0.08970155142934455 0.41398606574531727
0.10469383380731823 0.41398606574531727
0.12029859477099808 0.41398606574531727
0.13654085586203413 0.41398606574531727
0.15344666082523772 0.41398606574531727
0.1710431173685703 0.41398606574531727
0.18935844062915042 0.41398606574531727
0.20842199841497352 0.41398606574531727
0.228264358294889 0.41398606574531727
0.24891733661234 0.41398606574531727
0.2704140495014582 0.41398606574531727
0.2927889659873152 0.41398606574531727
0.3160779632554743 0.41398606574531727
0.34031838417946547 0.41398606574531727
0.3655490971984256 0.41398606574531727
0.3918105586409157 0.41398606574531727
0.4191448775948482 0.41398606574531727
0.44759588342754075 0.41398606574531727
0.4760468892602333 0.41398606574531727
0.5033812082141658 0.41398606574531727
0.5296426696566559 0.41398606574531727
0.554873382675616 0.41398606574531727
0.5791138035996072 0.41398606574531727
0.6024028008677663 0.41398606574531727
0.6247777173536233 0.41398606574531727
0.6462744302427414 0.41398606574531727
0.6669274085601925 0.41398606574531727
0.686769768440108 0.41398606574531727
0.7058333262259311 0.41398606574531727
0.7241486494865113 0.41398606574531727
0.7417451060298438 0.41398606574531727
0.7586509109930474 0.41398606574531727
0.7748931720840835 0.41398606574531727
0.7904979330477633 0.41398606574531727
0.805490215425737 0.41398606574531727
0.8198940586774246 0.41398606574531727
0.833732558726223 0.41398606574531727
0.8470279049927936 0.41398606574531727
0.8598014159748137 0.41398606574531727
0.8720735734302416 0.41398606574531727
0.8838640552189061 0.41398606574531727
0.8951917668550815 0.41398606574531727
0.8951917668550815 0.4205222886534432
0.8951917668550815 0.42741218697701344
0.8951917668550815 0.43467489811407095
0.8951917668550815 0.4423305949884198
0.8951917668550815 0.4504005420819871
0.8951917668550815 0.4589071544990982
0.8951917668550815 0.4678740602267243
0.8951917668550815 0.4773261657636356
0.8951917668550815 0.48728972530075176
0.8951917668550815 0.4977924136448449
0.8951917668550815 0.5088634030881496
0.8951917668550815 0.520533444437391
0.8951917668550815 0.5328349524272995
0.8951917668550815 0.5458020957558551
0.8951917668550815 0.5594708919913444
0.8951917668550815 0.5738793076148445
0.8951917668550815 0.5890673634760116
0.8951917668550815 0.6050772459550886
0.8951917668550815 0.6219534241398955
0.8951917668550815 0.639742773343274
0.8951917668550815 0.6584947053040684
0.8951917668550815 0.6782613054332897
0.8951917668550815 0.6990974774866773
0.8951917668550815 0.7210610960655024
0.8951917668550815 0.7430247146443275
0.8951917668550815 0.7638608866977151
0.8951917668550815 0.7836274868269364
0.8951917668550815 0.8023794187877308
0.8951917668550815 0.8201687679911093
0.8951917668550815 0.8370449461759161
0.8951917668550815 0.853054828654993
0.8951917668550815 0.8682428845161603
0.8951917668550815 0.8826513001396603
0.8951917668550815 0.8963200963751496
0.8951917668550815 0.9092872397037052
0.8951917668550815 0.9215887476936138
0.8951917668550815 0.9332587890428552
0.8951917668550815 0.9443297784861598
0.8951917668550815 0.9548324668302529
0.8951917668550815 0.964796026367369
0.8951917668550815 0.9742481319042804
0.8951917668550815 0.9832150376319065
0.8951917668550815 0.9917216500490176
0.8951917668550815 0.9997915971425848
0.8951917668550815 1.007447294016934
0.8951917668550815 1.0147100051539912
0.8951917668550815 1.0215999034775614
0.8951917668550815 1.0281361263856874
0.8958737246099792 1.0281361263856874
0.8966170924691805 1.0281361263856874
0.8974274003953313 1.0281361263856874
0.8983106763226606 1.0281361263856874
0.8992734909991817 1.0281361263856874
0.9003230068669215 1.0281361263856874
0.9014670313437991 1.0281361263856874
0.9027140749035254 1.0281361263856874
0.9040734143855783 1.0281361263856874
0.9055551620062257 1.0281361263856874
0.90717034058397 1.0281361263856874
0.9089309655390244 1.0281361263856874
0.9108501342768177 1.0281361263856874
0.9129421236204592 1.0281361263856874
0.9152224960169697 1.0281361263856874
0.9177082153073534 1.0281361263856874
0.9204177729217328 1.0281361263856874
0.9233713254383198 1.0281361263856874
0.9265908445295332 1.0281361263856874
0.9301002804107226 1.0281361263856874
0.9339257400074036 1.0281361263856874
0.9380956811664022 1.0281361263856874
0.942641124355659 1.0281361263856874
0.9475958834275408 1.0281361263856874
0.9525506424994225 1.0281361263856874
0.9570960856886793 1.0281361263856874
0.9612660268476779 1.0281361263856874
0.9650914864443589 1.0281361263856874
0.9686009223255483 1.0281361263856874
0.9718204414167617 1.0281361263856874
0.9747739939333487 1.0281361263856874
0.9774835515477281 1.0281361263856874
0.9799692708381118 1.0281361263856874
0.9822496432346223 1.0281361263856874
0.9843416325782638 1.0281361263856874
0.9862608013160571 1.0281361263856874
0.9880214262711116 1.0281361263856874
0.9896366048488558 1.0281361263856874
0.9911183524695032 1.0281361263856874
0.9924776919515561 1.0281361263856874
0.9937247355112824 1.0281361263856874
0.99486875998816 1.0281361263856874
0.9959182758558998 1.0281361263856874
0.9968810905324209 1.0281361263856874
0.9977643664597502 1.0281361263856874
0.998574674385901 1.0281361263856874
0.9993180422451023 1.0281361263856874
1.0 0.0
1.0 0.04322936098136388
1.0 0.08496591801899192
1.0 0.12526122088285171
1.0 0.1641650392171315
1.0 0.20172542401185858
1.0 0.23798876695176918
1.0 0.27299985771573204
1.0 0.3068019392974989
1.0 0.3394367614161084
1.0 0.37094463208191303
1.0 0.40136446738191833
1.0 0.43073383954592637
1.0 0.4590890233528505
1.0 0.48646504093451914
1.0 0.5128957050323065
1.0 0.5384136607600177
1.0 0.5630504259246109
1.0 0.5868364299545563
1.0 0.6098010514839156
1.0 0.6319726546385595
1.0 0.6533786240693445
1.0 0.6740453987755177
1.0 0.6939985047601251
1.0 0.7132625865577584
1.0 0.731861437673579
1.0 0.7498180299712178
1.0 0.767154542045845
1.0 0.7838923866174576
1.0 0.8000522369782165
1.0 0.8156540525264987
1.0 0.8307171034192044
1.0 0.8452599943727656
1.0 0.8593006876422538
1.0 0.8728565252069695
1.0 0.8859442501899156
1.0 0.8985800275376075
1.0 0.9107794639857674
1.0 0.9225576273355575
1.0 0.9339290650641636
1.0 0.944907822292715
1.0 0.9555074591337324
1.0 0.9657410674395315
1.0 0.9756212869722665
1.0 0.9851603210155884
1.0 0.9943699514471973
1.0 1.003261553290908
1.0 1.0118461087661992
1.0 1.0201342208526034
1.0 1.0281361263856874
