# CURVE 2D, normalized by CHORD
# COLUMN#1 = X-coordinate, COLUMN#2 = Y-coordinate
#-------------------------------------------------------------------------------
0.0 -0.17182202641681038
0.0 -0.17154136241340465
0.0 -0.17123706287932056
0.0 -0.17090713739789024
0.0 -0.17054942793367878
0.0 -0.17016159471682102
0.0 -0.16974110093863765
0.0 -0.1692851961584244
0.0 -0.16879089831287902
0.0 -0.16825497421048966
0.0 -0.16767391838329912
0.0 -0.16704393015771496
0.0 -0.1663608887943856
0.0 -0.16562032653453354
0.0 -0.1648173993764417
0.0 -0.1639468553909431
0.0 -0.1630030003686659
0.0 -0.161979660574333
0.0 -0.16087014236449312
0.0 -0.15966718840454408
0.0 -0.1583629301986639
0.0 -0.15694883662215012
0.0 -0.1554156581195176
0.0 -0.15375336620335633
0.0 -0.15195108785821212
0.0 -0.14999703442042803
0.0 -0.14787842446875024
0.0 -0.14558140022132834
0.0 -0.1430909368922641
0.0 -0.14039074441481197
0.0 -0.13746316088840502
0.0 -0.1342890370525455
0.0 -0.1308476110319063
0.0 -0.12711637253335373
0.0 -0.12307091560660709
0.0 -0.11868477900544609
0.0 -0.11392927310527193
0.0 -0.10877329224489353
0.0 -0.1031831112650708
0.0 -0.0971221649129778
0.0 -0.09055080866967521
0.0 -0.0834260594361698
0.0 -0.07570131438189405
0.0 -0.06732604611659974
0.0 -0.058245472191791756
0.0 -0.04840019676991782
0.0 -0.037725822117480365
0.0 -0.026152527380855134
0.0 -0.013604611889598488
0.0 0.0
0.010311443272326193 -0.17182202641681038
0.021068159777284212 -0.17182202641681038
0.03228937749746219 -0.17182202641681038
0.04399515472656346 -0.17182202641681038
0.0562064159242629 -0.17182202641681038
0.06894498911936275 -0.17182202641681038
0.0822336449281082 -0.17182202641681038
0.09609613725740862 -0.17182202641681038
0.11055724576572329 -0.17182202641681038
0.1256428201575111 -0.17182202641681038
0.14137982639042318 -0.17182202641681038
0.1577963948778338 -0.17182202641681038
0.1749218707728747 -0.17182202641681038
0.19278686642385592 -0.17182202641681038
0.21142331609483986 -0.17182202641681038
0.23086453304918272 -0.17182202641681038
0.2511452690980823 -0.17182202641681038
0.2723017767205776 -0.17182202641681038
0.2943718738660401 -0.17182202641681038
0.31739501155499594 -0.17182202641681038
0.34141234439911516 -0.17182202641681038
0.3664668041664264 -0.17182202641681038
0.39260317652325605 -0.17182202641681038
0.4198681810900722 -0.17182202641681038
0.4471331856568883 -0.17182202641681038
0.47326955801371795 -0.17182202641681038
0.4983240177810292 -0.17182202641681038
0.5223413506251484 -0.17182202641681038
0.5453644883141042 -0.17182202641681038
0.5674345854595668 -0.17182202641681038
0.588591093082062 -0.17182202641681038
0.6088718291309616 -0.17182202641681038
0.6283130460853045 -0.17182202641681038
0.6469494957562885 -0.17182202641681038
0.6648144914072697 -0.17182202641681038
0.6819399673023105 -0.17182202641681038
0.6983565357897212 -0.17182202641681038
0.7140935420226333 -0.17182202641681038
0.729179116414421 -0.17182202641681038
0.7436402249227357 -0.17182202641681038
0.7575027172520361 -0.17182202641681038
0.7707913730607816 -0.17182202641681038
0.7835299462558815 -0.17182202641681038
0.7957412074535809 -0.17182202641681038
0.8074469846826822 -0.17182202641681038
0.8186682024028602 -0.17182202641681038
0.8294249189078182 -0.17182202641681038
0.8397363621801444 -0.8724017010570164
0.8397363621801444 -0.8644920310591755
0.8397363621801444 -0.856189806093584
0.8397363621801444 -0.8474755437541808
0.8397363621801444 -0.838328794727906
0.8397363621801444 -0.8287280948073446
0.8397363621801444 -0.8186509145217704
0.8397363621801444 -0.8080736062683924
0.8397363621801444 -0.7969713488197347
0.8397363621801444 -0.7853180890769351
0.8397363621801444 -0.7730864809322712
0.8397363621801444 -0.760247821097451
0.8397363621801444 -0.7467719817470766
0.8397363621801444 -0.7326273398192188
0.8397363621801444 -0.7177807028071981
0.8397363621801444 -0.7021972308684296
0.8397363621801444 -0.6858403550675484
0.8397363621801444 -0.6686716915619628
0.8397363621801444 -0.6506509515284569
0.8397363621801444 -0.6317358466194724
0.8397363621801444 -0.61188198972721
0.8397363621801444 -0.5910427908226772
0.8397363621801444 -0.5691693476252533
0.8397363621801444 -0.5462103308462131
0.8397363621801444 -0.5221118637369134
0.8397363621801444 -0.4980133966276138
0.8397363621801444 -0.4750543798485735
0.8397363621801444 -0.4531809366511497
0.8397363621801444 -0.4323417377466169
0.8397363621801444 -0.4124878808543545
0.8397363621801444 -0.39357277594537
0.8397363621801444 -0.37555203591186404
0.8397363621801444 -0.3583833724062785
0.8397363621801444 -0.3420264966053973
0.8397363621801444 -0.3264430246666287
0.8397363621801444 -0.31159638765460806
0.8397363621801444 -0.29745174572675015
0.8397363621801444 -0.2839759063763757
0.8397363621801444 -0.27113724654155563
0.8397363621801444 -0.25890563839689174
0.8397363621801444 -0.24725237865409205
0.8397363621801444 -0.23615012120543438
0.8397363621801444 -0.22557281295205633
0.8397363621801444 -0.21549563266648236
0.8397363621801444 -0.2058949327459208
0.8397363621801444 -0.19674818371964597
0.8397363621801444 -0.18803392138024289
0.8397363621801444 -0.1797316964146513
0.8397363621801444 -0.17182202641681038
0.8408527819735876 -0.8724017010570164
0.8420643117084337 -0.8724017010570164
0.8433790539828334 -0.8724017010570164
0.8448058016707994 -0.8724017010570164
0.8463540967281297 -0.8724017010570164
0.8480342940081204 -0.8724017010570164
0.8498576305138609 -0.8724017010570164
0.8518363005502656 -0.8724017010570164
0.8539835372784501 -0.8724017010570164
0.8563137012178821 -0.8724017010570164
0.8588423762881988 -0.8724017010570164
0.8615864740330127 -0.8724017010570164
0.8645643467227406 -0.8724017010570164
0.8677959100928819 -0.8724017010570164
0.871302776538604 -0.8724017010570164
0.8751083996564305 -0.8724017010570164
0.8792382310997131 -0.8724017010570164
0.8837198907969209 -0.8724017010570164
0.8885833516711528 -0.8724017010570164
0.8938611400962578 -0.8724017010570164
0.8995885534301984 -0.8724017010570164
0.9058038960804955 -0.8724017010570164
0.912548735680543 -0.8724017010570164
0.9198681810900722 -0.8724017010570164
0.9271876264996014 -0.8724017010570164
0.9339324660996489 -0.8724017010570164
0.940147808749946 -0.8724017010570164
0.9458752220838865 -0.8724017010570164
0.9511530105089916 -0.8724017010570164
0.9560164713832234 -0.8724017010570164
0.9604981310804312 -0.8724017010570164
0.9646279625237139 -0.8724017010570164
0.9684335856415404 -0.8724017010570164
0.9719404520872624 -0.8724017010570164
0.9751720154574037 -0.8724017010570164
0.9781498881471317 -0.8724017010570164
0.9808939858919455 -0.8724017010570164
0.9834226609622623 -0.8724017010570164
0.9857528249016942 -0.8724017010570164
0.9879000616298788 -0.8724017010570164
0.9898787316662835 -0.8724017010570164
0.991702068172024 -0.8724017010570164
0.9933822654520147 -0.8724017010570164
0.9949305605093449 -0.8724017010570164
0.9963573081973109 -0.8724017010570164
0.9976720504717107 -0.8724017010570164
0.9988835802065568 -0.8724017010570164
1.0 -0.8724017010570164
1.0 -0.8667361934066875
1.0 -0.860833897812938
1.0 -0.854684917805123
1.0 -0.8482789432930115
1.0 -0.8416052332796974
1.0 -0.8346525978520037
1.0 -0.8274093794181817
1.0 -0.8198634331614448
1.0 -0.8120021066765669
1.0 -0.8038122187553977
1.0 -0.795280037285726
1.0 -0.7863912562264345
1.0 -0.7771309716203385
1.0 -0.7674836566044893
1.0 -0.757433135376042
1.0 -0.7469625560700366
1.0 -0.7360543625036131
1.0 -0.7246902647392882
1.0 -0.712851208417933
1.0 -0.7005173428100328
1.0 -0.6876679875316611
1.0 -0.6742815978693594
1.0 -0.6603357286557805
1.0 -0.6458069966355289
1.0 -0.6306710412580934
1.0 -0.6149024838321333
1.0 -0.5984748849726337
1.0 -0.5813607002695771
1.0 -0.5635312341038042
1.0 -0.5449565915326241
1.0 -0.5256056281644986
1.0 -0.5054458979387589
1.0 -0.48444359872279125
1.0 -0.4625635156354763
1.0 -0.4397689620018519
1.0 -0.41602171783999503
1.0 -0.39128196577698543
1.0 -0.3655082242864979
1.0 -0.3386572781360832
1.0 -0.3106841059275174
1.0 -0.28154180460872397
1.0 -0.25118151083069884
1.0 -0.21955231901757416
1.0 -0.1866011960124493
1.0 -0.1522728921558733
1.0 -0.11650984864788337
1.0 -0.07925210103827127
1.0 -0.040437178683258974
1.0 0.0
