# CURVE 2D, normalized by CHORD
# COLUMN#1 = X-coordinate, COLUMN#2 = Y-coordinate
#-------------------------------------------------------------------------------
0.0 -0.9847743649025957
0.0 -0.9774629506524802
0.0 -0.9698784379001714
0.0 -0.9620106257749006
0.0 -0.9538489323794066
0.0 -0.9453823805577011
0.0 -0.9365995831312256
0.0 -0.9274887275835458
0.0 -0.9180375601729823
0.0 -0.9082333694518103
0.0 -0.8980629691698645
0.0 -0.8875126805395511
0.0 -0.8765683138384183
0.0 -0.8652151493245382
0.0 -0.8534379174390349
0.0 -0.8412207782691281
0.0 -0.8285473002440761
0.0 -0.8154004380353597
0.0 -0.8017625096313872
0.0 -0.7876151725558862
0.0 -0.772939399197995
0.0 -0.7577154512208766
0.0 -0.7419228530144324
0.0 -0.725540364156415
0.0 -0.708545950844896
0.0 -0.6909167562636713
0.0 -0.672629069840744
0.0 -0.6536582953585393
0.0 -0.6339789178729609
0.0 -0.6135644693967973
0.0 -0.5923874933013216
0.0 -0.5704195073882076
0.0 -0.5476309655820961
0.0 -0.5239912181922873
0.0 -0.4994684706901149
0.0 -0.474029740946558
0.0 -0.447640814872577
0.0 -0.4202662004025126
0.0 -0.3918690797586556
0.0 -0.3624112599327871
0.0 -0.3318531213180876
0.0 -0.3001535644223266
0.0 -0.2672699545906659
0.0 -0.23315806466372826
0.0 -0.19777201549381135
0.0 -0.1610642142392419
0.0 -0.12298529035387909
0.0 -0.08348402918567568
0.0 -0.042507303094989075
0.0 0.0
0.006419522084503859 -0.9847743649025957
0.01318906883941151 -0.9847743649025957
0.020327725372349115 -0.9847743649025957
0.02785561740711623 -0.9847743649025957
0.03579396802331958 -0.9847743649025957
0.04416515748973798 -0.9847743649025957
0.05299278636010257 -0.9847743649025957
0.0623017420091779 -0.9847743649025957
0.07211826879672414 -0.9847743649025957
0.08247004205715272 -0.9847743649025957
0.09338624612346988 -0.9847743649025957
0.104897656605479 -0.9847743649025957
0.11703672715420471 -0.9847743649025957
0.12983768095714998 -0.9847743649025957
0.143336607222336 -0.9847743649025957
0.1575715629231372 -0.9847743649025957
0.17258268009075742 -0.9847743649025957
0.18841227895683182 -0.9847743649025957
0.2051049872651335 -0.9847743649025957
0.22270786608875498 -0.9847743649025957
0.2412705425074761 -0.9847743649025957
0.26084534951937005 -0.9847743649025957
0.2814874735810947 -0.9847743649025957
0.3032551101928238 -0.9847743649025957
0.3250227468045529 -0.9847743649025957
0.34566487086627756 -0.9847743649025957
0.3652396778781715 -0.9847743649025957
0.38380235429689263 -0.9847743649025957
0.4014052331205141 -0.9847743649025957
0.4180979414288158 -0.9847743649025957
0.4339275402948902 -0.9847743649025957
0.4489386574625104 -0.9847743649025957
0.4631736131633116 -0.9847743649025957
0.47667253942849763 -0.9847743649025957
0.4894734932314429 -0.9847743649025957
0.5016125637801686 -0.9847743649025957
0.5131239742621777 -0.9847743649025957
0.5240401783284949 -0.9847743649025957
0.5343919515889235 -0.9847743649025957
0.5442084783764697 -0.9847743649025957
0.5535174340255451 -0.9847743649025957
0.5623450628959097 -0.9847743649025957
0.570716252362328 -0.9847743649025957
0.5786546029785313 -0.9847743649025957
0.5861824950132986 -0.9847743649025957
0.5933211515462361 -0.9847743649025957
0.6000906983011438 -0.9847743649025957
0.6065102203856476 -1.1642251120680096
0.6065102203856476 -1.1629464208171463
0.6065102203856476 -1.1615608656159278
0.6065102203856476 -1.160059515532921
0.6065102203856476 -1.1584326932527536
0.6065102203856476 -1.1566699126986342
0.6065102203856476 -1.154759811441808
0.6065102203856476 -1.1526900774622704
0.6065102203856476 -1.150447369788662
0.6065102203856476 -1.1480172325058091
0.6065102203856476 -1.1453840015756231
0.6065102203856476 -1.1425307038707506
0.6065102203856476 -1.139438947770174
0.6065102203856476 -1.1360888046115651
0.6065102203856476 -1.1324586802362688
0.6065102203856476 -1.1285251757989265
0.6065102203856476 -1.124262936944554
0.6065102203856476 -1.1196444903809104
0.6065102203856476 -1.114640066792741
0.6065102203856476 -1.1092174089564517
0.6065102203856476 -1.1033415638183655
0.6065102203856476 -1.0969746571963543
0.6065102203856476 -1.0900756496526303
0.6065102203856476 -1.0826000719641158
0.6065102203856476 -1.0744997384853026
0.6065102203856476 -1.0663994050064893
0.6065102203856476 -1.058923827317975
0.6065102203856476 -1.052024819774251
0.6065102203856476 -1.0456579131522397
0.6065102203856476 -1.0397820680141534
0.6065102203856476 -1.0343594101778641
0.6065102203856476 -1.029354986589695
0.6065102203856476 -1.024736540026051
0.6065102203856476 -1.0204743011716788
0.6065102203856476 -1.0165407967343365
0.6065102203856476 -1.0129106723590402
0.6065102203856476 -1.0095605292004313
0.6065102203856476 -1.0064687730998545
0.6065102203856476 -1.0036154753949822
0.6065102203856476 -1.0009822444647962
0.6065102203856476 -0.9985521071819433
0.6065102203856476 -0.996309399508335
0.6065102203856476 -0.9942396655287972
0.6065102203856476 -0.992329564271971
0.6065102203856476 -0.9905667837178519
0.6065102203856476 -0.9889399614376844
0.6065102203856476 -0.9874386113546776
0.6065102203856476 -0.9860530561534591
0.6065102203856476 -0.9847743649025957
0.6100106575488924 -1.1642251120680096
0.6137472685820895 -1.1642251120680096
0.6177359880940452 -1.1642251120680096
0.6219938257987752 -1.1642251120680096
0.6265389390526602 -1.1642251120680096
0.6313907102856722 -1.1642251120680096
0.6365698296568694 -1.1642251120680096
0.6420983832866454 -1.1642251120680096
0.6479999474419901 -1.1642251120680096
0.6542996890764148 -1.1642251120680096
0.6610244731532875 -1.1642251120680096
0.668202977210254 -1.1642251120680096
0.6758658136533017 -1.1642251120680096
0.6840456603019796 -1.1642251120680096
0.6927773997424831 -1.1642251120680096
0.7020982680828656 -1.1642251120680096
0.7120480137447374 -1.1642251120680096
0.7226690669686124 -1.1642251120680096
0.7340067207557514 -1.1642251120680096
0.7461093240181164 -1.1642251120680096
0.7590284877601213 -1.1642251120680096
0.7728193051714259 -1.1642251120680096
0.7875405865693521 -1.1642251120680096
0.8032551101928238 -1.1642251120680096
0.8189696338162955 -1.1642251120680096
0.8336909152142217 -1.1642251120680096
0.8474817326255263 -1.1642251120680096
0.8604008963675313 -1.1642251120680096
0.8725034996298963 -1.1642251120680096
0.8838411534170352 -1.1642251120680096
0.8944622066409103 -1.1642251120680096
0.904411952302782 -1.1642251120680096
0.9137328206431645 -1.1642251120680096
0.9224645600836681 -1.1642251120680096
0.9306444067323459 -1.1642251120680096
0.9383072431753936 -1.1642251120680096
0.9454857472323601 -1.1642251120680096
0.9522105313092328 -1.1642251120680096
0.9585102729436575 -1.1642251120680096
0.9644118370990022 -1.1642251120680096
0.9699403907287782 -1.1642251120680096
0.9751195100999754 -1.1642251120680096
0.9799712813329874 -1.1642251120680096
0.9845163945868725 -1.1642251120680096
0.9887742322916024 -1.1642251120680096
0.9927629518035581 -1.1642251120680096
0.9964995628367552 -1.1642251120680096
1.0 -1.1642251120680096
1.0 -1.1538699220635318
1.0 -1.14319147982862
1.0 -1.1321796945774525
1.0 -1.1208241605257356
1.0 -1.1091141470575718
1.0 -1.0970385885853708
1.0 -1.0845860740932236
1.0 -1.0717448363538589
1.0 -1.058502740808989
1.0 -1.0448472741025427
1.0 -1.0307655322559428
1.0 -1.0162442084742613
1.0 -1.0012695805717235
1.0 -0.9858274980046821
1.0 -0.9699033684998075
1.0 -0.9534821442648562
1.0 -0.9365483077689897
1.0 -0.9190858570792045
1.0 -0.9010782907390186
1.0 -0.8825085921751232
1.0 -0.8633592136172666
1.0 -0.843612059516173
1.0 -0.8232484694438283
1.0 -0.8022492004599736
1.0 -0.7805944089281427
1.0 -0.758263631764062
1.0 -0.7352357670986908
1.0 -0.7114890543376311
1.0 -0.6870010535980635
1.0 -0.6617486245037764
1.0 -0.6357079043182517
1.0 -0.6088542853951439
1.0 -0.5811623919248415
1.0 -0.5526060559551412
1.0 -0.5231582926633703
1.0 -0.4927912748565942
1.0 -0.46147630667581035
1.0 -0.4291837964792811
1.0 -0.3958832288793801
1.0 -0.36154313590652815
1.0 -0.3261310672729708
1.0 -0.2896135597082954
1.0 -0.2519561053377128
1.0 -0.2131231190732211
1.0 -0.17307790498683756
1.0 -0.1317826216341221
1.0 -0.08919824629522473
1.0 -0.045284538099665275
1.0 0.0
