# CURVE 2D, normalized by CHORD
# COLUMN#1 = X-coordinate, COLUMN#2 = Y-coordinate
#-------------------------------------------------------------------------------
0.0 0.0
0.0 0.037704251529201246
0.0 0.07370378138337891
0.0 0.10807566511426599
0.0 0.14089349345800245
0.0 0.17222752989404264
0.0 0.20214486108035445
0.0 0.23070954048699452
0.0 0.2579827255355808
0.0 0.28402280853828116
0.0 0.308885541716659
0.0 0.33262415656804434
0.0 0.35528947783499515
0.0 0.3769300323218596
0.0 0.3975921527914166
0.0 0.4173200771640394
0.0 0.43615604323176943
0.0 0.454140379090084
0.0 0.47131158948097396
0.0 0.4877064382321939
0.0 0.5033600269691872
0.0 0.5183058702682107
0.0 0.5325759674115622
0.0 0.5462008708985397
0.0 0.5592097518588173
0.0 0.5716304625082846
0.0 0.583489595781075
0.0 0.594812542265448
0.0 0.6056235445654339
0.0 0.6159457492046243
0.0 0.6258012561832385
0.0 0.6352111662945662
0.0 0.6441956263020939
0.0 0.6527738720740371
0.0 0.6609642697676334
0.0 0.6687843551513694
0.0 0.6762508711493328
0.0 0.6833798036880732
0.0 0.6901864159227186
0.0 0.6966852809156265
0.0 0.7028903128375377
0.0 0.7088147967580305
0.0 0.7144714170890611
0.0 0.7198722847424868
0.0 0.7250289630597151
0.0 0.7299524925689981
0.0 0.7346534146233741
0.0 0.7391417939698677
0.0 0.74342724029827
0.0 0.7475189288156329
0.0007242519102271805 0.7475189288156329
0.0015133517951856842 0.7475189288156329
0.002373106004527309 0.7475189288156329
0.003309840776094926 0.7475189288156329
0.004330448785604742 0.7475189288156329
0.005442439864287989 0.7475189288156329
0.006653996257682371 0.7475189288156329
0.007974032832178075 0.7475189288156329
0.009412262672329752 0.7475189288156329
0.010979268551612263 0.7475189288156329
0.012686580802515779 0.7475189288156329
0.014546762158963451 0.7475189288156329
0.016573500195338653 0.7475189288156329
0.018781708042305938 0.7475189288156329
0.021187634120512305 0.7475189288156329
0.02380898169961059 0.7475189288156329
0.026665039162343248 0.7475189288156329
0.029776821932195097 0.7475189288156329
0.033167227108946006 0.7475189288156329
0.036861201949961855 0.7475189288156329
0.04088592743694178 0.7475189288156329
0.045271018278841293 0.7475189288156329
0.050048740822631485 0.7475189288156329
0.05525425047532391 0.7475189288156329
0.060459760128016335 0.7475189288156329
0.06523748267180653 0.7475189288156329
0.06962257351370604 0.7475189288156329
0.07364729900068596 0.7475189288156329
0.07734127384170181 0.7475189288156329
0.08073167901845273 0.7475189288156329
0.08384346178830457 0.7475189288156329
0.08669951925103722 0.7475189288156329
0.08932086683013551 0.7475189288156329
0.09172679290834188 0.7475189288156329
0.09393500075530917 0.7475189288156329
0.09596173879168438 0.7475189288156329
0.09782192014813204 0.7475189288156329
0.09952923239903555 0.7475189288156329
0.10109623827831807 0.7475189288156329
0.10253446811846975 0.7475189288156329
0.10385450469296545 0.7475189288156329
0.10506606108635982 0.7475189288156329
0.10617805216504309 0.7475189288156329
0.1071986601745529 0.7475189288156329
0.10813539494612051 0.7475189288156329
0.10899514915546213 0.7475189288156329
0.10978424904042064 0.7475189288156329
0.11050850095064779 0.8909697716062097
0.11050850095064782 0.7475189288156329
0.11050850095064782 0.7484982098076798
0.11050850095064782 0.7495623321194504
0.11050850095064782 0.7507186460922576
0.11050850095064782 0.7519751388740733
0.11050850095064782 0.753340489590127
0.11050850095064782 0.7548241292932811
0.11050850095064782 0.7564363061082884
0.11050850095064782 0.7581881560199084
0.11050850095064782 0.7600917797938489
0.11050850095064782 0.762160326561854
0.11050850095064782 0.764408084648299
0.11050850095064782 0.76685058026567
0.11050850095064782 0.7695046847606567
0.11050850095064782 0.7723887311516553
0.11050850095064782 0.7755226407626534
0.11050850095064782 0.7789280608282111
0.11050850095064782 0.7826285140200343
0.11050850095064782 0.7866495609279822
0.11050850095064782 0.7910189766178347
0.11050850095064782 0.7957669424853786
0.11050850095064782 0.8009262547320289
0.11050850095064782 0.8065325509020148
0.11050850095064782 0.8126245560459185
0.11050850095064782 0.8192443502109212
0.11050850095064782 0.8258641443759239
0.11050850095064782 0.8319561495198277
0.11050850095064782 0.8375624456898136
0.11050850095064782 0.8427217579364639
0.11050850095064782 0.8474697238040078
0.11050850095064782 0.8518391394938604
0.11050850095064782 0.8558601864018082
0.11050850095064782 0.8595606395936314
0.11050850095064782 0.8629660596591892
0.11050850095064782 0.8660999692701872
0.11050850095064782 0.8689840156611858
0.11050850095064782 0.8716381201561726
0.11050850095064782 0.8740806157735436
0.11050850095064782 0.8763283738599886
0.11050850095064782 0.8783969206279936
0.11050850095064782 0.8803005444019342
0.11050850095064782 0.8820523943135542
0.11050850095064782 0.8836645711285613
0.11050850095064782 0.8851482108317155
0.11050850095064782 0.8865135615477693
0.11050850095064782 0.887770054329585
0.11050850095064782 0.8889263683023921
0.11050850095064782 0.8899904906141629
0.11050850095064782 0.8909697716062097
0.12173030862830547 0.8909697716062097
0.13341318068595043 0.8909697716062097
0.14557606062792694 0.8909697716062097
0.15823867028015964 0.8909697716062097
0.17142154176863383 0.8909697716062097
0.18514605081175856 0.8909697716062097
0.19943445138059496 0.8909697716062097
0.214309911783151 0.8909697716062097
0.22979655223125223 0.8909697716062097
0.24591948395090185 0.8909697716062097
0.2627048498995481 0.8909697716062097
0.28017986715627907 0.8909697716062097
0.29837287105368127 0.8909697716062097
0.3173133611229203 0.8909697716062097
0.3370320489265418 0.8909697716062097
0.35756090785655315 0.8909697716062097
0.3789332249785326 0.8909697716062097
0.40118365500582903 0.8909697716062097
0.42434827649137064 0.8909697716062097
0.4484646503281965 0.8909697716062097
0.47357188065356787 0.8909697716062097
0.49971067825541393 0.8909697716062097
0.5269234265839243 0.8909697716062097
0.555254250475324 0.8909697716062097
0.5835850743667236 0.8909697716062097
0.610797822695234 0.8909697716062097
0.63693662029708 0.8909697716062097
0.6620438506224513 0.8909697716062097
0.6861602244592773 0.8909697716062097
0.7093248459448188 0.8909697716062097
0.7315752759721152 0.8909697716062097
0.7529475930940948 0.8909697716062097
0.7734764520241061 0.8909697716062097
0.7931951398277275 0.8909697716062097
0.8121356298969666 0.8909697716062097
0.8303286337943687 0.8909697716062097
0.8478036510510998 0.8909697716062097
0.8645890169997459 0.8909697716062097
0.8807119487193955 0.8909697716062097
0.8961985891674968 0.8909697716062097
0.9110740495700529 0.8909697716062097
0.9253624501388893 0.8909697716062097
0.939086959182014 0.8909697716062097
0.9522698306704882 0.8909697716062097
0.9649324403227209 0.8909697716062097
0.9770953202646974 0.8909697716062097
0.9887781923223423 0.8909697716062097
1.0 0.0
1.0 0.040801590374072036
1.0 0.07999523143095215
1.0 0.11764429082329701
1.0 0.153809638948806
1.0 0.1885497473645078
1.0 0.22192078332263962
1.0 0.2539767005809631
1.0 0.2847693266343381
1.0 0.31434844650858806
1.0 0.34276188325213447
1.0 0.37005557525553734
1.0 0.3962736505239513
1.0 0.4214584980225792
1.0 0.44565083621047363
1.0 0.46888977887349126
1.0 0.4912128983628367
1.0 0.5126562863414396
1.0 0.5332546121363785
1.0 0.5530411787916955
1.0 0.572047976912225
1.0 0.5903057363854932
1.0 0.6078439760653087
1.0 0.6246910514973741
1.0 0.640874200764079
1.0 0.6564195885225965
1.0 0.671352348307483
1.0 0.6856966231661753
1.0 0.6994756046930836
1.0 0.7127115705253911
1.0 0.7254259203611821
1.0 0.7376392105581314
1.0 0.7493711873686955
1.0 0.7606408188655375
1.0 0.7714663256088046
1.0 0.7818652101048381
1.0 0.7918542851039463
1.0 0.8014497007829903
1.0 0.8106669708567322
1.0 0.8195209976601613
1.0 0.8280260962423507
1.0 0.8361960175108007
1.0 0.8440439704636857
1.0 0.8515826435459516
1.0 0.8588242251637911
1.0 0.8657804233906637
1.0 0.8724624848967222
1.0 0.8788812131322489
1.0 0.8850469857945019
1.0 0.8909697716062097
