# CURVE 2D, normalized by CHORD
# COLUMN#1 = X-coordinate, COLUMN#2 = Y-coordinate
#-------------------------------------------------------------------------------
0.0 -0.5418886001274047
0.0 -0.5397821410311809
0.0 -0.5375531600128166
0.0 -0.5351945306004843
0.0 -0.53269871181204
0.0 -0.5300577240450844
0.0 -0.5272631235646719
0.0 -0.5243059755071007
0.0 -0.5211768253134721
0.0 -0.5178656685016865
0.0 -0.5143619186802308
0.0 -0.5106543737014925
0.0 -0.5067311798463853
0.0 -0.5025797939257786
0.0 -0.4981869431775604
0.0 -0.49353858283111984
0.0 -0.4886198512035712
0.0 -0.4834150221841571
0.0 -0.4779074549549128
0.0 -0.4720795407868387
0.0 -0.46591264674148025
0.0 -0.4593870560979163
0.0 -0.4524819053146919
0.0 -0.4451751173251492
0.0 -0.4374433309528907
0.0 -0.42926182622170106
0.0 -0.4206044453211311
0.0 -0.4114435089750544
0.0 -0.4017497279458121
0.0 -0.39149210939100787
0.0 -0.38063785777355735
0.0 -0.36915227000818385
0.0 -0.3569986245091234
0.0 -0.34413806378430367
0.0 -0.33052947020062856
0.0 -0.3161293345231666
0.0 -0.30089161680793797
0.0 -0.2847675992035485
0.0 -0.2677057301910498
0.0 -0.2496514597640309
0.0 -0.23054706502198058
0.0 -0.21033146561931096
0.0 -0.18894002847999664
0.0 -0.16630436115346622
0.0 -0.14235209315106595
0.0 -0.11700664456398659
0.0 -0.09018698122288214
0.0 -0.061807355616379206
0.0 -0.031777032740144685
0.0 0.0
0.005665283697375845 -0.5418886001274047
0.01165553179826817 -0.5418886001274047
0.01798938447485443 -0.5418886001274047
0.024686551111862742 -0.5418886001274047
0.031767871637308126 -0.5418886001274047
0.03925538137119977 -0.5418886001274047
0.047172379594012964 -0.5418886001274047
0.055543502048293975 -0.5418886001274047
0.06439479759900418 -0.5418886001274047
0.07375380929115269 -0.5418886001274047
0.08364966005694752 -0.5418886001274047
0.09411314333916593 -0.5418886001274047
0.10517681891274053 -0.5418886001274047
0.11687511420273503 -0.5418886001274047
0.12924443141398542 -0.5418886001274047
0.14232326080576832 -0.5418886001274047
0.15615230046397857 -0.5418886001274047
0.17077458294351794 -0.5418886001274047
0.18623560917497467 -0.5418886001274047
0.20258349005227827 -0.5418886001274047
0.2198690961419155 -0.5418886001274047
0.23814621597956537 -0.5418886001274047
0.2574717234467337 -0.5418886001274047
0.27790575474822143 -0.5418886001274047
0.2983397860497092 -0.5418886001274047
0.3176652935168775 -0.5418886001274047
0.3359424133545274 -0.5418886001274047
0.3532280194441646 -0.5418886001274047
0.3695759003214682 -0.5418886001274047
0.38503692655292493 -0.5418886001274047
0.3996592090324643 -0.5418886001274047
0.4134882486906746 -0.5418886001274047
0.4265670780824574 -0.5418886001274047
0.43893639529370787 -0.5418886001274047
0.4506346905837023 -0.5418886001274047
0.46169836615727694 -0.5418886001274047
0.47216184943949535 -0.5418886001274047
0.48205770020529015 -0.5418886001274047
0.4914167118974387 -0.5418886001274047
0.5002680074481489 -0.5418886001274047
0.5086391299024299 -0.5418886001274047
0.5165561281252431 -0.5418886001274047
0.5240436378591348 -0.5418886001274047
0.5311249583845801 -0.5418886001274047
0.5378221250215884 -0.5418886001274047
0.5441559776981747 -0.5418886001274047
0.550146225799067 -0.5418886001274047
0.5558115094964429 -1.2906288566121664
0.5558115094964429 -1.2819133213754506
0.5558115094964429 -1.2727855744511718
0.5558115094964429 -1.2632261197933898
0.5558115094964429 -1.2532145392673
0.5558115094964429 -1.2427294490379337
0.5558115094964429 -1.2317484538962113
0.5558115094964429 -1.2202480994247917
0.5558115094964429 -1.2082038219015474
0.5558115094964429 -1.1955898958336655
0.5558115094964429 -1.1823793790103085
0.5558115094964429 -1.1685440549564792
0.5558115094964429 -1.1540543726651673
0.5558115094964429 -1.1388793834790598
0.5558115094964429 -1.122986674986993
0.5558115094964429 -1.1063423017939602
0.5558115094964429 -1.0889107130168025
0.5558115094964429 -1.0706546763507225
0.5558115094964429 -1.0515351985444312
0.5558115094964429 -1.0315114421140736
0.5558115094964429 -1.010540638118038
0.5558115094964429 -0.988577994806346
0.5558115094964429 -0.9655766019495059
0.5558115094964429 -0.941487330642484
0.5558115094964429 -0.9162587283697856
0.5558115094964429 -0.8910301260970871
0.5558115094964429 -0.8669408547900653
0.5558115094964429 -0.8439394619332252
0.5558115094964429 -0.8219768186215333
0.5558115094964429 -0.8010060146254976
0.5558115094964429 -0.78098225819514
0.5558115094964429 -0.7618627803888487
0.5558115094964429 -0.7436067437227686
0.5558115094964429 -0.7261751549456109
0.5558115094964429 -0.7095307817525781
0.5558115094964429 -0.6936380732605114
0.5558115094964429 -0.6784630840744038
0.5558115094964429 -0.663973401783092
0.5558115094964429 -0.6501380777292627
0.5558115094964429 -0.6369275609059057
0.5558115094964429 -0.6243136348380236
0.5558115094964429 -0.6122693573147795
0.5558115094964429 -0.6007690028433599
0.5558115094964429 -0.5897880077016374
0.5558115094964429 -0.579302917472271
0.5558115094964429 -0.5692913369461814
0.5558115094964429 -0.5597318822883994
0.5558115094964429 -0.5506041353641205
0.5558115094964429 -0.5418886001274047
0.559945621793154 -1.2906288566121664
0.5643448731173817 -1.2906288566121664
0.5690262680154148 -1.2906288566121664
0.5740079016108033 -1.2906288566121664
0.5793090295479338 -1.2906288566121664
0.5849501424213976 -1.2906288566121664
0.5909530449788454 -1.2906288566121664
0.5973409404034742 -1.2906288566121664
0.6041385200019245 -1.2906288566121664
0.6113720586442627 -1.2906288566121664
0.6190695163249539 -1.2906288566121664
0.6272606462373918 -1.2906288566121664
0.6359771097797298 -1.2906288566121664
0.645252598936548 -1.2906288566121664
0.6551229665094015 -1.2906288566121664
0.6656263646996331 -1.2906288566121664
0.6768033925791195 -1.2906288566121664
0.6886972530189721 -1.2906288566121664
0.7013539196827749 -1.2906288566121664
0.7148223147298421 -1.2906288566121664
0.7291544979153761 -1.2906288566121664
0.7444058678184614 -1.2906288566121664
0.7606353759757051 -1.2906288566121664
0.7779057547482214 -1.2906288566121664
0.7951761335207378 -1.2906288566121664
0.8114056416779815 -1.2906288566121664
0.8266570115810667 -1.2906288566121664
0.8409891947666007 -1.2906288566121664
0.8544575898136679 -1.2906288566121664
0.8671142564774708 -1.2906288566121664
0.8790081169173234 -1.2906288566121664
0.8901851447968098 -1.2906288566121664
0.9006885429870414 -1.2906288566121664
0.9105589105598949 -1.2906288566121664
0.9198343997167131 -1.2906288566121664
0.9285508632590511 -1.2906288566121664
0.936741993171489 -1.2906288566121664
0.9444394508521802 -1.2906288566121664
0.9516729894945184 -1.2906288566121664
0.9584705690929687 -1.2906288566121664
0.9648584645175975 -1.2906288566121664
0.9708613670750452 -1.2906288566121664
0.976502479948509 -1.2906288566121664
0.9818036078856396 -1.2906288566121664
0.9867852414810281 -1.2906288566121664
0.9914666363790612 -1.2906288566121664
0.9958658877032889 -1.2906288566121664
1.0 -1.2906288566121664
1.0 -1.2778581192572716
1.0 -1.2647360618145866
1.0 -1.251253019548188
1.0 -1.237399061847459
1.0 -1.2231639849129377
1.0 -1.208537304240953
1.0 -1.193508246901517
1.0 -1.178065743603781
1.0 -1.1621984205432156
1.0 -1.1458945910245095
1.0 -1.1291422468540138
1.0 -1.1119290494953962
1.0 -1.094242320981989
1.0 -1.076069034579137
1.0 -1.0573958051896697
1.0 -1.0382088794954298
1.0 -1.0184941258275966
1.0 -0.9982370237583463
1.0 -0.9774226534061793
1.0 -0.9560356844470402
1.0 -0.9340603648231363
1.0 -0.9114805091411379
1.0 -0.8882794867512165
1.0 -0.8644402094981394
1.0 -0.839945119135399
1.0 -0.8147761743931097
1.0 -0.7889148376901434
1.0 -0.7623420614807201
1.0 -0.7350382742253962
1.0 -0.7069833659761178
1.0 -0.6781566735647209
1.0 -0.6485369653839729
1.0 -0.6181024257499423
1.0 -0.5868306388341813
1.0 -0.5546985721538858
1.0 -0.5216825596078746
1.0 -0.4877582840458911
1.0 -0.4529007593583914
1.0 -0.41708431207362556
1.0 -0.3802825624484594
1.0 -0.34246840503900905
1.0 -0.30361398873677775
1.0 -0.2636906962555917
1.0 -0.2226691230542257
1.0 -0.18051905567919554
1.0 -0.13720944951176506
1.0 -0.09270840590277862
1.0 -0.0469831486784781
1.0 0.0
