# CURVE 2D, normalized by CHORD
# COLUMN#1 = X-coordinate, COLUMN#2 = Y-coordinate
#-------------------------------------------------------------------------------
0.0 -0.30446932113537994
0.0 -0.30376051694524614
0.0 -0.3029994374074083
0.0 -0.30218222713836906
0.0 -0.3013047464144482
0.0 -0.30036255020127794
0.0 -0.2993508656366921
0.0 -0.29826456785294553
0.0 -0.2970981540157869
0.0 -0.29584571544887495
0.0 -0.29450090770232984
0.0 -0.2930569184137958
0.0 -0.29150643279921046
0.0 -0.2898415965984679
0.0 -0.28805397628826973
0.0 -0.2861345163606156
0.0 -0.28407349345052046
0.0 -0.2818604670805828
0.0 -0.2794842267728936
0.0 -0.27693273526036977
0.0 -0.2741930675098416
0.0 -0.27125134524800304
0.0 -0.26809266665855414
0.0 -0.26470103089440583
0.0 -0.2610592570225486
0.0 -0.2571488969909866
0.0 -0.25295014217685535
0.0 -0.24844172304232673
0.0 -0.24360080138998935
0.0 -0.2384028546719056
0.0 -0.2328215517662922
0.0 -0.22682861959254863
0.0 -0.22039369988894886
0.0 -0.2134841954274774
0.0 -0.20606510488678473
0.0 -0.19809884554678087
0.0 -0.18954506290669548
0.0 -0.1803604262621909
0.0 -0.17049840920598783
0.0 -0.15990905394009022
0.0 -0.1485387182056917
0.0 -0.13632980354879157
0.0 -0.1232204635450018
0.0 -0.109144290505506
0.0 -0.09402997907712377
0.0 -0.07780096503238673
0.0 -0.06037503741985353
0.0 -0.04166392210994211
0.0 -0.021572834626656788
0.0 0.0
0.0026929045693126763 -0.30446932113537994
0.00558065400515767 -0.30446932113537994
0.008677346290228677 -0.30446932113537994
0.011998099465482026 -0.30446932113537994
0.01555912543636001 -0.30446932113537994
0.019377809119256656 -0.30446932113537994
0.023472793314619322 -0.30446932113537994
0.027864069721035334 -0.30446932113537994
0.03257307653463509 -0.30446932113537994
0.03762280311029077 -0.30446932113537994
0.04303790219556697 -0.30446932113537994
0.048844810285348386 -0.30446932113537994
0.055071876684715804 -0.30446932113537994
0.061749501910154894 -0.30446932113537994
0.06891028610477186 -0.30446932113537994
0.07658918819207856 -0.30446932113537994
0.08482369654533543 -0.30446932113537994
0.09365401200565926 -0.30446932113537994
0.10312324414238955 -0.30446932113537994
0.11327762171385598 -0.30446932113537994
0.1241667183560157 -0.30446932113537994
0.13584369460077142 -0.30446932113537994
0.14836555740550322 -0.30446932113537994
0.16179343846083594 -0.30446932113537994
0.17522131951616865 -0.30446932113537994
0.18774318232090045 -0.30446932113537994
0.19942015856565617 -0.30446932113537994
0.2103092552078159 -0.30446932113537994
0.22046363277928233 -0.30446932113537994
0.2299328649160126 -0.30446932113537994
0.23876318037633643 -0.30446932113537994
0.24699768872959332 -0.30446932113537994
0.25467659081690003 -0.30446932113537994
0.261837375011517 -0.30446932113537994
0.26851500023695607 -0.30446932113537994
0.2747420666363235 -0.30446932113537994
0.2805489747261049 -0.30446932113537994
0.2859640738113811 -0.30446932113537994
0.2910138003870368 -0.30446932113537994
0.29572280720063654 -0.30446932113537994
0.30011408360705255 -0.30446932113537994
0.3042090678024152 -0.30446932113537994
0.30802775148531186 -0.30446932113537994
0.31158877745618985 -0.30446932113537994
0.3149095306314432 -0.30446932113537994
0.3180062229165142 -0.30446932113537994
0.32089397235235917 -0.30446932113537994
0.3235868769216719 -1.1439513713764131
0.3235868769216719 -1.1336445150940846
0.3235868769216719 -1.1228924704542038
0.3235868769216719 -1.1116760082497001
0.3235868769216719 -1.099975068698313
0.3235868769216719 -1.0877687255672108
0.3235868769216719 -1.0750351487480272
0.3235868769216719 -1.0617515652153886
0.3235868769216719 -1.0478942182991038
0.3235868769216719 -1.0334383251971824
0.3235868769216719 -1.018358032653694
0.3235868769216719 -1.002626370722204
0.3235868769216719 -0.986215204532092
0.3235868769216719 -0.9690951839714945
0.3235868769216719 -0.9512356911968816
0.3235868769216719 -0.9326047858753915
0.3235868769216719 -0.9131691480619966
0.3235868769216719 -0.8928940186093359
0.3235868769216719 -0.8717431370036484
0.3235868769216719 -0.8496786765156237
0.3235868769216719 -0.8266611765501997
0.3235868769216719 -0.8026494720743146
0.3235868769216719 -0.7776006199964028
0.3235868769216719 -0.7514698223659705
0.3235868769216719 -0.7242103462558965
0.3235868769216719 -0.6969508701458226
0.3235868769216719 -0.6708200725153902
0.3235868769216719 -0.6457712204374785
0.3235868769216719 -0.6217595159615934
0.3235868769216719 -0.5987420159961694
0.3235868769216719 -0.5766775555081447
0.3235868769216719 -0.5555266739024571
0.3235868769216719 -0.5352515444497965
0.3235868769216719 -0.5158159066364015
0.3235868769216719 -0.4971850013149115
0.3235868769216719 -0.47932550854029854
0.3235868769216719 -0.46220548797970107
0.3235868769216719 -0.445794321789589
0.3235868769216719 -0.43006265985809894
0.3235868769216719 -0.4149823673146107
0.3235868769216719 -0.4005264742126893
0.3235868769216719 -0.3866691272964045
0.3235868769216719 -0.37338554376376587
0.3235868769216719 -0.36065196694458235
0.3235868769216719 -0.34844562381348004
0.3235868769216719 -0.33674468426209303
0.3235868769216719 -0.32552822205758936
0.3235868769216719 -0.3147761774177085
0.3235868769216719 -0.30446932113537994
0.33110288210639843 -1.1439513713764131
0.33900102912565916 -1.1439513713764131
0.34730074750060425 -1.1439513713764131
0.35602245462196 -1.1439513713764131
0.36518760597701566 -1.1439513713764131
0.37481874793033776 -1.1439513713764131
0.3849395731880542 -1.1439513713764131
0.39557497908214967 -1.1439513713764131
0.40675112881815256 -1.1439513713764131
0.4184955158368843 -1.1439513713764131
0.43083703144860036 -1.1439513713764131
0.4438060359059039 -1.1439513713764131
0.4574344330902731 -1.1439513713764131
0.4717557489959304 -1.1439513713764131
0.4868052142041259 -1.1439513713764131
0.5026198505507216 -1.1439513713764131
0.5192385622002802 -1.1439513713764131
0.5367022313507015 -1.1439513713764131
0.5550538188038405 -1.1439513713764131
0.5743384696495127 -1.1439513713764131
0.594603624322869 -1.1439513713764131
0.6158991353083433 -1.1439513713764131
0.6382773897772669 -1.1439513713764131
0.6617934384608359 -1.1439513713764131
0.685309487144405 -1.1439513713764131
0.7076877416133286 -1.1439513713764131
0.7289832525988029 -1.1439513713764131
0.7492484072721591 -1.1439513713764131
0.7685330581178313 -1.1439513713764131
0.7868846455709704 -1.1439513713764131
0.8043483147213917 -1.1439513713764131
0.8209670263709503 -1.1439513713764131
0.836781662717546 -1.1439513713764131
0.8518311279257414 -1.1439513713764131
0.8661524438313988 -1.1439513713764131
0.8797808410157679 -1.1439513713764131
0.8927498454730716 -1.1439513713764131
0.9050913610847875 -1.1439513713764131
0.9168357481035193 -1.1439513713764131
0.9280118978395222 -1.1439513713764131
0.9386473037336176 -1.1439513713764131
0.9487681289913341 -1.1439513713764131
0.9583992709446563 -1.1439513713764131
0.9675644222997118 -1.1439513713764131
0.9762861294210676 -1.1439513713764131
0.9845858477960128 -1.1439513713764131
0.9924839948152735 -1.1439513713764131
1.0 -1.1439513713764131
1.0 -1.1339638379396286
1.0 -1.1236581438434055
1.0 -1.1130241538320411
1.0 -1.1020514097833665
1.0 -1.090729120423582
1.0 -1.0790461507144533
1.0 -1.0669910109024268
1.0 -1.0545518452188978
1.0 -1.041716420220515
1.0 -1.028472112758057
1.0 -1.0148058975620489
1.0 -1.0007043344329083
1.0 -0.9861535550230232
1.0 -0.971139249197762
1.0 -0.9556466509620054
1.0 -0.9396605239383545
1.0 -0.9231651463827367
1.0 -0.9061442957226726
1.0 -0.8885812326029964
1.0 -0.8704586844233408
1.0 -0.8517588283511964
1.0 -0.832463273793837
1.0 -0.8125530443118762
1.0 -0.7920085589566656
1.0 -0.7708096130131805
1.0 -0.7489353581294572
1.0 -0.7263642818130358
1.0 -0.7030741862742476
1.0 -0.6790421665955386
1.0 -0.6542445882053598
1.0 -0.6286570636344703
1.0 -0.6022544285317952
1.0 -0.5750107169162492
1.0 -0.546899135640188
1.0 -0.5178920380393732
1.0 -0.4879608967435362
1.0 -0.4570762756208012
1.0 -0.4252078008283764
1.0 -0.39232413094104185
1.0 -0.35839292612805757
1.0 -0.3233808163481776
1.0 -0.28725336853149197
1.0 -0.24997505271581993
1.0 -0.21150920710435228
1.0 -0.1718180020101773
1.0 -0.13086240265223162
1.0 -0.08860213076608706
1.0 -0.04499562499181918
1.0 0.0
