# CURVE 2D, normalized by CHORD
# COLUMN#1 = X-coordinate, COLUMN#2 = Y-coordinate
#-------------------------------------------------------------------------------
0.0 -0.7576293365380009
0.0 -0.753420517363397
0.0 -0.7490143986694779
0.0 -0.744401731519973
0.0 -0.7395728334102859
0.0 -0.7345175679428345
0.0 -0.7292253235496179
0.0 -0.7236849912173471
0.0 -0.717884941168383
0.0 -0.711812998448532
0.0 -0.7054564173704535
0.0 -0.6988018547590368
0.0 -0.6918353419425823
0.0 -0.684542255430997
0.0 -0.6769072862194513
0.0 -0.668914407653065
0.0 -0.660546841785165
0.0 -0.6517870241584972
0.0 -0.6426165669354655
0.0 -0.6330162203000017
0.0 -0.622965832050048
0.0 -0.6124443052958292
0.0 -0.6014295541751198
0.0 -0.5898984574925473
0.0 -0.5778268101856158
0.0 -0.5651892725155702
0.0 -0.5519593168764488
0.0 -0.5381091721106698
0.0 -0.5236097652142627
0.0 -0.5084306603093796
0.0 -0.49253999475598076
0.0 -0.475904412268588
0.0 -0.458488992897707
0.0 -0.4402571797289462
0.0 -0.42117070214596125
0.0 -0.40118949549614863
0.0 -0.3802716169904553
0.0 -0.35837315766077077
0.0 -0.3354481501900881
0.0 -0.31144847242196166
0.0 -0.2863237463467141
0.0 -0.2600212323523562
0.0 -0.2324857185182387
0.0 -0.2036594047190515
0.0 -0.17348178129589137
0.0 -0.14188950203971612
0.0 -0.10881625122056172
0.0 -0.07419260438340342
0.0 -0.03794588261845431
0.0 0.0
0.00912359196682705 -0.7576293365380009
0.018668554684390937 -0.7576293365380009
0.02865434905254588 -0.7576293365380009
0.03910133476780531 -0.7576293365380009
0.05003081183403496 -0.7576293365380009
0.06146506399030632 -0.7576293365380009
0.07342740414445403 -0.7576293365380009
0.08594222190497103 -0.7576293365380009
0.09903503330815172 -0.7576293365380009
0.11273253284187063 -0.7576293365380009
0.12706264787206578 -0.7576293365380009
0.1420545955828952 -0.7576293365380009
0.15773894254666015 -0.7576293365380009
0.17414766704494972 -0.7576293365380009
0.19131422426807154 -0.7576293365380009
0.20927361452570153 -0.7576293365380009
0.22806245460782484 -0.7576293365380009
0.2477190524414637 -0.7576293365380009
0.26828348519540673 -0.7576293365380009
0.2897976809921856 -0.7576293365380009
0.3123055043938979 -0.7576293365380009
0.335852845836171 -0.7576293365380009
0.36048771519261025 -0.7576293365380009
0.38626033966049794 -0.7576293365380009
0.41203296412838564 -0.7576293365380009
0.4366678334848249 -0.7576293365380009
0.46021517492709796 -0.7576293365380009
0.48272299832881027 -0.7576293365380009
0.5042371941255891 -0.7576293365380009
0.5248016268795321 -0.7576293365380009
0.5444582247131711 -0.7576293365380009
0.5632470647952943 -0.7576293365380009
0.5812064550529243 -0.7576293365380009
0.5983730122760462 -0.7576293365380009
0.6147817367743358 -0.7576293365380009
0.6304660837381006 -0.7576293365380009
0.6454580314489301 -0.7576293365380009
0.6597881464791253 -0.7576293365380009
0.6734856460128442 -0.7576293365380009
0.6865784574160249 -0.7576293365380009
0.6990932751765419 -0.7576293365380009
0.7110556153306895 -0.7576293365380009
0.7224898674869609 -0.7576293365380009
0.7334193445531906 -0.7576293365380009
0.7438663302684501 -0.7576293365380009
0.753852124636605 -0.7576293365380009
0.7633970873541689 -0.7576293365380009
0.7725206793209959 -1.2646101921486244
0.7725206793209959 -1.2596371832524536
0.7725206793209959 -1.2543646444103422
0.7725206793209959 -1.24877453459514
0.7725206793209959 -1.2428477261482427
0.7725206793209959 -1.2365639393305516
0.7725206793209959 -1.2299016729313634
0.7725206793209959 -1.222838130697755
0.7725206793209959 -1.2153491433327275
0.7725206793209959 -1.207409085795209
0.7725206793209959 -1.198990789618944
0.7725206793209959 -1.190065449950252
0.7725206793209959 -1.1806025269865608
0.7725206793209959 -1.170569641478476
0.7725206793209959 -1.1599324639378201
0.7725206793209959 -1.148654597172545
0.7725206793209959 -1.1366974517465929
0.7725206793209959 -1.1240201139385608
0.7725206793209959 -1.1105792057473687
0.7725206793209959 -1.0963287364659082
0.7725206793209959 -1.081219945314807
0.7725206793209959 -1.0652011345978452
0.7725206793209959 -1.0482174928081345
0.7725206793209959 -1.0302109070797836
0.7725206793209959 -1.0111197643433125
0.7725206793209959 -0.9920286216068416
0.7725206793209959 -0.9740220358784905
0.7725206793209959 -0.95703839408878
0.7725206793209959 -0.9410195833718181
0.7725206793209959 -0.9259107922207169
0.7725206793209959 -0.9116603229392565
0.7725206793209959 -0.8982194147480643
0.7725206793209959 -0.8855420769400324
0.7725206793209959 -0.8735849315140801
0.7725206793209959 -0.862307064748805
0.7725206793209959 -0.851669887208149
0.7725206793209959 -0.8416370017000644
0.7725206793209959 -0.8321740787363732
0.7725206793209959 -0.8232487390676811
0.7725206793209959 -0.8148304428914164
0.7725206793209959 -0.8068903853538978
0.7725206793209959 -0.7994013979888702
0.7725206793209959 -0.7923378557552618
0.7725206793209959 -0.7856755893560736
0.7725206793209959 -0.7793918025383825
0.7725206793209959 -0.7734649940914853
0.7725206793209959 -0.767874884276283
0.7725206793209959 -0.7626023454341717
0.7725206793209959 -0.7576293365380009
0.7742324707174775 -1.2646101921486244
0.7760806129563952 -1.2646101921486244
0.7780759669126612 -1.2646101921486244
0.780230258572116 -1.2646101921486244
0.7825561479409784 -1.2646101921486244
0.7850673034442011 -1.2646101921486244
0.7877784822499454 -1.2646101921486244
0.7907056169922122 -1.2646101921486244
0.7938659094012673 -1.2646101921486244
0.7972779313920955 -1.2646101921486244
0.8009617342049422 -1.2646101921486244
0.8049389662393239 -1.2646101921486244
0.8092330002739765 -1.2646101921486244
0.8138690708203663 -1.2646101921486244
0.8188744224169427 -1.2646101921486244
0.8242784697356059 -1.2646101921486244
0.8301129704412757 -1.2646101921486244
0.8364122118203986 -1.2646101921486244
0.8432132122751408 -1.2646101921486244
0.8505559388673775 -1.2646101921486244
0.8584835421909071 -1.2646101921486244
0.8670426099521503 -1.2646101921486244
0.8762834407495392 -1.2646101921486244
0.886260339660498 -1.2646101921486244
0.8962372385714568 -1.2646101921486244
0.9054780693688456 -1.2646101921486244
0.9140371371300889 -1.2646101921486244
0.9219647404536184 -1.2646101921486244
0.9293074670458552 -1.2646101921486244
0.9361084675005974 -1.2646101921486244
0.9424077088797203 -1.2646101921486244
0.94824220958539 -1.2646101921486244
0.9536462569040532 -1.2646101921486244
0.9586516085006297 -1.2646101921486244
0.9632876790470194 -1.2646101921486244
0.967581713081672 -1.2646101921486244
0.9715589451160538 -1.2646101921486244
0.9752427479289004 -1.2646101921486244
0.9786547699197286 -1.2646101921486244
0.9818150623287837 -1.2646101921486244
0.9847421970710505 -1.2646101921486244
0.9874533758767948 -1.2646101921486244
0.9899645313800175 -1.2646101921486244
0.9922904207488799 -1.2646101921486244
0.9944447124083347 -1.2646101921486244
0.9964400663646007 -1.2646101921486244
0.9982882086035184 -1.2646101921486244
1.0 -1.2646101921486244
1.0 -1.2523532509681625
1.0 -1.2397502358664976
1.0 -1.2267913754694204
1.0 -1.2134666225086188
1.0 -1.1997656460318262
1.0 -1.1856778233930245
1.0 -1.1711922320164896
1.0 -1.1562976409282966
1.0 -1.140982502048716
1.0 -1.1252349412387543
1.0 -1.1090427490938906
1.0 -1.0923933714778769
1.0 -1.0752738997892615
1.0 -1.0576710609530868
1.0 -1.039571207130004
1.0 -1.020960305134826
1.0 -1.0018239255563122
1.0 -0.9821472315697531
1.0 -0.9619149674336782
1.0 -0.9411114466617675
1.0 -0.9197205398608009
1.0 -0.8977256622252104
1.0 -0.8751097606785432
1.0 -0.8518553006518637
1.0 -0.8279442524888455
1.0 -0.803358077467012
1.0 -0.778077713424287
1.0 -0.7520835599797127
1.0 -0.7253554633368747
1.0 -0.6978727006582544
1.0 -0.6696139639983895
1.0 -0.6405573437833916
1.0 -0.6106803118240068
1.0 -0.5799597038490519
1.0 -0.5483717015456834
1.0 -0.5158918140925743
1.0 -0.4824948591716824
1.0 -0.44815494344388573
1.0 -0.41284544247334976
1.0 -0.3765389800850603
1.0 -0.3392074071395176
1.0 -0.300821779708135
1.0 -0.26135233663242263
1.0 -0.22076847644955427
1.0 -0.17903873366643103
1.0 -0.1361307543638433
1.0 -0.09201127111181881
1.0 -0.04664607717670668
1.0 0.0
