# CURVE 2D, normalized by CHORD
# COLUMN#1 = X-coordinate, COLUMN#2 = Y-coordinate
#-------------------------------------------------------------------------------
0.0 0.0
0.0 0.03491305665220494
0.0 0.06807999574693202
0.0 0.09958814640448455
0.0 0.12952047012671966
0.0 0.15795577923610787
0.0 0.18496894438993175
0.0 0.21063109171601238
0.0 0.23500979008902576
0.0 0.25816922904051026
0.0 0.2801703877710056
0.0 0.3010711957093355
0.0 0.32092668504178834
0.0 0.3397891356128093
0.0 0.3577082125787284
0.0 0.3747310971769703
0.0 0.3909026109550629
0.0 0.40626533378654156
0.0 0.4208597159844879
0.0 0.4347241848078982
0.0 0.44789524564131716
0.0 0.46040757811414196
0.0 0.47229412741268206
0.0 0.48358619102540074
0.0 0.49431350114973993
0.0 0.5045043029775066
0.0 0.5141854290649477
0.0 0.523382369983332
0.0 0.5321193414360619
0.0 0.5404193480190363
0.0 0.5483042437921472
0.0 0.5557947898213939
0.0 0.5629107088431271
0.0 0.5696707371943524
0.0 0.5760926741458269
0.0 0.5821934287678453
0.0 0.5879890644521124
0.0 0.5934948412069294
0.0 0.5987252558370574
0.0 0.6036940801140538
0.0 0.608414397037583
0.0 0.6128986352831798
0.0 0.6171586019271649
0.0 0.6212055135348801
0.0 0.625050025694097
0.0 0.6287022610713633
0.0 0.6321718360651573
0.0 0.6354678861260299
0.0 0.6385990898104037
0.0 0.6415736916313604
0.004142758558250109 0.6415736916313604
0.008551032555287413 0.6415736916313604
0.013241839262875005 0.6415736916313604
0.018233286614545235 0.6415736916313604
0.02354464310770349 0.6415736916313604
0.02919641218585972 0.6415736916313604
0.03521041138812547 0.6415736916313604
0.04160985657151789 0.6415736916313604
0.0484194515311939 0.6415736916313604
0.05566548336457597 0.6415736916313604
0.06337592394750372 0.6415736916313604
0.07158053791414024 0.6415736916313604
0.08031099755746798 0.6415736916313604
0.08960100509392502 0.6415736916313604
0.0994864227641604 0.6415736916313604
0.11000541127213638 0.6415736916313604
0.12119857709699484 0.6415736916313604
0.1331091292463561 0.6415736916313604
0.14578304605616516 0.6415736916313604
0.15926925268098355 0.6415736916313604
0.17361980995989276 0.6415736916313604
0.188890115387089 0.6415736916313604
0.20513911696297643 0.6415736916313604
0.22242954075128907 0.6415736916313604
0.2397199645396017 0.6415736916313604
0.25596896611548914 0.6415736916313604
0.2712392715426854 0.6415736916313604
0.28558982882159456 0.6415736916313604
0.299076035446413 0.6415736916313604
0.31174995225622204 0.6415736916313604
0.3236605044055833 0.6415736916313604
0.33485367023044177 0.6415736916313604
0.3453726587384177 0.6415736916313604
0.35525807640865315 0.6415736916313604
0.3645480839451102 0.6415736916313604
0.3732785435884379 0.6415736916313604
0.38148315755507445 0.6415736916313604
0.38919359813800214 0.6415736916313604
0.39643962997138427 0.6415736916313604
0.40324922493106025 0.6415736916313604
0.40964867011445266 0.6415736916313604
0.4156626693167184 0.6415736916313604
0.42131443839487465 0.6415736916313604
0.42662579488803287 0.6415736916313604
0.4316172422397031 0.6415736916313604
0.4363080489472907 0.6415736916313604
0.44071632294432805 0.6415736916313604
0.44485908150257814 0.6415736916313604
0.44485908150257814 0.6441292797203919
0.44485908150257814 0.6468721232928761
0.44485908150257814 0.6498159431108692
0.44485908150257814 0.6529754652971671
0.44485908150257814 0.6563664950010552
0.44485908150257814 0.6600059954617641
0.44485908150257814 0.6639121728651388
0.44485908150257814 0.6681045674180066
0.44485908150257814 0.672604151095832
0.44485908150257814 0.6774334325526318
0.44485908150257814 0.6826165697179486
0.44485908150257814 0.6881794906441377
0.44485908150257814 0.694150023208491
0.44485908150257814 0.7005580343190176
0.44485908150257814 0.7074355793202451
0.44485908150257814 0.7148170623464228
0.44485908150257814 0.7227394084242781
0.44485908150257814 0.7312422481862506
0.44485908150257814 0.7403681161182097
0.44485908150257814 0.7501626633333675
0.44485908150257814 0.760674885936764
0.44485908150257814 0.771957370122694
0.44485908150257814 0.7840665552311442
0.44485908150257814 0.7970630160791522
0.44485908150257814 0.8100594769271602
0.44485908150257814 0.8221686620356103
0.44485908150257814 0.8334511462215404
0.44485908150257814 0.8439633688249369
0.44485908150257814 0.8537579160400947
0.44485908150257814 0.8628837839720538
0.44485908150257814 0.8713866237340263
0.44485908150257814 0.8793089698118816
0.44485908150257814 0.8866904528380593
0.44485908150257814 0.8935679978392868
0.44485908150257814 0.8999760089498134
0.44485908150257814 0.9059465415141666
0.44485908150257814 0.9115094624403558
0.44485908150257814 0.9166925996056726
0.44485908150257814 0.9215218810624723
0.44485908150257814 0.9260214647402978
0.44485908150257814 0.9302138592931656
0.44485908150257814 0.9341200366965403
0.44485908150257814 0.9377595371572492
0.44485908150257814 0.9411505668611373
0.44485908150257814 0.9443100890474352
0.44485908150257814 0.9472539088654283
0.44485908150257814 0.9499967524379125
0.44485908150257814 0.952552340526944
0.4505146280403677 0.952552340526944
0.45649479806840443 0.952552340526944
0.46281822469486217 0.952552340526944
0.4695046105522425 0.952552340526944
0.47657478918714824 0.952552340526944
0.4840507899737769 0.952552340526944
0.4919559067533923 0.952552340526944
0.5003147704136431 0.952552340526944
0.5091534256338714 0.952552340526944
0.5184994120355357 0.952552340526944
0.5283818499905979 0.952552340526944
0.5388315313552383 0.952552340526944
0.5498810154116072 0.952552340526944
0.5615647303165494 0.952552340526944
0.5739190803734003 0.952552340526944
0.5869825594610872 0.952552340526944
0.6007958709739661 0.952552340526944
0.6154020546460998 0.952552340526944
0.6308466206551407 0.952552340526944
0.6471776914236613 0.952552340526944
0.6644461515597573 0.952552340526944
0.6827058064041132 0.952552340526944
0.702013549677532 0.952552340526944
0.7224295407512891 0.952552340526944
0.7428455318250461 0.952552340526944
0.762153275098465 0.952552340526944
0.7804129299428209 0.952552340526944
0.7976813900789168 0.952552340526944
0.8140124608474374 0.952552340526944
0.8294570268564784 0.952552340526944
0.844063210528612 0.952552340526944
0.8578765220414909 0.952552340526944
0.8709400011291778 0.952552340526944
0.8832943511860287 0.952552340526944
0.894978066090971 0.952552340526944
0.9060275501473398 0.952552340526944
0.9164772315119802 0.952552340526944
0.9263596694670424 0.952552340526944
0.9357056558687067 0.952552340526944
0.944544311088935 0.952552340526944
0.9529031747491858 0.952552340526944
0.9608082915288012 0.952552340526944
0.9682842923154299 0.952552340526944
0.9753544709503357 0.952552340526944
0.9820408568077159 0.952552340526944
0.9883642834341737 0.952552340526944
0.9943444534622105 0.952552340526944
1.0 0.0
1.0 0.04194508766676912
1.0 0.08233222072578204
1.0 0.12121926584736513
1.0 0.15866194037636516
1.0 0.19471389216394175
1.0 0.2294267764341899
1.0 0.26285032979572737
1.0 0.29503244150429025
1.0 0.32601922207844225
1.0 0.3558550693667095
1.0 0.38458273216080313
1.0 0.4122433714460727
1.0 0.4388766193769522
1.0 0.46452063606189714
1.0 0.48921216423917496
1.0 0.5129865819218474
1.0 0.5358779530873758
1.0 0.5579190764844759
1.0 0.5791415326271543
1.0 0.5995757290432571
1.0 0.6192509438423661
1.0 0.6381953676654643
1.0 0.6564361440764753
1.0 0.673999408453554
1.0 0.6909103254358461
1.0 0.7071931249793749
1.0 0.7228711370737143
1.0 0.7379668251691893
1.0 0.7525018183624997
1.0 0.7664969423868834
1.0 0.7799722494512183
1.0 0.792947046970822
1.0 0.8054399252311082
1.0 0.8174687840237425
1.0 0.8290508582934566
1.0 0.8402027428322724
1.0 0.8509404160565133
1.0 0.8612792629006739
1.0 0.871234096860949
1.0 0.8808191812200057
1.0 0.8900482494834098
1.0 0.8989345250569881
1.0 0.9074907401933198
1.0 0.9157291542345027
1.0 0.9236615711773359
1.0 0.9312993565860805
1.0 0.938653453877038
1.0 0.9457343999982718
1.0 0.952552340526944
