# CURVE 2D, normalized by CHORD
# COLUMN#1 = X-coordinate, COLUMN#2 = Y-coordinate
#-------------------------------------------------------------------------------
0.0 0.0
0.0 0.021508406562137195
0.0 0.04153782147196334
0.0 0.06018994525765494
0.0 0.07755948517097946
0.0 0.0937346360689171
0.0 0.10879752822821645
0.0 0.1228246443666885
0.0 0.13588720798868917
0.0 0.14805154502663728
0.0 0.15937942061482396
0.0 0.16992835270550208
0.0 0.1797519041196602
0.0 0.1888999545153856
0.0 0.1974189536547517
0.0 0.20535215725520753
0.0 0.21273984662301845
0.0 0.21961953318395971
0.0 0.22602614894977938
0.0 0.23199222388753546
0.0 0.23754805109241034
0.0 0.24272184060267712
0.0 0.24753986263782232
0.0 0.2520265809871252
0.0 0.25620477722598173
0.0 0.2600956663906887
0.0 0.2637190046990342
0.0 0.2670931898636515
0.0 0.2702353545074829
0.0 0.2731614531556773
0.0 0.27588634324562655
0.0 0.27842386056647467
0.0 0.2807868895111483
0.0 0.2829874284976167
0.0 0.28503665089156255
0.0 0.286944961739801
0.0 0.28872205060251455
0.0 0.29037694075256315
0.0 0.2919180349916807
0.0 0.2933531583161935
0.0 0.29468959764889785
0.0 0.2959341388388374
0.0 0.2970931011168496
0.0 0.2981723691818307
0.0 0.2991774230806391
0.0 0.3001133660333546
0.0 0.30098495034517736
0.0 0.3017966015365365
0.0 0.3025524408139288
0.0 0.30325630599558684
0.42786303772218737 0.30325630599558684
0.4002521259114562 0.30325630599558684
0.3737667740578421 0.30325630599558684
0.34836109866333687 0.30325630599558684
0.3239910866726186 0.30325630599558684
0.3006145192243783 0.30325630599558684
0.27819089851092693 0.30325630599558684
0.2566813776193738 0.30325630599558684
0.23604869323283206 0.30325630599558684
0.21625710107506263 0.30325630599558684
0.1972723139867192 0.30325630599558684
0.17906144252591852 0.30325630599558684
0.1615929379902301 0.30325630599558684
0.14483653776137756 0.30325630599558684
0.12876321287796466 0.30325630599558684
0.11334511774540224 0.30325630599558684
0.09855554189591131 0.30325630599558684
0.08436886371503194 0.30325630599558684
0.07076050605447293 0.30325630599558684
0.057706893654405345 0.30325630599558684
0.04518541230143813 0.30325630599558684
0.03317436965152043 0.30325630599558684
0.021652957649900162 0.30325630599558684
0.010601216483034026 0.30325630599558684
0.45547394953291853 0.30325630599558684
0.48195930138653265 0.30325630599558684
0.5073649767810379 0.30325630599558684
0.5317349887717561 0.30325630599558684
0.5551115562199964 0.30325630599558684
0.5775351769334478 0.30325630599558684
0.5990446978250009 0.30325630599558684
0.6196773822115427 0.30325630599558684
0.639468974369312 0.30325630599558684
0.6584537614576556 0.30325630599558684
0.6766646329184562 0.30325630599558684
0.6941331374541446 0.30325630599558684
0.7108895376829971 0.30325630599558684
0.7269628625664101 0.30325630599558684
0.7423809576989725 0.30325630599558684
0.7571705335484634 0.30325630599558684
0.7713572117293428 0.30325630599558684
0.7849655693899018 0.30325630599558684
0.7980191817899693 0.30325630599558684
0.8105406631429366 0.30325630599558684
0.8225517057928543 0.30325630599558684
0.8340731177944746 0.30325630599558684
0.8451248589613407 0.30325630599558684
0.8557260754443747 0.30325630599558684
0.8557260754443747 0.4926262242649073
0.8557260754443747 0.4773799755740062
0.8557260754443747 0.4631107730407886
0.8557260754443747 0.4497560032831959
0.8557260754443747 0.43725706545796517
0.8557260754443747 0.4255591141196303
0.8557260754443747 0.41461081855824145
0.8557260754443747 0.40436413755977274
0.8557260754443747 0.3947741086008669
0.8557260754443747 0.38579865055290025
0.8557260754443747 0.3773983790296326
0.8557260754443747 0.3695364335681853
0.8557260754443747 0.3621783158850169
0.8557260754443747 0.3552917384971615
0.8557260754443747 0.3488464830444789
0.8557260754443747 0.3428142676912334
0.8557260754443747 0.33716862302515804
0.8557260754443747 0.3318847759094484
0.8557260754443747 0.3269395407780279
0.8557260754443747 0.3223112178970864
0.8557260754443747 0.31797949814646387
0.8557260754443747 0.31392537390305836
0.8557260754443747 0.3101310556352142
0.8557260754443747 0.30657989384210593
0.8557260754443747 0.5078724729558084
0.8557260754443747 0.522141675489026
0.8557260754443747 0.5354964452466188
0.8557260754443747 0.5479953830718495
0.8557260754443747 0.5596933344101843
0.8557260754443747 0.5706416299715732
0.8557260754443747 0.5808883109700419
0.8557260754443747 0.5904783399289477
0.8557260754443747 0.5994537979769143
0.8557260754443747 0.6078540695001821
0.8557260754443747 0.6157160149616294
0.8557260754443747 0.6230741326447977
0.8557260754443747 0.6299607100326532
0.8557260754443747 0.6364059654853358
0.8557260754443747 0.6424381808385813
0.8557260754443747 0.6480838255046566
0.8557260754443747 0.6533676726203662
0.8557260754443747 0.6583129077517867
0.8557260754443747 0.6629412306327283
0.8557260754443747 0.6672729503833508
0.8557260754443747 0.6713270746267563
0.8557260754443747 0.6751213928946005
0.8557260754443747 0.6786725546877087
0.8557260754443747 0.6819961425342278
0.9278630377221874 0.6819961425342278
0.9212086499270332 0.6819961425342278
0.9150844075372857 0.6819961425342278
0.9094480746389096 0.6819961425342278
0.904260780191763 0.6819961425342278
0.8994867499549843 0.6819961425342278
0.8950930597694938 0.6819961425342278
0.89104940849612 0.6819961425342278
0.8873279090434152 0.6819961425342278
0.8839028960439812 0.6819961425342278
0.8807507488529438 0.6819961425342278
0.8778497286478795 0.6819961425342278
0.8751798285067566 0.6819961425342278
0.8727226354299472 0.6819961425342278
0.8704612033547459 0.6819961425342278
0.8683799362866366 0.6819961425342278
0.8664644807413222 0.6819961425342278
0.8647016267557408 0.6819961425342278
0.863079216785391 0.6819961425342278
0.861586061859674 0.6819961425342278
0.8602118644170189 0.6819961425342278
0.8589471472876204 0.6819961425342278
0.8577831883340197 0.6819961425342278
0.8567119602987736 0.6819961425342278
0.9345174255173415 0.6819961425342278
0.940641667907089 0.6819961425342278
0.9462780008054651 0.6819961425342278
0.9514652952526117 0.6819961425342278
0.9562393254893904 0.6819961425342278
0.9606330156748809 0.6819961425342278
0.9646766669482547 0.6819961425342278
0.9683981664009595 0.6819961425342278
0.9718231794003935 0.6819961425342278
0.9749753265914309 0.6819961425342278
0.9778763467964953 0.6819961425342278
0.9805462469376182 0.6819961425342278
0.9830034400144275 0.6819961425342278
0.9852648720896289 0.6819961425342278
0.9873461391577382 0.6819961425342278
0.9892615947030525 0.6819961425342278
0.9910244486886339 0.6819961425342278
0.9926468586589837 0.6819961425342278
0.9941400135847007 0.6819961425342278
0.9955142110273558 0.6819961425342278
0.9967789281567543 0.6819961425342278
0.9979428871103551 0.6819961425342278
0.9990141151456011 0.6819961425342278
1.0 0.6819961425342278
1.0 0.0
1.0 0.03603715778703974
1.0 0.07033994366421017
1.0 0.10299182830751515
1.0 0.13407226517282667
1.0 0.1636568838339331
1.0 0.1918176740157449
1.0 0.21862316077047503
1.0 0.2441385712230585
1.0 0.2684259932915618
1.0 0.2915445267688038
1.0 0.3135504271328228
1.0 0.33449724243613077
1.0 0.35443594360685465
1.0 0.3734150484788321
1.0 0.39148073985247145
1.0 0.4086769778736581
1.0 0.42504560700416527
1.0 0.4406264578438652
1.0 0.4554574440525105
1.0 0.46957465460692843
1.0 0.4830124416181252
1.0 0.4958035039219864
1.0 0.5079789666469823
1.0 0.5195684569524915
1.0 0.5306001761220427
1.0 0.5411009681869008
1.0 0.5510963852469848
1.0 0.5606107496480639
1.0 0.5696672131665315
1.0 0.5782878133457755
1.0 0.5864935271212289
1.0 0.5943043218645913
1.0 0.6017392039714272
1.0 0.6088162651103752
1.0 0.6155527262465053
1.0 0.6219649795459499
1.0 0.6280686282637776
1.0 0.6338785247121711
1.0 0.6394088064012959
1.0 0.6446729304408092
1.0 0.649683706285713
1.0 0.6544533269062396
1.0 0.6589933984576121
1.0 0.6633149685218798
1.0 0.6674285529905494
1.0 0.6713441616534271
1.0 0.6750713225559386
1.0 0.6786191051841955
