# CURVE 2D, normalized by CHORD
# COLUMN#1 = X-coordinate, COLUMN#2 = Y-coordinate
#-------------------------------------------------------------------------------
0.0 0.0
0.0 0.012416842100855217
0.0 0.023853753152869535
0.0 0.034388068830659924
0.0 0.04409102151558053
0.0 0.05302822196461394
0.0 0.0612601029661914
0.0 0.06884232798291472
0.0 0.07582616754439625
0.0 0.08225884593536181
0.0 0.08818386052329961
0.0 0.09364127588492885
0.0 0.09866799472035248
0.0 0.10329800738679888
0.0 0.10756262173928388
0.0 0.111490674832361
0.0 0.11510872791447423
0.0 0.11844124603345274
0.0 0.12151076346762855
0.0 0.12433803610121208
0.0 0.12694218177427832
0.0 0.1293408095564014
0.0 0.13155013881807756
0.0 0.13358510890509043
0.0 0.13545948015742945
0.0 0.13718592695584514
0.0 0.13877612342521592
0.0 0.1402408223742481
0.0 0.14158992800529302
0.0 0.14283256288594193
0.0 0.1439771296352552
0.0 0.14503136774174505
0.0 0.146002405897311
0.0 0.14689681020100714
0.0 0.14772062855859153
0.0 0.14847943157808555
0.0 0.14917835023787546
0.0 0.14982211058206635
0.0 0.15041506567769553
0.0 0.15096122504989876
0.0 0.1514642817940674
0.0 0.1519276375483277
0.0 0.1523544254952042
0.0 0.15274753154800344
0.0 0.15310961386517838
0.0 0.15344312082462921
0.0 0.15375030757948083
0.0 0.15403325130728687
0.0 0.15429386525577385
0.0 0.15453391168010217
0.059747828941665755 0.15453391168010217
0.054150642192594904 0.15453391168010217
0.049009650521697236 0.15453391168010217
0.04428767204480852 0.15453391168010217
0.03995055536313395 0.15453391168010217
0.03596693256550231 0.15453391168010217
0.03230799236201132 0.15453391168010217
0.028947271708268173 0.15453391168010217
0.025860464413161317 0.15453391168010217
0.023025245345931707 0.15453391168010217
0.02042110897113282 0.15453391168010217
0.018029221043694067 0.15453391168010217
0.015832282391481926 0.15453391168010217
0.013814403800175193 0.15453391168010217
0.011960991095567336 0.15453391168010217
0.010258639592161334 0.15453391168010217
0.008695037144663353 0.15453391168010217
0.007258875101201656 0.15453391168010217
0.0059397665142456035 0.15453391168010217
0.004728171017690762 0.15453391168010217
0.0036153258267884597 0.15453391168010217
0.0025931823618813715 0.15453391168010217
0.0016543480375804873 0.15453391168010217
0.0007920327963774065 0.15453391168010217
0.06534501569073661 0.15453391168010217
0.07048600736163427 0.15453391168010217
0.07520798583852299 0.15453391168010217
0.07954510252019756 0.15453391168010217
0.0835287253178292 0.15453391168010217
0.08718766552132019 0.15453391168010217
0.09054838617506333 0.15453391168010217
0.09363519347017019 0.15453391168010217
0.0964704125373998 0.15453391168010217
0.09907454891219869 0.15453391168010217
0.10146643683963744 0.15453391168010217
0.10366337549184959 0.15453391168010217
0.10568125408315632 0.15453391168010217
0.10753466678776417 0.15453391168010217
0.10923701829117018 0.15453391168010217
0.11080062073866816 0.15453391168010217
0.11223678278212985 0.15453391168010217
0.1135558913690859 0.15453391168010217
0.11476748686564076 0.15453391168010217
0.11588033205654305 0.15453391168010217
0.11690247552145014 0.15453391168010217
0.11784130984575103 0.15453391168010217
0.1187036250869541 0.15453391168010217
0.11949565788333151 0.15453391168010217
0.11949565788333151 0.6341926156976946
0.11949565788333151 0.6044145127695872
0.11949565788333151 0.5757352675538123
0.11949565788333151 0.5481143305138575
0.11949565788333151 0.5215126484533578
0.11949565788333151 0.49589260929884726
0.11949565788333151 0.4712179889201117
0.11949565788333151 0.4474538999129517
0.11949565788333151 0.4245667422719407
0.11949565788333151 0.40252415588343393
0.11949565788333151 0.3812949747716583
0.11949565788333151 0.3608491830331914
0.11949565788333151 0.3411578723975268
0.11949565788333151 0.3221932013537184
0.11949565788333151 0.3039283557853154
0.11949565788333151 0.2863375110579283
0.11949565788333151 0.2693957955058214
0.11949565788333151 0.25307925526590674
0.11949565788333151 0.23736482040941753
0.11949565788333151 0.22223027232337472
0.11949565788333151 0.20765421229572711
0.11949565788333151 0.19361603125974908
0.11949565788333151 0.18009588065491516
0.11949565788333151 0.16707464436305425
0.11949565788333151 0.6639707186258019
0.11949565788333151 0.6926499638415768
0.11949565788333151 0.7202709008815317
0.11949565788333151 0.7468725829420314
0.11949565788333151 0.772492622096542
0.11949565788333151 0.7971672424752775
0.11949565788333151 0.8209313314824375
0.11949565788333151 0.8438184891234485
0.11949565788333151 0.8658610755119552
0.11949565788333151 0.8870902566237309
0.11949565788333151 0.9075360483621977
0.11949565788333151 0.9272273589978623
0.11949565788333151 0.9461920300416709
0.11949565788333151 0.9644568756100738
0.11949565788333151 0.9820477203374609
0.11949565788333151 0.9989894358895679
0.11949565788333151 1.0153059761294825
0.11949565788333151 1.0310204109859717
0.11949565788333151 1.0461549590720145
0.11949565788333151 1.0607310190996622
0.11949565788333151 1.0747692001356401
0.11949565788333151 1.088289350740474
0.11949565788333151 1.101310587032335
0.11949565788333151 1.113851319715287
0.5597478289416657 1.113851319715287
0.5316072655219066 1.113851319715287
0.5045868957631401 1.113851319715287
0.47864212802662 1.113851319715287
0.4537301457365337 1.113851319715287
0.42980983671992995 1.113851319715287
0.40684172535941754 1.113851319715287
0.3847879074466672 1.113851319715287
0.3636119876292052 1.113851319715287
0.3432790193472677 1.113851319715287
0.3237554471615931 1.113851319715287
0.3050090513769768 1.113851319715287
0.2870088948702011 1.113851319715287
0.2697252720345887 1.113851319715287
0.25312965975692575 1.113851319715287
0.23719467034584962 1.113851319715287
0.2218940063340204 1.113851319715287
0.207202417079486 1.113851319715287
0.19309565709462012 1.113851319715287
0.17955044603386333 1.113851319715287
0.16654443027423588 1.113851319715287
0.1540561460252176 1.113851319715287
0.14206498390711597 1.113851319715287
0.13055115493946573 1.113851319715287
0.1194956578833315 1.113851319715287
0.5878883923614249 1.113851319715287
0.6149087621201914 1.113851319715287
0.6408535298567115 1.113851319715287
0.6657655121467978 1.113851319715287
0.6896858211634016 1.113851319715287
0.712653932523914 1.113851319715287
0.7347077504366644 1.113851319715287
0.7558836702541263 1.113851319715287
0.7762166385360638 1.113851319715287
0.7957402107217384 1.113851319715287
0.8144866065063547 1.113851319715287
0.8324867630131304 1.113851319715287
0.8497703858487429 1.113851319715287
0.8663659981264058 1.113851319715287
0.8823009875374819 1.113851319715287
0.897601651549311 1.113851319715287
0.9122932408038456 1.113851319715287
0.9264000007887114 1.113851319715287
0.9399452118494682 1.113851319715287
0.9529512276090957 1.113851319715287
0.9654395118581138 1.113851319715287
0.9774306739762155 1.113851319715287
0.9889445029438657 1.113851319715287
1.0 1.113851319715287
1.0 0.0
1.0 0.04455652081199819
1.0 0.0876967806919486
1.0 0.1294657965081144
1.0 0.16990715423535294
1.0 0.20906305443708778
1.0 0.24697435630160391
1.0 0.2836806202786171
1.0 0.31922014936060983
1.0 0.35363002905201013
1.0 0.38694616606792176
1.0 0.4192033258027871
1.0 0.4504351686080818
1.0 0.4806742849168977
1.0 0.5099522292520642
1.0 0.5382995531532988
1.0 0.5657458370577435
1.0 0.5923197211671557
1.0 0.6180489353339637
1.0 0.6429603279973719
1.0 0.6670798941997119
1.0 0.6904328027122731
1.0 0.7130434222989199
1.0 0.7349353471449009
1.0 0.7561314214773845
1.0 0.7766537634034145
1.0 0.7965237879901578
1.0 0.8157622296115307
1.0 0.8343891635845216
1.0 0.8524240271177878
1.0 0.8698856395943848
1.0 0.8867922222097971
1.0 0.9031614169857578
1.0 0.9190103051797014
1.0 0.9343554251090584
1.0 0.9492127894089931
1.0 0.96359790174159
1.0 0.9775257729739283
1.0 0.9910109368419241
1.0 1.0040674651162864
1.0 1.0167089822864115
1.0 1.0289486797775407
1.0 1.040799329716014
1.0 1.052273298256987
1.0 1.063382558488514
1.0 1.0741387029254696
1.0 1.084552955606339
1.0 1.094636183805503
1.0 1.1043989093732418
