# CURVE 2D, normalized by CHORD
# COLUMN#1 = X-coordinate, COLUMN#2 = Y-coordinate
#-------------------------------------------------------------------------------
0.0 0.0
0.0 0.01892117370108913
0.0 0.036483655035453734
0.0 0.052785009036667156
0.0 0.06791579478463056
0.0 0.08196006848936271
0.0 0.09499585044933
0.0 0.10709555847841451
0.0 0.11832641020934205
0.0 0.12875079650848992
0.0 0.13842662807651002
0.0 0.147407657160241
0.0 0.15574377616311935
0.0 0.1634812948129621
0.0 0.1706631974268755
0.0 0.1773293817024745
0.0 0.18351688036197375
0.0 0.189260066880451
0.0 0.1945908464411674
0.0 0.19953883317876098
0.0 0.20413151469495405
0.0 0.20839440476071033
0.0 0.21235118505314976
0.0 0.21602383671461348
0.0 0.2194327624647305
0.0 0.22259689994385626
0.0 0.22553382691754129
0.0 0.22825985892647352
0.0 0.23079013992436936
0.0 0.23313872640733607
0.0 0.23531866550206934
0.0 0.23734206744669084
0.0 0.23922017286687872
0.0 0.2409634152210314
0.0 0.24258147876136654
0.0 0.24408335233294712
0.0 0.2454773793095052
0.0 0.24677130394347188
0.0 0.24797231438770276
0.0 0.24908708262789744
0.0 0.25012180154755065
0.0 0.2510822193313416
0.0 0.2519736713980836
0.0 0.2528011100406312
0.0 0.2535691319374038
0.0 0.25428200368836057
0.0 0.25494368551728713
0.0 0.2555578532720677
0.0 0.25612791884516056
0.0 0.25665704912771975
0.21280895806531824 0.25665704912771975
0.19609910934662952 0.25665704912771975
0.18041406781082675 0.25665704912771975
0.16569098251414766 0.25665704912771975
0.1518708571317258 0.25665704912771975
0.13889831355562215 0.25665704912771975
0.1267213699912782 0.25665704912771975
0.11529123266320974 0.25665704912771975
0.10456210029529249 0.25665704912771975
0.0944909805821803 0.25665704912771975
0.08503751791644512 0.25665704912771975
0.07616383168113053 0.25665704912771975
0.06783436445974728 0.25665704912771975
0.060015739555478426 0.25665704912771975
0.05267662724866504 0.25665704912771975
0.045787619256657114 0.25665704912771975
0.039321110892983485 0.25665704912771975
0.033251190453644164 0.25665704912771975
0.02755353538728958 0.25665704912771975
0.02220531483323407 0.25665704912771975
0.01718509813676733 0.25665704912771975
0.012472768975178655 0.25665704912771975
0.008049444750392182 0.25665704912771975
0.0038974009252136788 0.25665704912771975
0.22951880678400696 0.25665704912771975
0.24520384831980974 0.25665704912771975
0.25992693361648883 0.25665704912771975
0.2737470589989107 0.25665704912771975
0.28671960257501433 0.25665704912771975
0.2988965461393583 0.25665704912771975
0.31032668346742676 0.25665704912771975
0.321055815835344 0.25665704912771975
0.3311269355484562 0.25665704912771975
0.3405803982141914 0.25665704912771975
0.349454084449506 0.25665704912771975
0.3577835516708892 0.25665704912771975
0.36560217657515803 0.25665704912771975
0.3729412888819714 0.25665704912771975
0.3798302968739794 0.25665704912771975
0.386296805237653 0.25665704912771975
0.3923667256769923 0.25665704912771975
0.39806438074334693 0.25665704912771975
0.4034126012974024 0.25665704912771975
0.40843281799386916 0.25665704912771975
0.4131451471554578 0.25665704912771975
0.41756847138024433 0.25665704912771975
0.4217205152054228 0.25665704912771975
0.4256179161306365 0.25665704912771975
0.4256179161306365 0.2916133110149477
0.4256179161306365 0.288234026037805
0.4256179161306365 0.28514297405012556
0.4256179161306365 0.2823155704854177
0.4256179161306365 0.27972932769507103
0.4256179161306365 0.2773636760936834
0.4256179161306365 0.2751998005596321
0.4256179161306365 0.2732204907897069
0.4256179161306365 0.2714100044176064
0.4256179161306365 0.26975394180761614
0.4256179161306365 0.2682391315276438
0.4256179161306365 0.26685352559072606
0.4256179161306365 0.26558610363181473
0.4256179161306365 0.26442678525771474
0.4256179161306365 0.26336634987305385
0.4256179161306365 0.26239636334462174
0.4256179161306365 0.2615091109208064
0.4256179161306365 0.26069753587260597
0.4256179161306365 0.25995518336819773
0.4256179161306365 0.2592761491346747
0.4256179161306365 0.25865503249863164
0.4256179161306365 0.25808689343211083
0.4256179161306365 0.25756721326227433
0.4256179161306365 0.2570918587323084
0.4256179161306365 0.2949925959920904
0.4256179161306365 0.29808364797976983
0.4256179161306365 0.30091105154447767
0.4256179161306365 0.30349729433482436
0.4256179161306365 0.305862945936212
0.4256179161306365 0.3080268214702633
0.4256179161306365 0.3100061312401885
0.4256179161306365 0.311816617612289
0.4256179161306365 0.31347268022227925
0.4256179161306365 0.3149874905022516
0.4256179161306365 0.31637309643916933
0.4256179161306365 0.31764051839808066
0.4256179161306365 0.31879983677218066
0.4256179161306365 0.31986027215684154
0.4256179161306365 0.32083025868527365
0.4256179161306365 0.32171751110908897
0.4256179161306365 0.3225290861572894
0.4256179161306365 0.32327143866169766
0.4256179161306365 0.32395047289522066
0.4256179161306365 0.32457158953126375
0.4256179161306365 0.32513972859778456
0.4256179161306365 0.32565940876762106
0.4256179161306365 0.326134763297587
0.4256179161306365 0.32656957290217564
0.7128089580653183 0.32656957290217564
0.6918795876753002 0.32656957290217564
0.6720658358909157 0.32656957290217564
0.6533082358075211 0.32656957290217564
0.6355504903427847 0.32656957290217564
0.6187393032725623 0.32656957290217564
0.6028242192732317 0.32656957290217564
0.5877574724904062 0.32656957290217564
0.5734938431795381 0.32656957290217564
0.5599905219881466 0.32656957290217564
0.5472069814723433 0.32656957290217564
0.5351048544620366 0.32656957290217564
0.5236478189097548 0.32656957290217564
0.5128014888774836 0.32656957290217564
0.5025333113343391 0.32656957290217564
0.49281246845533444 0.32656957290217564
0.4836097851280109 0.32656957290217564
0.4748976413893322 0.32656957290217564
0.4666498895300413 0.32656957290217564
0.45884177561768363 0.32656957290217564
0.45144986520276553 0.32656957290217564
0.44445197298506905 0.32656957290217564
0.4378270962290323 0.32656957290217564
0.43155535172835424 0.32656957290217564
0.7337383284553364 0.32656957290217564
0.7535520802397209 0.32656957290217564
0.7723096803231155 0.32656957290217564
0.7900674257878519 0.32656957290217564
0.8068786128580743 0.32656957290217564
0.8227936968574049 0.32656957290217564
0.8378604436402304 0.32656957290217564
0.8521240729510984 0.32656957290217564
0.8656273941424899 0.32656957290217564
0.8784109346582932 0.32656957290217564
0.8905130616685999 0.32656957290217564
0.9019700972208817 0.32656957290217564
0.9128164272531529 0.32656957290217564
0.9230846047962975 0.32656957290217564
0.932805447675302 0.32656957290217564
0.9420081310026256 0.32656957290217564
0.9507202747413043 0.32656957290217564
0.9589680266005952 0.32656957290217564
0.9667761405129529 0.32656957290217564
0.974168050927871 0.32656957290217564
0.9811659431455675 0.32656957290217564
0.9877908199016041 0.32656957290217564
0.9940625644022822 0.32656957290217564
1.0 0.32656957290217564
1.0 0.0
1.0 0.02272178580231026
1.0 0.04391472527711229
1.0 0.06368168758766098
1.0 0.08211862029589738
1.0 0.09931501508573506
1.0 0.11535434214993
1.0 0.13031445534902014
1.0 0.14426797010895032
1.0 0.15728261589167275
1.0 0.16942156494959332
1.0 0.18074373895961596
1.0 0.19130409502516743
1.0 0.2011538924344379
1.0 0.21034094146966417
1.0 0.21890983547516066
1.0 0.22690216731054033
1.0 0.2343567312397767
1.0 0.24130971123606235
1.0 0.24779485661648443
1.0 0.2538436458590361
1.0 0.2594854393971215
1.0 0.264747622133208
1.0 0.26965573636337964
1.0 0.2742336057579968
1.0 0.27850345100025803
1.0 0.2824859976439647
1.0 0.28620057671402493
1.0 0.2896652185380029
1.0 0.29289674026416795
1.0 0.2959108274908489
1.0 0.29872211040331825
1.0 0.3013442347877692
1.0 0.3037899282670829
1.0 0.30607106207989015
1.0 0.3081987087027992
1.0 0.31018319559548413
1.0 0.31203415532950884
1.0 0.313760572344209
1.0 0.3153708265565821
1.0 0.3168727340368647
1.0 0.31827358494723396
1.0 0.3195801789277854
1.0 0.3207988581015479
1.0 0.3219355378587404
1.0 0.3229957355696952
1.0 0.32398459736581786
1.0 0.32490692311857816
1.0 0.32576718973777635
