# CURVE 2D, normalized by CHORD
# COLUMN#1 = X-coordinate, COLUMN#2 = Y-coordinate
#-------------------------------------------------------------------------------
0.0 0.0
0.0 -0.038012228355005694
0.0 -0.07432688007253543
0.0 -0.10901976671546851
0.0 -0.14216331420097023
0.0 -0.1738267139990228
0.0 -0.20407606757862617
0.0 -0.2329745244032196
0.0 -0.2605824137634074
0.0 -0.28695737072220673
0.0 -0.31215445643574435
0.0 -0.33622627310058817
0.0 -0.35922307376767987
0.0 -0.3811928672521212
0.0 -0.4021815183578248
0.0 -0.4222328436262633
0.0 -0.44138870280920345
0.0 -0.45968908625638744
0.0 -0.47717219840059366
0.0 -0.49387453751436367
0.0 -0.5098309719048975
0.0 -0.525074812706184
0.0 -0.5396378834203295
0.0 -0.5535505863532612
0.0 -0.5668419660834983
0.0 -0.5795397700964915
0.0 -0.59167050671111
0.0 -0.6032595004192083
0.0 -0.6143309447538001
0.0 -0.6249079527962076
0.0 -0.6350126054276275
0.0 -0.6446659974258453
0.0 -0.6538882815033297
0.0 -0.6626987103786436
0.0 -0.6711156769690003
0.0 -0.6791567527878727
0.0 -0.6868387246278148
0.0 -0.6941776296050769
0.0 -0.701188788639173
0.0 -0.707886838437295
0.0 -0.7142857620503444
0.0 -0.7203989180643714
0.0 -0.726239068488362
0.0 -0.7318184053965934
0.0 -0.7371485763811761
0.0 -0.7422407088679188
0.0 -0.7471054333462782
0.0 -0.7517529055618896
0.0 -0.756192827718008
0.0 -0.7604344687301208
0.3320659605389069 -0.7604344687301208
0.3088500560282506 -0.7604344687301208
0.28677062435906364 -0.7604344687301208
0.265772032526877 -0.7604344687301208
0.2458013708929484 -0.7604344687301208
0.22680831986913919 -0.7604344687301208
0.20874502312887705 -0.7604344687301208
0.1915659670247395 -0.7604344687301208
0.17522786590882863 -0.7604344687301208
0.15968955306698185 -0.7604344687301208
0.14491187699200792 -0.7604344687301208
0.13085760273459104 -0.7604344687301208
0.11749131808329896 -0.7604344687301208
0.10477934433729902 -0.7604344687301208
0.09268965144695854 -0.7604344687301208
0.08119177730851168 -0.7604344687301208
0.07025675100944068 -0.7604344687301208
0.05985701983117547 -0.7604344687301208
0.049966379825182095 -0.7604344687301208
0.04055990978751384 -0.7604344687301208
0.031613908465462415 -0.7604344687301208
0.023105834838090866 -0.7604344687301208
0.015014251320173921 -0.7604344687301208
0.007318769746438081 -0.7604344687301208
0.3552818650495632 -0.7604344687301208
0.3773612967187502 -0.7604344687301208
0.39835988855093685 -0.7604344687301208
0.4183305501848654 -0.7604344687301208
0.43732360120867464 -0.7604344687301208
0.4553868979489368 -0.7604344687301208
0.47256595405307433 -0.7604344687301208
0.48890405516898516 -0.7604344687301208
0.504442368010832 -0.7604344687301208
0.5192200440858059 -0.7604344687301208
0.5332743183432228 -0.7604344687301208
0.5466406029945149 -0.7604344687301208
0.5593525767405148 -0.7604344687301208
0.5714422696308553 -0.7604344687301208
0.5829401437693021 -0.7604344687301208
0.5938751700683731 -0.7604344687301208
0.6042749012466384 -0.7604344687301208
0.6141655412526317 -0.7604344687301208
0.6235720112903 -0.7604344687301208
0.6325180126123514 -0.7604344687301208
0.641026086239723 -0.7604344687301208
0.64911766975764 -0.7604344687301208
0.6568131513313757 -0.7604344687301208
0.6641319210778138 -0.7604344687301208
0.6641319210778138 -0.7698786104369348
0.6641319210778138 -0.768934871506519
0.6641319210778138 -0.768075465172772
0.6641319210778138 -0.7672928554671844
0.6641319210778138 -0.766580179836078
0.6641319210778138 -0.7659311889641954
0.6641319210778138 -0.7653401919756597
0.6641319210778138 -0.7648020065317793
0.6641319210778138 -0.76431191338812
0.6641319210778138 -0.7638656150123593
0.6641319210778138 -0.7634591979000539
0.6641319210778138 -0.7630890982578737
0.6641319210778138 -0.7627520707533849
0.6641319210778138 -0.7624451600573547
0.6641319210778138 -0.7621656749290399
0.6641319210778138 -0.7619111646172145
0.6641319210778138 -0.7616793973700053
0.6641319210778138 -0.7614683408650894
0.6641319210778138 -0.7612761443886514
0.6641319210778138 -0.761101122606831
0.6641319210778138 -0.760941740787355
0.6641319210778138 -0.7607966013417654
0.6641319210778138 -0.7606644315702363
0.6641319210778138 -0.7605440725015138
0.6641319210778138 -0.7708223493673507
0.6641319210778138 -0.7716817557010976
0.6641319210778138 -0.7724643654066853
0.6641319210778138 -0.7731770410377918
0.6641319210778138 -0.7738260319096743
0.6641319210778138 -0.7744170288982101
0.6641319210778138 -0.7749552143420905
0.6641319210778138 -0.7754453074857497
0.6641319210778138 -0.7758916058615105
0.6641319210778138 -0.7762980229738158
0.6641319210778138 -0.7766681226159959
0.6641319210778138 -0.7770051501204849
0.6641319210778138 -0.777312060816515
0.6641319210778138 -0.7775915459448299
0.6641319210778138 -0.7778460562566553
0.6641319210778138 -0.7780778235038645
0.6641319210778138 -0.7782888800087804
0.6641319210778138 -0.7784810764852184
0.6641319210778138 -0.7786560982670387
0.6641319210778138 -0.7788154800865148
0.6641319210778138 -0.7789606195321044
0.6641319210778138 -0.7790927893036335
0.6641319210778138 -0.779213148372356
0.6641319210778138 -0.779322752143749
0.8320659605389069 -0.779322752143749
0.8182236298718727 -0.779322752143749
0.8053046417469322 -0.779322752143749
0.7932474052751992 -0.779322752143749
0.7819944379429796 -0.779322752143749
0.7714920915656094 -0.779322752143749
0.761690296521341 -0.779322752143749
0.7525423230459225 -0.779322752143749
0.7440045584498449 -0.779322752143749
0.7360362991961528 -0.779322752143749
0.7285995568475498 -0.779322752143749
0.7216588769576635 -0.779322752143749
0.7151811700430326 -0.779322752143749
0.7091355538299868 -0.779322752143749
0.7034932060243323 -0.779322752143749
0.6982272269019267 -0.779322752143749
0.6933125110650512 -0.779322752143749
0.6887256277531779 -0.779322752143749
0.6844447091375214 -0.779322752143749
0.6804493460668202 -0.779322752143749
0.6767204907673193 -0.779322752143749
0.6732403660330795 -0.779322752143749
0.6699923804736801 -0.779322752143749
0.6669610494152632 -0.779322752143749
0.8459082912059411 -0.779322752143749
0.8588272793308817 -0.779322752143749
0.8708845158026146 -0.779322752143749
0.8821374831348342 -0.779322752143749
0.8926398295122044 -0.779322752143749
0.9024416245564728 -0.779322752143749
0.9115895980318913 -0.779322752143749
0.9201273626279689 -0.779322752143749
0.9280956218816611 -0.779322752143749
0.935532364230264 -0.779322752143749
0.9424730441201503 -0.779322752143749
0.9489507510347812 -0.779322752143749
0.954996367247827 -0.779322752143749
0.9606387150534815 -0.779322752143749
0.9659046941758871 -0.779322752143749
0.9708194100127626 -0.779322752143749
0.9754062933246359 -0.779322752143749
0.9796872119402924 -0.779322752143749
0.9836825750109937 -0.779322752143749
0.9874114303104945 -0.779322752143749
0.9908915550447344 -0.779322752143749
0.9941395406041337 -0.779322752143749
0.9971708716625506 -0.779322752143749
1.0 -0.779322752143749
1.0 0.0
1.0 -0.03845130384692807
1.0 -0.07521614357281706
1.0 -0.11036848705253718
1.0 -0.14397905794933016
1.0 -0.1761154780050818
1.0 -0.20684240308978052
1.0 -0.23622165328388267
1.0 -0.26431233725529885
1.0 -0.2911709711812383
1.0 -0.3168515924541727
1.0 -0.34140586840068565
1.0 -0.36488320023194204
1.0 -0.38733082243491723
1.0 -0.4087938978043529
1.0 -0.4293156083066358
1.0 -0.44893724195841106
1.0 -0.46769827589472207
1.0 -0.4856364557938035
1.0 -0.5027878718183235
1.0 -0.5191870312258632
1.0 -0.5348669277947197
1.0 -0.5498591082047104
1.0 -0.5641937355065348
1.0 -0.5778996498073844
1.0 -0.591004426294899
1.0 -0.6035344307162072
1.0 -0.6155148724236703
1.0 -0.6269698550940545
1.0 -0.6379224252231724
1.0 -0.6483946184935641
1.0 -0.658407504108501
1.0 -0.6679812271815153
1.0 -0.6771350492667327
1.0 -0.6858873871115573
1.0 -0.6942558497096732
1.0 -0.7022572737289111
1.0 -0.7099077573852582
1.0 -0.7172226928311626
1.0 -0.7242167971232953
1.0 -0.7309041418320744
1.0 -0.7372981813525229
1.0 -0.7434117799734203
1.0 -0.7492572377592079
1.0 -0.7548463152967204
1.0 -0.7601902573565323
1.0 -0.7652998155165248
1.0 -0.7701852697931876
1.0 -0.7748564493241781
