# CURVE 2D, normalized by CHORD
# COLUMN#1 = X-coordinate, COLUMN#2 = Y-coordinate
#-------------------------------------------------------------------------------
0.0 0.0
0.0 -0.029692089750942553
0.0 -0.05766088460515952
0.0 -0.08400640262557577
0.0 -0.10882285694124773
0.0 -0.13219899265907956
0.0 -0.1542184042215688
0.0 -0.17495983434547188
0.0 -0.19449745561041187
0.0 -0.2129011357044055
0.0 -0.23023668727484364
0.0 -0.2465661032784071
0.0 -0.2619477786715423
0.0 -0.2764367192342758
0.0 -0.2900847382741338
0.0 -0.3029406419135911
0.0 -0.31505040362364883
0.0 -0.3264573286276831
0.0 -0.3372022087634824
0.0 -0.34732346835726974
0.0 -0.3568573016313634
0.0 -0.3658378021368548
0.0 -0.3742970846741611
0.0 -0.3822654001374494
0.0 -0.38977124369362154
0.0 -0.39684145668271437
0.0 -0.40350132260411786
0.0 -0.4097746575318628
0.0 -0.41568389528230854
0.0 -0.42125016763879586
0.0 -0.4264933799201527
0.0 -0.43143228216329055
0.0 -0.43608453617444415
0.0 -0.44046677868883405
0.0 -0.44459468086461507
0.0 -0.4484830043238633
0.0 -0.4521456539410093
0.0 -0.4555957275674902
0.0 -0.45884556287044076
0.0 -0.46190678145291963
0.0 -0.4647903304134488
0.0 -0.46750652149348454
0.0 -0.4700650679528142
0.0 -0.4724751193047472
0.0 -0.47474529403531507
0.0 -0.47688371042348676
0.0 -0.4788980155726139
0.0 -0.48079541275692433
0.0 -0.4825826871808561
0.0 -0.4842662302433497
0.26768808821282486 -0.4842662302433497
0.24780873535573422 -0.4842662302433497
0.22902884909307347 -0.4842662302433497
0.21128762126871406 -0.4842662302433497
0.19452760684085085 -0.4842662302433497
0.1786945378783691 -0.4842662302433497
0.16373714784450716 -0.4842662302433497
0.14960700559885592 -0.4842662302433497
0.13625835858020321 -0.4842662302433497
0.12364798466245827 -0.4842662302433497
0.11173505220397514 -0.4842662302433497
0.10048098783712256 -0.4842662302433497
0.08984935157001087 -0.4842662302433497
0.07980571879596299 -0.4842662302433497
0.07031756882868301 -0.4842662302433497
0.061354179602205766 -0.4842662302433497
0.05288652819467207 -0.4842662302433497
0.04488719685383208 -0.4842662302433497
0.037330284219992016 -0.4842662302433497
0.030191321458950177 -0.4842662302433497
0.023447193033365288 -0.4842662302433497
0.017076061856019842 -0.4842662302433497
0.011057298582628716 -0.4842662302433497
0.005371414815247999 -0.4842662302433497
0.2875674410699155 -0.4842662302433497
0.30634732733257625 -0.4842662302433497
0.3240885551569357 -0.4842662302433497
0.34084856958479887 -0.4842662302433497
0.35668163854728063 -0.4842662302433497
0.37163902858114256 -0.4842662302433497
0.3857691708267938 -0.4842662302433497
0.39911781784544653 -0.4842662302433497
0.4117281917631914 -0.4842662302433497
0.42364112422167455 -0.4842662302433497
0.43489518858852716 -0.4842662302433497
0.4455268248556389 -0.4842662302433497
0.45557045762968673 -0.4842662302433497
0.4650586075969667 -0.4842662302433497
0.4740219968234439 -0.4842662302433497
0.4824896482309776 -0.4842662302433497
0.49048897957181764 -0.4842662302433497
0.4980458922056577 -0.4842662302433497
0.5051848549666995 -0.4842662302433497
0.5119289833922844 -0.4842662302433497
0.5183001145696299 -0.4842662302433497
0.524318877843021 -0.4842662302433497
0.5300047616104018 -0.4842662302433497
0.5353761764256497 -0.4842662302433497
0.5353761764256497 -0.5750796198703934
0.5353761764256497 -0.5668918808880405
0.5353761764256497 -0.5593343720283226
0.5353761764256497 -0.5523585829505541
0.5353761764256497 -0.5459197372725976
0.5353761764256497 -0.5399765051590196
0.5353761764256497 -0.5344907380320345
0.5353761764256497 -0.529427223702389
0.5353761764256497 -0.5247534603484176
0.5353761764256497 -0.5204394478924765
0.5353761764256497 -0.5164574954356409
0.5353761764256497 -0.5127820435146194
0.5353761764256497 -0.5093895000399855
0.5353761764256497 -0.5062580888626403
0.5353761764256497 -0.503367709996483
0.5353761764256497 -0.5006998106000797
0.5353761764256497 -0.4982372658891881
0.5353761764256497 -0.495964269215732
0.5353761764256497 -0.49386623060766466
0.5353761764256497 -0.49192968311846486
0.5353761764256497 -0.4901421963851388
0.5353761764256497 -0.48849229683987283
0.5353761764256497 -0.4869693940631884
0.5353761764256497 -0.48556371280587335
0.5353761764256497 -0.5832673588527462
0.5353761764256497 -0.5908248677124641
0.5353761764256497 -0.5978006567902326
0.5353761764256497 -0.6042395024681891
0.5353761764256497 -0.6101827345817671
0.5353761764256497 -0.6156685017087522
0.5353761764256497 -0.6207320160383977
0.5353761764256497 -0.6254057793923691
0.5353761764256497 -0.6297197918483102
0.5353761764256497 -0.6337017443051458
0.5353761764256497 -0.6373771962261673
0.5353761764256497 -0.6407697397008012
0.5353761764256497 -0.6439011508781464
0.5353761764256497 -0.6467915297443038
0.5353761764256497 -0.649459429140707
0.5353761764256497 -0.6519219738515987
0.5353761764256497 -0.6541949705250547
0.5353761764256497 -0.656293009133122
0.5353761764256497 -0.6582295566223219
0.5353761764256497 -0.6600170433556479
0.5353761764256497 -0.6616669429009139
0.5353761764256497 -0.6631898456775983
0.5353761764256497 -0.6645955269349133
0.5353761764256497 -0.665893009497437
0.7676880882128249 -0.665893009497437
0.7498128455906442 -0.665893009497437
0.7329944245142446 -0.665893009497437
0.7171703434943824 -0.665893009497437
0.7022818150774942 -0.665893009497437
0.6882735274466202 -0.665893009497437
0.675093438934534 -0.665893009497437
0.6626925846856845 -0.665893009497437
0.6510248947486869 -0.665893009497437
0.6400470229235626 -0.665893009497437
0.6297181857278883 -0.665893009497437
0.6200000108835999 -0.665893009497437
0.6108563947615728 -0.665893009497437
0.6022533682543753 -0.665893009497437
0.5941589705789034 -0.665893009497437
0.5865431305400671 -0.665893009497437
0.5793775548144143 -0.665893009497437
0.5726356228386595 -0.665893009497437
0.5662922879126212 -0.665893009497437
0.5603239841491598 -0.665893009497437
0.5547085389254292 -0.665893009497437
0.5494250905101908 -0.665893009497437
0.5444540105611752 -0.665893009497437
0.5397768312045577 -0.665893009497437
0.7855633308350055 -0.665893009497437
0.8023817519114051 -0.665893009497437
0.8182058329312674 -0.665893009497437
0.8330943613481555 -0.665893009497437
0.8471026489790295 -0.665893009497437
0.8602827374911157 -0.665893009497437
0.8726835917399652 -0.665893009497437
0.8843512816769629 -0.665893009497437
0.8953291535020871 -0.665893009497437
0.9056579906977614 -0.665893009497437
0.9153761655420498 -0.665893009497437
0.9245197816640769 -0.665893009497437
0.9331228081712745 -0.665893009497437
0.9412172058467463 -0.665893009497437
0.9488330458855826 -0.665893009497437
0.9559986216112354 -0.665893009497437
0.9627405535869902 -0.665893009497437
0.9690838885130285 -0.665893009497437
0.9750521922764899 -0.665893009497437
0.9806676375002206 -0.665893009497437
0.9859510859154589 -0.665893009497437
0.9909221658644746 -0.665893009497437
0.9955993452210921 -0.665893009497437
1.0 -0.665893009497437
1.0 0.0
1.0 -0.03559864345388351
1.0 -0.06945756641312252
1.0 -0.10166178974103757
1.0 -0.13229217929603765
1.0 -0.16142564898843656
1.0 -0.18913535391379796
1.0 -0.215490874047774
1.0 -0.24055838896370033
1.0 -0.2644008440116703
1.0 -0.2870781083763681
1.0 -0.30864712541055056
1.0 -0.3291620556216688
1.0 -0.3486744126706743
1.0 -0.3672331927245072
1.0 -0.3848849974870744
1.0 -0.40167415121765254
1.0 -0.4176428120305537
1.0 -0.43283107775552915
1.0 -0.4472770866247321
1.0 -0.46101711303906634
1.0 -0.4740856586543938
1.0 -0.48651553901632094
1.0 -0.4983379659611077
1.0 -0.5095826259896095
1.0 -0.5202777548110517
1.0 -0.5304502082438199
1.0 -0.5401255296512982
1.0 -0.5493280140820904
1.0 -0.558080769275682
1.0 -0.5664057736867296
1.0 -0.5743239316736806
1.0 -0.5818551259903003
1.0 -0.5890182677119175
1.0 -0.5958313437217531
1.0 -0.6023114618765727
1.0 -0.6084748939650747
1.0 -0.6143371165668835
1.0 -0.619912849914748
1.0 -0.6252160948575272
1.0 -0.6302601680167796
1.0 -0.6350577352252363
1.0 -0.6396208433311209
1.0 -0.6439609504481792
1.0 -0.6480889547273786
1.0 -0.6520152217225209
1.0 -0.6557496104184874
1.0 -0.6593014979874726
1.0 -0.66267980333537
