# CURVE 2D, normalized by CHORD
# COLUMN#1 = X-coordinate, COLUMN#2 = Y-coordinate
#-------------------------------------------------------------------------------
0.0 0.0
0.0 0.015865864270081763
0.0 0.030538032974908817
0.0 0.044106315851804793
0.0 0.05665376564815982
0.0 0.06825718649518057
0.0 0.07898760403326774
0.0 0.08891070016670254
0.0 0.09808721510881743
0.0 0.1065733191786074
0.0 0.1144209566245841
0.0 0.12167816358045169
0.0 0.1283893620988407
0.0 0.1345956320629087
0.0 0.1403349626402046
0.0 0.14564248481796896
0.0 0.15055068644324154
0.0 0.15508961108405686
0.0 0.15928704192897583
0.0 0.1631686718506201
0.0 0.1667582606741841
0.0 0.17007778061358048
0.0 0.17314755076544688
0.0 0.1759863614842653
0.0 0.1786115893999054
0.0 0.18103930378162528
0.0 0.18328436489959393
0.0 0.18536051498601555
0.0 0.18728046235263715
0.0 0.1890559591795311
0.0 0.19069787345130493
0.0 0.1922162554810665
0.0 0.19362039942934475
0.0 0.19491890019452837
0.0 0.19611970602305465
0.0 0.1972301671613804
0.0 0.19825708084753826
0.0 0.1992067329176758
0.0 0.20008493628225518
0.0 0.20089706650743008
0.0 0.2016480947193961
0.0 0.20234261803312628
0.0 0.202984887691748
0.0 0.20357883508880595
0.0 0.20412809583269498
0.0 0.20463603200056418
0.0 0.2051057527179104
0.0 0.20554013318983033
0.0 0.205941832300424
0.0 0.20631330888807664
0.22734372765079575 0.20631330888807664
0.20976105608163229 0.20631330888807664
0.19322766974614686 0.20631330888807664
0.1776809502022397 0.20631330888807664
0.16306201590333286 0.20631330888807664
0.14931549919077602 0.20631330888807664
0.13638933659472852 0.20631330888807664
0.12423457164930553 0.20631330888807664
0.11280516947517087 0.20631330888807664
0.10205784242732821 0.20631330888807664
0.0919518861477702 0.20631330888807664
0.08244902540205212 0.20631330888807664
0.07351326911591283 0.20631330888807664
0.06511077406290922 0.20631330888807664
0.05720971668679614 0.20631330888807664
0.049780172573192005 0.20631330888807664
0.04279400311404233 0.20631330888807664
0.03622474893563507 0.20631330888807664
0.030047529686536845 0.20631330888807664
0.02423894980590857 0.20631330888807664
0.018777009915307313 0.20631330888807664
0.013641023498380478 0.20631330888807664
0.008811538552885578 0.20631330888807664
0.004270263918300737 0.20631330888807664
0.2449263992199592 0.20631330888807664
0.26145978555544463 0.20631330888807664
0.27700650509935176 0.20631330888807664
0.29162543939825863 0.20631330888807664
0.30537195611081547 0.20631330888807664
0.318298118706863 0.20631330888807664
0.330452883652286 0.20631330888807664
0.3418822858264206 0.20631330888807664
0.3526296128742633 0.20631330888807664
0.3627355691538213 0.20631330888807664
0.37223842989953937 0.20631330888807664
0.38117418618567867 0.20631330888807664
0.3895766812386823 0.20631330888807664
0.39747773861479535 0.20631330888807664
0.4049072827283995 0.20631330888807664
0.41189345218754914 0.20631330888807664
0.4184627063659564 0.20631330888807664
0.42463992561505465 0.20631330888807664
0.4304485054956829 0.20631330888807664
0.4359104453862842 0.20631330888807664
0.441046431803211 0.20631330888807664
0.4458759167487059 0.20631330888807664
0.4504171913832907 0.20631330888807664
0.4546874553015915 0.20631330888807664
0.4546874553015915 0.7186287827575749
0.4546874553015915 0.6875413674160002
0.4546874553015915 0.6575311070616688
0.4546874553015915 0.628560679104272
0.4546874553015915 0.6005940541524968
0.4546874553015915 0.5735964512056766
0.4546874553015915 0.5475342943980177
0.4546874553015915 0.5223751712416042
0.4546874553015915 0.4980877923162509
0.4546874553015915 0.4746419523560725
0.4546874553015915 0.45200849268437165
0.4546874553015915 0.43015926495013057
0.4546874553015915 0.40906709612100456
0.4546874553015915 0.3887057546892815
0.4546874553015915 0.36904991804877885
0.4546874553015915 0.35007514100210607
0.4546874553015915 0.33175782535912607
0.4546874553015915 0.31407519058880634
0.4546874553015915 0.2970052454879612
0.4546874553015915 0.2805267608316501
0.4546874553015915 0.2646192429712185
0.4546874553015915 0.24926290834714654
0.4546874553015915 0.2344386588850073
0.4546874553015915 0.22012805824393705
0.4546874553015915 0.7497161980991496
0.4546874553015915 0.779726458453481
0.4546874553015915 0.8086968864108778
0.4546874553015915 0.836663511362653
0.4546874553015915 0.8636611143094732
0.4546874553015915 0.8897232711171321
0.4546874553015915 0.9148823942735457
0.4546874553015915 0.9391697731988989
0.4546874553015915 0.9626156131590773
0.4546874553015915 0.9852490728307781
0.4546874553015915 1.0070983005650191
0.4546874553015915 1.0281904693941453
0.4546874553015915 1.0485518108258685
0.4546874553015915 1.0682076474663709
0.4546874553015915 1.0871824245130437
0.4546874553015915 1.1054997401560238
0.4546874553015915 1.1231823749263434
0.4546874553015915 1.1402523200271886
0.4546874553015915 1.1567308046834996
0.4546874553015915 1.1726383225439312
0.4546874553015915 1.1879946571680033
0.4546874553015915 1.2028189066301425
0.4546874553015915 1.2171295072712127
0.4546874553015915 1.2309442566270732
0.7273437276507957 1.2309442566270732
0.7071933897687998 1.2309442566270732
0.688147090769172 1.2309442566270732
0.6701443402591001 1.2309442566270732
0.6531279621200071 1.2309442566270732
0.6370439129181585 1.2309442566270732
0.621841110264569 1.2309442566270732
0.6074712705790858 1.2309442566270732
0.5938887557433931 1.2309442566270732
0.5810504281559125 1.2309442566270732
0.5689155137282589 1.2309442566270732
0.5574454723881335 1.2309442566270732
0.546603875677375 1.2309442566270732
0.5363562910564249 1.2309442566270732
0.5266701725477625 1.2309442566270732
0.5175147573709953 1.2309442566270732
0.508860968241323 1.2309442566270732
0.500681321021078 1.2309442566270732
0.4929498374310455 1.2309442566270732
0.48564196254433967 1.2309442566270732
0.4787344868007972 1.2309442566270732
0.47220547229421 1.2309442566270732
0.4660341830982866 1.2309442566270732
0.46020101941006125 1.2309442566270732
0.7474940655327916 1.2309442566270732
0.7665403645324194 1.2309442566270732
0.7845431150424913 1.2309442566270732
0.8015594931815844 1.2309442566270732
0.8176435423834328 1.2309442566270732
0.8328463450370224 1.2309442566270732
0.8472161847225056 1.2309442566270732
0.8607986995581983 1.2309442566270732
0.873637027145679 1.2309442566270732
0.8857719415733326 1.2309442566270732
0.8972419829134579 1.2309442566270732
0.9080835796242165 1.2309442566270732
0.9183311642451666 1.2309442566270732
0.9280172827538289 1.2309442566270732
0.9371726979305962 1.2309442566270732
0.9458264870602684 1.2309442566270732
0.9540061342805135 1.2309442566270732
0.961737617870546 1.2309442566270732
0.9690454927572518 1.2309442566270732
0.9759529685007943 1.2309442566270732
0.9824819830073814 1.2309442566270732
0.9886532722033049 1.2309442566270732
0.9944864358915302 1.2309442566270732
1.0 1.2309442566270732
1.0 0.0
1.0 0.046201038765369955
1.0 0.09109120953833492
1.0 0.13470770574439864
1.0 0.17708666551523752
1.0 0.2182632016306878
1.0 0.25827143061118446
1.0 0.2971445009847571
1.0 0.3349146207520023
1.0 0.3716130840717892
1.0 0.4072702971898076
1.0 0.4419158036314426
1.0 0.4755783086798484
1.0 0.5082857031595022
1.0 0.5400650865449449
1.0 0.5709427894138541
1.0 0.6009443952630534
1.0 0.6300947617055331
1.0 0.6584180410660452
1.0 0.6859377003923371
1.0 0.7126765408986035
1.0 0.7386567168572676
1.0 0.7638997539547426
1.0 0.788426567126383
1.0 0.8122574778854028
1.0 0.8354122311601179
1.0 0.8579100116534631
1.0 0.8797694597383393
1.0 0.901008686901958
1.0 0.9216452907519843
1.0 0.9416963695969058
1.0 0.9611785366127128
1.0 0.9801079336076247
1.0 0.9985002443962682
1.0 1.0163707077943878
1.0 1.0337341302448568
1.0 1.0506048980854474
1.0 1.0669969894685274
1.0 1.082923985942556
1.0 1.0983990837049782
1.0 1.113435104535838
1.0 1.128044506421171
1.0 1.14223939387498
1.0 1.15603152796834
1.0 1.1694323360739496
1.0 1.1824529213341983
1.0 1.1951040718605934
1.0 1.2073962696721727
1.0 1.219339699380304
