# CURVE 2D, normalized by CHORD
# COLUMN#1 = X-coordinate, COLUMN#2 = Y-coordinate
#-------------------------------------------------------------------------------
0.0 0.0
0.0 0.03746087890029947
0.0 0.0732117644089173
0.0 0.10733071335434843
0.0 0.13989221947033897
0.0 0.1709673760420559
0.0 0.20062403112787502
0.0 0.22892693569569095
0.0 0.2559378849971829
0.0 0.281715853488707
0.0 0.30631712359339386
0.0 0.32979540858558626
0.0 0.35220196986591595
0.0 0.3735857288830726
0.0 0.3939933739466306
0.0 0.4134694621641427
0.0 0.4320565167250661
0.0 0.4497951197439263
0.0 0.46672400086542654
0.0 0.48288012182496226
0.0 0.49829875714916233
0.0 0.5130135711726582
0.0 0.5270566915392334
0.0 0.540458779347834
0.0 0.5532490960965927
0.0 0.5654555675710292
0.0 0.577104844815918
0.0 0.588222362323945
0.0 0.5988323935682027
0.0 0.6089581039997665
0.0 0.618621601626069
0.0 0.6278439852805001
0.0 0.6366453906886225
0.0 0.6450450344315832
0.0 0.6530612559027076
0.0 0.660711557348881
0.0 0.6680126420841451
0.0 0.6749804509589407
0.0 0.6816301971646218
0.0 0.6879763994492342
0.0 0.6940329138170777
0.0 0.6998129637812641
0.0 0.7053291692353243
0.0 0.710593574006899
0.0 0.7156176721536749
0.0 0.7204124330589777
0.0 0.7249883253818167
0.0 0.7293553399136693
0.0 0.7335230113919133
0.0 0.737500439317531
0.0999794051849497 0.737500439317531
0.09106444666616019 0.737500439317531
0.0828241725223327 0.737500439317531
0.0752075226161869 0.737500439317531
0.06816730104343174 0.737500439317531
0.06165988368747659 0.737500439317531
0.05564494790641223 0.737500439317531
0.05008522267729053 0.737500439317531
0.04494625764949389 0.737500439317531
0.04019620967615388 0.737500439317531
0.03580564550087954 0.737500439317531
0.031747359377161166 0.737500439317531
0.0279962044903439 0.737500439317531
0.024528937137592424 0.737500439317531
0.02132407270032137 0.737500439317531
0.018361752516637242 0.737500439317531
0.015623620828878665 0.737500439317531
0.013092711043771188 0.737500439317531
0.01075334060041741 0.737500439317531
0.008591013794681496 0.737500439317531
0.006592331957827546 0.737500439317531
0.0047449104328419756 0.737500439317531
0.0030373018339905355 0.737500439317531
0.0014589251140948445 0.737500439317531
0.10889436370373921 0.737500439317531
0.1171346378475667 0.737500439317531
0.1247512877537125 0.737500439317531
0.13179150932646766 0.737500439317531
0.13829892668242283 0.737500439317531
0.14431386246348718 0.737500439317531
0.1498735876926089 0.737500439317531
0.1550125527204055 0.737500439317531
0.15976260069374554 0.737500439317531
0.16415316486901987 0.737500439317531
0.16821145099273824 0.737500439317531
0.1719626058795555 0.737500439317531
0.17542987323230697 0.737500439317531
0.17863473766957805 0.737500439317531
0.18159705785326216 0.737500439317531
0.18433518954102074 0.737500439317531
0.18686609932612822 0.737500439317531
0.189205469769482 0.737500439317531
0.1913677965752179 0.737500439317531
0.19336647841207186 0.737500439317531
0.19521389993705743 0.737500439317531
0.19692150853590887 0.737500439317531
0.19849988525580456 0.737500439317531
0.1999588103698994 0.737500439317531
0.1999588103698994 0.947603367105587
0.1999588103698994 0.9310588777339899
0.1999588103698994 0.9155342210338926
0.1999588103698994 0.9009665326488017
0.1999588103698994 0.8872968232964665
0.1999588103698994 0.8744697399021952
0.1999588103698994 0.8624333414563508
0.1999588103698994 0.8511388886884029
0.1999588103698994 0.8405406467058565
0.1999588103698994 0.8305956997988787
0.1999588103698994 0.8212637776607088
0.1999588103698994 0.8125070923201603
0.1999588103698994 0.8042901851259029
0.1999588103698994 0.7965797831629144
0.1999588103698994 0.789344664519685
0.1999588103698994 0.7825555318605991
0.1999588103698994 0.7761848937915469
0.1999588103698994 0.7702069535383773
0.1999588103698994 0.7645975044874156
0.1999588103698994 0.759333832165055
0.1999588103698994 0.7543946222595054
0.1999588103698994 0.7497598743122512
0.1999588103698994 0.7454108207297256
0.1999588103698994 0.7413298507872534
0.1999588103698994 0.9641478564771842
0.1999588103698994 0.9796725131772814
0.1999588103698994 0.9942402015623724
0.1999588103698994 1.0079099109147074
0.1999588103698994 1.0207369943089788
0.1999588103698994 1.0327733927548233
0.1999588103698994 1.044067845522771
0.1999588103698994 1.0546660875053175
0.1999588103698994 1.0646110344122952
0.1999588103698994 1.0739429565504652
0.1999588103698994 1.0826996418910138
0.1999588103698994 1.090916549085271
0.1999588103698994 1.0986269510482596
0.1999588103698994 1.105862069691489
0.1999588103698994 1.1126512023505748
0.1999588103698994 1.119021840419627
0.1999588103698994 1.1249997806727967
0.1999588103698994 1.1306092297237582
0.1999588103698994 1.135872902046119
0.1999588103698994 1.1408121119516685
0.1999588103698994 1.1454468598989227
0.1999588103698994 1.1497959134814484
0.1999588103698994 1.1538768834239206
0.1999588103698994 1.157706294893643
0.5999794051849497 1.157706294893643
0.5735879554917973 1.157706294893643
0.5483313131494632 1.157706294893643
0.5241606825162359 1.157706294893643
0.5010293661168008 1.157706294893643
0.4788926744230709 1.157706294893643
0.45770783951435723 1.157706294893643
0.43743393245007034 1.157706294893643
0.4180317841953168 1.157706294893643
0.39946390994662034 1.157706294893643
0.3816944367115658 1.157706294893643
0.36468903400244906 1.157706294893643
0.34841484751003526 1.157706294893643
0.33284043562928184 1.157706294893643
0.3179357087143958 1.157706294893643
0.30367187094586623 1.157706294893643
0.29002136469715867 1.157706294893643
0.2769578172935897 1.157706294893643
0.26445599006051895 1.157706294893643
0.2524917295624211 1.157706294893643
0.2410419209386313 1.157706294893643
0.23008444324560917 1.157706294893643
0.2195981267194439 1.157706294893643
0.20956271187603037 1.157706294893643
0.19995881036989938 1.157706294893643
0.6263708548781022 1.157706294893643
0.6516274972204363 1.157706294893643
0.6757981278536636 1.157706294893643
0.6989294442530987 1.157706294893643
0.7210661359468286 1.157706294893643
0.7422509708555423 1.157706294893643
0.762524877919829 1.157706294893643
0.7819270261745827 1.157706294893643
0.8004949004232791 1.157706294893643
0.8182643736583337 1.157706294893643
0.8352697763674504 1.157706294893643
0.8515439628598642 1.157706294893643
0.8671183747406176 1.157706294893643
0.8820231016555036 1.157706294893643
0.8962869394240331 1.157706294893643
0.9099374456727407 1.157706294893643
0.9230009930763097 1.157706294893643
0.9355028203093805 1.157706294893643
0.9474670808074783 1.157706294893643
0.9589168894312681 1.157706294893643
0.9698743671242902 1.157706294893643
0.9803606836504555 1.157706294893643
0.990396098493869 1.157706294893643
1.0 1.157706294893643
1.0 0.0
1.0 0.04519221412947558
1.0 0.08900771859583131
1.0 0.13148845269177584
1.0 0.1726750780954851
1.0 0.2126070177911179
1.0 0.25132249380367927
1.0 0.28885856378435043
1.0 0.3252511564813045
1.0 0.3605351061299596
1.0 0.3947441857955869
1.0 0.42791113970018874
1.0 0.46006771456458917
1.0 0.49124468999573717
1.0 0.5214719079483084
1.0 0.5507783012888058
1.0 0.5791919214894995
1.0 0.6067399654787147
1.0 0.6334488016731681
1.0 0.6593439952172694
1.0 0.6844503324535477
1.0 0.708791844647625
1.0 0.7323918309904456
1.0 0.7552728808997784
1.0 0.77745689564234
1.0 0.7989651092972324
1.0 0.8198181090807641
1.0 0.8400358550521064
1.0 0.859637699218649
1.0 0.8786424040593391
1.0 0.8970681604837388
1.0 0.9149326052439858
1.0 0.932252837816327
1.0 0.9490454367683834
1.0 0.9653264756278106
1.0 0.9811115382675467
1.0 0.9964157338223728
1.0 1.0112537111510629
1.0 1.0256396728579682
1.0 1.039587388887456
1.0 1.0531102097042147
1.0 1.0662210790720414
1.0 1.078932546443346
1.0 1.091256778971224
1.0 1.1032055731556067
1.0 1.1147903661346237
1.0 1.126022246631996
1.0 1.1369119655709319
1.0 1.1474699463646874
