# CURVE 2D, normalized by CHORD
# COLUMN#1 = X-coordinate, COLUMN#2 = Y-coordinate
#-------------------------------------------------------------------------------
0.0 0.0
0.0 0.04084020141711141
0.0 0.08007401559128606
0.0 0.1177646273229097
0.0 0.15397273613429036
0.0 0.18875665402429342
0.0 0.22217239937794694
0.0 0.2542737871822556
0.0 0.2851125156935124
0.0 0.3147382496956842
0.0 0.3431987004839539
0.0 0.3705397027022329
0.0 0.396805288158386
0.0 0.4220377567360468
0.0 0.44627774451722496
0.0 0.4695642892254137
0.0 0.49193489309459265
0.0 0.5134255832653736
0.0 0.5340709698055559
0.0 0.553904301448532
0.0 0.5729575191393064
0.0 0.5912613074743641
0.0 0.6088451441182301
0.0 0.6257373472763033
0.0 0.6419651213004186
0.0 0.6575546005005843
0.0 0.6725308912334501
0.0 0.6869181123352901
0.0 0.7007394339646159
0.0 0.7140171149169745
0.0 0.7267725384720245
0.0 0.7390262468306233
0.0 0.7507979741973831
0.0 0.7621066785619749
0.0 0.7729705722303634
0.0 0.7834071511551419
0.0 0.793433223112204
0.0 0.803064934769127
0.0 0.812317797688863
0.0 0.8212067133106143
0.0 0.8297459969481232
0.0 0.8379494008440261
0.0 0.8458301363173997
0.0 0.8534008950401668
0.0 0.8606738694766274
0.0 0.8676607725190315
0.0 0.8743728563508171
0.0 0.8808209305678901
0.0 0.8870153795871337
0.0 0.8929661793701771
0.36806198203493173 0.8929661793701771
0.34312566548227036 0.8929661793701771
0.3193291242837959 0.8929661793701771
0.29662026221851007 0.8929661793701771
0.2749493642506474 0.8929661793701771
0.2542689876917791 0.8929661793701771
0.23453385833761825 0.8929661793701771
0.21570077135214724 0.8929661793701771
0.19772849668207845 0.8929661793701771
0.18057768879457808 0.8929661793701771
0.16421080054064852 0.8929661793701771
0.14859200095559535 0.8929661793701771
0.13368709681662516 0.8929661793701771
0.1194634577858453 0.8929661793701771
0.10588994497478593 0.8929661793701771
0.09293684277405517 0.8929661793701771
0.0805757937988873 0.8929661793701771
0.06877973680816257 0.8929661793701771
0.057522847460991844 0.8929661793701771
0.04678048178116456 0.8929661793701771
0.03652912220569415 0.8929661793701771
0.026746326099345352 0.8929661793701771
0.017410676622431787 0.8929661793701771
0.00850173584432068 0.8929661793701771
0.3929982985875931 0.8929661793701771
0.4167948397860676 0.8929661793701771
0.4395037018513534 0.8929661793701771
0.46117459981921605 0.8929661793701771
0.4818549763780844 0.8929661793701771
0.5015901057322452 0.8929661793701771
0.5204231927177162 0.8929661793701771
0.538395467387785 0.8929661793701771
0.5555462752752853 0.8929661793701771
0.571913163529215 0.8929661793701771
0.5875319631142681 0.8929661793701771
0.6024368672532383 0.8929661793701771
0.6166605062840181 0.8929661793701771
0.6302340190950775 0.8929661793701771
0.6431871212958082 0.8929661793701771
0.6555481702709762 0.8929661793701771
0.667344227261701 0.8929661793701771
0.6786011166088717 0.8929661793701771
0.6893434822886989 0.8929661793701771
0.6995948418641693 0.8929661793701771
0.7093776379705181 0.8929661793701771
0.7187132874474317 0.8929661793701771
0.7276222282255428 0.8929661793701771
0.7361239640698635 0.8929661793701771
0.7361239640698635 1.037061530233648
0.7361239640698635 1.0248605275853122
0.7361239640698635 1.013510355012758
0.7361239640698635 1.0029516803579064
0.7361239640698635 0.9931293089574408
0.7361239640698635 0.9839918951169306
0.7361239640698635 0.9754916737051452
0.7361239640698635 0.9675842104654874
0.7361239640698635 0.9602281697393191
0.7361239640698635 0.9533850983869714
0.7361239640698635 0.9470192247769004
0.7361239640698635 0.9410972717922226
0.7361239640698635 0.9355882828771342
0.7361239640698635 0.9304634602138863
0.7361239640698635 0.9256960141843966
0.7361239640698635 0.9212610233295733
0.7361239640698635 0.9171353040742947
0.7361239640698635 0.9132972895370459
0.7361239640698635 0.9097269167906975
0.7361239640698635 0.906405521985089
0.7361239640698635 0.9033157427831818
0.7361239640698635 0.900441427600772
0.7361239640698635 0.8977675511753198
0.7361239640698635 0.895280136022541
0.7361239640698635 1.049262532881984
0.7361239640698635 1.0606127054545382
0.7361239640698635 1.0711713801093898
0.7361239640698635 1.0809937515098553
0.7361239640698635 1.0901311653503656
0.7361239640698635 1.0986313867621509
0.7361239640698635 1.1065388500018087
0.7361239640698635 1.113894890727977
0.7361239640698635 1.1207379620803248
0.7361239640698635 1.1271038356903957
0.7361239640698635 1.1330257886750736
0.7361239640698635 1.138534777590162
0.7361239640698635 1.14365960025341
0.7361239640698635 1.1484270462828996
0.7361239640698635 1.152862037137723
0.7361239640698635 1.1569877563930016
0.7361239640698635 1.1608257709302503
0.7361239640698635 1.1643961436765986
0.7361239640698635 1.1677175384822072
0.7361239640698635 1.1708073176841143
0.7361239640698635 1.1736816328665243
0.7361239640698635 1.1763555092919764
0.7361239640698635 1.1788429244447551
0.7361239640698635 1.1811568810971191
0.8680619820349318 1.1811568810971191
0.8567328867713448 1.1811568810971191
0.8462118773590708 1.1811568810971191
0.8364413143548971 1.1811568810971191
0.8273676696429026 1.1811568810971191
0.8189412331801995 1.1811568810971191
0.811115840660024 1.1811568810971191
0.8038486206001725 1.1811568810971191
0.7970997594712074 1.1811568810971191
0.790832283577683 1.1811568810971191
0.7850118564974278 1.1811568810971191
0.779606590969152 1.1811568810971191
0.7745868741978036 1.1811568810971191
0.769925205620609 1.1811568810971191
0.7655960462449963 1.1811568810971191
0.7615756787329983 1.1811568810971191
0.7578420774656063 1.1811568810971191
0.7543747878752217 1.1811568810971191
0.7511548143851262 1.1811568810971191
0.7481645163420465 1.1811568810971191
0.7453875113716791 1.1811568810971191
0.7428085856277079 1.1811568810971191
0.740413610442612 1.1811568810971191
0.7381894649236362 1.1811568810971191
0.8793910772985187 1.1811568810971191
0.8899120867107928 1.1811568810971191
0.8996826497149664 1.1811568810971191
0.9087562944269609 1.1811568810971191
0.9171827308896641 1.1811568810971191
0.9250081234098396 1.1811568810971191
0.9322753434696911 1.1811568810971191
0.9390242045986561 1.1811568810971191
0.9452916804921805 1.1811568810971191
0.9511121075724357 1.1811568810971191
0.9565173731007115 1.1811568810971191
0.96153708987206 1.1811568810971191
0.9661987584492545 1.1811568810971191
0.9705279178248672 1.1811568810971191
0.9745482853368652 1.1811568810971191
0.9782818866042573 1.1811568810971191
0.9817491761946417 1.1811568810971191
0.9849691496847373 1.1811568810971191
0.987959447727817 1.1811568810971191
0.9907364526981843 1.1811568810971191
0.9933153784421556 1.1811568810971191
0.9957103536272515 1.1811568810971191
0.9979344991462272 1.1811568810971191
1.0 1.1811568810971191
1.0 0.0
1.0 0.04552189985493985
1.0 0.08968823138462176
1.0 0.13253936121456641
1.0 0.17411445391767544
1.0 0.21445150780940808
1.0 0.2535873896770357
1.0 0.29155786847471565
1.0 0.32839764801518007
1.0 0.36414039868791964
1.0 0.39881878823285133
1.0 0.4324645115975956
1.0 0.46510831990565327
1.0 0.49678004856195623
1.0 0.5275086445214812
1.0 0.5573221927458473
1.0 0.5862479418720805
1.0 0.6143123291170032
1.0 0.6415410044400108
1.0 0.6679588539863215
1.0 0.6935900228321226
1.0 0.7184579370524042
1.0 0.7425853251316489
1.0 0.7659942387369446
1.0 0.7887060728725089
1.0 0.8107415854340443
1.0 0.8321209161807953
1.0 0.8528636051426501
1.0 0.8729886104791078
1.0 0.8925143258064339
1.0 0.9114585970088426
1.0 0.9298387385490685
1.0 0.9476715492932362
1.0 0.9649733278644903
1.0 0.9817598875394208
1.0 0.998046570700895
1.0 1.0138482628605094
1.0 1.0291794062634745
1.0 1.044054013088369
1.0 1.0584856782538261
1.0 1.0724875918438574
1.0 1.0860725511631724
1.0 1.0992529724335072
1.0 1.1120409021416586
1.0 1.1244480280495899
1.0 1.1364856898766749
1.0 1.1481648896638414
1.0 1.1594963018290878
1.0 1.1704902829235615
