# CURVE 2D, normalized by CHORD
# COLUMN#1 = X-coordinate, COLUMN#2 = Y-coordinate
#-------------------------------------------------------------------------------
0.0 0.0
0.0 -0.0291774394274375
0.0 -0.05664004718974794
0.0 -0.08248860826660837
0.0 -0.10681798425038322
0.0 -0.1297174614785282
0.0 -0.15127107870537534
0.0 -0.17155793551582116
0.0 -0.19065248261276493
0.0 -0.20862479504362255
0.0 -0.22554082936862938
0.0 -0.2414626657147135
0.0 -0.256448735603253
0.0 -0.27055403638782144
0.0 -0.28383033308888644
0.0 -0.29632634836617444
0.0 -0.3080879413258805
0.0 -0.31915827581892786
0.0 -0.3295779788479141
0.0 -0.33938528966408266
0.0 -0.34861620010148814
0.0 -0.3573045866633705
0.0 -0.36548233484547893
0.0 -0.3731794561526009
0.0 -0.3804241982377352
0.0 -0.38724314856810765
0.0 -0.3936613319984739
0.0 -0.39970230260979356
0.0 -0.40538823015031344
0.0 -0.41073998139629075
0.0 -0.4157771967309415
0.0 -0.4205183622226508
0.0 -0.42498087746696583
0.0 -0.4291811194413424
0.0 -0.43313450260698877
0.0 -0.4368555354783712
0.0 -0.4403578738679883
0.0 -0.4436543710018145
0.0 -0.4467571246893337
0.0 -0.4496775217212704
0.0 -0.45242627965795473
0.0 -0.4550134861616794
0.0 -0.4574486360173955
0.0 -0.45974066597760815
0.0 -0.4618979875593503
0.0 -0.4639285179135951
0.0 -0.46583970888039566
0.0 -0.4676385743363808
0.0 -0.4693317159349693
0.0 -0.4709253473337671
0.11793517015871052 -0.4709253473337671
0.10764136777030724 -0.4709253473337671
0.09810113243230678 -0.4709253473337671
0.08925929859188171 -0.4709253473337671
0.08106473914005258 -0.4709253473337671
0.07347006977377846 -0.4709253473337671
0.06643137500048618 -0.4709253473337671
0.059907954200684115 -0.4709253473337671
0.05386208628029049 -0.4709253473337671
0.04825881155179927 -0.4709253473337671
0.04306572958303141 -0.4709253473337671
0.03825281184454965 -0.4709253473337671
0.03379222807238777 -0.4709253473337671
0.02965818534205214 -0.4709253473337671
0.025826778923255578 -0.4709253473337671
0.022275854052964325 -0.4709253473337671
0.018984877827473365 -0.4709253473337671
0.01593482047273738 -0.4709253473337671
0.013108045306413851 -0.4709253473337671
0.010488206755333504 -0.4709253473337671
0.0080601558386936 -0.4709253473337671
0.005809852570438867 -0.4709253473337671
0.003724284774304795 -0.4709253473337671
0.0017913928420787567 -0.4709253473337671
0.12822897254711382 -0.4709253473337671
0.13776920788511426 -0.4709253473337671
0.14661104172553932 -0.4709253473337671
0.15480560117736847 -0.4709253473337671
0.1624002705436426 -0.4709253473337671
0.16943896531693486 -0.4709253473337671
0.17596238611673692 -0.4709253473337671
0.18200825403713056 -0.4709253473337671
0.18761152876562176 -0.4709253473337671
0.19280461073438965 -0.4709253473337671
0.1976175284728714 -0.4709253473337671
0.20207811224503328 -0.4709253473337671
0.2062121549753689 -0.4709253473337671
0.21004356139416547 -0.4709253473337671
0.2135944862644567 -0.4709253473337671
0.21688546248994767 -0.4709253473337671
0.21993551984468368 -0.4709253473337671
0.2227622950110072 -0.4709253473337671
0.22538213356208753 -0.4709253473337671
0.22781018447872745 -0.4709253473337671
0.23006048774698218 -0.4709253473337671
0.23214605554311624 -0.4709253473337671
0.2340789474753423 -0.4709253473337671
0.23587034031742105 -0.4709253473337671
0.23587034031742105 -0.5484946908153456
0.23587034031742105 -0.5413869707846337
0.23587034031742105 -0.5348398761209412
0.23587034031742105 -0.5288091871869178
0.23587034031742105 -0.5232541721936811
0.23587034031742105 -0.5181373120948303
0.23587034031742105 -0.5134240471795981
0.23587034031742105 -0.509082543653608
0.23587034031742105 -0.5050834786307045
0.23587034031742105 -0.501399842083671
0.23587034031742105 -0.49800675441619724
0.23587034031742105 -0.49488129842395645
0.23587034031742105 -0.49200236450984786
0.23587034031742105 -0.4893505081079721
0.23587034031742105 -0.4869078183533701
0.23587034031742105 -0.484657797110509
0.23587034031742105 -0.48258524754346377
0.23587034031742105 -0.4806761714751875
0.23587034031742105 -0.47891767484262626
0.23587034031742105 -0.47729788060911454
0.23587034031742105 -0.4758058485458536
0.23587034031742105 -0.47443150134067036
0.23587034031742105 -0.47316555653498915
0.23587034031742105 -0.4719994638293125
0.23587034031742105 -0.5556024108460575
0.23587034031742105 -0.5621495055097501
0.23587034031742105 -0.5681801944437734
0.23587034031742105 -0.5737352094370102
0.23587034031742105 -0.578852069535861
0.23587034031742105 -0.5835653344510932
0.23587034031742105 -0.5879068379770832
0.23587034031742105 -0.5919059029999868
0.23587034031742105 -0.5955895395470202
0.23587034031742105 -0.598982627214494
0.23587034031742105 -0.6021080832067348
0.23587034031742105 -0.6049870171208435
0.23587034031742105 -0.6076388735227192
0.23587034031742105 -0.6100815632773212
0.23587034031742105 -0.6123315845201822
0.23587034031742105 -0.6144041340872275
0.23587034031742105 -0.6163132101555038
0.23587034031742105 -0.618071706788065
0.23587034031742105 -0.6196915010215767
0.23587034031742105 -0.6211835330848376
0.23587034031742105 -0.6225578802900209
0.23587034031742105 -0.6238238250957021
0.23587034031742105 -0.6249899178013787
0.23587034031742105 -0.6260640342969241
0.6179351701587106 -0.6260640342969241
0.5923534963839278 -0.6260640342969241
0.5679102406183125 -0.6260640342969241
0.5445547417684974 -0.6260640342969241
0.5222385932261642 -0.6260640342969241
0.5009155425405042 -0.6260640342969241
0.48054139555538605 -0.6260640342969241
0.4610739248125453 -0.6260640342969241
0.4424727820309515 -0.6260640342969241
0.4246994144809587 -0.6260640342969241
0.4077169850799157 -0.6260640342969241
0.39149029604362645 -0.6260640342969241
0.37598571593542 -0.6260640342969241
0.36117110996163326 -0.6260640342969241
0.3470157733690355 -0.6260640342969241
0.33349036780615504 -0.6260640342969241
0.32056686051661026 -0.6260640342969241
0.3082184662384169 -0.6260640342969241
0.2964195916888527 -0.6260640342969241
0.2851457825198177 -0.6260640342969241
0.2743736726337514 -0.6260640342969241
0.26408093575505726 -0.6260640342969241
0.2542462391566624 -0.6260640342969241
0.24484919944580663 -0.6260640342969241
0.6435168439334934 -0.6260640342969241
0.6679600996991086 -0.6260640342969241
0.6913155985489238 -0.6260640342969241
0.713631747091257 -0.6260640342969241
0.734954797776917 -0.6260640342969241
0.755328944762035 -0.6260640342969241
0.7747964155048759 -0.6260640342969241
0.7933975582864696 -0.6260640342969241
0.8111709258364624 -0.6260640342969241
0.8281533552375053 -0.6260640342969241
0.8443800442737946 -0.6260640342969241
0.8598846243820011 -0.6260640342969241
0.8746992303557879 -0.6260640342969241
0.8888545669483856 -0.6260640342969241
0.902379972511266 -0.6260640342969241
0.9153034798008108 -0.6260640342969241
0.9276518740790041 -0.6260640342969241
0.9394507486285684 -0.6260640342969241
0.9507245577976033 -0.6260640342969241
0.9614966676836696 -0.6260640342969241
0.9717894045623638 -0.6260640342969241
0.9816241011607587 -0.6260640342969241
0.9910211408716144 -0.6260640342969241
1.0 -0.6260640342969241
1.0 0.0
1.0 -0.03446053684980829
1.0 -0.0671720164187139
1.0 -0.09822321275528184
1.0 -0.12769839414844034
1.0 -0.15567755181897608
1.0 -0.1822366170037082
1.0 -0.2074476670214746
1.0 -0.2313791208801632
1.0 -0.25409592495563593
1.0 -0.27565972924645016
1.0 -0.2961290546827071
1.0 -0.31555945194307733
1.0 -0.3340036522110095
1.0 -0.3515117102792525
1.0 -0.3681311403910538
1.0 -0.3839070451866887
1.0 -0.39888223810526
1.0 -0.4130973595739493
1.0 -0.4265909873000399
1.0 -0.4393997409650278
1.0 -0.45155838160494366
1.0 -0.4630999059465904
1.0 -0.47405563595570954
1.0 -0.48445530384009844
1.0 -0.4943271327383614
1.0 -0.5036979133132745
1.0 -0.5125930764576255
1.0 -0.5210367623098424
1.0 -0.5290518857667071
1.0 -0.5366601986709487
1.0 -0.543882348842481
1.0 -0.550737936113489
1.0 -0.5572455655194329
1.0 -0.5634228977903238
1.0 -0.5692866972792954
1.0 -0.5748528774585435
1.0 -0.5801365441061028
1.0 -0.5851520363006624
1.0 -0.589912965335674
1.0 -0.5944322516583611
1.0 -0.5987221599338742
1.0 -0.6027943323297521
1.0 -0.6066598201110188
1.0 -0.6103291136316582
1.0 -0.613812170803862
1.0 -0.6171184441223088
1.0 -0.6202569063168173
1.0 -0.6232360747029888
