# CURVE 2D, normalized by CHORD
# COLUMN#1 = X-coordinate, COLUMN#2 = Y-coordinate
#-------------------------------------------------------------------------------
0.0 0.0
0.0 -0.03109933256100452
0.0 -0.060457598907997206
0.0 -0.08817227095795996
0.0 -0.11433536375637607
0.0 -0.13903374097493143
0.0 -0.16234940330622064
0.0 -0.18435976071295296
0.0 -0.20513788943554834
0.0 -0.2247527746114106
0.0 -0.2432695393113938
0.0 -0.2607496607538825
0.0 -0.2772511744143348
0.0 -0.2928288667079487
0.0 -0.30753445688517556
0.0 -0.3214167687439867
0.0 -0.3345218927289959
0.0 -0.34689333895561664
0.0 -0.35857218166731053
0.0 -0.3695971956055348
0.0 -0.3800049847451497
0.0 -0.3898301038226983
0.0 -0.399105173061042
0.0 -0.40786098647124785
0.0 -0.41612661409129903
0.0 -0.4239294985010692
0.0 -0.4312955459339995
0.0 -0.438249212287975
0.0 -0.4448135843209656
0.0 -0.45101045630100745
0.0 -0.4568604023650077
0.0 -0.4623828448266126
0.0 -0.4675961186599242
0.0 -0.47251753237315874
0.0 -0.477163425474352
0.0 -0.48154922271990164
0.0 -0.4856894853260582
0.0 -0.4895979593133891
0.0 -0.4932876211447248
0.0 -0.4967707208081083
0.0 -0.5000588224877873
0.0 -0.5031628429582797
0.0 -0.5060930878289849
0.0 -0.5088592857596742
0.0 -0.5114706207604616
0.0 -0.5139357626834902
0.0 -0.5162628960075719
0.0 -0.5184597470113461
0.0 -0.520533609425176
0.0 -0.5224913686469472
0.35056591719898783 -0.5224913686469472
0.32645426666429644 -0.5224913686469472
0.3034820902250737 -0.5224913686469472
0.28159553834445883 -0.5224913686469472
0.26074330631976633 -0.5224913686469472
0.2408765140181095 -0.5224913686469472
0.22194859129550637 -0.5224913686469472
0.20391516883087635 -0.5224913686469472
0.1867339741190302 -0.5224913686469472
0.17036473237884744 -0.5224913686469472
0.1547690721443591 -0.5224913686469472
0.13991043531742894 -0.5224913686469472
0.12575399147118682 -0.5224913686469472
0.11226655620333059 -0.5224913686469472
0.09941651334790669 -0.5224913686469472
0.08717374086322544 -0.5224913686469472
0.07550954022218215 -0.5224913686469472
0.06439656913946773 -0.5224913686469472
0.053808777477972414 -0.5224913686469472
0.04372134618413981 -0.5224913686469472
0.034110629109128765 -0.5224913686469472
0.024954097579404033 -0.5224913686469472
0.016230287586823877 -0.5224913686469472
0.007918749474430165 -0.5224913686469472
0.3746775677336792 -0.5224913686469472
0.39764974417290194 -0.5224913686469472
0.41953629605351683 -0.5224913686469472
0.44038852807820933 -0.5224913686469472
0.46025532037986616 -0.5224913686469472
0.4791832431024693 -0.5224913686469472
0.4972166655670993 -0.5224913686469472
0.5143978602789454 -0.5224913686469472
0.5307671020191282 -0.5224913686469472
0.5463627622536166 -0.5224913686469472
0.5612213990805467 -0.5224913686469472
0.5753778429267888 -0.5224913686469472
0.5888652781946451 -0.5224913686469472
0.601715321050069 -0.5224913686469472
0.6139580935347502 -0.5224913686469472
0.6256222941757935 -0.5224913686469472
0.6367352652585079 -0.5224913686469472
0.6473230569200032 -0.5224913686469472
0.6574104882138359 -0.5224913686469472
0.6670212052888469 -0.5224913686469472
0.6761777368185716 -0.5224913686469472
0.6849015468111518 -0.5224913686469472
0.6932130849235455 -0.5224913686469472
0.7011318343979757 -0.5224913686469472
0.7011318343979757 -0.5913431609966309
0.7011318343979757 -0.5849659141748467
0.7011318343979757 -0.5790998140562125
0.7011318343979757 -0.5737038914012675
0.7011318343979757 -0.5687404607217164
0.7011318343979757 -0.5641748570824326
0.7011318343979757 -0.5599751939992111
0.7011318343979757 -0.5561121407414077
0.7011318343979757 -0.5525587174841359
0.7011318343979757 -0.549290106879347
0.7011318343979757 -0.5462834807297953
0.7011318343979757 -0.5435178405553667
0.7011318343979757 -0.5409738709382746
0.7011318343979757 -0.5386338046228782
0.7011318343979757 -0.5364812984279687
0.7011318343979757 -0.5345013191048871
0.7011318343979757 -0.5326800383443012
0.7011318343979757 -0.531004736198359
0.7011318343979757 -0.5294637122437129
0.7011318343979757 -0.5280462038649736
0.7011318343979757 -0.5267423110878767
0.7011318343979757 -0.5255429274371944
0.7011318343979757 -0.5244396763364966
0.7011318343979757 -0.5234248526055755
0.7011318343979757 -0.5977204078184151
0.7011318343979757 -0.6035865079370493
0.7011318343979757 -0.6089824305919942
0.7011318343979757 -0.6139458612715454
0.7011318343979757 -0.6185114649108291
0.7011318343979757 -0.6227111279940506
0.7011318343979757 -0.6265741812518539
0.7011318343979757 -0.6301276045091259
0.7011318343979757 -0.6333962151139148
0.7011318343979757 -0.6364028412634664
0.7011318343979757 -0.6391684814378951
0.7011318343979757 -0.641712451054987
0.7011318343979757 -0.6440525173703834
0.7011318343979757 -0.646205023565293
0.7011318343979757 -0.6481850028883747
0.7011318343979757 -0.6500062836489604
0.7011318343979757 -0.6516815857949027
0.7011318343979757 -0.6532226097495488
0.7011318343979757 -0.6546401181282882
0.7011318343979757 -0.6559440109053849
0.7011318343979757 -0.6571433945560672
0.7011318343979757 -0.658246645656765
0.7011318343979757 -0.6592614693876861
0.7011318343979757 -0.6601949533463144
0.8505659171989879 -0.6601949533463144
0.8379896384643944 -0.6601949533463144
0.8262816882616304 -0.6601949533463144
0.8153821128909485 -0.6601949533463144
0.8052350981527814 -0.6601949533463144
0.7957886835361595 -0.6601949533463144
0.7869944961409763 -0.6601949533463144
0.7788075029715766 -0.6601949533463144
0.7711857803332227 -0.6601949533463144
0.764090299150568 -0.6601949533463144
0.7574847251088078 -0.6601949533463144
0.7513352325940731 -0.6601949533463144
0.7456103314803008 -0.6601949533463144
0.7402807058755958 -0.6601949533463144
0.7353190640023426 -0.6601949533463144
0.7306999984423366 -0.6601949533463144
0.7263998560312832 -0.6601949533463144
0.7223966167364255 -0.6601949533463144
0.7186697808970592 -0.6601949533463144
0.7152002642505211 -0.6601949533463144
0.7119703002061019 -0.6601949533463144
0.7089633488664533 -0.6601949533463144
0.7061640123306065 -0.6601949533463144
0.7035579558448897 -0.6601949533463144
0.8631421959335813 -0.6601949533463144
0.8748501461363454 -0.6601949533463144
0.8857497215070272 -0.6601949533463144
0.8958967362451944 -0.6601949533463144
0.9053431508618163 -0.6601949533463144
0.9141373382569995 -0.6601949533463144
0.922324331426399 -0.6601949533463144
0.9299460540647531 -0.6601949533463144
0.9370415352474077 -0.6601949533463144
0.9436471092891678 -0.6601949533463144
0.9497966018039027 -0.6601949533463144
0.9555215029176749 -0.6601949533463144
0.9608511285223799 -0.6601949533463144
0.9658127703956331 -0.6601949533463144
0.9704318359556392 -0.6601949533463144
0.9747319783666926 -0.6601949533463144
0.9787352176615502 -0.6601949533463144
0.9824620535009164 -0.6601949533463144
0.9859315701474547 -0.6601949533463144
0.9891615341918738 -0.6601949533463144
0.9921684855315224 -0.6601949533463144
0.9949678220673691 -0.6601949533463144
0.9975738785530861 -0.6601949533463144
1.0 -0.6601949533463144
1.0 0.0
1.0 -0.03544056896683098
1.0 -0.06913973173492813
1.0 -0.10118305396075213
1.0 -0.131651896950526
1.0 -0.1606236242449989
1.0 -0.1881717980534699
1.0 -0.21436636603583895
1.0 -0.23927383890694318
1.0 -0.26295745931413433
1.0 -0.2854773624168956
1.0 -0.30689072857622524
1.0 -0.32725192854148183
1.0 -0.346612661503335
1.0 -0.36502208636335276
1.0 -0.3825269465535323
1.0 -0.3991716887227038
1.0 -0.41499857559116476
1.0 -0.43004779326009357
1.0 -0.4443575532482133
1.0 -0.4579641895147859
1.0 -0.47090225071528935
1.0 -0.48320458792402393
1.0 -0.49490243804638423
1.0 -0.50602550313259
1.0 -0.5166020257942605
1.0 -0.5266588609153241
1.0 -0.5362215438393433
1.0 -0.5453143552063907
1.0 -0.553960382604103
1.0 -0.5621815791894519
1.0 -0.569998819430078
1.0 -0.5774319521067212
1.0 -0.5844998507113259
1.0 -0.5912204613687873
1.0 -0.5976108484040169
1.0 -0.603687237670027
1.0 -0.6094650577470476
1.0 -0.6149589791172866
1.0 -0.6201829514147992
1.0 -0.6251502388450507
1.0 -0.6298734538641053
1.0 -0.6343645892029539
1.0 -0.6386350483182989
1.0 -0.642695674347108
1.0 -0.6465567776384595
1.0 -0.650228161932585
1.0 -0.6537191492535777
1.0 -0.657038603578975
