# CURVE 2D, normalized by CHORD
# COLUMN#1 = X-coordinate, COLUMN#2 = Y-coordinate
#-------------------------------------------------------------------------------
0.0 0.0
0.05129940669164177 -0.003316241466664417
0.10015598449320595 -0.006474566673011519
0.14668605858993375 -0.00948249544096114
0.19100041487253164 -0.012347189505675064
0.23320456371310105 -0.015075469567307372
0.27339899118031 -0.017673831530766716
0.31167939829193764 -0.020148461972156567
0.3481369288744401 -0.022505252868718326
0.3828583865720615 -0.024749815627348574
0.4159264415221771 -0.02688749444509167
0.4474198271889539 -0.028923379033418427
0.4774135278239794 -0.030862316736586765
0.5059789570001941 -0.03270892407293756
0.5331841276442082 -0.03446759772660499
0.5590938139718407 -0.03614252501581207
0.583769705712443 -0.03773769386267595
0.6072705549892071 -0.03925690228826059
0.6296523162051729 -0.04070376745548407
0.6509682792679975 -0.04208173428141118
0.6712691964706876 -0.04339408363943701
0.6906034033303925 -0.044643940170890184
0.7090169336729686 -0.045834279724655105
0.7265536292373267 -0.04696793644252646
0.7432552440605249 -0.04804760950716584
0.7591615438921423 -0.049075869568727164
0.774310400874635 -0.05005516486545223
0.7887378837151042 -0.05098782705280944
0.8024783435631702 -0.05187607675505439
0.8155644957994235 -0.05272202885243054
0.8280274979291885 -0.053527697516598305
0.83989702376706 -0.05429500100628189
0.8512013340888424 -0.055025766234551965
0.8619673439191112 -0.05572173311861871
0.8722206866146054 -0.05638455872249179
0.8819857748960285 -0.05701582120237093
0.8912858589735743 -0.057617023564160576
0.9001430819045703 -0.05818959724205548
0.9085785323150426 -0.0587349055067173
0.9166122946107306 -0.059254246711157116
0.9242634967971001 -0.05974885738205219
0.9315503560222138 -0.06021991516385701
0.9384902219508936 -0.06066854162271875
0.9450996180734458 -0.06109580491687279
0.951394281047305 -0.06150272233987663
0.9573891981652661 -0.061890262742737435
0.9630986430395149 -0.06225934884070011
0.9685362095864184 -0.06261085941018837
0.9737148443929932 -0.06294563138112956
0.978646877542112 -0.06326446182964499
0.9833440519698442 -0.06356810987585015
0.9878175514248273 -0.06385729849128365
0.9920780270962398 -0.06413271622026794
0.9961356229737756 -0.06439501881930058
1.0 -0.0646448308183793
1.0 0.0
1.0 -0.003316241466664417
1.0 -0.006474566673011519
1.0 -0.00948249544096114
1.0 -0.012347189505675064
1.0 -0.015075469567307372
1.0 -0.017673831530766716
1.0 -0.020148461972156567
1.0 -0.022505252868718326
1.0 -0.024749815627348574
1.0 -0.02688749444509167
1.0 -0.028923379033418427
1.0 -0.030862316736586765
1.0 -0.03270892407293756
1.0 -0.03446759772660499
1.0 -0.03614252501581207
1.0 -0.03773769386267595
1.0 -0.03925690228826059
1.0 -0.04070376745548407
1.0 -0.04208173428141118
1.0 -0.04339408363943701
1.0 -0.044643940170890184
1.0 -0.045834279724655105
1.0 -0.04696793644252646
1.0 -0.04804760950716584
1.0 -0.049075869568727164
1.0 -0.05005516486545223
1.0 -0.05098782705280944
1.0 -0.05187607675505439
1.0 -0.05272202885243054
1.0 -0.053527697516598305
1.0 -0.05429500100628189
1.0 -0.055025766234551965
1.0 -0.05572173311861871
1.0 -0.05638455872249179
1.0 -0.05701582120237093
1.0 -0.057617023564160576
1.0 -0.05818959724205548
1.0 -0.0587349055067173
1.0 -0.059254246711157116
1.0 -0.05974885738205219
1.0 -0.06021991516385701
1.0 -0.06066854162271875
1.0 -0.06109580491687279
1.0 -0.06150272233987663
1.0 -0.061890262742737435
1.0 -0.06225934884070011
1.0 -0.06261085941018837
1.0 -0.06294563138112956
1.0 -0.06326446182964499
1.0 -0.06356810987585015
1.0 -0.06385729849128365
1.0 -0.06413271622026794
1.0 -0.06439501881930058
