# CURVE 2D, normalized by CHORD
# COLUMN#1 = X-coordinate, COLUMN#2 = Y-coordinate
#-------------------------------------------------------------------------------
0.0 0.0
0.05129940669164177 -0.035354653720505766
0.10015598449320595 -0.06902575250194024
0.14668605858993375 -0.10109346562711592
0.19100041487253164 -0.13163414479394991
0.23320456371310105 -0.16072050590522036
0.27339899118031 -0.18842180220166843
0.31167939829193764 -0.2148039891506666
0.3481369288744401 -0.23992988148304575
0.3828583865720615 -0.26385930275197833
0.4159264415221771 -0.28664922777000934
0.4474198271889539 -0.3083539182633722
0.4774135278239794 -0.32902505206657495
0.5059789570001941 -0.3487118461648632
0.5331841276442082 -0.36746117387751875
0.5590938139718407 -0.38531767646100024
0.583769705712443 -0.4023238693976493
0.6072705549892071 -0.4185202436230293
0.6296523162051729 -0.433945361932915
0.6509682792679975 -0.4486359507994728
0.6712691964706876 -0.4626269878152422
0.6906034033303925 -0.4759517849731178
0.7090169336729686 -0.48864206798061843
0.7265536292373267 -0.5007280517972856
0.7432552440605249 -0.5122385125750638
0.7591615438921423 -0.523200856172948
0.774310400874635 -0.533641183409028
0.7887378837151042 -0.5435843522052948
0.8024783435631702 -0.5530540367731678
0.8155644957994235 -0.562072783980666
0.8280274979291885 -0.5706620670354261
0.83989702376706 -0.5788423366113882
0.8512013340888424 -0.5866330695408759
0.8619673439191112 -0.594052815188007
0.8722206866146054 -0.6011192396138462
0.8819857748960285 -0.6078491676384549
0.8912858589735743 -0.614258622899987
0.9001430819045703 -0.6203628660062082
0.9085785323150426 -0.6261764308692759
0.9166122946107306 -0.6317131593102927
0.9242634967971001 -0.6369862340160231
0.9315503560222138 -0.6420082099262424
0.9384902219508936 -0.6467910441264513
0.9450996180734458 -0.6513461243171265
0.951394281047305 -0.6556842959272933
0.9573891981652661 -0.6598158879369759
0.9630986430395149 -0.663750737470007
0.9685362095864184 -0.667498213215751
0.9737148443929932 -0.671067237735507
0.978646877542112 -0.6744663087067033
0.9833440519698442 -0.6777035191554617
0.9878175514248273 -0.6807865767257077
0.9920780270962398 -0.6837228220307041
0.9961356229737756 -0.6865192461307006
1.0 -0.6891825071783162
1.0 0.0
1.0 -0.035354653720505766
1.0 -0.06902575250194024
1.0 -0.10109346562711592
1.0 -0.13163414479394991
1.0 -0.16072050590522036
1.0 -0.18842180220166843
1.0 -0.2148039891506666
1.0 -0.23992988148304575
1.0 -0.26385930275197833
1.0 -0.28664922777000934
1.0 -0.3083539182633722
1.0 -0.32902505206657495
1.0 -0.3487118461648632
1.0 -0.36746117387751875
1.0 -0.38531767646100024
1.0 -0.4023238693976493
1.0 -0.4185202436230293
1.0 -0.433945361932915
1.0 -0.4486359507994728
1.0 -0.4626269878152422
1.0 -0.4759517849731178
1.0 -0.48864206798061843
1.0 -0.5007280517972856
1.0 -0.5122385125750638
1.0 -0.523200856172948
1.0 -0.533641183409028
1.0 -0.5435843522052948
1.0 -0.5530540367731678
1.0 -0.562072783980666
1.0 -0.5706620670354261
1.0 -0.5788423366113882
1.0 -0.5866330695408759
1.0 -0.594052815188007
1.0 -0.6011192396138462
1.0 -0.6078491676384549
1.0 -0.614258622899987
1.0 -0.6203628660062082
1.0 -0.6261764308692759
1.0 -0.6317131593102927
1.0 -0.6369862340160231
1.0 -0.6420082099262424
1.0 -0.6467910441264513
1.0 -0.6513461243171265
1.0 -0.6556842959272933
1.0 -0.6598158879369759
1.0 -0.663750737470007
1.0 -0.667498213215751
1.0 -0.671067237735507
1.0 -0.6744663087067033
1.0 -0.6777035191554617
1.0 -0.6807865767257077
1.0 -0.6837228220307041
1.0 -0.6865192461307006
