# CURVE 2D, normalized by CHORD
# COLUMN#1 = X-coordinate, COLUMN#2 = Y-coordinate
#-------------------------------------------------------------------------------
0.0 0.0
0.05129940669164177 0.020519854206877824
0.10015598449320595 0.040062572499142655
0.14668605858993375 0.0586746851584425
0.19100041487253164 0.07640050673872806
0.23320456371310105 0.09328224157709526
0.27339899118031 0.10936008428030211
0.31167939829193764 0.12467231542621342
0.3481369288744401 0.1392553927080337
0.3828583865720615 0.1531440377383387
0.4159264415221771 0.1663713187195816
0.4474198271889539 0.17896872917790815
0.4774135278239794 0.19096626294774297
0.5059789570001941 0.20239248558568088
0.5331841276442082 0.21327460238371698
0.5590938139718407 0.22363852314375138
0.583769705712443 0.2335089238675937
0.6072705549892071 0.24290930550934822
0.6296523162051729 0.25186204993006683
0.6509682792679975 0.2603884731878941
0.6712691964706876 0.26850887629058673
0.6906034033303925 0.27624259353124636
0.7090169336729686 0.28360803852235084
0.7265536292373267 0.29062274803768834
0.7432552440605249 0.29730342376658125
0.7591615438921423 0.3036659720798126
0.774310400874635 0.3097255419019377
0.7887378837151042 0.31549656078015204
0.8024783435631702 0.3209927692355943
0.8155644957994235 0.3262272534788726
0.8280274979291885 0.3312124765677091
0.83989702376706 0.3359603080808867
0.8512013340888424 0.34048205237915113
0.8619673439191112 0.3447884755203553
0.8722206866146054 0.34888983089293074
0.8819857748960285 0.35279588362871683
0.8912858589735743 0.35651593385327507
0.9001430819045703 0.3600588388290448
0.9085785323150426 0.3634330340440636
0.9166122946107306 0.36664655329646245
0.9242634967971001 0.3697070478225566
0.9315503560222138 0.3726218045140748
0.9384902219508936 0.3753977632679017
0.9450996180734458 0.37804153350964154
0.951394281047305 0.3805594099303462
0.9573891981652661 0.3829573874738744
0.9630986430395149 0.385241175610568
0.9685362095864184 0.38741621193122855
0.9737148443929932 0.38948767509376236
0.978646877542112 0.3914604971533184
0.9833440519698442 0.3933393753052765
0.9878175514248273 0.39512878306904614
0.9920780270962398 0.39683298093930297
0.9961356229737756 0.39845602653002377
1.0 0.4000017842354721
1.0 0.0
1.0 0.020519854206877824
1.0 0.040062572499142655
1.0 0.0586746851584425
1.0 0.07640050673872806
1.0 0.09328224157709526
1.0 0.10936008428030211
1.0 0.12467231542621342
1.0 0.1392553927080337
1.0 0.1531440377383387
1.0 0.1663713187195816
1.0 0.17896872917790815
1.0 0.19096626294774297
1.0 0.20239248558568088
1.0 0.21327460238371698
1.0 0.22363852314375138
1.0 0.2335089238675937
1.0 0.24290930550934822
1.0 0.25186204993006683
1.0 0.2603884731878941
1.0 0.26850887629058673
1.0 0.27624259353124636
1.0 0.28360803852235084
1.0 0.29062274803768834
1.0 0.29730342376658125
1.0 0.3036659720798126
1.0 0.3097255419019377
1.0 0.31549656078015204
1.0 0.3209927692355943
1.0 0.3262272534788726
1.0 0.3312124765677091
1.0 0.3359603080808867
1.0 0.34048205237915113
1.0 0.3447884755203553
1.0 0.34888983089293074
1.0 0.35279588362871683
1.0 0.35651593385327507
1.0 0.3600588388290448
1.0 0.3634330340440636
1.0 0.36664655329646245
1.0 0.3697070478225566
1.0 0.3726218045140748
1.0 0.3753977632679017
1.0 0.37804153350964154
1.0 0.3805594099303462
1.0 0.3829573874738744
1.0 0.385241175610568
1.0 0.38741621193122855
1.0 0.38948767509376236
1.0 0.3914604971533184
1.0 0.3933393753052765
1.0 0.39512878306904614
1.0 0.39683298093930297
1.0 0.39845602653002377
