# CURVE 2D, normalized by CHORD
# COLUMN#1 = X-coordinate, COLUMN#2 = Y-coordinate
#-------------------------------------------------------------------------------
0.0 0.0
0.05129940669164177 -0.031219357358966467
0.10015598449320595 -0.0609520786532206
0.14668605858993375 -0.08926895607631978
0.19100041487253164 -0.11623741076498566
0.23320456371310105 -0.14192165332561985
0.27339899118031 -0.16638283671669998
0.31167939829193764 -0.18967920185106207
0.3481369288744401 -0.2118662162647402
0.3828583865720615 -0.23299670618252893
0.4159264415221771 -0.25312098229470864
0.4474198271889539 -0.27228695954440363
0.4774135278239794 -0.2905402712107798
0.5059789570001941 -0.3079243775597095
0.5331841276442082 -0.3244806693205949
0.5590938139718407 -0.3402485662357239
0.583769705712443 -0.35526561091679915
0.6072705549892071 -0.36956755823210885
0.6296523162051729 -0.3831884604371657
0.6509682792679975 -0.39616074825150555
0.6712691964706876 -0.40851530807468645
0.6906034033303925 -0.42028155552533486
0.7090169336729686 -0.43148750547833337
0.7265536292373267 -0.44215983876690335
0.7432552440605249 -0.4523239657083986
0.7591615438921423 -0.46200408660506076
0.774310400874635 -0.47122324936378657
0.7887378837151042 -0.4800034043720969
0.8024783435631702 -0.4883654567609638
0.8155644957994235 -0.4963293161789324
0.8280274979291885 -0.5039139441960453
0.83989702376706 -0.5111373994504385
0.8512013340888424 -0.5180168806450988
0.8619673439191112 -0.5245687674971561
0.8722206866146054 -0.5308086597372107
0.8819857748960285 -0.5367514142515485
0.8912858589735743 -0.5424111804556796
0.9001430819045703 -0.5478014339834236
0.9085785323150426 -0.5529350087717513
0.9166122946107306 -0.5578241276177776
0.9242634967971001 -0.5624804312806597
0.9315503560222138 -0.5669150061976903
0.9384902219508936 -0.5711384108805767
0.9450996180734458 -0.5751607010547541
0.951394281047305 -0.5789914536015898
0.9573891981652661 -0.5826397893604809
0.9630986430395149 -0.5861143948451392
0.9685362095864184 -0.5894235429257659
0.9737148443929932 -0.592575112526363
0.978646877542112 -0.5955766073840744
0.9833440519698442 -0.598435173915228
0.9878175514248273 -0.6011576182306126
0.9920780270962398 -0.6037504223405027
0.9961356229737756 -0.606219759588017
1.0 -0.6085715093475544
1.0 0.0
1.0 -0.031219357358966467
1.0 -0.0609520786532206
1.0 -0.08926895607631978
1.0 -0.11623741076498566
1.0 -0.14192165332561985
1.0 -0.16638283671669998
1.0 -0.18967920185106207
1.0 -0.2118662162647402
1.0 -0.23299670618252893
1.0 -0.25312098229470864
1.0 -0.27228695954440363
1.0 -0.2905402712107798
1.0 -0.3079243775597095
1.0 -0.3244806693205949
1.0 -0.3402485662357239
1.0 -0.35526561091679915
1.0 -0.36956755823210885
1.0 -0.3831884604371657
1.0 -0.39616074825150555
1.0 -0.40851530807468645
1.0 -0.42028155552533486
1.0 -0.43148750547833337
1.0 -0.44215983876690335
1.0 -0.4523239657083986
1.0 -0.46200408660506076
1.0 -0.47122324936378657
1.0 -0.4800034043720969
1.0 -0.4883654567609638
1.0 -0.4963293161789324
1.0 -0.5039139441960453
1.0 -0.5111373994504385
1.0 -0.5180168806450988
1.0 -0.5245687674971561
1.0 -0.5308086597372107
1.0 -0.5367514142515485
1.0 -0.5424111804556796
1.0 -0.5478014339834236
1.0 -0.5529350087717513
1.0 -0.5578241276177776
1.0 -0.5624804312806597
1.0 -0.5669150061976903
1.0 -0.5711384108805767
1.0 -0.5751607010547541
1.0 -0.5789914536015898
1.0 -0.5826397893604809
1.0 -0.5861143948451392
1.0 -0.5894235429257659
1.0 -0.592575112526363
1.0 -0.5955766073840744
1.0 -0.598435173915228
1.0 -0.6011576182306126
1.0 -0.6037504223405027
1.0 -0.606219759588017
