# CURVE 2D, normalized by CHORD
# COLUMN#1 = X-coordinate, COLUMN#2 = Y-coordinate
#-------------------------------------------------------------------------------
0.0 0.0
0.05129940669164177 -0.02006000010625019
0.10015598449320595 -0.03916476211220298
0.14668605858993375 -0.05735977354644374
0.19100041487253164 -0.07468835586476827
0.23320456371310105 -0.09119176759650591
0.27339899118031 -0.10690930257911319
0.31167939829193764 -0.12187838351492966
0.3481369288744401 -0.13613465107285008
0.3828583865720615 -0.14971204874706004
0.4159264415221771 -0.16264290367487902
0.4474198271889539 -0.1749580036061352
0.4774135278239794 -0.18668667020733157
0.5059789570001941 -0.1978568288751376
0.5331841276442082 -0.2084950752254291
0.5590938139718407 -0.2186267384161829
0.583769705712443 -0.22827594145499605
0.6072705549892071 -0.23746565863481808
0.6296523162051729 -0.24621777023464858
0.6509682792679975 -0.25455311461543956
0.6712691964706876 -0.2624915378352405
0.6906034033303925 -0.2700519409017175
0.7090169336729686 -0.27725232477455286
0.7265536292373267 -0.28410983322487215
0.7432552440605249 -0.29064079365374773
0.7591615438921423 -0.29686075596696254
0.774310400874635 -0.3027845295985957
0.7887378837151042 -0.30842621877157966
0.8024783435631702 -0.3137992560791834
0.8155644957994235 -0.3189164344673775
0.8280274979291885 -0.323789937694229
0.83989702376706 -0.3284313693388494
0.8512013340888424 -0.3328517804289642
0.8619673439191112 -0.3370616957528829
0.8722206866146054 -0.34107113891851987
0.8819857748960285 -0.3448896562191265
0.8912858589735743 -0.3485263393625614
0.9001430819045703 -0.3519898471182137
0.9085785323150426 -0.35528842593312054
0.9166122946107306 -0.35842992956636527
0.9242634967971001 -0.36142183778850306
0.9315503560222138 -0.364271274190539
0.9384902219508936 -0.36698502314485903
0.9450996180734458 -0.3695695459584971
0.951394281047305 -0.37203099625720004
0.9573891981652661 -0.37437523463691713
0.9630986430395149 -0.37660784261760005
0.9685362095864184 -0.3787341359325362
0.9737148443929932 -0.3807591771848563
0.978646877542112 -0.3826877879013516
0.9833440519698442 -0.38452456001229957
0.9878175514248273 -0.38627386678463094
0.9920780270962398 -0.3879398732344704
0.9961356229737756 -0.3895265460438413
1.0 -0.39103766300514686
1.0 0.0
1.0 -0.02006000010625019
1.0 -0.03916476211220298
1.0 -0.05735977354644374
1.0 -0.07468835586476827
1.0 -0.09119176759650591
1.0 -0.10690930257911319
1.0 -0.12187838351492966
1.0 -0.13613465107285008
1.0 -0.14971204874706004
1.0 -0.16264290367487902
1.0 -0.1749580036061352
1.0 -0.18668667020733157
1.0 -0.1978568288751376
1.0 -0.2084950752254291
1.0 -0.2186267384161829
1.0 -0.22827594145499605
1.0 -0.23746565863481808
1.0 -0.24621777023464858
1.0 -0.25455311461543956
1.0 -0.2624915378352405
1.0 -0.2700519409017175
1.0 -0.27725232477455286
1.0 -0.28410983322487215
1.0 -0.29064079365374773
1.0 -0.29686075596696254
1.0 -0.3027845295985957
1.0 -0.30842621877157966
1.0 -0.3137992560791834
1.0 -0.3189164344673775
1.0 -0.323789937694229
1.0 -0.3284313693388494
1.0 -0.3328517804289642
1.0 -0.3370616957528829
1.0 -0.34107113891851987
1.0 -0.3448896562191265
1.0 -0.3485263393625614
1.0 -0.3519898471182137
1.0 -0.35528842593312054
1.0 -0.35842992956636527
1.0 -0.36142183778850306
1.0 -0.364271274190539
1.0 -0.36698502314485903
1.0 -0.3695695459584971
1.0 -0.37203099625720004
1.0 -0.37437523463691713
1.0 -0.37660784261760005
1.0 -0.3787341359325362
1.0 -0.3807591771848563
1.0 -0.3826877879013516
1.0 -0.38452456001229957
1.0 -0.38627386678463094
1.0 -0.3879398732344704
1.0 -0.3895265460438413
