# CURVE 2D, normalized by CHORD
# COLUMN#1 = X-coordinate, COLUMN#2 = Y-coordinate
#-------------------------------------------------------------------------------
0.0 0.0
0.05129940669164177 -0.01503710818568231
0.10015598449320595 -0.029358163600618017
0.14668605858993375 -0.042997263995794885
0.19100041487253164 -0.05598688341977284
0.23320456371310105 -0.0683579495378471
0.27339899118031 -0.08013991726934638
0.31167939829193764 -0.09136083891839333
0.3481369288744401 -0.1020474309651047
0.3828583865720615 -0.11222513767625839
0.4159264415221771 -0.12191819168688095
0.4474198271889539 -0.13114967169699768
0.4774135278239794 -0.13994155742091835
0.5059789570001941 -0.14831478191989042
0.5331841276442082 -0.15628928144272097
0.5590938139718407 -0.16388404289303582
0.583769705712443 -0.1711171490361928
0.6072705549892071 -0.17800582155348513
0.6296523162051729 -0.18456646204614452
0.6509682792679975 -0.1908146910867725
0.6712691964706876 -0.19676538541118008
0.6906034033303925 -0.20243271333918733
0.7090169336729686 -0.20783016850871805
0.7265536292373267 -0.2129706020035092
0.7432552440605249 -0.21786625295092932
0.7591615438921423 -0.22252877766275805
0.774310400874635 -0.2269692773883092
0.7887378837151042 -0.23119832474597693
0.8024783435631702 -0.2352259888961367
0.8155644957994235 -0.23906185951533648
0.8280274979291885 -0.24271506962886008
0.83989702376706 -0.24619431735602543
0.8512013340888424 -0.2495078866199924
0.8619673439191112 -0.2526636668713895
0.8722206866146054 -0.2556691718727201
0.8819857748960285 -0.25853155758827306
0.8912858589735743 -0.261257639222133
0.9001430819045703 -0.2638539074448568
0.9085785323150426 -0.26632654384745086
0.9166122946107306 -0.26868143565944524
0.9242634967971001 -0.2709241897661065
0.9315503560222138 -0.27306014605816487
0.9384902219508936 -0.2750943901458395
0.9450996180734458 -0.2770317654674344
0.951394281047305 -0.27887688482133427
0.9573891981652661 -0.28063414134885795
0.9630986430395149 -0.28230771899411866
0.9685362095864184 -0.2839016024657955
0.9737148443929932 -0.2854195867245353
0.978646877542112 -0.28686528601857325
0.9833440519698442 -0.28824214248908553
0.9878175514248273 -0.289553434365764
0.9920780270962398 -0.29080228377212436
0.9961356229737756 -0.29199166415913425
1.0 -0.29312440738485795
1.0 0.0
1.0 -0.01503710818568231
1.0 -0.029358163600618017
1.0 -0.042997263995794885
1.0 -0.05598688341977284
1.0 -0.0683579495378471
1.0 -0.08013991726934638
1.0 -0.09136083891839333
1.0 -0.1020474309651047
1.0 -0.11222513767625839
1.0 -0.12191819168688095
1.0 -0.13114967169699768
1.0 -0.13994155742091835
1.0 -0.14831478191989042
1.0 -0.15628928144272097
1.0 -0.16388404289303582
1.0 -0.1711171490361928
1.0 -0.17800582155348513
1.0 -0.18456646204614452
1.0 -0.1908146910867725
1.0 -0.19676538541118008
1.0 -0.20243271333918733
1.0 -0.20783016850871805
1.0 -0.2129706020035092
1.0 -0.21786625295092932
1.0 -0.22252877766275805
1.0 -0.2269692773883092
1.0 -0.23119832474597693
1.0 -0.2352259888961367
1.0 -0.23906185951533648
1.0 -0.24271506962886008
1.0 -0.24619431735602543
1.0 -0.2495078866199924
1.0 -0.2526636668713895
1.0 -0.2556691718727201
1.0 -0.25853155758827306
1.0 -0.261257639222133
1.0 -0.2638539074448568
1.0 -0.26632654384745086
1.0 -0.26868143565944524
1.0 -0.2709241897661065
1.0 -0.27306014605816487
1.0 -0.2750943901458395
1.0 -0.2770317654674344
1.0 -0.27887688482133427
1.0 -0.28063414134885795
1.0 -0.28230771899411866
1.0 -0.2839016024657955
1.0 -0.2854195867245353
1.0 -0.28686528601857325
1.0 -0.28824214248908553
1.0 -0.289553434365764
1.0 -0.29080228377212436
1.0 -0.29199166415913425
