# CURVE 2D, normalized by CHORD
# COLUMN#1 = X-coordinate, COLUMN#2 = Y-coordinate
#-------------------------------------------------------------------------------
0.0 0.0
0.05129940669164177 0.046832372359326344
0.10015598449320595 0.0914346317491615
0.14668605858993375 0.13391297402519498
0.19100041487253164 0.1743685380976078
0.23320456371310105 0.212897646738001
0.27339899118031 0.24959203591932783
0.31167939829193764 0.2845390732348772
0.3481369288744401 0.31782196591635276
0.3828583865720615 0.34951995894632953
0.4159264415221771 0.37970852373678354
0.4474198271889539 0.40845953782293026
0.4774135278239794 0.43584145600021285
0.5059789570001941 0.4619194733119105
0.5331841276442082 0.48675568027543215
0.5590938139718407 0.5104092107168813
0.583769705712443 0.5329363825658806
0.6072705549892071 0.5543908319458798
0.6296523162051729 0.5748236408792123
0.6509682792679975 0.5942834589109577
0.6712691964706876 0.6128166189411913
0.6906034033303925 0.6304672475414139
0.7090169336729686 0.6472773700178164
0.7265536292373267 0.6632870104715329
0.7432552440605249 0.6785342870941201
0.7591615438921423 0.6930555029251556
0.774310400874635 0.7068852322880465
0.7887378837151042 0.7200564031098473
0.8024783435631702 0.7326003753210861
0.8155644957994235 0.7445470155222661
0.8280274979291885 0.7559247680948183
0.83989702376706 0.7667607229258206
0.8512013340888424 0.7770806799077274
0.8619673439191112 0.7869092103666864
0.8722206866146054 0.7962697155656948
0.8819857748960285 0.8051844824218933
0.8912858589735743 0.8136747365706539
0.9001430819045703 0.8217606929028068
0.9085785323150426 0.8294616036953334
0.9166122946107306 0.8367958044501206
0.9242634967971001 0.843780757549918
0.9315503560222138 0.8504330938354392
0.9384902219508936 0.8567686522026022
0.9450996180734458 0.8628025173141862
0.951394281047305 0.8685490555156946
0.9573891981652661 0.8740219490409409
0.9630986430395149 0.8792342285887943
0.9685362095864184 0.8841983043486548
0.9737148443929932 0.8889259955485219
0.978646877542112 0.8934285585960143
0.9833440519698442 0.8977167138793405
0.9878175514248273 0.9018006712920321
0.9920780270962398 0.9056901545422147
0.9961356229737756 0.9093944243042933
1.0 0.9129223002681776
1.0 0.0
1.0 0.046832372359326344
1.0 0.0914346317491615
1.0 0.13391297402519498
1.0 0.1743685380976078
1.0 0.212897646738001
1.0 0.24959203591932783
1.0 0.2845390732348772
1.0 0.31782196591635276
1.0 0.34951995894632953
1.0 0.37970852373678354
1.0 0.40845953782293026
1.0 0.43584145600021285
1.0 0.4619194733119105
1.0 0.48675568027543215
1.0 0.5104092107168813
1.0 0.5329363825658806
1.0 0.5543908319458798
1.0 0.5748236408792123
1.0 0.5942834589109577
1.0 0.6128166189411913
1.0 0.6304672475414139
1.0 0.6472773700178164
1.0 0.6632870104715329
1.0 0.6785342870941201
1.0 0.6930555029251556
1.0 0.7068852322880465
1.0 0.7200564031098473
1.0 0.7326003753210861
1.0 0.7445470155222661
1.0 0.7559247680948183
1.0 0.7667607229258206
1.0 0.7770806799077274
1.0 0.7869092103666864
1.0 0.7962697155656948
1.0 0.8051844824218933
1.0 0.8136747365706539
1.0 0.8217606929028068
1.0 0.8294616036953334
1.0 0.8367958044501206
1.0 0.843780757549918
1.0 0.8504330938354392
1.0 0.8567686522026022
1.0 0.8628025173141862
1.0 0.8685490555156946
1.0 0.8740219490409409
1.0 0.8792342285887943
1.0 0.8841983043486548
1.0 0.8889259955485219
1.0 0.8934285585960143
1.0 0.8977167138793405
1.0 0.9018006712920321
1.0 0.9056901545422147
1.0 0.9093944243042933
