# CURVE 2D, normalized by CHORD
# COLUMN#1 = X-coordinate, COLUMN#2 = Y-coordinate
#-------------------------------------------------------------------------------
0.0 0.0
0.05129940669164177 -0.027087350073091727
0.10015598449320595 -0.0528848263331794
0.14668605858993375 -0.0774538513427867
0.19100041487253164 -0.10085292278050795
0.23320456371310105 -0.12313775272119484
0.27339899118031 -0.1443614002837538
0.31167939829193764 -0.16457439796238135
0.3481369288744401 -0.18382487194202665
0.3828583865720615 -0.202158656684546
0.4159264415221771 -0.21961940405837393
0.4474198271889539 -0.2362486872715434
0.4774135278239794 -0.25208609985551433
0.5059789570001941 -0.26716934993548663
0.5331841276442082 -0.2815343500116507
0.5590938139718407 -0.29521530246514033
0.583769705712443 -0.30824478099227337
0.6072705549892071 -0.3206538081609714
0.6296523162051729 -0.3324719292740172
0.6509682792679975 -0.3437272827150131
0.6712691964706876 -0.35444666694453314
0.6906034033303925 -0.36465560430598076
0.7090169336729686 -0.37437840179307375
0.7265536292373267 -0.3836382089236384
0.7432552440605249 -0.3924570728575096
0.7591615438921423 -0.40085599088976787
0.774310400874635 -0.4088549604442995
0.7887378837151042 -0.4164730266867106
0.8024783435631702 -0.42372832786995923
0.8155644957994235 -0.4306381385206723
0.8280274979291885 -0.4372189105689704
0.83989702376706 -0.4434863125197305
0.8512013340888424 -0.44945526675854963
0.8619673439191112 -0.45513998508123454
0.8722206866146054 -0.46055400253141066
0.8819857748960285 -0.4657102096268165
0.8912858589735743 -0.4706208830510125
0.9001430819045703 -0.47529771488358014
0.9085785323150426 -0.47975184043840646
0.9166122946107306 -0.48399386477633627
0.9242634967971001 -0.4880338879553171
0.9315503560222138 -0.4918815290781559
0.9384902219508936 -0.4955459491951453
0.9450996180734458 -0.49903587311608755
0.951394281047305 -0.5023596101836516
0.9573891981652661 -0.5055250740575221
0.9630986430395149 -0.5085398015564464
0.9685362095864184 -0.511410970603041
0.9737148443929932 -0.5141454173140835
0.978646877542112 -0.516749652276981
0.9833440519698442 -0.5192298760511691
0.9878175514248273 -0.5215919939313484
0.9920780270962398 -0.5238416300077096
0.9961356229737756 -0.525984140556625
1.0 -0.5280246267936872
1.0 0.0
1.0 -0.027087350073091727
1.0 -0.0528848263331794
1.0 -0.0774538513427867
1.0 -0.10085292278050795
1.0 -0.12313775272119484
1.0 -0.1443614002837538
1.0 -0.16457439796238135
1.0 -0.18382487194202665
1.0 -0.202158656684546
1.0 -0.21961940405837393
1.0 -0.2362486872715434
1.0 -0.25208609985551433
1.0 -0.26716934993548663
1.0 -0.2815343500116507
1.0 -0.29521530246514033
1.0 -0.30824478099227337
1.0 -0.3206538081609714
1.0 -0.3324719292740172
1.0 -0.3437272827150131
1.0 -0.35444666694453314
1.0 -0.36465560430598076
1.0 -0.37437840179307375
1.0 -0.3836382089236384
1.0 -0.3924570728575096
1.0 -0.40085599088976787
1.0 -0.4088549604442995
1.0 -0.4164730266867106
1.0 -0.42372832786995923
1.0 -0.4306381385206723
1.0 -0.4372189105689704
1.0 -0.4434863125197305
1.0 -0.44945526675854963
1.0 -0.45513998508123454
1.0 -0.46055400253141066
1.0 -0.4657102096268165
1.0 -0.4706208830510125
1.0 -0.47529771488358014
1.0 -0.47975184043840646
1.0 -0.48399386477633627
1.0 -0.4880338879553171
1.0 -0.4918815290781559
1.0 -0.4955459491951453
1.0 -0.49903587311608755
1.0 -0.5023596101836516
1.0 -0.5055250740575221
1.0 -0.5085398015564464
1.0 -0.511410970603041
1.0 -0.5141454173140835
1.0 -0.516749652276981
1.0 -0.5192298760511691
1.0 -0.5215919939313484
1.0 -0.5238416300077096
1.0 -0.525984140556625
