# CURVE 2D, normalized by CHORD
# COLUMN#1 = X-coordinate, COLUMN#2 = Y-coordinate
#-------------------------------------------------------------------------------
0.0 0.0
0.05129940669164177 0.014955964855384375
0.10015598449320595 0.029199740908131572
0.14668605858993375 0.04276524191074795
0.19100041487253164 0.0556847666751445
0.23320456371310105 0.06798907597456978
0.27339899118031 0.07970746578354625
0.31167939829193764 0.0908678370301905
0.3481369288744401 0.10149676202699454
0.3828583865720615 0.11161954773823649
0.4159264415221771 0.12126029603465739
0.4474198271889539 0.13044196107886777
0.4774135278239794 0.13918640397811577
0.5059789570001941 0.1475144448345424
0.5331841276442082 0.1554459123168535
0.5590938139718407 0.1629996908714355
0.583769705712443 0.17019376568532313
0.6072705549892071 0.17704526550807323
0.6296523162051729 0.1835705034345019
0.6509682792679975 0.18978501574538637
0.6712691964706876 0.19570359889860967
0.6906034033303925 0.20134034475882231
0.7090169336729686 0.20670867414950106
0.7265536292373267 0.2118213688072903
0.7432552440605249 0.21669060181470864
0.7591615438921423 0.2213279665836785
0.774310400874635 0.22574450445888788
0.7887378837151042 0.22995073100670632
0.8024783435631702 0.2339566610522477
0.8155644957994235 0.23777183252419187
0.8280274979291885 0.2414053291641387
0.83989702376706 0.24486580215456427
0.8512013340888424 0.24816149071687435
0.8619673439191112 0.2513002417285982
0.8722206866146054 0.25428952840643043
0.8819857748960285 0.257136468099604
0.8912858589735743 0.2598478392359598
0.9001430819045703 0.26243009746106055
0.9085785323150426 0.26488939100877557
0.9166122946107306 0.2672315753399327
0.9242634967971001 0.2694622270838919
0.9315503560222138 0.27158665731623394
0.9384902219508936 0.2736099242041788
0.9450996180734458 0.27553684504984055
0.951394281047305 0.27737200775999454
0.9573891981652661 0.27911978176966507
0.9630986430395149 0.28078432844554174
0.9685362095864184 0.28236961099399577
0.9737148443929932 0.2838794038972852
0.978646877542112 0.2853173019004181
0.9833440519698442 0.28668672857006844
0.9878175514248273 0.28799094444592593
0.9920780270962398 0.28923305480388545
0.9961356229737756 0.29041601704956116
1.0 0.2915426477597285
1.0 0.0
1.0 0.014955964855384375
1.0 0.029199740908131572
1.0 0.04276524191074795
1.0 0.0556847666751445
1.0 0.06798907597456978
1.0 0.07970746578354625
1.0 0.0908678370301905
1.0 0.10149676202699454
1.0 0.11161954773823649
1.0 0.12126029603465739
1.0 0.13044196107886777
1.0 0.13918640397811577
1.0 0.1475144448345424
1.0 0.1554459123168535
1.0 0.1629996908714355
1.0 0.17019376568532313
1.0 0.17704526550807323
1.0 0.1835705034345019
1.0 0.18978501574538637
1.0 0.19570359889860967
1.0 0.20134034475882231
1.0 0.20670867414950106
1.0 0.2118213688072903
1.0 0.21669060181470864
1.0 0.2213279665836785
1.0 0.22574450445888788
1.0 0.22995073100670632
1.0 0.2339566610522477
1.0 0.23777183252419187
1.0 0.2414053291641387
1.0 0.24486580215456427
1.0 0.24816149071687435
1.0 0.2513002417285982
1.0 0.25428952840643043
1.0 0.257136468099604
1.0 0.2598478392359598
1.0 0.26243009746106055
1.0 0.26488939100877557
1.0 0.2672315753399327
1.0 0.2694622270838919
1.0 0.27158665731623394
1.0 0.2736099242041788
1.0 0.27553684504984055
1.0 0.27737200775999454
1.0 0.27911978176966507
1.0 0.28078432844554174
1.0 0.28236961099399577
1.0 0.2838794038972852
1.0 0.2853173019004181
1.0 0.28668672857006844
1.0 0.28799094444592593
1.0 0.28923305480388545
1.0 0.29041601704956116
