# CURVE 2D, normalized by CHORD
# COLUMN#1 = X-coordinate, COLUMN#2 = Y-coordinate
#-------------------------------------------------------------------------------
0.0 0.0
0.05129940669164177 -0.033826579999002994
0.10015598449320595 -0.06604237047424433
0.14668605858993375 -0.09672407568875988
0.19100041487253164 -0.12594474732163183
0.23320456371310105 -0.1537739584005575
0.27339899118031 -0.18027796895191528
0.31167939829193764 -0.20551988376273223
0.3481369288744401 -0.22955980263017692
0.3828583865720615 -0.25245496345631474
0.4159264415221771 -0.27425987852882694
0.4474198271889539 -0.2950264643121719
0.4774135278239794 -0.3148041650582147
0.5059789570001941 -0.3336400705306364
0.5331841276442082 -0.351579028123419
0.5590938139718407 -0.3686637496403548
0.583769705712443 -0.3849349129898175
0.6072705549892071 -0.4004312590369248
0.6296523162051729 -0.41518968384369365
0.6509682792679975 -0.42924532651680686
0.6712691964706876 -0.4426316528721528
0.6906034033303925 -0.4553805351153394
0.7090169336729686 -0.46752232772789803
0.7265536292373267 -0.47908593973985864
0.7432552440605249 -0.49009890356077346
0.7591615438921423 -0.5005874405330734
0.774310400874635 -0.5105765233638352
0.7887378837151042 -0.5200899355836083
0.8024783435631702 -0.5291503281738684
0.8155644957994235 -0.5377792734979256
0.8280274979291885 -0.5459973166636944
0.83989702376706 -0.5538240244406172
0.8512013340888424 -0.5612780318472101
0.8619673439191112 -0.568377086520156
0.8722206866146054 -0.5751380909705804
0.8819857748960285 -0.5815771428281276
0.8912858589735743 -0.5877095731686487
0.9001430819045703 -0.5935499830167641
0.9085785323150426 -0.5991122781102073
0.9166122946107306 -0.6044097020087246
0.9242634967971001 -0.6094548676263601
0.9315503560222138 -0.6142597872622035
0.9384902219508936 -0.618835901201102
0.9450996180734458 -0.6231941049524338
0.951394281047305 -0.6273447751917974
0.9573891981652661 -0.6312977944673819
0.9630986430395149 -0.6350625747298433
0.9685362095864184 -0.6386480797417112
0.9737148443929932 -0.6420628464196807
0.978646877542112 -0.645315005160604
0.9833440519698442 -0.6484122991995787
0.9878175514248273 -0.6513621030462211
0.9920780270962398 -0.6541714400430235
0.9961356229737756 -0.6568469990875972
1.0 -0.6593951505586197
1.0 0.0
1.0 -0.033826579999002994
1.0 -0.06604237047424433
1.0 -0.09672407568875988
1.0 -0.12594474732163183
1.0 -0.1537739584005575
1.0 -0.18027796895191528
1.0 -0.20551988376273223
1.0 -0.22955980263017692
1.0 -0.25245496345631474
1.0 -0.27425987852882694
1.0 -0.2950264643121719
1.0 -0.3148041650582147
1.0 -0.3336400705306364
1.0 -0.351579028123419
1.0 -0.3686637496403548
1.0 -0.3849349129898175
1.0 -0.4004312590369248
1.0 -0.41518968384369365
1.0 -0.42924532651680686
1.0 -0.4426316528721528
1.0 -0.4553805351153394
1.0 -0.46752232772789803
1.0 -0.47908593973985864
1.0 -0.49009890356077346
1.0 -0.5005874405330734
1.0 -0.5105765233638352
1.0 -0.5200899355836083
1.0 -0.5291503281738684
1.0 -0.5377792734979256
1.0 -0.5459973166636944
1.0 -0.5538240244406172
1.0 -0.5612780318472101
1.0 -0.568377086520156
1.0 -0.5751380909705804
1.0 -0.5815771428281276
1.0 -0.5877095731686487
1.0 -0.5935499830167641
1.0 -0.5991122781102073
1.0 -0.6044097020087246
1.0 -0.6094548676263601
1.0 -0.6142597872622035
1.0 -0.618835901201102
1.0 -0.6231941049524338
1.0 -0.6273447751917974
1.0 -0.6312977944673819
1.0 -0.6350625747298433
1.0 -0.6386480797417112
1.0 -0.6420628464196807
1.0 -0.645315005160604
1.0 -0.6484122991995787
1.0 -0.6513621030462211
1.0 -0.6541714400430235
1.0 -0.6568469990875972
