# CURVE 2D, normalized by CHORD
# COLUMN#1 = X-coordinate, COLUMN#2 = Y-coordinate
#-------------------------------------------------------------------------------
0.0 0.0
0.05129940669164177 -0.040698042355972575
0.10015598449320595 -0.07945808269499453
0.14668605858993375 -0.11637240682739641
0.19100041487253164 -0.1515289060011125
0.23320456371310105 -0.18501128616655635
0.27339899118031 -0.21689926727650288
0.31167939829193764 -0.2472687730954996
0.3481369288744401 -0.27619211197073457
0.3828583865720615 -0.30373814899476786
0.4159264415221771 -0.32997246997003765
0.4474198271889539 -0.3549575375655327
0.4774135278239794 -0.37875284003743276
0.5059789570001941 -0.40141503286781377
0.5331841276442082 -0.42299807365865283
0.5590938139718407 -0.44355335060230905
0.583769705712443 -0.46312980483436267
0.6072705549892071 -0.48177404696012793
0.6296523162051729 -0.49953046803228535
0.6509682792679975 -0.5164413452438638
0.6712691964706876 -0.5325469425882243
0.6906034033303925 -0.5478856067257105
0.7090169336729686 -0.5624938582852211
0.7265536292373267 -0.5764064788180884
0.7432552440605249 -0.5896565936112953
0.7591615438921423 -0.6022757505572067
0.774310400874635 -0.6142939952675984
0.7887378837151042 -0.6257399426108287
0.8024783435631702 -0.6366408448424765
0.8155644957994235 -0.647022656491665
0.8280274979291885 -0.6569100961575587
0.83989702376706 -0.6663267053631718
0.8512013340888424 -0.6752949046066129
0.8619673439191112 -0.6838360467432234
0.8722206866146054 -0.6919704678257096
0.8819857748960285 -0.6997175355233155
0.8912858589735743 -0.7070956952353211
0.9001430819045703 -0.7141225140086599
0.9085785323150426 -0.7208147223642205
0.9166122946107306 -0.7271882541314212
0.9242634967971001 -0.733258284385898
0.9315503560222138 -0.7390392655806377
0.9384902219508936 -0.7445449619565804
0.9450996180734458 -0.749788482314621
0.951394281047305 -0.7547823112270406
0.9573891981652661 -0.7595383387626784
0.9630986430395149 -0.7640678887966191
0.9685362095864184 -0.7683817459718008
0.9737148443929932 -0.7724901813767356
0.978646877542112 -0.7764029770004832
0.9833440519698442 -0.7801294490230998
0.9878175514248273 -0.7836784699970205
0.9920780270962398 -0.7870584899721831
0.9961356229737756 -0.790277556615195
1.0 -0.7933433343704445
1.0 0.0
1.0 -0.040698042355972575
1.0 -0.07945808269499453
1.0 -0.11637240682739641
1.0 -0.1515289060011125
1.0 -0.18501128616655635
1.0 -0.21689926727650288
1.0 -0.2472687730954996
1.0 -0.27619211197073457
1.0 -0.30373814899476786
1.0 -0.32997246997003765
1.0 -0.3549575375655327
1.0 -0.37875284003743276
1.0 -0.40141503286781377
1.0 -0.42299807365865283
1.0 -0.44355335060230905
1.0 -0.46312980483436267
1.0 -0.48177404696012793
1.0 -0.49953046803228535
1.0 -0.5164413452438638
1.0 -0.5325469425882243
1.0 -0.5478856067257105
1.0 -0.5624938582852211
1.0 -0.5764064788180884
1.0 -0.5896565936112953
1.0 -0.6022757505572067
1.0 -0.6142939952675984
1.0 -0.6257399426108287
1.0 -0.6366408448424765
1.0 -0.647022656491665
1.0 -0.6569100961575587
1.0 -0.6663267053631718
1.0 -0.6752949046066129
1.0 -0.6838360467432234
1.0 -0.6919704678257096
1.0 -0.6997175355233155
1.0 -0.7070956952353211
1.0 -0.7141225140086599
1.0 -0.7208147223642205
1.0 -0.7271882541314212
1.0 -0.733258284385898
1.0 -0.7390392655806377
1.0 -0.7445449619565804
1.0 -0.749788482314621
1.0 -0.7547823112270406
1.0 -0.7595383387626784
1.0 -0.7640678887966191
1.0 -0.7683817459718008
1.0 -0.7724901813767356
1.0 -0.7764029770004832
1.0 -0.7801294490230998
1.0 -0.7836784699970205
1.0 -0.7870584899721831
1.0 -0.790277556615195
