# CURVE 2D, normalized by CHORD
# COLUMN#1 = X-coordinate, COLUMN#2 = Y-coordinate
#-------------------------------------------------------------------------------
0.0 0.0
0.05129940669164177 0.008073373960351867
0.10015598449320595 0.01576230154163945
0.14668605858993375 0.023085089714294297
0.19100041487253164 0.030059173688251287
0.23320456371310105 0.03670115842535319
0.27339899118031 0.04302685817497404
0.31167939829193764 0.049051334126993903
0.3481369288744401 0.05478893027177473
0.3828583865720615 0.06025330755251836
0.4159264415221771 0.06545747639132184
0.4474198271889539 0.07041382766637275
0.4774135278239794 0.07513416221404029
0.5059789570001941 0.07962971892610461
0.5331841276442082 0.08391120150902302
0.5590938139718407 0.08798880396894532
0.583769705712443 0.09187223488315703
0.6072705549892071 0.0955707405157396
0.6296523162051729 0.0990931268324849
0.6509682792679975 0.10244778046748045
0.6712691964706876 0.10564268869128572
0.6906034033303925 0.10868545842824312
0.7090169336729686 0.11158333436820256
0.7265536292373267 0.11434321621578296
0.7432552440605249 0.1169716751182405
0.7591615438921423 0.1194749693110572
0.774310400874635 0.12185905901850166
0.7887378837151042 0.12412962064463925
0.8024783435631702 0.1262920602885798
0.8155644957994235 0.12835152661614227
0.8280274979291885 0.1303129231185827
0.83989702376706 0.13218091978757357
0.8512013340888424 0.13395996423423154
0.8619673439191112 0.1356542922786677
0.8722206866146054 0.1372679380352736
0.8819857748960285 0.13880474351775537
0.8912858589735743 0.14026836778678567
0.9001430819045703 0.1416622956620526
0.9085785323150426 0.14298984601944967
0.9166122946107306 0.14425417969316118
0.9242634967971001 0.14545830700145784
0.9315503560222138 0.14660509491412133
0.9384902219508936 0.14769727387856274
0.9450996180734458 0.1487374443208879
0.951394281047305 0.14972808283738806
0.9573891981652661 0.15067154809119773
0.9630986430395149 0.1515700864281593
0.9685362095864184 0.1524258372252656
0.9737148443929932 0.1532408379844144
0.978646877542112 0.15401702918360377
0.9833440519698442 0.15475625889711744
0.9878175514248273 0.1554602871957019
0.9920780270962398 0.15613079033721092
0.9961356229737756 0.1567693647576957
1.0 0.1573775308724431
1.0 0.0
1.0 0.008073373960351867
1.0 0.01576230154163945
1.0 0.023085089714294297
1.0 0.030059173688251287
1.0 0.03670115842535319
1.0 0.04302685817497404
1.0 0.049051334126993903
1.0 0.05478893027177473
1.0 0.06025330755251836
1.0 0.06545747639132184
1.0 0.07041382766637275
1.0 0.07513416221404029
1.0 0.07962971892610461
1.0 0.08391120150902302
1.0 0.08798880396894532
1.0 0.09187223488315703
1.0 0.0955707405157396
1.0 0.0990931268324849
1.0 0.10244778046748045
1.0 0.10564268869128572
1.0 0.10868545842824312
1.0 0.11158333436820256
1.0 0.11434321621578296
1.0 0.1169716751182405
1.0 0.1194749693110572
1.0 0.12185905901850166
1.0 0.12412962064463925
1.0 0.1262920602885798
1.0 0.12835152661614227
1.0 0.1303129231185827
1.0 0.13218091978757357
1.0 0.13395996423423154
1.0 0.1356542922786677
1.0 0.1372679380352736
1.0 0.13880474351775537
1.0 0.14026836778678567
1.0 0.1416622956620526
1.0 0.14298984601944967
1.0 0.14425417969316118
1.0 0.14545830700145784
1.0 0.14660509491412133
1.0 0.14769727387856274
1.0 0.1487374443208879
1.0 0.14972808283738806
1.0 0.15067154809119773
1.0 0.1515700864281593
1.0 0.1524258372252656
1.0 0.1532408379844144
1.0 0.15401702918360377
1.0 0.15475625889711744
1.0 0.1554602871957019
1.0 0.15613079033721092
1.0 0.1567693647576957
