# CURVE 2D, normalized by CHORD
# COLUMN#1 = X-coordinate, COLUMN#2 = Y-coordinate
#-------------------------------------------------------------------------------
0.0 0.0
0.05129940669164177 -0.027464728867674922
0.10015598449320595 -0.05362161350355611
0.14668605858993375 -0.07853293220439535
0.19100041487253164 -0.10225799763376604
0.23320456371310105 -0.1248532980426905
0.27339899118031 -0.1463726317654757
0.31167939829193764 -0.16686723531098546
0.3481369288744401 -0.18638590535432803
0.3828583865720615 -0.20497511491941622
0.4159264415221771 -0.222679124029024
0.4474198271889539 -0.23954008508579336
0.4774135278239794 -0.2555981432350975
0.5059789570001941 -0.27089153194872045
0.5331841276442082 -0.28545666405693276
0.5590938139718407 -0.29932821844570645
0.583769705712443 -0.31253922262549094
0.6072705549892071 -0.3251211313681428
0.6296523162051729 -0.3371039015992398
0.6509682792679975 -0.34851606372409405
0.6712691964706876 -0.35938478955728864
0.6906034033303925 -0.36973595701747397
0.7090169336729686 -0.37959421174145996
0.7265536292373267 -0.38898302576430377
0.7432552440605249 -0.3979247534051074
0.7591615438921423 -0.40644068449158705
0.774310400874635 -0.4145510950501391
0.7887378837151042 -0.42227529558209337
0.8024783435631702 -0.4296316770410975
0.8155644957994235 -0.43663775462110144
0.8280274979291885 -0.4433102094592004
0.83989702376706 -0.449664928352628
0.8512013340888424 -0.4557170415844638
0.8619673439191112 -0.4614809589481169
0.8722206866146054 -0.46697040405635803
0.8819857748960285 -0.47219844701658764
0.8912858589735743 -0.4771775355501397
0.9001430819045703 -0.48191952462971305
0.9085785323150426 -0.4864357047054972
0.9166122946107306 -0.49073682858719636
0.9242634967971001 -0.4948331370459575
0.9315503560222138 -0.49873438319715857
0.9384902219508936 -0.502449855722112
0.9450996180734458 -0.5059884009839724
0.951394281047305 -0.509358444090506
0.9573891981652661 -0.5125680089538714
0.9630986430395149 -0.5156247373951718
0.9685362095864184 -0.5185359073392675
0.9737148443929932 -0.521308450143168
0.978646877542112 -0.5239489670992638
0.9833440519698442 -0.5264637451526883
0.9878175514248273 -0.5288587718702356
0.9920780270962398 -0.531139749696471
0.9961356229737756 -0.533312109530981
1.0 -0.5353810236590857
1.0 0.0
1.0 -0.027464728867674922
1.0 -0.05362161350355611
1.0 -0.07853293220439535
1.0 -0.10225799763376604
1.0 -0.1248532980426905
1.0 -0.1463726317654757
1.0 -0.16686723531098546
1.0 -0.18638590535432803
1.0 -0.20497511491941622
1.0 -0.222679124029024
1.0 -0.23954008508579336
1.0 -0.2555981432350975
1.0 -0.27089153194872045
1.0 -0.28545666405693276
1.0 -0.29932821844570645
1.0 -0.31253922262549094
1.0 -0.3251211313681428
1.0 -0.3371039015992398
1.0 -0.34851606372409405
1.0 -0.35938478955728864
1.0 -0.36973595701747397
1.0 -0.37959421174145996
1.0 -0.38898302576430377
1.0 -0.3979247534051074
1.0 -0.40644068449158705
1.0 -0.4145510950501391
1.0 -0.42227529558209337
1.0 -0.4296316770410975
1.0 -0.43663775462110144
1.0 -0.4433102094592004
1.0 -0.449664928352628
1.0 -0.4557170415844638
1.0 -0.4614809589481169
1.0 -0.46697040405635803
1.0 -0.47219844701658764
1.0 -0.4771775355501397
1.0 -0.48191952462971305
1.0 -0.4864357047054972
1.0 -0.49073682858719636
1.0 -0.4948331370459575
1.0 -0.49873438319715857
1.0 -0.502449855722112
1.0 -0.5059884009839724
1.0 -0.509358444090506
1.0 -0.5125680089538714
1.0 -0.5156247373951718
1.0 -0.5185359073392675
1.0 -0.521308450143168
1.0 -0.5239489670992638
1.0 -0.5264637451526883
1.0 -0.5288587718702356
1.0 -0.531139749696471
1.0 -0.533312109530981
