# CURVE 2D, normalized by CHORD
# COLUMN#1 = X-coordinate, COLUMN#2 = Y-coordinate
#-------------------------------------------------------------------------------
0.0 0.0
0.05129940669164177 0.013650843366040282
0.10015598449320595 0.02665164657179309
0.14668605858993375 0.03903336391060529
0.19100041487253164 0.050825475661854996
0.23320456371310105 0.06205605828209281
0.27339899118031 0.07275185125374788
0.31167939829193764 0.08293832075056223
0.3481369288744401 0.0926397202713378
0.3828583865720615 0.10187914838636215
0.4159264415221771 0.11067860373400439
0.4474198271889539 0.11905903739842558
0.4774135278239794 0.1270404027931124
0.5059789570001941 0.13464170316900462
0.5331841276442082 0.14188103686033057
0.5590938139718407 0.14877564037587906
0.583769705712443 0.15534192943830624
0.6072705549892071 0.16159553806918922
0.6296523162051729 0.1675513558128873
0.6509682792679975 0.17322356318783788
0.6712691964706876 0.17862566544969555
0.6906034033303925 0.18377052474670288
0.7090169336729686 0.18867039074385272
0.7265536292373267 0.1933369297887573
0.7432552440605249 0.19778125268866645
0.7591615438921423 0.2020139411647704
0.774310400874635 0.20604507304677414
0.7887378837151042 0.20988424626773008
0.8024783435631702 0.21354060171625955
0.8155644957994235 0.21702284500057334
0.8280274979291885 0.2203392671761103
0.83989702376706 0.22349776448614547
0.8512013340888424 0.22650585716236946
0.8619673439191112 0.22937070733020182
0.8722206866146054 0.23209913606147073
0.8819857748960285 0.23469763961506018
0.8912858589735743 0.237172404904193
0.9001430819045703 0.23952932422717665
0.9085785323150426 0.24177400929668486
0.9166122946107306 0.24391180460097842
0.9242634967971001 0.24594780012887701
0.9315503560222138 0.24788684348878046
0.9384902219508936 0.24973355145059326
0.9450996180734458 0.25149232093803403
0.951394281047305 0.25316733949750136
0.9573891981652661 0.2547625952684227
0.9630986430395149 0.256281886478824
0.9685362095864184 0.2577288304887299
0.9737148443929932 0.25910687240292607
0.978646877542112 0.26041929327358904
0.9833440519698442 0.26166921791231573
0.9878175514248273 0.26285962233015064
0.9920780270962398 0.26399334082332676
0.9961356229737756 0.26507307272158975
1.0 0.26610138881517353
1.0 0.0
1.0 0.013650843366040282
1.0 0.02665164657179309
1.0 0.03903336391060529
1.0 0.050825475661854996
1.0 0.06205605828209281
1.0 0.07275185125374788
1.0 0.08293832075056223
1.0 0.0926397202713378
1.0 0.10187914838636215
1.0 0.11067860373400439
1.0 0.11905903739842558
1.0 0.1270404027931124
1.0 0.13464170316900462
1.0 0.14188103686033057
1.0 0.14877564037587906
1.0 0.15534192943830624
1.0 0.16159553806918922
1.0 0.1675513558128873
1.0 0.17322356318783788
1.0 0.17862566544969555
1.0 0.18377052474670288
1.0 0.18867039074385272
1.0 0.1933369297887573
1.0 0.19778125268866645
1.0 0.2020139411647704
1.0 0.20604507304677414
1.0 0.20988424626773008
1.0 0.21354060171625955
1.0 0.21702284500057334
1.0 0.2203392671761103
1.0 0.22349776448614547
1.0 0.22650585716236946
1.0 0.22937070733020182
1.0 0.23209913606147073
1.0 0.23469763961506018
1.0 0.237172404904193
1.0 0.23952932422717665
1.0 0.24177400929668486
1.0 0.24391180460097842
1.0 0.24594780012887701
1.0 0.24788684348878046
1.0 0.24973355145059326
1.0 0.25149232093803403
1.0 0.25316733949750136
1.0 0.2547625952684227
1.0 0.256281886478824
1.0 0.2577288304887299
1.0 0.25910687240292607
1.0 0.26041929327358904
1.0 0.26166921791231573
1.0 0.26285962233015064
1.0 0.26399334082332676
1.0 0.26507307272158975
