# CURVE 2D, normalized by CHORD
# COLUMN#1 = X-coordinate, COLUMN#2 = Y-coordinate
#-------------------------------------------------------------------------------
0.0 0.0
0.05129940669164177 -0.04716726880241333
0.10015598449320595 -0.09208847718566465
0.14668605858993375 -0.13487058040780878
0.19100041487253164 -0.17561544061937462
0.23320456371310105 -0.21442006939229444
0.27339899118031 -0.2513768586998371
0.31167939829193764 -0.28657380089749684
0.3481369288744401 -0.32009469822860137
0.3828583865720615 -0.35201936235346276
0.4159264415221771 -0.3824238043771403
0.4474198271889539 -0.4113804158282618
0.4774135278239794 -0.438958141019806
0.5059789570001941 -0.4652226412022291
0.5331841276442082 -0.4902364508997749
0.5590938139718407 -0.5140591268021996
0.583769705712443 -0.5367473895664134
0.6072705549892071 -0.5583552588656647
0.6296523162051729 -0.5789341820078089
0.6509682792679975 -0.5985331564288985
0.6712691964706876 -0.6171988463537458
0.6906034033303925 -0.6349756939012193
0.7090169336729686 -0.6519060248988133
0.7265536292373267 -0.6680301496584266
0.7432552440605249 -0.6833864589532962
0.7591615438921423 -0.6980115154246008
0.774310400874635 -0.7119401406353669
0.7887378837151042 -0.7252054979789538
0.8024783435631702 -0.7378391716395127
0.8155644957994235 -0.7498712417924259
0.8280274979291885 -0.7613303562237719
0.83989702376706 -0.7722437985393396
0.8512013340888424 -0.7826375531255944
0.8619673439191112 -0.7925363670172656
0.8722206866146054 -0.8019638088188572
0.8819857748960285 -0.8109423248203732
0.8912858589735743 -0.8194932924408646
0.9001430819045703 -0.8276370711270468
0.9085785323150426 -0.8353930508281727
0.9166122946107306 -0.8427796981625784
0.9242634967971001 -0.8498146003858219
0.9315503560222138 -0.8565145072651014
0.9384902219508936 -0.8628953709596532
0.9450996180734458 -0.8689723840020835
0.951394281047305 -0.8747600154710649
0.9573891981652661 -0.8802720454415233
0.9630986430395149 -0.8855215977943408
0.9685362095864184 -0.8905211714636908
0.9737148443929932 -0.8952826701964051
0.978646877542112 -0.8998174308942282
0.9833440519698442 -0.9041362506064407
0.9878175514248273 -0.9082494122371192
0.9920780270962398 -0.9121667090282417
0.9961356229737756 -0.9158974678769298
1.0 -0.919450571542347
1.0 0.0
1.0 -0.04716726880241333
1.0 -0.09208847718566465
1.0 -0.13487058040780878
1.0 -0.17561544061937462
1.0 -0.21442006939229444
1.0 -0.2513768586998371
1.0 -0.28657380089749684
1.0 -0.32009469822860137
1.0 -0.35201936235346276
1.0 -0.3824238043771403
1.0 -0.4113804158282618
1.0 -0.438958141019806
1.0 -0.4652226412022291
1.0 -0.4902364508997749
1.0 -0.5140591268021996
1.0 -0.5367473895664134
1.0 -0.5583552588656647
1.0 -0.5789341820078089
1.0 -0.5985331564288985
1.0 -0.6171988463537458
1.0 -0.6349756939012193
1.0 -0.6519060248988133
1.0 -0.6680301496584266
1.0 -0.6833864589532962
1.0 -0.6980115154246008
1.0 -0.7119401406353669
1.0 -0.7252054979789538
1.0 -0.7378391716395127
1.0 -0.7498712417924259
1.0 -0.7613303562237719
1.0 -0.7722437985393396
1.0 -0.7826375531255944
1.0 -0.7925363670172656
1.0 -0.8019638088188572
1.0 -0.8109423248203732
1.0 -0.8194932924408646
1.0 -0.8276370711270468
1.0 -0.8353930508281727
1.0 -0.8427796981625784
1.0 -0.8498146003858219
1.0 -0.8565145072651014
1.0 -0.8628953709596532
1.0 -0.8689723840020835
1.0 -0.8747600154710649
1.0 -0.8802720454415233
1.0 -0.8855215977943408
1.0 -0.8905211714636908
1.0 -0.8952826701964051
1.0 -0.8998174308942282
1.0 -0.9041362506064407
1.0 -0.9082494122371192
1.0 -0.9121667090282417
1.0 -0.9158974678769298
