# CURVE 2D, normalized by CHORD
# COLUMN#1 = X-coordinate, COLUMN#2 = Y-coordinate
#-------------------------------------------------------------------------------
0.0 0.0
0.05129940669164177 -0.04566670577806007
0.10015598449320595 -0.08915880651907018
0.14668605858993375 -0.13057985484384174
0.19100041487253164 -0.1700284722960051
0.23320456371310105 -0.2075985841552083
0.27339899118031 -0.24337964306873516
0.31167939829193764 -0.27745684203399884
0.3481369288744401 -0.3099113172390119
0.3828583865720615 -0.3408203412437862
0.4159264415221771 -0.37025750696261883
0.4474198271889539 -0.39829290288531666
0.4774135278239794 -0.4249932799545526
0.5059789570001941 -0.45042221049668213
0.5331841276442082 -0.47464023958442453
0.5590938139718407 -0.49770502919179826
0.583769705712443 -0.5196714954845352
0.6072705549892071 -0.5405919395728559
0.6296523162051729 -0.5605161720379234
0.6509682792679975 -0.5794916315284638
0.6712691964706876 -0.5975634977099309
0.6906034033303925 -0.6147747988351376
0.7090169336729686 -0.6311665141924775
0.7265536292373267 -0.6467776716756581
0.7432552440605249 -0.6616454407072588
0.7591615438921423 -0.6758052207373547
0.774310400874635 -0.6892907255279221
0.7887378837151042 -0.7021340634237008
0.8024783435631702 -0.7143658138006327
0.8155644957994235 -0.7260150998739012
0.8280274979291885 -0.7371096580389189
0.83989702376706 -0.7476759039103643
0.8512013340888424 -0.7577389952165028
0.8619673439191112 -0.7673228916985394
0.8722206866146054 -0.7764504121576219
0.8819857748960285 -0.7851432887853196
0.8912858589735743 -0.7934222189069364
0.9001430819045703 -0.8013069142608572
0.9085785323150426 -0.8088161479312579
0.9166122946107306 -0.8159677990459253
0.9242634967971001 -0.8227788953456086
0.9315503560222138 -0.8292656537262592
0.9384902219508936 -0.8354435188506883
0.9450996180734458 -0.8413271999215733
0.951394281047305 -0.8469307057033685
0.9573891981652661 -0.8522673778765067
0.9630986430395149 -0.8573499228033051
0.9685362095864184 -0.8621904417812083
0.9737148443929932 -0.8668004598554018
0.978646877542112 -0.8711909532593956
0.9833440519698442 -0.8753723755489135
0.9878175514248273 -0.8793546824913115
0.9920780270962398 -0.8831473557697859
0.9961356229737756 -0.886759425558809
1.0 -0.8901994920245454
1.0 0.0
1.0 -0.04566670577806007
1.0 -0.08915880651907018
1.0 -0.13057985484384174
1.0 -0.1700284722960051
1.0 -0.2075985841552083
1.0 -0.24337964306873516
1.0 -0.27745684203399884
1.0 -0.3099113172390119
1.0 -0.3408203412437862
1.0 -0.37025750696261883
1.0 -0.39829290288531666
1.0 -0.4249932799545526
1.0 -0.45042221049668213
1.0 -0.47464023958442453
1.0 -0.49770502919179826
1.0 -0.5196714954845352
1.0 -0.5405919395728559
1.0 -0.5605161720379234
1.0 -0.5794916315284638
1.0 -0.5975634977099309
1.0 -0.6147747988351376
1.0 -0.6311665141924775
1.0 -0.6467776716756581
1.0 -0.6616454407072588
1.0 -0.6758052207373547
1.0 -0.6892907255279221
1.0 -0.7021340634237008
1.0 -0.7143658138006327
1.0 -0.7260150998739012
1.0 -0.7371096580389189
1.0 -0.7476759039103643
1.0 -0.7577389952165028
1.0 -0.7673228916985394
1.0 -0.7764504121576219
1.0 -0.7851432887853196
1.0 -0.7934222189069364
1.0 -0.8013069142608572
1.0 -0.8088161479312579
1.0 -0.8159677990459253
1.0 -0.8227788953456086
1.0 -0.8292656537262592
1.0 -0.8354435188506883
1.0 -0.8413271999215733
1.0 -0.8469307057033685
1.0 -0.8522673778765067
1.0 -0.8573499228033051
1.0 -0.8621904417812083
1.0 -0.8668004598554018
1.0 -0.8711909532593956
1.0 -0.8753723755489135
1.0 -0.8793546824913115
1.0 -0.8831473557697859
1.0 -0.886759425558809
