# CURVE 2D, normalized by CHORD
# COLUMN#1 = X-coordinate, COLUMN#2 = Y-coordinate
#-------------------------------------------------------------------------------
0.0 0.0
0.05129940669164177 -0.03745360440827411
0.10015598449320595 -0.07312370384472608
0.14668605858993375 -0.10709522711753748
0.19100041487253164 -0.13944905880592928
0.23320456371310105 -0.1702622318424929
0.27339899118031 -0.19960811092493444
0.31167939829193764 -0.2275565671939264
0.3481369288744401 -0.25417414459296633
0.3828583865720615 -0.2795242183063377
0.4159264415221771 -0.3036671456524057
0.4474198271889539 -0.32666040979151806
0.4774135278239794 -0.3485587565906727
0.5059789570001941 -0.36941432497081994
0.5331841276442082 -0.3892767710471507
0.5590938139718407 -0.40819338635794183
0.583769705712443 -0.4262092104634573
0.6072705549892071 -0.4433671381829958
0.6296523162051729 -0.45970802172541336
0.6509682792679975 -0.4752707679562872
0.6712691964706876 -0.49009243103331
0.6906034033303925 -0.5042083006304746
0.7090169336729686 -0.5176519859611075
0.7265536292373267 -0.5304554957998054
0.7432552440605249 -0.5426493146938035
0.7591615438921423 -0.5542624755452303
0.774310400874635 -0.5653226287370653
0.7887378837151042 -0.5758561079673843
0.8024783435631702 -0.5858879929486406
0.8155644957994235 -0.5954421691212656
0.8280274979291885 -0.6045413845237655
0.83989702376706 -0.6132073039547179
0.8512013340888424 -0.6214605605556249
0.8619673439191112 -0.6293208049374411
0.8722206866146054 -0.6368067519677422
0.8819857748960285 -0.6439362253299338
0.8912858589735743 -0.6507261999605924
0.9001430819045703 -0.6571928424659816
0.9085785323150426 -0.6633515496139714
0.9166122946107306 -0.6692169849930092
0.9242634967971001 -0.6748031139254261
0.9315503560222138 -0.6801232367182042
0.9384902219508936 -0.6851900203303738
0.9450996180734458 -0.6900155285324401
0.951394281047305 -0.694611250629646
0.9573891981652661 -0.6989881288174612
0.9630986430395149 -0.7031565842344281
0.9685362095864184 -0.7071265417743965
0.9737148443929932 -0.7109074537172235
0.978646877542112 -0.7145083222342017
0.9833440519698442 -0.7179377208218
0.9878175514248273 -0.7212038147147506
0.9920780270962398 -0.7243143803270847
0.9961356229737756 -0.7272768237674029
1.0 -0.7300981984724677
1.0 0.0
1.0 -0.03745360440827411
1.0 -0.07312370384472608
1.0 -0.10709522711753748
1.0 -0.13944905880592928
1.0 -0.1702622318424929
1.0 -0.19960811092493444
1.0 -0.2275565671939264
1.0 -0.25417414459296633
1.0 -0.2795242183063377
1.0 -0.3036671456524057
1.0 -0.32666040979151806
1.0 -0.3485587565906727
1.0 -0.36941432497081994
1.0 -0.3892767710471507
1.0 -0.40819338635794183
1.0 -0.4262092104634573
1.0 -0.4433671381829958
1.0 -0.45970802172541336
1.0 -0.4752707679562872
1.0 -0.49009243103331
1.0 -0.5042083006304746
1.0 -0.5176519859611075
1.0 -0.5304554957998054
1.0 -0.5426493146938035
1.0 -0.5542624755452303
1.0 -0.5653226287370653
1.0 -0.5758561079673843
1.0 -0.5858879929486406
1.0 -0.5954421691212656
1.0 -0.6045413845237655
1.0 -0.6132073039547179
1.0 -0.6214605605556249
1.0 -0.6293208049374411
1.0 -0.6368067519677422
1.0 -0.6439362253299338
1.0 -0.6507261999605924
1.0 -0.6571928424659816
1.0 -0.6633515496139714
1.0 -0.6692169849930092
1.0 -0.6748031139254261
1.0 -0.6801232367182042
1.0 -0.6851900203303738
1.0 -0.6900155285324401
1.0 -0.694611250629646
1.0 -0.6989881288174612
1.0 -0.7031565842344281
1.0 -0.7071265417743965
1.0 -0.7109074537172235
1.0 -0.7145083222342017
1.0 -0.7179377208218
1.0 -0.7212038147147506
1.0 -0.7243143803270847
1.0 -0.7272768237674029
