# CURVE 2D, normalized by CHORD
# COLUMN#1 = X-coordinate, COLUMN#2 = Y-coordinate
#-------------------------------------------------------------------------------
0.0 0.0
0.05129940669164177 -0.04255884533455304
0.10015598449320595 -0.08309107898650882
0.14668605858993375 -0.12169320627408574
0.19100041487253164 -0.15845713702415898
0.23320456371310105 -0.19347040440518112
0.27339899118031 -0.22681637333948795
0.31167939829193764 -0.25857443899120874
0.3481369288744401 -0.2888202158023713
0.3828583865720615 -0.31762571752728813
0.4159264415221771 -0.3450595286938756
0.4474198271889539 -0.3711869679001493
0.4774135278239794 -0.3960702433346957
0.5059789570001941 -0.4197686008914066
0.5331841276442082 -0.44233846523113124
0.5590938139718407 -0.4638335741261071
0.583769705712443 -0.4843051064070365
0.6072705549892071 -0.5038018038174454
0.6296523162051729 -0.522370087065454
0.6509682792679975 -0.5400541663492715
0.6712691964706876 -0.5568961466195741
0.6906034033303925 -0.572936127829386
0.7090169336729686 -0.5882123004101593
0.7265536292373267 -0.6027610362013719
0.7432552440605249 -0.6166169750501458
0.7591615438921423 -0.6298131072870733
0.774310400874635 -0.6423808522746233
0.7887378837151042 -0.6543501332151471
0.8024783435631702 -0.6657494483965984
0.8155644957994235 -0.6766059390455996
0.8280274979291885 -0.6869454539494103
0.83989702376706 -0.6967926110006586
0.8512013340888424 -0.7061708558113713
0.8619673439191112 -0.7151025175358594
0.8722206866146054 -0.723608862035372
0.8819857748960285 -0.7317101425110983
0.8912858589735743 -0.7394256477260758
0.9001430819045703 -0.7467737479308162
0.9085785323150426 -0.7537719386019975
0.9166122946107306 -0.7604368820983607
0.9242634967971001 -0.7667844473329923
0.9315503560222138 -0.772829747556451
0.9384902219508936 -0.7785871763406973
0.9450996180734458 -0.7840704418495034
0.951394281047305 -0.7892925994769376
0.9573891981652661 -0.7942660829316369
0.9630986430395149 -0.7990027338408745
0.9685362095864184 -0.8035138299449102
0.9737148443929932 -0.8078101119487536
0.978646877542112 -0.8119018090952712
0.9833440519698442 -0.8157986635205261
0.9878175514248273 -0.8195099534493403
0.9920780270962398 -0.8230445152863062
0.9961356229737756 -0.8264107646548452
1.0 -0.829616716434406
1.0 0.0
1.0 -0.04255884533455304
1.0 -0.08309107898650882
1.0 -0.12169320627408574
1.0 -0.15845713702415898
1.0 -0.19347040440518112
1.0 -0.22681637333948795
1.0 -0.25857443899120874
1.0 -0.2888202158023713
1.0 -0.31762571752728813
1.0 -0.3450595286938756
1.0 -0.3711869679001493
1.0 -0.3960702433346957
1.0 -0.4197686008914066
1.0 -0.44233846523113124
1.0 -0.4638335741261071
1.0 -0.4843051064070365
1.0 -0.5038018038174454
1.0 -0.522370087065454
1.0 -0.5400541663492715
1.0 -0.5568961466195741
1.0 -0.572936127829386
1.0 -0.5882123004101593
1.0 -0.6027610362013719
1.0 -0.6166169750501458
1.0 -0.6298131072870733
1.0 -0.6423808522746233
1.0 -0.6543501332151471
1.0 -0.6657494483965984
1.0 -0.6766059390455996
1.0 -0.6869454539494103
1.0 -0.6967926110006586
1.0 -0.7061708558113713
1.0 -0.7151025175358594
1.0 -0.723608862035372
1.0 -0.7317101425110983
1.0 -0.7394256477260758
1.0 -0.7467737479308162
1.0 -0.7537719386019975
1.0 -0.7604368820983607
1.0 -0.7667844473329923
1.0 -0.772829747556451
1.0 -0.7785871763406973
1.0 -0.7840704418495034
1.0 -0.7892925994769376
1.0 -0.7942660829316369
1.0 -0.7990027338408745
1.0 -0.8035138299449102
1.0 -0.8078101119487536
1.0 -0.8119018090952712
1.0 -0.8157986635205261
1.0 -0.8195099534493403
1.0 -0.8230445152863062
1.0 -0.8264107646548452
