# CURVE 2D, normalized by CHORD
# COLUMN#1 = X-coordinate, COLUMN#2 = Y-coordinate
#-------------------------------------------------------------------------------
0.0 0.0
0.05129940669164177 -0.018951765617306292
0.10015598449320595 -0.037001066205217266
0.14668605858993375 -0.054190876288942
0.19100041487253164 -0.07056212398772746
0.23320456371310105 -0.08615378846276123
0.27339899118031 -0.10100299272469815
0.31167939829193764 -0.11514509202178094
0.3481369288744401 -0.12861375801900266
0.3828583865720615 -0.1414410589687376
0.4159264415221771 -0.15365753606372326
0.4474198271889539 -0.16529227615418582
0.4774135278239794 -0.17637298100224538
0.5059789570001941 -0.18692603323849258
0.5331841276442082 -0.19697655917777562
0.5590938139718407 -0.2065484886437595
0.583769705712443 -0.21566461194469652
0.6072705549892071 -0.2243466341360651
0.6296523162051729 -0.23261522669927323
0.6509682792679975 -0.24049007675947148
0.6712691964706876 -0.24798993395966032
0.6906034033303925 -0.2551326551026973
0.7090169336729686 -0.2619352466674944
0.7265536292373267 -0.2684139053006345
0.7432552440605249 -0.2745840563798156
0.7591615438921423 -0.2804603907409404
0.774310400874635 -0.2860568996562973
0.7887378837151042 -0.2913869081471135
0.8024783435631702 -0.29646310670979553
0.8155644957994235 -0.3012975815313975
0.8280274979291885 -0.3059018432662565
0.83989702376706 -0.3102868544423127
0.8512013340888424 -0.31446305556236626
0.8619673439191112 -0.3184403899624172
0.8722206866146054 -0.3222283274862752
0.8819857748960285 -0.32583588703280675
0.8912858589735743 -0.3292716580295034
0.9001430819045703 -0.33254382088350026
0.9085785323150426 -0.3356601664587353
0.9166122946107306 -0.33862811462562586
0.9242634967971001 -0.3414547319274264
0.9315503560222138 -0.34414674840533166
0.9384902219508936 -0.3467105736223843
0.9450996180734458 -0.34915231192433915
0.951394281047305 -0.35147777697381993
0.9573891981652661 -0.35369250559237314
0.9630986430395149 -0.35580177094337617
0.9685362095864184 -0.35781059508718854
0.9737148443929932 -0.35972376093843844
0.978646877542112 -0.3615458236539145
0.9833440519698442 -0.3632811214781775
0.9878175514248273 -0.3649337860727136
0.9920780270962398 -0.36650775235322425
0.9961356229737756 -0.36800676785847247
1.0 -0.3694344016729946
1.0 -0.36800676785847247
1.0 -0.36650775235322425
1.0 -0.3649337860727136
1.0 -0.3632811214781775
1.0 -0.3615458236539145
1.0 -0.35972376093843844
1.0 -0.35781059508718854
1.0 -0.35580177094337617
1.0 -0.35369250559237314
1.0 -0.35147777697381993
1.0 -0.34915231192433915
1.0 -0.3467105736223843
1.0 -0.34414674840533166
1.0 -0.3414547319274264
1.0 -0.33862811462562586
1.0 -0.3356601664587353
1.0 -0.33254382088350026
1.0 -0.3292716580295034
1.0 -0.32583588703280675
1.0 -0.3222283274862752
1.0 -0.3184403899624172
1.0 -0.31446305556236626
1.0 -0.3102868544423127
1.0 -0.3059018432662565
1.0 -0.3012975815313975
1.0 -0.29646310670979553
1.0 -0.2913869081471135
1.0 -0.2860568996562973
1.0 -0.2804603907409404
1.0 -0.2745840563798156
1.0 -0.2684139053006345
1.0 -0.2619352466674944
1.0 -0.2551326551026973
1.0 -0.24798993395966032
1.0 -0.24049007675947148
1.0 -0.23261522669927323
1.0 -0.2243466341360651
1.0 -0.21566461194469652
1.0 -0.2065484886437595
1.0 -0.19697655917777562
1.0 -0.18692603323849258
1.0 -0.17637298100224538
1.0 -0.16529227615418582
1.0 -0.15365753606372326
1.0 -0.1414410589687376
1.0 -0.12861375801900266
1.0 -0.11514509202178094
1.0 -0.10100299272469815
1.0 -0.08615378846276123
1.0 -0.07056212398772746
1.0 -0.054190876288942
1.0 -0.037001066205217266
1.0 -0.018951765617306292
1.0 0.0
