# CURVE 2D, normalized by CHORD
# COLUMN#1 = X-coordinate, COLUMN#2 = Y-coordinate
#-------------------------------------------------------------------------------
0.0 0.0
0.05129940669164177 0.009529095768875897
0.10015598449320595 0.01860442507256734
0.14668605858993375 0.02724759583798776
0.19100041487253164 0.03547918704315006
0.23320456371310105 0.0433187977147332
0.27339899118031 0.05078509359243144
0.31167939829193764 0.05789585157119166
0.3481369288744401 0.06466800202715378
0.3828583865720615 0.07111766912807008
0.4159264415221771 0.07726020922418085
0.4474198271889539 0.083110247410953
0.4774135278239794 0.088681712350736
0.5059789570001941 0.09398786943624363
0.5331841276442082 0.09904135237482231
0.5590938139718407 0.10385419326870679
0.583769705712443 0.10843785126288248
0.6072705549892071 0.11280323982876407
0.6296523162051729 0.11696075274865131
0.6509682792679975 0.12092028886282963
0.6712691964706876 0.12469127563823756
0.6906034033303925 0.12828269161481654
0.7090169336729686 0.131703087782987
0.7265536292373267 0.13496060794314935
0.7432552440605249 0.1380630080956849
0.7591615438921423 0.14101767490762354
0.774310400874635 0.14383164329994602
0.7887378837151042 0.14651161319739603
0.8024783435631702 0.14906396548068174
0.8155644957994235 0.1514947771790491
0.8280274979291885 0.15380983593939895
0.83989702376706 0.1560146538063988
0.8512013340888424 0.1581144803463987
0.8619673439191112 0.16011431514639857
0.8722206866146054 0.162018919717827
0.8819857748960285 0.16383282883347317
0.8912858589735743 0.16556036132456475
0.9001430819045703 0.16720563036369956
0.9085785323150426 0.1687725532581137
0.9166122946107306 0.17026486077660333
0.9242634967971001 0.17168610603230777
0.9315503560222138 0.17303967294250244
0.9384902219508936 0.174328784285545
0.9450996180734458 0.17555650937415695
0.951394281047305 0.1767257713633112
0.9573891981652661 0.17783935421012476
0.9630986430395149 0.17889990930232816
0.9685362095864184 0.1799099617710933
0.9737148443929932 0.18087191650325057
0.978646877542112 0.18178806386720986
0.9833440519698442 0.18266058516621872
0.9878175514248273 0.18349155783194146
0.9920780270962398 0.18428296037072503
0.9961356229737756 0.18503667707432842
1.0 0.0
1.0 0.009529095768875897
1.0 0.01860442507256734
1.0 0.02724759583798776
1.0 0.03547918704315006
1.0 0.0433187977147332
1.0 0.05078509359243144
1.0 0.05789585157119166
1.0 0.06466800202715378
1.0 0.07111766912807008
1.0 0.07726020922418085
1.0 0.083110247410953
1.0 0.088681712350736
1.0 0.09398786943624363
1.0 0.09904135237482231
1.0 0.10385419326870679
1.0 0.10843785126288248
1.0 0.11280323982876407
1.0 0.11696075274865131
1.0 0.12092028886282963
1.0 0.12469127563823756
1.0 0.12828269161481654
1.0 0.131703087782987
1.0 0.13496060794314935
1.0 0.1380630080956849
1.0 0.14101767490762354
1.0 0.14383164329994602
1.0 0.14651161319739603
1.0 0.14906396548068174
1.0 0.1514947771790491
1.0 0.15380983593939895
1.0 0.1560146538063988
1.0 0.1581144803463987
1.0 0.16011431514639857
1.0 0.162018919717827
1.0 0.16383282883347317
1.0 0.16556036132456475
1.0 0.16720563036369956
1.0 0.1687725532581137
1.0 0.17026486077660333
1.0 0.17168610603230777
1.0 0.17303967294250244
1.0 0.174328784285545
1.0 0.17555650937415695
1.0 0.1767257713633112
1.0 0.17783935421012476
1.0 0.17889990930232816
1.0 0.1799099617710933
1.0 0.18087191650325057
1.0 0.18178806386720986
1.0 0.18266058516621872
1.0 0.18349155783194146
1.0 0.18428296037072503
1.0 0.18503667707432842
1.0 0.18575450250633163
