# CURVE 2D, normalized by CHORD
# COLUMN#1 = X-coordinate, COLUMN#2 = Y-coordinate
#-------------------------------------------------------------------------------
0.0 0.0
0.05129940669164177 0.03449429007457176
0.10015598449320595 0.06734599490749764
0.14668605858993375 0.09863333284361753
0.19100041487253164 0.1284307975446841
0.23320456371310105 0.15680933535522365
0.27339899118031 0.1838365142224042
0.31167939829193764 0.2095766845721
0.3481369288744401 0.23409113252419117
0.3828583865720615 0.25743822581189707
0.4159264415221771 0.2796735527525694
0.4474198271889539 0.3008500546008287
0.4774135278239794 0.3210181515991709
0.5059789570001941 0.3402258630261635
0.5331841276442082 0.3585189215280612
0.5590938139718407 0.375940882006059
0.583769705712443 0.3925332253184379
0.6072705549892071 0.408335457044513
0.6296523162051729 0.4233852015455369
0.6509682792679975 0.43771829154651204
0.6712691964706876 0.4513688534522027
0.6906034033303925 0.4643693886004795
0.7090169336729686 0.4767508506464574
0.7265536292373267 0.4885427192616744
0.7432552440605249 0.4997730703237859
0.7591615438921423 0.510468642763892
0.774310400874635 0.5206549022306598
0.7887378837151042 0.5303561017228196
0.8024783435631702 0.5395953393344003
0.8155644957994235 0.5483946132501915
0.8280274979291885 0.5567748741223736
0.83989702376706 0.5647560749530232
0.8512013340888424 0.5723572186012609
0.8619673439191112 0.579596403028154
0.8722206866146054 0.5864908643870996
0.8819857748960285 0.5930570180622862
0.8912858589735743 0.59931049775294
0.9001430819045703 0.6052661926964198
0.9085785323150426 0.6109382831187814
0.9166122946107306 0.6163402739972211
0.9242634967971001 0.6214850272147828
0.9315503560222138 0.6263847921838891
0.9384902219508936 0.6310512350116093
0.9450996180734458 0.6354954662761049
0.951394281047305 0.6397280674803862
0.9573891981652661 0.6437591162463686
0.9630986430395149 0.6475982103092089
0.9685362095864184 0.6512544903690568
0.9737148443929932 0.6547366618546262
0.978646877542112 0.6580530156504066
0.9833440519698442 0.6612114478368641
0.9878175514248273 0.6642194784906332
0.9920780270962398 0.667084269589461
0.9961356229737756 0.6698126420645351
1.0 0.0
1.0 0.03449429007457176
1.0 0.06734599490749764
1.0 0.09863333284361753
1.0 0.1284307975446841
1.0 0.15680933535522365
1.0 0.1838365142224042
1.0 0.2095766845721
1.0 0.23409113252419117
1.0 0.25743822581189707
1.0 0.2796735527525694
1.0 0.3008500546008287
1.0 0.3210181515991709
1.0 0.3402258630261635
1.0 0.3585189215280612
1.0 0.375940882006059
1.0 0.3925332253184379
1.0 0.408335457044513
1.0 0.4233852015455369
1.0 0.43771829154651204
1.0 0.4513688534522027
1.0 0.4643693886004795
1.0 0.4767508506464574
1.0 0.4885427192616744
1.0 0.4997730703237859
1.0 0.510468642763892
1.0 0.5206549022306598
1.0 0.5303561017228196
1.0 0.5395953393344003
1.0 0.5483946132501915
1.0 0.5567748741223736
1.0 0.5647560749530232
1.0 0.5723572186012609
1.0 0.579596403028154
1.0 0.5864908643870996
1.0 0.5930570180622862
1.0 0.59931049775294
1.0 0.6052661926964198
1.0 0.6109382831187814
1.0 0.6163402739972211
1.0 0.6214850272147828
1.0 0.6263847921838891
1.0 0.6310512350116093
1.0 0.6354954662761049
1.0 0.6397280674803862
1.0 0.6437591162463686
1.0 0.6475982103092089
1.0 0.6512544903690568
1.0 0.6547366618546262
1.0 0.6580530156504066
1.0 0.6612114478368641
1.0 0.6642194784906332
1.0 0.667084269589461
1.0 0.6698126420645351
1.0 0.672411092040796
