# CURVE 2D, normalized by CHORD
# COLUMN#1 = X-coordinate, COLUMN#2 = Y-coordinate
#-------------------------------------------------------------------------------
0.0 0.0
0.05129940669164177 0.039840675265293814
0.10015598449320595 0.07778417551795505
0.14668605858993375 0.11392084242525147
0.19100041487253164 0.14833671567029566
0.23320456371310105 0.18111373780843298
0.27339899118031 0.21232994936856378
0.31167939829193764 0.24205967466392647
0.3481369288744401 0.27037369875474804
0.3828583865720615 0.29733943598410195
0.4159264415221771 0.3230210904882485
0.4474198271889539 0.3474798090636262
0.4774135278239794 0.370773826754462
0.5059789570001941 0.39295860550763906
0.5331841276442082 0.4140869662249505
0.5590938139718407 0.4342092145271519
0.583769705712443 0.4533732605292485
0.6072705549892071 0.4716247329121976
0.6296523162051729 0.4890070875626253
0.6509682792679975 0.5055617110392231
0.6712691964706876 0.5213280191121734
0.6906034033303925 0.5363435506102213
0.7090169336729686 0.5506440567988384
0.7265536292373267 0.5642635865022833
0.7432552440605249 0.5772345671722307
0.7591615438921423 0.5895878820959902
0.774310400874635 0.6013529439281421
0.7887378837151042 0.6125577647206676
0.8024783435631702 0.623229022618311
0.8155644957994235 0.6333921253779715
0.8280274979291885 0.6430712708633624
0.83989702376706 0.6522895046589727
0.8512013340888424 0.6610687749405063
0.8619673439191112 0.6694299847324432
0.8722206866146054 0.6773930416771449
0.8819857748960285 0.6849769054340037
0.8912858589735743 0.6921996328214882
0.9001430819045703 0.6990784208095688
0.9085785323150426 0.7056296474648837
0.9166122946107306 0.7118689109461358
0.9242634967971001 0.7178110666425666
0.9315503560222138 0.723470262543929
0.9384902219508936 0.7288599729261791
0.9450996180734458 0.7339930304330838
0.951394281047305 0.7388816566301359
0.9573891981652661 0.7435374911035191
0.9630986430395149 0.7479716191734076
0.9685362095864184 0.7521945982875873
0.9737148443929932 0.7562164831582344
0.978646877542112 0.760046849701708
0.9833440519698442 0.7636948178383495
0.9878175514248273 0.7671690732065795
0.9920780270962398 0.7704778878429891
0.9961356229737756 0.7736291398776648
1.0 0.0
1.0 0.039840675265293814
1.0 0.07778417551795505
1.0 0.11392084242525147
1.0 0.14833671567029566
1.0 0.18111373780843298
1.0 0.21232994936856378
1.0 0.24205967466392647
1.0 0.27037369875474804
1.0 0.29733943598410195
1.0 0.3230210904882485
1.0 0.3474798090636262
1.0 0.370773826754462
1.0 0.39295860550763906
1.0 0.4140869662249505
1.0 0.4342092145271519
1.0 0.4533732605292485
1.0 0.4716247329121976
1.0 0.4890070875626253
1.0 0.5055617110392231
1.0 0.5213280191121734
1.0 0.5363435506102213
1.0 0.5506440567988384
1.0 0.5642635865022833
1.0 0.5772345671722307
1.0 0.5895878820959902
1.0 0.6013529439281421
1.0 0.6125577647206676
1.0 0.623229022618311
1.0 0.6333921253779715
1.0 0.6430712708633624
1.0 0.6522895046589727
1.0 0.6610687749405063
1.0 0.6694299847324432
1.0 0.6773930416771449
1.0 0.6849769054340037
1.0 0.6921996328214882
1.0 0.6990784208095688
1.0 0.7056296474648837
1.0 0.7118689109461358
1.0 0.7178110666425666
1.0 0.723470262543929
1.0 0.7288599729261791
1.0 0.7339930304330838
1.0 0.7388816566301359
1.0 0.7435374911035191
1.0 0.7479716191734076
1.0 0.7521945982875873
1.0 0.7562164831582344
1.0 0.760046849701708
1.0 0.7636948178383495
1.0 0.7671690732065795
1.0 0.7704778878429891
1.0 0.7736291398776648
1.0 0.7766303322916417
