# CURVE 2D, normalized by CHORD
# COLUMN#1 = X-coordinate, COLUMN#2 = Y-coordinate
#-------------------------------------------------------------------------------
0.0 0.0
0.05129940669164177 0.0035412937749692173
0.10015598449320595 0.006913954513035179
0.14668605858993375 0.010126012358812287
0.19100041487253164 0.013185115069076197
0.23320456371310105 0.016098546221708494
0.27339899118031 0.018873242557548776
0.31167939829193764 0.02151581049644428
0.3481369288744401 0.024032541866820956
0.3828583865720615 0.02642942888622731
0.4159264415221771 0.028712178428519076
0.4474198271889539 0.030886225611654095
0.4774135278239794 0.032956746738449345
0.5059789570001941 0.03492867162111149
0.5331841276442082 0.03680669531888496
0.5590938139718407 0.03859528931676446
0.583769705712443 0.040298712171887796
0.6072705549892071 0.041921019652957636
0.6296523162051729 0.04346607439683367
0.6509682792679975 0.04493755510528704
0.6712691964706876 0.04633896530381405
0.6906034033303925 0.0476736416833636
0.7090169336729686 0.04894476204483936
0.7265536292373267 0.05015535286529245
0.7432552440605249 0.05130829650381921
0.7591615438921423 0.05240633806432089
0.774310400874635 0.05345209193146534
0.7887378837151042 0.05444804799541244
0.8024783435631702 0.05539657758012396
0.8155644957994235 0.05629993908937303
0.8280274979291885 0.05716028338389595
0.83989702376706 0.05797965890248921
0.8512013340888424 0.058760016539244696
0.8619673439191112 0.05950321428853563
0.8722206866146054 0.06021102166881272
0.8819857748960285 0.060885123935743274
0.8912858589735743 0.06152712609472476
0.9001430819045703 0.062138556722326176
0.9085785323150426 0.0627208716057561
0.9166122946107306 0.06327545720902268
0.9242634967971001 0.06380363397403847
0.9315503560222138 0.06430665946452971
0.9384902219508936 0.06478573136023565
0.9450996180734458 0.06524199030852702
0.951394281047305 0.06567652264023308
0.9573891981652661 0.06609036295614362
0.9630986430395149 0.06648449659034414
0.9685362095864184 0.06685986195624939
0.9737148443929932 0.06721735278092104
0.978646877542112 0.0675578202329893
0.9833440519698442 0.06788207494924478
0.9878175514248273 0.06819088896472619
0.9920780270962398 0.06848499755089897
0.9961356229737756 0.0687651009663016
1.0 0.0
1.0 0.0035412937749692173
1.0 0.006913954513035179
1.0 0.010126012358812287
1.0 0.013185115069076197
1.0 0.016098546221708494
1.0 0.018873242557548776
1.0 0.02151581049644428
1.0 0.024032541866820956
1.0 0.02642942888622731
1.0 0.028712178428519076
1.0 0.030886225611654095
1.0 0.032956746738449345
1.0 0.03492867162111149
1.0 0.03680669531888496
1.0 0.03859528931676446
1.0 0.040298712171887796
1.0 0.041921019652957636
1.0 0.04346607439683367
1.0 0.04493755510528704
1.0 0.04633896530381405
1.0 0.0476736416833636
1.0 0.04894476204483936
1.0 0.05015535286529245
1.0 0.05130829650381921
1.0 0.05240633806432089
1.0 0.05345209193146534
1.0 0.05444804799541244
1.0 0.05539657758012396
1.0 0.05629993908937303
1.0 0.05716028338389595
1.0 0.05797965890248921
1.0 0.058760016539244696
1.0 0.05950321428853563
1.0 0.06021102166881272
1.0 0.060885123935743274
1.0 0.06152712609472476
1.0 0.062138556722326176
1.0 0.0627208716057561
1.0 0.06327545720902268
1.0 0.06380363397403847
1.0 0.06430665946452971
1.0 0.06478573136023565
1.0 0.06524199030852702
1.0 0.06567652264023308
1.0 0.06609036295614362
1.0 0.06648449659034414
1.0 0.06685986195624939
1.0 0.06721735278092104
1.0 0.0675578202329893
1.0 0.06788207494924478
1.0 0.06819088896472619
1.0 0.06848499755089897
1.0 0.0687651009663016
1.0 0.06903186612382793
