# CURVE 2D, normalized by CHORD
# COLUMN#1 = X-coordinate, COLUMN#2 = Y-coordinate
#-------------------------------------------------------------------------------
0.0 0.0
0.05129940669164177 -0.00806708614647537
0.10015598449320595 -0.01575002533359486
0.14668605858993375 -0.02306711027370866
0.19100041487253164 -0.030035762597626567
0.23320456371310105 -0.03667257433469124
0.27339899118031 -0.042993347417609976
0.31167939829193764 -0.04901313130610401
0.3481369288744401 -0.054746258818955465
0.3828583865720615 -0.060206380259766386
0.4159264415221771 -0.06540649591768154
0.4474198271889539 -0.07035898702045788
0.4774135278239794 -0.07507564521357821
0.5059789570001941 -0.07956770063559755
0.5331841276442082 -0.08384584865656837
0.5590938139718407 -0.08792027534320725
0.583769705712443 -0.09180068171143475
0.6072705549892071 -0.09549630682403236
0.6296523162051729 -0.09901594978841104
0.6509682792679975 -0.10236799070686692
0.6712691964706876 -0.10556041062920586
0.6906034033303925 -0.10860081055524295
0.7090169336729686 -0.11149642953242114
0.7265536292373267 -0.11425416189163845
0.7432552440605249 -0.1168805736623216
0.7591615438921423 -0.11938191820582937
0.774310400874635 -0.12176415110440819
0.7887378837151042 -0.12403294434114992
0.8024783435631702 -0.12619369980471348
0.8155644957994235 -0.12825156215096448
0.8280274979291885 -0.13021143105215593
0.83989702376706 -0.13207797286281445
0.8512013340888424 -0.13385563173010825
0.8619673439191112 -0.13554864017514998
0.8722206866146054 -0.13716102917042783
0.8819857748960285 -0.1386966377373591
0.8912858589735743 -0.14015912208681747
0.9001430819045703 -0.14155196432439687
0.9085785323150426 -0.14287848074113915
0.9166122946107306 -0.14414182970946512
0.9242634967971001 -0.1453450192031089
0.9315503560222138 -0.14649091395896013
0.9384902219508936 -0.14758224229786607
0.9450996180734458 -0.14862160262063362
0.951394281047305 -0.14961146959469795
0.9573891981652661 -0.1505542000461878
0.9630986430395149 -0.15145203857141623
0.9685362095864184 -0.15230712288115758
0.9737148443929932 -0.15312148889043503
0.978646877542112 -0.1538970755659374
0.9833440519698442 -0.15463572954260632
0.9878175514248273 -0.15533920952038624
0.9920780270962398 -0.15600919045160522
0.9961356229737756 -0.1566472675289566
1.0 -0.157254959983577
1.0 -0.1566472675289566
1.0 -0.15600919045160522
1.0 -0.15533920952038624
1.0 -0.15463572954260632
1.0 -0.1538970755659374
1.0 -0.15312148889043503
1.0 -0.15230712288115758
1.0 -0.15145203857141623
1.0 -0.1505542000461878
1.0 -0.14961146959469795
1.0 -0.14862160262063362
1.0 -0.14758224229786607
1.0 -0.14649091395896013
1.0 -0.1453450192031089
1.0 -0.14414182970946512
1.0 -0.14287848074113915
1.0 -0.14155196432439687
1.0 -0.14015912208681747
1.0 -0.1386966377373591
1.0 -0.13716102917042783
1.0 -0.13554864017514998
1.0 -0.13385563173010825
1.0 -0.13207797286281445
1.0 -0.13021143105215593
1.0 -0.12825156215096448
1.0 -0.12619369980471348
1.0 -0.12403294434114992
1.0 -0.12176415110440819
1.0 -0.11938191820582937
1.0 -0.1168805736623216
1.0 -0.11425416189163845
1.0 -0.11149642953242114
1.0 -0.10860081055524295
1.0 -0.10556041062920586
1.0 -0.10236799070686692
1.0 -0.09901594978841104
1.0 -0.09549630682403236
1.0 -0.09180068171143475
1.0 -0.08792027534320725
1.0 -0.08384584865656837
1.0 -0.07956770063559755
1.0 -0.07507564521357821
1.0 -0.07035898702045788
1.0 -0.06540649591768154
1.0 -0.060206380259766386
1.0 -0.054746258818955465
1.0 -0.04901313130610401
1.0 -0.042993347417609976
1.0 -0.03667257433469124
1.0 -0.030035762597626567
1.0 -0.02306711027370866
1.0 -0.01575002533359486
1.0 -0.00806708614647537
1.0 0.0
