# CURVE 2D, normalized by CHORD
# COLUMN#1 = X-coordinate, COLUMN#2 = Y-coordinate
#-------------------------------------------------------------------------------
0.0 0.0
0.05129940669164177 0.04541455579349559
0.10015598449320595 0.08866651369206334
0.14668605858993375 0.12985885454784216
0.19100041487253164 0.16908965536286957
0.23320456371310105 0.20645232280575285
0.27339899118031 0.24203581560849882
0.31167939829193764 0.27592485637301883
0.3481369288744401 0.3082001332916092
0.3828583865720615 0.3389384922616954
0.4159264415221771 0.36821311985225363
0.4474198271889539 0.3960937175575472
0.4774135278239794 0.42264666775306486
0.5059789570001941 0.4479351917487959
0.5331841276442082 0.4720195003161589
0.5590938139718407 0.4949569370469808
0.583769705712443 0.5168021148858588
0.6072705549892071 0.5376070461609807
0.6296523162051729 0.5574212664230015
0.6509682792679975 0.5762919523868308
0.6712691964706876 0.5942640342571446
0.6906034033303925 0.6113803027050624
0.7090169336729686 0.6276815107506984
0.7265536292373267 0.6432064707941613
0.7432552440605249 0.6579921470260306
0.7591615438921423 0.6720737434373348
0.774310400874635 0.6854847876385768
0.7887378837151042 0.6982572106873788
0.8024783435631702 0.7104214231148092
0.8155644957994235 0.7220063873314096
0.8280274979291885 0.7330396865853148
0.83989702376706 0.7435475906366531
0.8512013340888424 0.7535551183045943
0.8619673439191112 0.7630860970359669
0.8722206866146054 0.772163219637274
0.8819857748960285 0.7808080983051856
0.8912858589735743 0.7890413160841492
0.9001430819045703 0.7968824758736381
0.9085785323150426 0.804350247101723
0.9166122946107306 0.8114624101760894
0.9242634967971001 0.8182358988183431
0.9315503560222138 0.8246868403823944
0.9384902219508936 0.8308305942529193
0.9450996180734458 0.836681788415324
0.951394281047305 0.8422543542842809
0.9573891981652661 0.8475615598737636
0.9630986430395149 0.8526160413875566
0.9685362095864184 0.8574298333054547
0.9737148443929932 0.8620143970367864
0.978646877542112 0.866380648209483
0.9833440519698442 0.8705389826596704
0.9878175514248273 0.8744993011836584
0.9920780270962398 0.8782710331112661
0.9961356229737756 0.8818631587566067
1.0 0.0
1.0 0.04541455579349559
1.0 0.08866651369206334
1.0 0.12985885454784216
1.0 0.16908965536286957
1.0 0.20645232280575285
1.0 0.24203581560849882
1.0 0.27592485637301883
1.0 0.3082001332916092
1.0 0.3389384922616954
1.0 0.36821311985225363
1.0 0.3960937175575472
1.0 0.42264666775306486
1.0 0.4479351917487959
1.0 0.4720195003161589
1.0 0.4949569370469808
1.0 0.5168021148858588
1.0 0.5376070461609807
1.0 0.5574212664230015
1.0 0.5762919523868308
1.0 0.5942640342571446
1.0 0.6113803027050624
1.0 0.6276815107506984
1.0 0.6432064707941613
1.0 0.6579921470260306
1.0 0.6720737434373348
1.0 0.6854847876385768
1.0 0.6982572106873788
1.0 0.7104214231148092
1.0 0.7220063873314096
1.0 0.7330396865853148
1.0 0.7435475906366531
1.0 0.7535551183045943
1.0 0.7630860970359669
1.0 0.772163219637274
1.0 0.7808080983051856
1.0 0.7890413160841492
1.0 0.7968824758736381
1.0 0.804350247101723
1.0 0.8114624101760894
1.0 0.8182358988183431
1.0 0.8246868403823944
1.0 0.8308305942529193
1.0 0.836681788415324
1.0 0.8422543542842809
1.0 0.8475615598737636
1.0 0.8526160413875566
1.0 0.8574298333054547
1.0 0.8620143970367864
1.0 0.866380648209483
1.0 0.8705389826596704
1.0 0.8744993011836584
1.0 0.8782710331112661
1.0 0.8818631587566067
1.0 0.8852842307997881
