# CURVE 2D, normalized by CHORD
# COLUMN#1 = X-coordinate, COLUMN#2 = Y-coordinate
#-------------------------------------------------------------------------------
0.0 0.0
0.05129940669164177 0.0373119372178561
0.10015598449320595 0.07284711552057663
0.14668605858993375 0.10669014247554855
0.19100041487253164 0.13892159671837895
0.23320456371310105 0.16961821980678884
0.27339899118031 0.1988530989386078
0.31167939829193764 0.2266958409689116
0.3481369288744401 0.25321273814062945
0.3828583865720615 0.2784669259232179
0.4159264415221771 0.30251853333520695
0.4474198271889539 0.3254248261085298
0.4774135278239794 0.34724034303550394
0.5059789570001941 0.36801702582309836
0.5331841276442082 0.3878043427636645
0.5590938139718407 0.4066494065165846
0.583769705712443 0.42459708628127046
0.6072705549892071 0.4416901146285903
0.6296523162051729 0.45796918924508534
0.6509682792679975 0.47347306983222354
0.6712691964706876 0.48823867039140273
0.6906034033303925 0.5023011471144306
0.7090169336729686 0.5156939820887428
0.7265536292373267 0.5284490630166592
0.7432552440605249 0.5405967591384843
0.7591615438921423 0.5521659935402226
0.774310400874635 0.5631843120180685
0.7887378837151042 0.573677948663636
0.8024783435631702 0.5836718883260813
0.8155644957994235 0.5931899260998387
0.8280274979291885 0.6022547239796077
0.83989702376706 0.6108878648174828
0.8512013340888424 0.6191099037106973
0.8619673439191112 0.6269404169423302
0.8722206866146054 0.6343980485915043
0.8819857748960285 0.6415005549240511
0.8912858589735743 0.6482648466693338
0.9001430819045703 0.6547070292838887
0.9085785323150426 0.6608424412977505
0.9166122946107306 0.6666856908347618
0.9242634967971001 0.6722506903938201
0.9315503560222138 0.6775506899738757
0.9384902219508936 0.6825983086215477
0.9450996180734458 0.6874055644764734
0.951394281047305 0.6919839033859263
0.9573891981652661 0.696344226156834
0.9630986430395149 0.7004969145100793
0.9685362095864184 0.7044518557988845
0.9737148443929932 0.7082184665501274
0.978646877542112 0.7118057148846445
0.9833440519698442 0.7152221418698989
0.9878175514248273 0.7184758818558554
0.9920780270962398 0.7215746818424809
0.9961356229737756 0.7245259199249812
1.0 0.0
1.0 0.0373119372178561
1.0 0.07284711552057663
1.0 0.10669014247554855
1.0 0.13892159671837895
1.0 0.16961821980678884
1.0 0.1988530989386078
1.0 0.2266958409689116
1.0 0.25321273814062945
1.0 0.2784669259232179
1.0 0.30251853333520695
1.0 0.3254248261085298
1.0 0.34724034303550394
1.0 0.36801702582309836
1.0 0.3878043427636645
1.0 0.4066494065165846
1.0 0.42459708628127046
1.0 0.4416901146285903
1.0 0.45796918924508534
1.0 0.47347306983222354
1.0 0.48823867039140273
1.0 0.5023011471144306
1.0 0.5156939820887428
1.0 0.5284490630166592
1.0 0.5405967591384843
1.0 0.5521659935402226
1.0 0.5631843120180685
1.0 0.573677948663636
1.0 0.5836718883260813
1.0 0.5931899260998387
1.0 0.6022547239796077
1.0 0.6108878648174828
1.0 0.6191099037106973
1.0 0.6269404169423302
1.0 0.6343980485915043
1.0 0.6415005549240511
1.0 0.6482648466693338
1.0 0.6547070292838887
1.0 0.6608424412977505
1.0 0.6666856908347618
1.0 0.6722506903938201
1.0 0.6775506899738757
1.0 0.6825983086215477
1.0 0.6874055644764734
1.0 0.6919839033859263
1.0 0.696344226156834
1.0 0.7004969145100793
1.0 0.7044518557988845
1.0 0.7082184665501274
1.0 0.7118057148846445
1.0 0.7152221418698989
1.0 0.7184758818558554
1.0 0.7215746818424809
1.0 0.7245259199249812
1.0 0.7273366228606957
