# CURVE 2D, normalized by CHORD
# COLUMN#1 = X-coordinate, COLUMN#2 = Y-coordinate
#-------------------------------------------------------------------------------
0.0 0.0
0.05129940669164177 0.02945953927524697
0.10015598449320595 0.05751624334691109
0.14668605858993375 0.08423691389135311
0.19100041487253164 0.10968517155272647
0.23320456371310105 0.13392160742070108
0.27339899118031 0.15700392729496263
0.31167939829193764 0.17898708907997363
0.3481369288744401 0.19992343363712695
0.3828583865720615 0.2198628094058444
0.4159264415221771 0.23885269109033722
0.4474198271889539 0.2569382926946161
0.4774135278239794 0.2741626751748817
0.5059789570001941 0.2905668489656108
0.5331841276442082 0.3061898716234481
0.5590938139718407 0.3210689408213883
0.583769705712443 0.33523948291466477
0.6072705549892071 0.3487352372892138
0.6296523162051729 0.3615883366935461
0.6509682792679975 0.37382938374529123
0.6712691964706876 0.3854875237945723
0.6906034033303925 0.39659051431769715
0.7090169336729686 0.40716479100638747
0.7265536292373267 0.417235530709902
0.7432552440605249 0.4268267113799159
0.7591615438921423 0.4359611691608815
0.774310400874635 0.4446606527618011
0.7887378837151042 0.45294587523886737
0.8024783435631702 0.46083656331226386
0.8155644957994235 0.4683515043345462
0.8280274979291885 0.4755085910224342
0.83989702376706 0.482324864058518
0.8512013340888424 0.48881655266431207
0.8619673439191112 0.4949991132412587
0.8722206866146054 0.5008872661716842
0.8819857748960285 0.5064950308673275
0.8912858589735743 0.5118357591488926
0.9001430819045703 0.5169221670360974
0.9085785323150426 0.5217663650239115
0.9166122946107306 0.5263798869170678
0.9242634967971001 0.5307737172915024
0.9315503560222138 0.5349583176481066
0.9384902219508936 0.5389436513210631
0.9450996180734458 0.5427392072000694
0.951394281047305 0.5463540223229324
0.9573891981652661 0.5497967033923258
0.9630986430395149 0.5530754472679386
0.9685362095864184 0.5561980604828078
0.9737148443929932 0.5591719778303024
0.978646877542112 0.5620042800660114
0.9833440519698442 0.5647017107666867
0.9878175514248273 0.5672706923863775
0.9920780270962398 0.5697173415479878
0.9961356229737756 0.5720474836066644
1.0 0.0
1.0 0.02945953927524697
1.0 0.05751624334691109
1.0 0.08423691389135311
1.0 0.10968517155272647
1.0 0.13392160742070108
1.0 0.15700392729496263
1.0 0.17898708907997363
1.0 0.19992343363712695
1.0 0.2198628094058444
1.0 0.23885269109033722
1.0 0.2569382926946161
1.0 0.2741626751748817
1.0 0.2905668489656108
1.0 0.3061898716234481
1.0 0.3210689408213883
1.0 0.33523948291466477
1.0 0.3487352372892138
1.0 0.3615883366935461
1.0 0.37382938374529123
1.0 0.3854875237945723
1.0 0.39659051431769715
1.0 0.40716479100638747
1.0 0.417235530709902
1.0 0.4268267113799159
1.0 0.4359611691608815
1.0 0.4446606527618011
1.0 0.45294587523886737
1.0 0.46083656331226386
1.0 0.4683515043345462
1.0 0.4755085910224342
1.0 0.482324864058518
1.0 0.48881655266431207
1.0 0.4949991132412587
1.0 0.5008872661716842
1.0 0.5064950308673275
1.0 0.5118357591488926
1.0 0.5169221670360974
1.0 0.5217663650239115
1.0 0.5263798869170678
1.0 0.5307737172915024
1.0 0.5349583176481066
1.0 0.5389436513210631
1.0 0.5427392072000694
1.0 0.5463540223229324
1.0 0.5497967033923258
1.0 0.5530754472679386
1.0 0.5561980604828078
1.0 0.5591719778303024
1.0 0.5620042800660114
1.0 0.5647017107666867
1.0 0.5672706923863775
1.0 0.5697173415479878
1.0 0.5720474836066644
1.0 0.5742666665196895
