# CURVE 2D, normalized by CHORD
# COLUMN#1 = X-coordinate, COLUMN#2 = Y-coordinate
#-------------------------------------------------------------------------------
0.0 0.0
0.05129940669164177 0.01853633881264027
0.10015598449320595 0.036189994824678835
0.14668605858993375 0.053003000550429856
0.19100041487253164 0.069015386955907
0.23320456371310105 0.08426527877064716
0.27339899118031 0.09878898526087587
0.31167939829193764 0.11262108668014131
0.3481369288744401 0.12579451660325125
0.3828583865720615 0.13834064033954643
0.4159264415221771 0.15028932961220853
0.4474198271889539 0.1616690336814105
0.4774135278239794 0.17250684708065048
0.5059789570001941 0.1828285741275457
0.5331841276442082 0.192658790362684
0.5590938139718407 0.20202090106281573
0.583769705712443 0.2109371969677031
0.6072705549892071 0.21942890735331008
0.6296523162051729 0.2275162505776977
0.6509682792679975 0.2352184822199716
0.6712691964706876 0.24255394092689916
0.6906034033303925 0.249540092076354
0.7090169336729686 0.2561935693615491
0.7265536292373267 0.26253021439506813
0.7432552440605249 0.2685651144269911
0.7591615438921423 0.2743126382669177
0.774310400874635 0.27978647049541927
0.7887378837151042 0.2849996440463731
0.8024783435631702 0.2899645712377577
0.8155644957994235 0.29469307332479067
0.8280274979291885 0.29919640864577446
0.83989702376706 0.3034852994276638
0.8512013340888424 0.30756995731517744
0.8619673439191112 0.31146010768423804
0.8722206866146054 0.31516501279762904
0.8819857748960285 0.3186934938580015
0.8912858589735743 0.32205395201073717
0.9001430819045703 0.32525438834667586
0.9085785323150426 0.3283024229523318
0.9166122946107306 0.3312053130529565
0.9242634967971001 0.33396997029164666
0.9315503560222138 0.3366029771856373
0.9384902219508936 0.3391106027989617
0.9450996180734458 0.3414988176687945
0.951394281047305 0.3437733080210162
0.9573891981652661 0.3459394893088464
0.9630986430395149 0.3480025191067799
0.9685362095864184 0.34996730939052606
0.9737148443929932 0.3518385382321891
0.978646877542112 0.35362066093853484
0.9833440519698442 0.35531792065886414
0.9878175514248273 0.3569343584877492
0.9920780270962398 0.35847382308668735
0.9961356229737756 0.3599399798475808
1.0 0.0
1.0 0.01853633881264027
1.0 0.036189994824678835
1.0 0.053003000550429856
1.0 0.069015386955907
1.0 0.08426527877064716
1.0 0.09878898526087587
1.0 0.11262108668014131
1.0 0.12579451660325125
1.0 0.13834064033954643
1.0 0.15028932961220853
1.0 0.1616690336814105
1.0 0.17250684708065048
1.0 0.1828285741275457
1.0 0.192658790362684
1.0 0.20202090106281573
1.0 0.2109371969677031
1.0 0.21942890735331008
1.0 0.2275162505776977
1.0 0.2352184822199716
1.0 0.24255394092689916
1.0 0.249540092076354
1.0 0.2561935693615491
1.0 0.26253021439506813
1.0 0.2685651144269911
1.0 0.2743126382669177
1.0 0.27978647049541927
1.0 0.2849996440463731
1.0 0.2899645712377577
1.0 0.29469307332479067
1.0 0.29919640864577446
1.0 0.3034852994276638
1.0 0.30756995731517744
1.0 0.31146010768423804
1.0 0.31516501279762904
1.0 0.3186934938580015
1.0 0.32205395201073717
1.0 0.32525438834667586
1.0 0.3283024229523318
1.0 0.3312053130529565
1.0 0.33396997029164666
1.0 0.3366029771856373
1.0 0.3391106027989617
1.0 0.3414988176687945
1.0 0.3437733080210162
1.0 0.3459394893088464
1.0 0.3480025191067799
1.0 0.34996730939052606
1.0 0.3518385382321891
1.0 0.35362066093853484
1.0 0.35531792065886414
1.0 0.3569343584877492
1.0 0.35847382308668735
1.0 0.3599399798475808
1.0 0.3613363196198603
