# CURVE 2D, normalized by CHORD
# COLUMN#1 = X-coordinate, COLUMN#2 = Y-coordinate
#-------------------------------------------------------------------------------
0.0 0.0
0.05129940669164177 -0.022895565130665017
0.10015598449320595 -0.044700865255108156
0.14668605858993375 -0.06546781775457781
0.19100041487253164 -0.08524586775407272
0.23320456371310105 -0.10408210584882978
0.27339899118031 -0.12202138022478887
0.31167939829193764 -0.13910640343998804
0.3481369288744401 -0.15537785412113006
0.3828583865720615 -0.17087447381745582
0.4159264415221771 -0.18563315924252796
0.4474198271889539 -0.19968905012354904
0.4774135278239794 -0.21307561286737867
0.5059789570001941 -0.22582472024245445
0.5331841276442082 -0.2379667272663362
0.5590938139718407 -0.24953054347955692
0.583769705712443 -0.26054370177786235
0.6072705549892071 -0.27103242396672467
0.6296523162051729 -0.28102168319421256
0.6509682792679975 -0.2905352634108677
0.6712691964706876 -0.2995958159981583
0.6906034033303925 -0.3082249137003399
0.7090169336729686 -0.31644310198813186
0.7265536292373267 -0.32426994797650516
0.7432552440605249 -0.3317240870130511
0.7591615438921423 -0.33882326704785687
0.774310400874635 -0.34558439089052895
0.7887378837151042 -0.3520235564549785
0.8024783435631702 -0.3581560950877877
0.8155644957994235 -0.36399660807141543
0.8280274979291885 -0.3695590013891562
0.83989702376706 -0.37485651883462356
0.8512013340888424 -0.3799017735445925
0.8619673439191112 -0.38470677803027714
0.8722206866146054 -0.38928297277854823
0.8819857748960285 -0.39364125349118745
0.8912858589735743 -0.39779199702703427
0.9001430819045703 -0.40174508610879317
0.9085785323150426 -0.4055099328533254
0.9166122946107306 -0.40909550118145144
0.9242634967971001 -0.41251032816061906
0.9315503560222138 -0.4157625443312548
0.9384902219508936 -0.41885989306519367
0.9450996180734458 -0.4218097490022783
0.951394281047305 -0.42461913560902553
0.9573891981652661 -0.4272947419011658
0.9630986430395149 -0.4298429383698708
0.9685362095864184 -0.4322697921495898
0.9737148443929932 -0.43458108146360797
0.978646877542112 -0.43678230938172047
0.9833440519698442 -0.43887871692278
0.9878175514248273 -0.4408752955333129
0.9920780270962398 -0.4427767989719157
0.9961356229737756 -0.4445877546277278
1.0 -0.4463124742999299
1.0 -0.4445877546277278
1.0 -0.4427767989719157
1.0 -0.4408752955333129
1.0 -0.43887871692278
1.0 -0.43678230938172047
1.0 -0.43458108146360797
1.0 -0.4322697921495898
1.0 -0.4298429383698708
1.0 -0.4272947419011658
1.0 -0.42461913560902553
1.0 -0.4218097490022783
1.0 -0.41885989306519367
1.0 -0.4157625443312548
1.0 -0.41251032816061906
1.0 -0.40909550118145144
1.0 -0.4055099328533254
1.0 -0.40174508610879317
1.0 -0.39779199702703427
1.0 -0.39364125349118745
1.0 -0.38928297277854823
1.0 -0.38470677803027714
1.0 -0.3799017735445925
1.0 -0.37485651883462356
1.0 -0.3695590013891562
1.0 -0.36399660807141543
1.0 -0.3581560950877877
1.0 -0.3520235564549785
1.0 -0.34558439089052895
1.0 -0.33882326704785687
1.0 -0.3317240870130511
1.0 -0.32426994797650516
1.0 -0.31644310198813186
1.0 -0.3082249137003399
1.0 -0.2995958159981583
1.0 -0.2905352634108677
1.0 -0.28102168319421256
1.0 -0.27103242396672467
1.0 -0.26054370177786235
1.0 -0.24953054347955692
1.0 -0.2379667272663362
1.0 -0.22582472024245445
1.0 -0.21307561286737867
1.0 -0.19968905012354904
1.0 -0.18563315924252796
1.0 -0.17087447381745582
1.0 -0.15537785412113006
1.0 -0.13910640343998804
1.0 -0.12202138022478887
1.0 -0.10408210584882978
1.0 -0.08524586775407272
1.0 -0.06546781775457781
1.0 -0.044700865255108156
1.0 -0.022895565130665017
1.0 0.0
