# CURVE 2D, normalized by CHORD
# COLUMN#1 = X-coordinate, COLUMN#2 = Y-coordinate
#-------------------------------------------------------------------------------
0.0 0.0
0.05129940669164177 -0.009717745140222566
0.10015598449320595 -0.018972740511863217
0.14668605858993375 -0.027787021818187645
0.19100041487253164 -0.03618157544325853
0.23320456371310105 -0.04417638841951651
0.27339899118031 -0.05179049601595269
0.31167939829193764 -0.059042027060177624
0.3481369288744401 -0.0659482471022966
0.3828583865720615 -0.0725255995233623
0.4159264415221771 -0.078789744686282
0.4474198271889539 -0.08475559722239602
0.4774135278239794 -0.09043736154250459
0.5059789570001941 -0.09584856565689372
0.5331841276442082 -0.10100209338488335
0.5590938139718407 -0.10591021503058778
0.583769705712443 -0.11058461659792533
0.6072705549892071 -0.11503642761443728
0.6296523162051729 -0.11927624763016294
0.6509682792679975 -0.12331417145466356
0.6712691964706876 -0.1271598131922832
0.6906034033303925 -0.13082232913287337
0.7090169336729686 -0.13431043955248304
0.7265536292373267 -0.1376324494759208
0.7432552440605249 -0.14079626845062343
0.7591615438921423 -0.14380942937891167
0.774310400874635 -0.14667910645347187
0.7887378837151042 -0.14941213223876731
0.8024783435631702 -0.15201501393904868
0.8155644957994235 -0.15449394889169762
0.8280274979291885 -0.15685483932279182
0.83989702376706 -0.15910330640002443
0.8512013340888424 -0.16124470361643642
0.8619673439191112 -0.16328412953682878
0.8722206866146054 -0.16522643993720246
0.8819857748960285 -0.16707625936612977
0.8912858589735743 -0.16883799215558437
0.9001430819045703 -0.1705158329074459
0.9085785323150426 -0.17211377648064735
0.9166122946107306 -0.17363562750274397
0.9242634967971001 -0.17508500942855026
0.9315503560222138 -0.1764653731674134
0.9384902219508936 -0.177780005299664
0.9450996180734458 -0.17903203590180744
0.951394281047305 -0.1802244459990869
0.9573891981652661 -0.1813600746631626
0.9630986430395149 -0.1824416257718061
0.9685362095864184 -0.18347167444670465
0.9737148443929932 -0.1844526731847033
0.978646877542112 -0.18538695769708294
0.9833440519698442 -0.18627675247077785
0.9878175514248273 -0.18712417606477302
0.9920780270962398 -0.18793124615429221
0.9961356229737756 -0.1886998843347867
1.0 -0.1894319206971624
1.0 -0.1886998843347867
1.0 -0.18793124615429221
1.0 -0.18712417606477302
1.0 -0.18627675247077785
1.0 -0.18538695769708294
1.0 -0.1844526731847033
1.0 -0.18347167444670465
1.0 -0.1824416257718061
1.0 -0.1813600746631626
1.0 -0.1802244459990869
1.0 -0.17903203590180744
1.0 -0.177780005299664
1.0 -0.1764653731674134
1.0 -0.17508500942855026
1.0 -0.17363562750274397
1.0 -0.17211377648064735
1.0 -0.1705158329074459
1.0 -0.16883799215558437
1.0 -0.16707625936612977
1.0 -0.16522643993720246
1.0 -0.16328412953682878
1.0 -0.16124470361643642
1.0 -0.15910330640002443
1.0 -0.15685483932279182
1.0 -0.15449394889169762
1.0 -0.15201501393904868
1.0 -0.14941213223876731
1.0 -0.14667910645347187
1.0 -0.14380942937891167
1.0 -0.14079626845062343
1.0 -0.1376324494759208
1.0 -0.13431043955248304
1.0 -0.13082232913287337
1.0 -0.1271598131922832
1.0 -0.12331417145466356
1.0 -0.11927624763016294
1.0 -0.11503642761443728
1.0 -0.11058461659792533
1.0 -0.10591021503058778
1.0 -0.10100209338488335
1.0 -0.09584856565689372
1.0 -0.09043736154250459
1.0 -0.08475559722239602
1.0 -0.078789744686282
1.0 -0.0725255995233623
1.0 -0.0659482471022966
1.0 -0.059042027060177624
1.0 -0.05179049601595269
1.0 -0.04417638841951651
1.0 -0.03618157544325853
1.0 -0.027787021818187645
1.0 -0.018972740511863217
1.0 -0.009717745140222566
1.0 0.0
