# CURVE 2D, normalized by CHORD
# COLUMN#1 = X-coordinate, COLUMN#2 = Y-coordinate
#-------------------------------------------------------------------------------
0.0 0.0
0.05129940669164177 -0.0018363327001664335
0.10015598449320595 -0.0035852209860392486
0.14668605858993375 -0.005250828877346692
0.19100041487253164 -0.006837122107163304
0.23320456371310105 -0.008347877564131505
0.27339899118031 -0.009786692285053602
0.31167939829193764 -0.011156992019265123
0.3481369288744401 -0.012462039385180857
0.3828583865720615 -0.01370494163843394
0.4159264415221771 -0.014888658070103538
0.4474198271889539 -0.016016007052646015
0.4774135278239794 -0.017089672750305516
0.5059789570001941 -0.01811221150998123
0.5331841276442082 -0.01908605794776763
0.5590938139718407 -0.020013530745659435
0.583769705712443 -0.02089683817222306
0.6072705549892071 -0.02173808334037889
0.6296523162051729 -0.022539269214813015
0.6509682792679975 -0.023302303380940755
0.6712691964706876 -0.024029002586776697
0.6906034033303925 -0.024721097068525218
0.7090169336729686 -0.02538023467019047
0.7265536292373267 -0.026007984767014523
0.7432552440605249 -0.026605842002085045
0.7591615438921423 -0.027175229845009356
0.774310400874635 -0.027717503981127746
0.7887378837151042 -0.028233955539335734
0.8024783435631702 -0.028725814166200486
0.8155644957994235 -0.02919425095369073
0.8280274979291885 -0.029640381227490957
0.83989702376706 -0.030065267202538794
0.8512013340888424 -0.030469920512108162
0.8619673439191112 -0.030855304616459942
0.8722206866146054 -0.03122233709679497
0.8819857748960285 -0.03157189183997119
0.8912858589735743 -0.031904801119186636
0.9001430819045703 -0.0322218575755823
0.9085785323150426 -0.03252381610548293
0.9166122946107306 -0.03281139565776925
0.9242634967971001 -0.033085280945660975
0.9315503560222138 -0.03334612407698643
0.9384902219508936 -0.033594546106820194
0.9450996180734458 -0.03383113851618569
0.951394281047305 -0.0340564646203433
0.9573891981652661 -0.03427106091001721
0.9630986430395149 -0.03447543832875428
0.9685362095864184 -0.034670083489456244
0.9737148443929932 -0.034855459832981925
0.978646877542112 -0.03503200873157781
0.9833440519698442 -0.035200150539764365
0.9878175514248273 -0.03536028559518013
0.9920780270962398 -0.03551279517176659
0.9961356229737756 -0.035658042387563205
1.0 -0.035796373069274266
1.0 -0.035658042387563205
1.0 -0.03551279517176659
1.0 -0.03536028559518013
1.0 -0.035200150539764365
1.0 -0.03503200873157781
1.0 -0.034855459832981925
1.0 -0.034670083489456244
1.0 -0.03447543832875428
1.0 -0.03427106091001721
1.0 -0.0340564646203433
1.0 -0.03383113851618569
1.0 -0.033594546106820194
1.0 -0.03334612407698643
1.0 -0.033085280945660975
1.0 -0.03281139565776925
1.0 -0.03252381610548293
1.0 -0.0322218575755823
1.0 -0.031904801119186636
1.0 -0.03157189183997119
1.0 -0.03122233709679497
1.0 -0.030855304616459942
1.0 -0.030469920512108162
1.0 -0.030065267202538794
1.0 -0.029640381227490957
1.0 -0.02919425095369073
1.0 -0.028725814166200486
1.0 -0.028233955539335734
1.0 -0.027717503981127746
1.0 -0.027175229845009356
1.0 -0.026605842002085045
1.0 -0.026007984767014523
1.0 -0.02538023467019047
1.0 -0.024721097068525218
1.0 -0.024029002586776697
1.0 -0.023302303380940755
1.0 -0.022539269214813015
1.0 -0.02173808334037889
1.0 -0.02089683817222306
1.0 -0.020013530745659435
1.0 -0.01908605794776763
1.0 -0.01811221150998123
1.0 -0.017089672750305516
1.0 -0.016016007052646015
1.0 -0.014888658070103538
1.0 -0.01370494163843394
1.0 -0.012462039385180857
1.0 -0.011156992019265123
1.0 -0.009786692285053602
1.0 -0.008347877564131505
1.0 -0.006837122107163304
1.0 -0.005250828877346692
1.0 -0.0035852209860392486
1.0 -0.0018363327001664335
1.0 0.0
