# CURVE 2D, normalized by CHORD
# COLUMN#1 = X-coordinate, COLUMN#2 = Y-coordinate
#-------------------------------------------------------------------------------
0.0 0.0
0.05129940669164177 -0.04421156915956003
0.10015598449320595 -0.08631782550199867
0.14668605858993375 -0.12641902201860689
0.19100041487253164 -0.16461063774870996
0.23320456371310105 -0.20098360511071287
0.27339899118031 -0.23562452640785853
0.31167939829193764 -0.26861588002418774
0.3481369288744401 -0.30003621680164405
0.3828583865720615 -0.3299603470658882
0.4159264415221771 -0.35845951874612075
0.4474198271889539 -0.3856015870130089
0.4774135278239794 -0.41145117583861657
0.5059789570001941 -0.4360698318630049
0.5331841276442082 -0.4595161709338509
0.5590938139718407 -0.48184601766799
0.583769705712443 -0.5031125383671701
0.6072705549892071 -0.5233663676044844
0.6296523162051729 -0.542655728782879
0.6509682792679975 -0.5610265489527786
0.6712691964706876 -0.5785225681622068
0.6906034033303925 -0.5951854435997576
0.7090169336729686 -0.6110548487783773
0.7265536292373267 -0.6261685679961103
0.7432552440605249 -0.6405625862987132
0.7591615438921423 -0.6542711751583351
0.774310400874635 -0.6673269740722606
0.7887378837151042 -0.6797610682759991
0.8024783435631702 -0.6916030627557502
0.8155644957994235 -0.7028811527364655
0.8280274979291885 -0.7136221908133372
0.83989702376706 -0.7238517508865483
0.8512013340888424 -0.7335941890515113
0.8619673439191112 -0.7428727015895713
0.8722206866146054 -0.7517093801972474
0.8819857748960285 -0.7601252645855106
0.8912858589735743 -0.7681403925743325
0.9001430819045703 -0.775773847801782
0.9085785323150426 -0.7830438051612577
0.9166122946107306 -0.789967574075044
0.9242634967971001 -0.7965616397072216
0.9315503560222138 -0.8028417022140573
0.9384902219508936 -0.8088227141253294
0.9450996180734458 -0.8145189159455885
0.951394281047305 -0.8199438700601209
0.9573891981652661 -0.8251104930263424
0.9630986430395149 -0.8300310863275057
0.9685362095864184 -0.8347173656619469
0.9737148443929932 -0.8391804888376051
0.978646877542112 -0.843431082338232
0.9833440519698442 -0.8474792666245434
0.9878175514248273 -0.8513346802305543
0.9920780270962398 -0.8550065027124694
0.9961356229737756 -0.8585034765047695
1.0 -0.8618339277355315
1.0 -0.8585034765047695
1.0 -0.8550065027124694
1.0 -0.8513346802305543
1.0 -0.8474792666245434
1.0 -0.843431082338232
1.0 -0.8391804888376051
1.0 -0.8347173656619469
1.0 -0.8300310863275057
1.0 -0.8251104930263424
1.0 -0.8199438700601209
1.0 -0.8145189159455885
1.0 -0.8088227141253294
1.0 -0.8028417022140573
1.0 -0.7965616397072216
1.0 -0.789967574075044
1.0 -0.7830438051612577
1.0 -0.775773847801782
1.0 -0.7681403925743325
1.0 -0.7601252645855106
1.0 -0.7517093801972474
1.0 -0.7428727015895713
1.0 -0.7335941890515113
1.0 -0.7238517508865483
1.0 -0.7136221908133372
1.0 -0.7028811527364655
1.0 -0.6916030627557502
1.0 -0.6797610682759991
1.0 -0.6673269740722606
1.0 -0.6542711751583351
1.0 -0.6405625862987132
1.0 -0.6261685679961103
1.0 -0.6110548487783773
1.0 -0.5951854435997576
1.0 -0.5785225681622068
1.0 -0.5610265489527786
1.0 -0.542655728782879
1.0 -0.5233663676044844
1.0 -0.5031125383671701
1.0 -0.48184601766799
1.0 -0.4595161709338509
1.0 -0.4360698318630049
1.0 -0.41145117583861657
1.0 -0.3856015870130089
1.0 -0.35845951874612075
1.0 -0.3299603470658882
1.0 -0.30003621680164405
1.0 -0.26861588002418774
1.0 -0.23562452640785853
1.0 -0.20098360511071287
1.0 -0.16461063774870996
1.0 -0.12641902201860689
1.0 -0.08631782550199867
1.0 -0.04421156915956003
1.0 0.0
