# CURVE 2D, normalized by CHORD
# COLUMN#1 = X-coordinate, COLUMN#2 = Y-coordinate
#-------------------------------------------------------------------------------
0.0 0.0
0.05129940669164177 0.025490272361454
0.10015598449320595 0.049766722229505726
0.14668605858993375 0.07288715067526927
0.19100041487253164 0.09490660633790121
0.23320456371310105 0.11587751649278878
0.27339899118031 0.13584981187839598
0.31167939829193764 0.1548710455789743
0.3481369288744401 0.17298650624619172
0.3828583865720615 0.19023932592925594
0.4159264415221771 0.20667058277026945
0.4474198271889539 0.22231939880932997
0.4774135278239794 0.23722303313224474
0.5059789570001941 0.25141697058263973
0.5331841276442082 0.26493500624968264
0.5590938139718407 0.2778093259325806
0.583769705712443 0.29007058277343584
0.6072705549892071 0.301747970240917
0.6296523162051729 0.31286929163851807
0.6509682792679975 0.3234610263029001
0.6712691964706876 0.3335483926499306
0.6906034033303925 0.343155408218531
0.7090169336729686 0.3523049468552934
0.7265536292373267 0.3610187931760194
0.7432552440605249 0.3693176944338537
0.7591615438921423 0.37722140991750547
0.774310400874635 0.3847487579971738
0.7887378837151042 0.3919176609301912
0.8024783435631702 0.3987451875330649
0.8155644957994235 0.40524759382151615
0.8280274979291885 0.4114403617152792
0.83989702376706 0.41733823589981545
0.8512013340888424 0.4229552589327071
0.8619673439191112 0.42830480467831816
0.8722206866146054 0.43339961015032874
0.8819857748960285 0.43825180583795786
0.8912858589735743 0.44287294458808085
0.9001430819045703 0.4472740291120075
0.9085785323150426 0.4514655381824138
0.9166122946107306 0.45545745158280077
0.9242634967971001 0.4592592738688836
0.9315503560222138 0.4628800569984863
0.9384902219508936 0.4663284218838222
0.9450996180734458 0.46961257891747543
0.951394281047305 0.4727403475209547
0.9573891981652661 0.47571917476236353
0.9630986430395149 0.47855615308751476
0.9685362095864184 0.48125803720670646
0.9737148443929932 0.48383126017736516
0.978646877542112 0.4862819487208497
0.9833440519698442 0.48861593780988255
0.9878175514248273 0.4908387845613424
0.9920780270962398 0.4929557814674947
0.9961356229737756 0.49497196899716356
1.0 0.0
1.0 0.025490272361454
1.0 0.049766722229505726
1.0 0.07288715067526927
1.0 0.09490660633790121
1.0 0.11587751649278878
1.0 0.13584981187839598
1.0 0.1548710455789743
1.0 0.17298650624619172
1.0 0.19023932592925594
1.0 0.20667058277026945
1.0 0.22231939880932997
1.0 0.23722303313224474
1.0 0.25141697058263973
1.0 0.26493500624968264
1.0 0.2778093259325806
1.0 0.29007058277343584
1.0 0.301747970240917
1.0 0.31286929163851807
1.0 0.3234610263029001
1.0 0.3335483926499306
1.0 0.343155408218531
1.0 0.3523049468552934
1.0 0.3610187931760194
1.0 0.3693176944338537
1.0 0.37722140991750547
1.0 0.3847487579971738
1.0 0.3919176609301912
1.0 0.3987451875330649
1.0 0.40524759382151615
1.0 0.4114403617152792
1.0 0.41733823589981545
1.0 0.4229552589327071
1.0 0.42830480467831816
1.0 0.43339961015032874
1.0 0.43825180583795786
1.0 0.44287294458808085
1.0 0.4472740291120075
1.0 0.4514655381824138
1.0 0.45545745158280077
1.0 0.4592592738688836
1.0 0.4628800569984863
1.0 0.4663284218838222
1.0 0.46961257891747543
1.0 0.4727403475209547
1.0 0.47571917476236353
1.0 0.47855615308751476
1.0 0.48125803720670646
1.0 0.48383126017736516
1.0 0.4862819487208497
1.0 0.48861593780988255
1.0 0.4908387845613424
1.0 0.4929557814674947
1.0 0.49497196899716356
1.0 0.49689214759684813
