# CURVE 2D, normalized by CHORD
# COLUMN#1 = X-coordinate, COLUMN#2 = Y-coordinate
#-------------------------------------------------------------------------------
0.0 0.0
0.05129940669164177 -0.01347758903195489
0.10015598449320595 -0.026313388110007323
0.14668605858993375 -0.03853795866053345
0.19100041487253164 -0.05018040680389166
0.23320456371310105 -0.061268452654709
0.27339899118031 -0.0718284963221541
0.31167939829193764 -0.0818856807673399
0.3481369288744401 -0.09146395166751685
0.3828583865720615 -0.10058611442959015
0.4159264415221771 -0.10927388848870756
0.4474198271889539 -0.11754795902120034
0.4774135278239794 -0.12542802619500298
0.5059789570001941 -0.13293285207481503
0.5331841276442082 -0.14008030529368365
0.5590938139718407 -0.14688740359736804
0.583769705712443 -0.15337035436278176
0.6072705549892071 -0.15954459318698527
0.6296523162051729 -0.1654248206386077
0.6509682792679975 -0.17102503725920046
0.6712691964706876 -0.17635857689786025
0.6906034033303925 -0.18143813845848863
0.7090169336729686 -0.18627581613527755
0.7265536292373267 -0.19088312820840986
0.7432552440605249 -0.19527104446853585
0.7591615438921423 -0.19945001233532253
0.774310400874635 -0.2034299817322622
0.7887378837151042 -0.20722042877696667
0.8024783435631702 -0.21083037834335186
0.8155644957994235 -0.214268425549433
0.8280274979291885 -0.21754275622189123
0.83989702376706 -0.22066116638613717
0.8512013340888424 -0.22363108082827615
0.8619673439191112 -0.22645957077317044
0.8722206866146054 -0.22915337072068878
0.8819857748960285 -0.2317188944802301
0.8912858589735743 -0.23416225044169797
0.9001430819045703 -0.23648925611928648
0.9085785323150426 -0.23870545200270404
0.9166122946107306 -0.24081611474881606
0.9242634967971001 -0.2428262697451132
0.9315503560222138 -0.24474070307492
0.9384902219508936 -0.24656397291283122
0.9450996180734458 -0.24830042037750857
0.951394281047305 -0.24995417986767748
0.9573891981652661 -0.2515291889059336
0.9630986430395149 -0.2530291975137966
0.9685362095864184 -0.25445777714033274
0.9737148443929932 -0.25581832916560526
0.978646877542112 -0.25711409299919813
0.9833440519698442 -0.2583481537930961
0.9878175514248273 -0.25952344978728464
0.9920780270962398 -0.2606427793055595
0.9961356229737756 -0.2617088074182022
1.0 -0.2627240722873857
1.0 -0.2617088074182022
1.0 -0.2606427793055595
1.0 -0.25952344978728464
1.0 -0.2583481537930961
1.0 -0.25711409299919813
1.0 -0.25581832916560526
1.0 -0.25445777714033274
1.0 -0.2530291975137966
1.0 -0.2515291889059336
1.0 -0.24995417986767748
1.0 -0.24830042037750857
1.0 -0.24656397291283122
1.0 -0.24474070307492
1.0 -0.2428262697451132
1.0 -0.24081611474881606
1.0 -0.23870545200270404
1.0 -0.23648925611928648
1.0 -0.23416225044169797
1.0 -0.2317188944802301
1.0 -0.22915337072068878
1.0 -0.22645957077317044
1.0 -0.22363108082827615
1.0 -0.22066116638613717
1.0 -0.21754275622189123
1.0 -0.214268425549433
1.0 -0.21083037834335186
1.0 -0.20722042877696667
1.0 -0.2034299817322622
1.0 -0.19945001233532253
1.0 -0.19527104446853585
1.0 -0.19088312820840986
1.0 -0.18627581613527755
1.0 -0.18143813845848863
1.0 -0.17635857689786025
1.0 -0.17102503725920046
1.0 -0.1654248206386077
1.0 -0.15954459318698527
1.0 -0.15337035436278176
1.0 -0.14688740359736804
1.0 -0.14008030529368365
1.0 -0.13293285207481503
1.0 -0.12542802619500298
1.0 -0.11754795902120034
1.0 -0.10927388848870756
1.0 -0.10058611442959015
1.0 -0.09146395166751685
1.0 -0.0818856807673399
1.0 -0.0718284963221541
1.0 -0.061268452654709
1.0 -0.05018040680389166
1.0 -0.03853795866053345
1.0 -0.026313388110007323
1.0 -0.01347758903195489
1.0 0.0
