# CURVE 2D, normalized by CHORD
# COLUMN#1 = X-coordinate, COLUMN#2 = Y-coordinate
#-------------------------------------------------------------------------------
0.0 0.0
0.05129940669164177 -0.0383647216901548
0.10015598449320595 -0.07490255187125504
0.14668605858993375 -0.10970048537706481
0.19100041487253164 -0.14284137443021694
0.23320456371310105 -0.17440412590940946
0.27339899118031 -0.20446388922292616
0.31167939829193764 -0.2330922352357992
0.3481369288744401 -0.26035732667663064
0.3828583865720615 -0.2863240804298035
0.4159264415221771 -0.3110543220994919
0.4474198271889539 -0.33460693321348084
0.4774135278239794 -0.3570379914172798
0.5059789570001941 -0.3784009039923265
0.5331841276442082 -0.39874653501618046
0.5590938139718407 -0.41812332646746997
0.583769705712443 -0.4365774135639362
0.6072705549892071 -0.45415273460818967
0.6296523162051729 -0.47089113560271684
0.6509682792679975 -0.4868324698832189
0.6712691964706876 -0.5020146930075066
0.6906034033303925 -0.5164739531258757
0.7090169336729686 -0.5302446770481322
0.7265536292373267 -0.5433596522121859
0.7432552440605249 -0.5558501047493799
0.7591615438921423 -0.5677457738324218
0.774310400874635 -0.5790749824829379
0.7887378837151042 -0.5898647050072389
0.8024783435631702 -0.6001406312208589
0.8155644957994235 -0.6099272276147828
0.8280274979291885 -0.619247795608996
0.83989702376706 -0.6281245270320561
0.8512013340888424 -0.6365785569587802
0.8619673439191112 -0.6446300140318506
0.8722206866146054 -0.6522980683871558
0.8819857748960285 -0.6596009772969703
0.8912858589735743 -0.6665561286396507
0.9001430819045703 -0.6731800822993464
0.9085785323150426 -0.6794886095942947
0.9166122946107306 -0.6854967308275788
0.9242634967971001 -0.691218751049754
0.9315503560222138 -0.6966682941184924
0.9384902219508936 -0.7018583351363386
0.9450996180734458 -0.706801231343811
0.951394281047305 -0.7115087515414037
0.9573891981652661 -0.7159921041105397
0.9630986430395149 -0.7202619637001931
0.9685362095864184 -0.72432849664272
0.9737148443929932 -0.7282013851594124
0.978646877542112 -0.7318898504134052
0.9833440519698442 -0.7354026744648268
0.9878175514248273 -0.7387482211804663
0.9920780270962398 -0.7419344561477423
0.9961356229737756 -0.7449689656403861
1.0 -0.747858974680999
1.0 -0.7449689656403861
1.0 -0.7419344561477423
1.0 -0.7387482211804663
1.0 -0.7354026744648268
1.0 -0.7318898504134052
1.0 -0.7282013851594124
1.0 -0.72432849664272
1.0 -0.7202619637001931
1.0 -0.7159921041105397
1.0 -0.7115087515414037
1.0 -0.706801231343811
1.0 -0.7018583351363386
1.0 -0.6966682941184924
1.0 -0.691218751049754
1.0 -0.6854967308275788
1.0 -0.6794886095942947
1.0 -0.6731800822993464
1.0 -0.6665561286396507
1.0 -0.6596009772969703
1.0 -0.6522980683871558
1.0 -0.6446300140318506
1.0 -0.6365785569587802
1.0 -0.6281245270320561
1.0 -0.619247795608996
1.0 -0.6099272276147828
1.0 -0.6001406312208589
1.0 -0.5898647050072389
1.0 -0.5790749824829379
1.0 -0.5677457738324218
1.0 -0.5558501047493799
1.0 -0.5433596522121859
1.0 -0.5302446770481322
1.0 -0.5164739531258757
1.0 -0.5020146930075066
1.0 -0.4868324698832189
1.0 -0.47089113560271684
1.0 -0.45415273460818967
1.0 -0.4365774135639362
1.0 -0.41812332646746997
1.0 -0.39874653501618046
1.0 -0.3784009039923265
1.0 -0.3570379914172798
1.0 -0.33460693321348084
1.0 -0.3110543220994919
1.0 -0.2863240804298035
1.0 -0.26035732667663064
1.0 -0.2330922352357992
1.0 -0.20446388922292616
1.0 -0.17440412590940946
1.0 -0.14284137443021694
1.0 -0.10970048537706481
1.0 -0.07490255187125504
1.0 -0.0383647216901548
1.0 0.0
