# CURVE 2D, normalized by CHORD
# COLUMN#1 = X-coordinate, COLUMN#2 = Y-coordinate
#-------------------------------------------------------------------------------
0.0 0.0
0.05129940669164177 0.03145059398624453
0.10015598449320595 0.06140354063981111
0.14668605858993375 0.08993015650035072
0.19100041487253164 0.117098362081817
0.23320456371310105 0.14297284358797535
0.27339899118031 0.1676152069271738
0.31167939829193764 0.1910841243930771
0.3481369288744401 0.213435474360604
0.3828583865720615 0.2347224743296773
0.4159264415221771 0.2549958076335566
0.4474198271889539 0.27430374411344166
0.4774135278239794 0.2926922550466655
0.5059789570001941 0.3102051226021168
0.5331841276442082 0.32688404408349897
0.5590938139718407 0.3427687312086249
0.583769705712443 0.35789700466112573
0.6072705549892071 0.372304884139698
0.6296523162051729 0.38602667411929054
0.6509682792679975 0.39909504552842634
0.6712691964706876 0.41154111353712713
0.6906034033303925 0.4233945116406517
0.7090169336729686 0.434683462215437
0.7265536292373267 0.4454348437152325
0.7432552440605249 0.4556742546674187
0.7591615438921423 0.4654260746218818
0.774310400874635 0.47471352219756086
0.7887378837151042 0.48355871036487424
0.8024783435631702 0.4919826990956489
0.8155644957994235 0.5000055455059105
0.8280274979291885 0.5076463516109215
0.83989702376706 0.5149233098061702
0.8512013340888424 0.5218537461825975
0.8619673439191112 0.5284541617791948
0.8722206866146054 0.5347402718711923
0.8819857748960285 0.5407270433873804
0.8912858589735743 0.5464287305456549
0.9001430819045703 0.5518589087916305
0.9085785323150426 0.5570305071211311
0.9166122946107306 0.5619558388635126
0.9242634967971001 0.566646630999114
0.9315503560222138 0.5711140520806391
0.9384902219508936 0.5753687388249489
0.9450996180734458 0.5794208214385771
0.951394281047305 0.5832799477372707
0.9573891981652661 0.5869553061169789
0.9630986430395149 0.5904556474309867
0.9685362095864184 0.5937893058252799
0.9737148443929932 0.5969642185817494
0.978646877542112 0.5999879450164824
0.9833440519698442 0.6028676844781329
0.9878175514248273 0.6056102934892286
0.9920780270962398 0.6082223020712245
0.9961356229737756 0.610709929292173
1.0 0.0
1.0 0.03145059398624453
1.0 0.06140354063981111
1.0 0.08993015650035072
1.0 0.117098362081817
1.0 0.14297284358797535
1.0 0.1676152069271738
1.0 0.1910841243930771
1.0 0.213435474360604
1.0 0.2347224743296773
1.0 0.2549958076335566
1.0 0.27430374411344166
1.0 0.2926922550466655
1.0 0.3102051226021168
1.0 0.32688404408349897
1.0 0.3427687312086249
1.0 0.35789700466112573
1.0 0.372304884139698
1.0 0.38602667411929054
1.0 0.39909504552842634
1.0 0.41154111353712713
1.0 0.4233945116406517
1.0 0.434683462215437
1.0 0.4454348437152325
1.0 0.4556742546674187
1.0 0.4654260746218818
1.0 0.47471352219756086
1.0 0.48355871036487424
1.0 0.4919826990956489
1.0 0.5000055455059105
1.0 0.5076463516109215
1.0 0.5149233098061702
1.0 0.5218537461825975
1.0 0.5284541617791948
1.0 0.5347402718711923
1.0 0.5407270433873804
1.0 0.5464287305456549
1.0 0.5518589087916305
1.0 0.5570305071211311
1.0 0.5619558388635126
1.0 0.566646630999114
1.0 0.5711140520806391
1.0 0.5753687388249489
1.0 0.5794208214385771
1.0 0.5832799477372707
1.0 0.5869553061169789
1.0 0.5904556474309867
1.0 0.5937893058252799
1.0 0.5969642185817494
1.0 0.5999879450164824
1.0 0.6028676844781329
1.0 0.6056102934892286
1.0 0.6082223020712245
1.0 0.610709929292173
1.0 0.6130790980740287
