# CURVE 2D, normalized by CHORD
# COLUMN#1 = X-coordinate, COLUMN#2 = Y-coordinate
#-------------------------------------------------------------------------------
0.0 0.0
0.05129940669164177 0.04274143450198633
0.10015598449320595 0.08344756259911666
0.14668605858993375 0.1222153036440027
0.19100041487253164 0.15913696178198938
0.23320456371310105 0.19430044572292907
0.27339899118031 0.22778947804763355
0.31167939829193764 0.25968379454735213
0.3481369288744401 0.29005933407089357
0.3828583865720615 0.3189884193314093
0.4159264415221771 0.346539929103329
0.4474198271889539 0.372779462219443
0.4774135278239794 0.3977694937585992
0.5059789570001941 0.4215695237958908
0.5331841276442082 0.44423621906950184
0.5590938139718407 0.4658235479015124
0.583769705712443 0.48638290869390344
0.6072705549892071 0.5059632523057044
0.6296523162051729 0.5246111986026576
0.6509682792679975 0.5423711474568988
0.6712691964706876 0.5592853844609381
0.6906034033303925 0.5753941816076421
0.7090169336729686 0.5907358931759318
0.7265536292373267 0.6053470470504932
0.7432552440605249 0.6192624316929327
0.7591615438921423 0.6325151789714466
0.774310400874635 0.6451368430462217
0.7887378837151042 0.6571574754983883
0.8024783435631702 0.6686056968814043
0.8155644957994235 0.679508764865229
0.8280274979291885 0.6898926391355382
0.83989702376706 0.6997820432024995
0.8512013340888424 0.709200523266272
0.8619673439191112 0.7181705042793887
0.8722206866146054 0.7267133433394998
0.8819857748960285 0.7348493805396057
0.8912858589735743 0.7425979873968495
0.9001430819045703 0.7499776129751767
0.9085785323150426 0.757005827811679
0.9166122946107306 0.7636993657512049
0.9242634967971001 0.7700741637888486
0.9315503560222138 0.776145400015176
0.9384902219508936 0.7819275297545354
0.9450996180734458 0.7874343199824967
0.951394281047305 0.7926788821043645
0.9573891981652661 0.7976737031728103
0.9630986430395149 0.802430675618949
0.9685362095864184 0.8069611255676524
0.9737148443929932 0.8112758398045129
0.978646877542112 0.8153850914586658
0.9833440519698442 0.8192986644626208
0.9878175514248273 0.82302587684734
0.9920780270962398 0.8265756029280249
0.9961356229737756 0.8299562944334392
1.0 0.0
1.0 0.04274143450198633
1.0 0.08344756259911666
1.0 0.1222153036440027
1.0 0.15913696178198938
1.0 0.19430044572292907
1.0 0.22778947804763355
1.0 0.25968379454735213
1.0 0.29005933407089357
1.0 0.3189884193314093
1.0 0.346539929103329
1.0 0.372779462219443
1.0 0.3977694937585992
1.0 0.4215695237958908
1.0 0.44423621906950184
1.0 0.4658235479015124
1.0 0.48638290869390344
1.0 0.5059632523057044
1.0 0.5246111986026576
1.0 0.5423711474568988
1.0 0.5592853844609381
1.0 0.5753941816076421
1.0 0.5907358931759318
1.0 0.6053470470504932
1.0 0.6192624316929327
1.0 0.6325151789714466
1.0 0.6451368430462217
1.0 0.6571574754983883
1.0 0.6686056968814043
1.0 0.679508764865229
1.0 0.6898926391355382
1.0 0.6997820432024995
1.0 0.709200523266272
1.0 0.7181705042793887
1.0 0.7267133433394998
1.0 0.7348493805396057
1.0 0.7425979873968495
1.0 0.7499776129751767
1.0 0.757005827811679
1.0 0.7636993657512049
1.0 0.7700741637888486
1.0 0.776145400015176
1.0 0.7819275297545354
1.0 0.7874343199824967
1.0 0.7926788821043645
1.0 0.7976737031728103
1.0 0.802430675618949
1.0 0.8069611255676524
1.0 0.8112758398045129
1.0 0.8153850914586658
1.0 0.8192986644626208
1.0 0.82302587684734
1.0 0.8265756029280249
1.0 0.8299562944334392
1.0 0.8331760006290717
