# CURVE 2D, normalized by CHORD
# COLUMN#1 = X-coordinate, COLUMN#2 = Y-coordinate
#-------------------------------------------------------------------------------
0.0 0.0
0.05129940669164177 0.0016260753580403145
0.10015598449320595 0.003174718556173966
0.14668605858993375 0.0046496168401107775
0.19100041487253164 0.006054281872431549
0.23320456371310105 0.007392058093689428
0.27339899118031 0.008666130685363597
0.31167939829193764 0.009879533153624711
0.3481369288744401 0.011035154551968629
0.3828583865720615 0.012135746359915218
0.4159264415221771 0.013183929034150065
0.4474198271889539 0.014182198247707061
0.4774135278239794 0.015132930832047057
0.5059789570001941 0.016038390436180387
0.5331841276442082 0.01690073291630737
0.5590938139718407 0.017722011468809255
0.583769705712443 0.018504181518811055
0.6072705549892071 0.019249105375955623
0.6296523162051729 0.019958556668474257
0.6509682792679975 0.020634224566111053
0.6712691964706876 0.021277717801955625
0.6906034033303925 0.021890568502759975
0.7090169336729686 0.022474235836859358
0.7265536292373267 0.023030109488382577
0.7432552440605249 0.02355951296602374
0.7591615438921423 0.02406370675425342
0.774310400874635 0.024543891314472162
0.7887378837151042 0.025001209943251914
0.8024783435631702 0.025436751494470725
0.8155644957994235 0.025851552971821977
0.8280274979291885 0.026246601997870787
0.83989702376706 0.02662283916553632
0.8512013340888424 0.026981160277598733
0.8619673439191112 0.027322418479562936
0.8722206866146054 0.027647426290957414
0.8819857748960285 0.02795695753990454
0.8912858589735743 0.028251749205568465
0.9001430819045703 0.028532503172867443
0.9085785323150426 0.028799887903628373
0.9166122946107306 0.029054540028162594
0.9242634967971001 0.02929706586105233
0.9315503560222138 0.029528042844756835
0.9384902219508936 0.029748020924475413
0.9450996180734458 0.02995752385754073
0.951394281047305 0.03015705046046007
0.9573891981652661 0.030347075796573735
0.9630986430395149 0.030528052307158177
0.9685362095864184 0.030700410888667165
0.9737148443929932 0.030864561918675728
0.978646877542112 0.031020896232969598
0.9833440519698442 0.031169786056106614
0.9878175514248273 0.03131158588766568
0.9920780270962398 0.031446633346293364
0.9961356229737756 0.031575249973557824
1.0 0.0
1.0 0.0016260753580403145
1.0 0.003174718556173966
1.0 0.0046496168401107775
1.0 0.006054281872431549
1.0 0.007392058093689428
1.0 0.008666130685363597
1.0 0.009879533153624711
1.0 0.011035154551968629
1.0 0.012135746359915218
1.0 0.013183929034150065
1.0 0.014182198247707061
1.0 0.015132930832047057
1.0 0.016038390436180387
1.0 0.01690073291630737
1.0 0.017722011468809255
1.0 0.018504181518811055
1.0 0.019249105375955623
1.0 0.019958556668474257
1.0 0.020634224566111053
1.0 0.021277717801955625
1.0 0.021890568502759975
1.0 0.022474235836859358
1.0 0.023030109488382577
1.0 0.02355951296602374
1.0 0.02406370675425342
1.0 0.024543891314472162
1.0 0.025001209943251914
1.0 0.025436751494470725
1.0 0.025851552971821977
1.0 0.026246601997870787
1.0 0.02662283916553632
1.0 0.026981160277598733
1.0 0.027322418479562936
1.0 0.027647426290957414
1.0 0.02795695753990454
1.0 0.028251749205568465
1.0 0.028532503172867443
1.0 0.028799887903628373
1.0 0.029054540028162594
1.0 0.02929706586105233
1.0 0.029528042844756835
1.0 0.029748020924475413
1.0 0.02995752385754073
1.0 0.03015705046046007
1.0 0.030347075796573735
1.0 0.030528052307158177
1.0 0.030700410888667165
1.0 0.030864561918675728
1.0 0.031020896232969598
1.0 0.031169786056106614
1.0 0.03131158588766568
1.0 0.031446633346293364
1.0 0.031575249973557824
1.0 0.03169774199952397
