# CURVE 2D, normalized by CHORD
# COLUMN#1 = X-coordinate, COLUMN#2 = Y-coordinate
#-------------------------------------------------------------------------------
0.0 -0.0
0.04276294784720835 -0.07049482443451763
0.08272831966702908 -0.13637783792472077
0.12007913445190828 -0.19795074772864893
0.15498643798917855 -0.2554955232463388
0.1876100861548517 -0.30927568728156296
0.218099476963892 -0.35953752282850143
0.24659423472935027 -0.40651120090975235
0.2732248494634234 -0.4504118346305476
0.29811327444853847 -0.4914404642761507
0.32137348471500116 -0.5297849779636301
0.3431119989827233 -0.5656209720640782
0.36342836745722995 -0.5991125553355251
0.3824156277137782 -0.6304131004490267
0.40016073075728126 -0.6596659463494956
0.4167449392091533 -0.6870050546676908
0.4322441994445477 -0.7125556231893686
0.4467294893841687 -0.7364346591909366
0.46026714353334713 -0.7587515152671683
0.4729191567568784 -0.7796083901047682
0.48474346818073943 -0.7991007964950484
0.4957942265207964 -0.817317998728955
0.5061220380535599 -0.834343421377466
0.515774198364554 -0.8502550313293454
0.5247949089355763 -0.8651256948357747
0.5332254795627002 -0.8790235111969237
0.5411045175319746 -0.8920121246185582
0.5484681044191472 -0.9041510156668148
0.5553499613230466 -0.9154957736558395
0.5617816032893078 -0.9260983512156757
0.567792483631608 -0.9360073022061769
0.5734101288113278 -0.9452680040664584
0.578660264493309 -0.9539228656181233
0.5835669333549736 -0.9620115212738849
0.5881526051883049 -0.9695710125409519
0.5924382797988951 -0.9766359576503603
0.5964435831732783 -0.9832387100890596
0.6001868573549449 -0.9894095067607412
0.6036852444406147 -0.9951766064539017
0.6069547650814275 -1.000566419251248
0.6100103918485422 -1.0056036274730669
0.6128661177991168 -1.0103112987084115
0.6155350205566632 -1.0147109914517245
0.6180293221992298 -1.0188228538286523
0.6203604452296659 -1.0226657158631645
0.6225390648842792 -1.0262571757085028
0.6245751580194318 -1.0296136802368565
0.6264780487999482 -1.032750600356813
0.6282564513985616 -1.0356823014035015
0.6299185099019387 -1.0384222089237711
0.6501945432042282 -1.0261225406628838
0.6718898988376778 -1.0129618956237343
0.6951039293654693 -0.9988800054318442
0.7199429420302059 -0.983812382926522
0.7465206855814741 -0.9676900268458271
0.7749588711813311 -0.9504391058394835
0.8053877297731782 -0.931980620362696
0.8379466084664544 -0.9122300409025333
0.87278460866826 -0.8910969208801593
0.910061268884192 -0.868484482456219
0.9499472953152394 -0.8442891733426029
0.9926253435964599 -0.8184001925910338
1.0 3.6717260354302805
1.038290855257366 -0.7906989831868547
1.0871529527345354 -0.7610586891243831
1.135033175386084 3.4491235145355743
1.1394353970351068 -0.7293435744775385
1.1953776124367181 -0.695408401805415
1.2552357829164422 -0.6590977670462426
1.2612324047188723 3.2410837753816444
1.319284025329747 -0.620245387853928
1.3791756097027867 3.046654112620962
1.3878156447119832 -0.5786733421181516
1.4611444774509759 -0.5341912531808708
1.4894029040802768 2.8649441474240627
1.539606328481698 -0.48659541801798034
1.5924190670498937 2.695121750043783
1.6235605090845708 -0.43566787439368754
1.6886958548719653 2.536409229127634
1.7133914823296448 -0.3811754027156943
1.7786741612477335 2.3880797703274945
1.8095106237018737 -0.32286845802024144
1.8627660363652736 2.2494541078974573
1.9056297650741025 -0.2645615133247886
1.941356573858302 2.1198974140376095
1.9954607383191765 -0.21006904164679535
2.014805674319076 1.9988163917386867
2.079414918922049 -0.15914149802250255
2.0834496934412945 1.8856565578144595
2.1476029823405645 1.779899703679668
2.1578767699527712 -0.1115456628596121
2.207559327106237 1.6810615222452834
2.231205602691764 -0.06706357392233131
2.2635932941769594 1.5886893900636156
2.299737222074 -0.025491528186554813
2.315961487700999 1.5023602945667296
2.363785464487305 0.013360851005759622
2.3649037246393534 1.4216788969060885
2.4106441329929558 1.3462757215223116
2.423643634967029 0.04967148576493202
2.453392178183239 1.275805464154296
2.4795858503686405 0.08360665843705567
2.4933436222863063 1.2099454105393281
2.530681420513473 1.1483939585627225
2.531868294669212 0.11532177308390029
2.5655765590435347 1.0908692370892594
2.580730392146381 0.14496206714637183
2.5981888380435927 1.0371078151514435
2.6263959038072873 0.17266327655055086
2.6286676034642076 0.9868634955833913
2.6571524309601093 0.9399061875758656
2.6690739520885076 0.19855225730212
2.6837737650684286 0.8960208529893934
2.7086535165715304 0.855006521600167
2.7089599785195553 0.22274756641573612
2.7319056207800374 0.8166753707691141
2.7462366387354873 0.24536000483967646
2.7536365592926604 0.7808518653195318
2.773945847622215 0.7473719536844086
2.7810746389372927 0.26649312486205046
2.7929264909208635 0.716082316642237
2.8106654098915635 0.6868396652009552
2.813633517630569 0.28624370432221313
2.827243838836143 0.6595100844147108
2.8427376976628524 0.6339684201285007
2.844062376222416 0.30470218979900066
2.857217939556974 0.6100977058423234
2.87075087590662 0.5877886270701946
2.8725005618222728 0.32195311080534417
2.883398479971709 0.5669390207411027
2.8952186706867464 0.5474534073494279
2.899078305373541 0.33807546688603907
2.9062655778970616 0.5292425537123484
2.9165897902431506 0.5122230643319003
2.923917318038278 0.3531430893913613
2.92623858682828 0.49631699949036046
2.9352561537302706 0.48145151833004274
2.943683786348953 0.4675585452830169
2.947131348566069 0.3672249795832514
2.9515600785159464 0.45457445832317944
2.958921099232762 0.44243979761305097
2.965800557846609 0.4310989932110614
2.968826704199519 0.3803856246224009
2.9722299584202974 0.4205001105923798
2.978238744003184 0.4105946128179112
2.9838544314638256 0.40133713826233297
2.9891027375018084 0.392685292883288
2.9891027375018084 0.39268529288328824
