# CURVE 2D, normalized by CHORD
# COLUMN#1 = X-coordinate, COLUMN#2 = Y-coordinate
#-------------------------------------------------------------------------------
-0.1259925300036613 0.021844119832718098
-0.1259925300036613 0.021844119832718112
-0.125660095009987 0.021786483480481983
-0.12530438956675552 0.021724812583589343
-0.12492378474249782 0.021658824723914213
-0.12474771925726076 0.02902394014664267
-0.12451653758054207 0.021588217714061827
-0.12408078311724942 0.021512668213519773
-0.12361452584152628 0.021431830247939775
-0.12341577175861215 0.03670634788254201
-0.12311563055650254 0.02134533362476918
-0.12258181260152713 0.02125278223797664
-0.12201062738970345 0.021153752254108624
-0.12199058793505815 0.044926524159954295
-0.1213994592130521 0.02104779017136985
-0.12074550926403516 0.020934410742839357
-0.12046564124385538 0.0537221127767854
-0.12004578281858704 0.02081309475431173
-0.11929707552195754 0.020683286646587168
-0.1188339482842684 0.06313339259679474
-0.11849595871456398 0.02054439197132189
-0.11763876373065286 0.02039577466878804
-0.11708803681751033 0.07320346200420469
-0.11672156509786798 0.020236754155076822
-0.11574016256078815 0.02006660220540582
-0.1152199115480792 0.0839784362701333
-0.11469006184611273 0.019884539619257846
-0.11356645408141003 0.019689732652079513
-0.1132210175097879 0.09550765873467698
-0.11236419377317815 0.0194812891971987
-0.11108220088881621 0.10784392677173865
-0.11107777524337002 0.019258254700476228
-0.10970130741647534 0.019019607788983182
-0.10879366710437649 0.1210437335713947
-0.10822848684169803 0.018764255593685622
-0.1066525688266863 0.018491028744717235
-0.10634493595502598 0.1351675268470267
-0.10496633655062375 0.018198676016321063
-0.10372479362522094 0.15027998565195289
-0.10316206801523682 0.017885858596937153
-0.10123150068237281 0.017551143958196375
-0.10092124133232958 0.1664503165732239
-0.09916579363620832 0.01719299929474374
-0.09792144037893578 0.18375257065898393
-0.09695548709681232 0.01680978450484942
-0.09471165335880444 0.20226598253074715
-0.09459045909965859 0.016399744679662497
-0.0920598791427041 0.01596100206671249
-0.09127718124726389 0.22207533323353376
-0.0893521585887628 0.015491547470855984
-0.0876022960879155 0.2432713384855155
-0.0864548975960456 0.01498923105328952
-0.08367016896741274 0.2659510641051359
-0.0833548283338382 0.014451752486493406
-0.08003775422327629 0.013876650420021563
-0.07946279294847478 0.29021837051812976
-0.07648848492497504 0.013261291208896693
-0.07496090060821116 0.31618438838003315
-0.07269076677579271 0.012602856852993082
-0.07014387580412909 0.34396802749226985
-0.06862720835616762 0.011898332092176216
-0.06498965926376127 0.3736965213423631
-0.06427920084716875 0.011144490598102168
-0.05962683281253998 0.01033788019944294
-0.0594746475655677 0.4055060097619628
-0.054648799015487186 0.009474807072877563
-0.053573585048500585 0.4395421623709346
-0.04932230285264069 0.00855131882745261
-0.04767252253143347 0.4735783149799063
-0.04362295195839495 0.0075631864048479125
-0.0421575108332399 0.5053878033995061
-0.037524646501552 0.006505884712660884
-0.03700329429287209 0.5351162972495993
-0.03218626948879001 0.562899936361836
-0.03099945966273006 0.005374571902020765
-0.027684377148526396 0.5888659542237394
-0.024017509745190572 0.004164067194635837
-0.02347700112958843 0.6131332606367332
-0.01954487400908566 0.6358129862563537
-0.01654682333342332 0.0028688271577339644
-0.015869988849737282 0.6570089915083355
-0.01243551673819674 0.676818342211122
-0.009225729718065387 0.6953317540828853
-0.008553188872832358 0.0014829203182489602
-0.0062259287646716024 0.7126340081686453
-0.003422376471780224 0.7288043390899164
-0.0008022341419751874 0.7439167978948424
0.0 0.0
0.0016464970073753124 0.7580405911704744
0.003935030791815036 0.7712403979701306
0.006073847412786729 0.7835766660071922
0.008072741451078037 0.7951058884717359
0.009940866720509159 0.8058808627376646
0.011686778187267224 0.8159509321450744
0.013318471146854208 0.8253622119650839
0.014843417838056983 0.8341578005819149
0.016268601661610982 0.8423779768593271
0.01760054916025959 0.8500603845952266
0.018845359906660142 0.8572402049091511
0.021434165263322646 0.8567913673913008
0.024204186994951415 0.856311111247201
0.027168110247794308 0.8557972371730143
0.0303395081283363 0.8552473919136344
0.033732903860516084 0.854659057486098
0.03736383729394854 0.854029539648634
0.041248936067721176 0.8533559555625476
0.04540599175565785 0.8526352205904351
0.0498540413417502 0.8518640341702747
0.05461345439886889 0.8510388647007031
0.05970602636998601 0.8501559333682615
0.06515507837908141 0.849211196842549
0.07098556402881329 0.8482003287600366
0.0772241836740265 0.8471186999117483
0.0838995066944046 0.8459613570440798
0.09104210232620924 0.8447230001756746
0.09868467965224015 0.843397958326481
0.10686223739109324 0.8419801635478438
0.11561222417166594 0.840463123134702
0.12497471002687888 0.8388398898926404
0.13499256989195663 0.8371030303236343
0.14571167994758982 0.8352445905847978
0.15718112770711745 0.8332560600642429
0.16945343680981195 0.831128332407249
0.18258480754969508 0.8288516638142657
0.19663537424137 0.8264156284197735
0.21166948060146218 0.8238090705476667
0.22775597440676076 0.8210200536245125
0.2449685227784303 0.8180358055167376
0.2633859495361167 0.8148426600414184
0.2830925961668411 0.8114259943828268
0.3041787080617162 0.8077701621281338
0.32674084778923274 0.8038584216156124
0.35088233729767526 0.7996728592672144
0.3767137310717088 0.7951943075544285
0.4043533224099247 0.7904022572217477
0.43392768514181557 0.7852747633657793
0.4655722532649389 0.779788344939893
0.499431941156681 0.7739178772241946
0.535661807200845 0.7676364767683974
0.5744277638681003 0.7609153782806943
0.6159073375020637 0.7537238028988521
0.6602904812904045 0.7460288172402809
0.7077804451439291 0.7377951825856098
0.7585947064672003 0.7289851935051116
0.8129659660831007 0.7195585051889786
0.871143213872114 0.7094719486907163
0.9333928690063582 0.6986793332375756
0.9999999999999999 0.687131234702715
