# CURVE 2D, normalized by CHORD
# COLUMN#1 = X-coordinate, COLUMN#2 = Y-coordinate
#-------------------------------------------------------------------------------
-0.39939875760495913 -0.5396887049375432
-0.3983449322436138 -0.5382647204266615
-0.3972173391069742 -0.5367410570000182
-0.3960108144507699 -0.5351107371335099
-0.3948064864371979 -0.5430872333525508
-0.39471983306863123 -0.5333662948763459
-0.3933384829897429 -0.5314997416611804
-0.39186043840533236 -0.5295025297209534
-0.3902789307000131 -0.5273655129449105
-0.3898927562876934 -0.546723658756609
-0.38858671745532153 -0.5250789049945446
-0.3867760492835015 -0.5226322344876531
-0.38483863433965415 -0.5200142970452792
-0.3846350650277235 -0.5506146339389513
-0.3827656003497374 -0.5172131039819391
-0.38054745398052653 -0.5142158274041652
-0.3790093353795558 -0.5547779773840574
-0.37817403736547084 -0.5110087414659471
-0.3756344815873613 -0.5075771595120537
-0.3729898046560163 -0.5592327548703211
-0.37291715690478405 -0.5039053668213879
-0.37000961949442646 -0.49997654864237534
-0.3668985544653438 -0.495772713190832
-0.36654890678182905 -0.5639993667806232
-0.36356971488422535 -0.4912746092576806
-0.3600078565324286 -0.4864616380492086
-0.3596571460564487 -0.5690996415246464
-0.3561966680960061 -0.4813117588561436
-0.35228296208029175 -0.5745569355007514
-0.352118696469034 -0.47580138811956396
-0.34775526682817387 -0.46990529143142384
-0.3443925852258038 -0.5803962400551835
-0.3430863971124535 -0.46359646797511384
-0.33809070651663276 -0.45684602687686215
-0.33594988199150166 -0.586644295928426
-0.3327453175791045 -0.4496230549017329
-0.3270257514159493 -0.4418944748883445
-0.3269161895307984 -0.5933297157127955
-0.32090581562137327 -0.433624894274019
-0.3172501385978459 -0.6004831148820707
-0.3143574843211769 -0.42477644301669065
-0.30735076982996673 -0.41530860017134935
-0.3069074640995867 -0.6081372519931953
-0.2998535853243719 -0.4051780083268342
-0.2958408023864494 -0.6163271787020986
-0.29183159790338536 -0.39433827505320296
-0.28399947435339246 -0.6250904002806251
-0.28324807136292984 -0.3827397604504175
-0.2740636979646424 -0.370329349825437
-0.27132925335802155 -0.6344670473696485
-0.26423641842847484 -0.357050210456708
-0.25777211689297463 -0.6445000597549035
-0.2537212293247756 -0.34284153133216794
-0.2432659808753745 -0.6552353830071265
-0.24246997698381736 -0.32763824466891006
-0.2304311369789921 -0.3113707279392241
-0.2277444153365423 -0.6667221788870049
-0.21754957817382903 -0.2939644850384602
-0.2111363402099919 -0.6790130504784749
-0.20376631025230452 -0.27533980513464273
-0.1933656998245829 -0.6921642830813478
-0.18901821357627333 -0.25541139763755805
-0.17435111461219532 -0.7062361019664217
-0.17323775013291992 -0.23408800161567747
-0.15635265424853179 -0.21127196787226524
-0.1540055084349406 -0.7212929481734509
-0.1382856016522365 -0.18685881176681415
-0.13223570982527805 -0.7374037736149721
-0.11895385537420052 -0.16073673473398148
-0.1104659112156155 -0.7535145990564933
-0.09826888685670204 -0.13278611230885054
-0.09012030503836077 -0.7685714452635224
-0.07613597054297866 -0.10287894631396044
-0.07110571982597316 -0.7826432641485964
-0.053335079440564204 -0.7957944967514693
-0.05245375008729464 -0.070878278699428
-0.03672700431401378 -0.8080853683429392
-0.027113774199712736 -0.036637564351878316
-0.021205438775181593 -0.8195721642228178
-0.006699302757581432 -0.8303074874750406
0.0 0.0
0.006857833707465483 -0.8403404998602956
0.01952805470283639 -0.849717146949319
0.03136938273589335 -0.8584803685278455
0.04243604444903065 -0.8666702952367489
0.05277871894728983 -0.8743244323478734
0.06244476988024231 -0.8814778315171488
0.0714784623409456 -0.8881632513015181
0.07992116557524773 -0.8944113071747606
0.08781154242973568 -0.9002506117291929
0.09518572640589265 -0.9057079057052977
0.10207748713127299 -0.9108081804493209
0.10851838500546024 -0.915574792359623
0.11453791572899974 -0.9200295698458867
0.12016364537716745 -0.9241929132909928
0.12542133663713734 -0.9280838884733351
0.13033506678664186 -0.9317203138773933
0.13492733795440304 -0.9351188422924008
0.1349273379544031 -0.9351188422924009
0.1372098576000247 -0.9320345811421484
0.13965215362083994 -0.9287344217113782
0.14226541036311213 -0.9252032511204544
0.1450615950773435 -0.9214248985881657
0.14805351272157108 -0.9173820613786166
0.15125486460089455 -0.9130562255643992
0.1546803111117706 -0.9084275812431868
0.15834553887840797 -0.9034749318194895
0.16226733258870996 -0.8981755969361331
0.16646365185873302 -0.892505308610942
0.17095371347765786 -0.8864381001029875
0.1757580794099074 -0.879946186999476
0.18089875095741437 -0.8729998399787189
0.1863992695132468 -0.8655672486665089
0.19228482436798755 -0.8576143759624439
0.19858236806256013 -0.8491048021690946
0.20532073981575283 -0.8399995582102107
0.21253079759166893 -0.830256947174205
0.22024555941189927 -0.8198323533656788
0.22850035455954565 -0.8086780379905558
0.23733298536752734 -0.7967429205391743
0.24678390033206765 -0.7839723448661962
0.2568963793441259 -0.7703078288961092
0.26771673188702816 -0.7556867968081165
0.27929450910793363 -0.7400422924739641
0.2916827307343024 -0.723302672836421
0.304938127874517 -0.7053912798242501
0.3191214028145467 -0.6862260893012271
0.3342975070003784 -0.6657193354415925
0.3505359384792184 -0.6437771088117835
0.36791106016157715 -0.6202989263178879
0.386502440361701 -0.5951772710494195
0.4063952171758336 -0.5682970999121584
0.4276804883669554 -0.539535316795289
0.45045572854145577 -0.5087602088602386
0.474825235528171 -0.4758308433697349
0.5009006080039564 -0.44059642229489593
0.5288012565530469 -0.40289559174481815
0.5586549505005736 -0.36255570305623497
0.5905984030244272 -0.31939202215945084
0.6247778972249507 -0.27320688359989187
0.6613499560195106 -0.2237887853411639
0.7004820589296898 -0.17091142020432484
0.7423534090435817 -0.11433263950790704
0.7871557536654459 -0.05379334416274009
0.8350942624108405 0.010983701856588646
0.8863884667684129 0.08029514109727034
0.9412732654310152 0.1544583810847998
1.0 0.2338130478714566
