# CURVE 2D, normalized by CHORD
# COLUMN#1 = X-coordinate, COLUMN#2 = Y-coordinate
#-------------------------------------------------------------------------------
-0.6952895109547326 -0.6104543178212961
-0.6952895109547325 -0.6104543178212961
-0.6934122127363022 -0.6040132579082461
-0.6914035036425816 -0.5971213238012827
-0.690816439750956 -0.6117580300542391
-0.6892541849123008 -0.5897469543068317
-0.6869544138709003 -0.5818563789477691
-0.686030253562915 -0.6131530021434881
-0.6844936588566016 -0.5734134633135722
-0.6818606509913021 -0.5643795435849817
-0.6809090343417112 -0.6146456222789844
-0.6790433325754317 -0.5547132494753896
-0.6760288018704503 -0.5443703147781261
-0.6754293297750229 -0.6162427258239656
-0.6728032540161202 -0.5333033746520542
-0.6695660458886665 -0.6179516266170955
-0.669351917811987 -0.5214617487171573
-0.6656589880735645 -0.5087912089668176
-0.6632923321302653 -0.6197801504657444
-0.6617075532534524 -0.49523373143395405
-0.6574795179959325 -0.48072723047379007
-0.6565794584087761 -0.6217366709837988
-0.6529555202703862 -0.4652052744464147
-0.6493966835267826 -0.623830147938117
-0.6481148427040516 -0.44859678149712295
-0.6429353177080736 -0.4308256940413808
-0.6417111144030494 -0.6260701682792373
-0.6373932259623771 -0.4118106304637367
-0.6334875554406552 -0.6284669900442361
-0.631463187794482 -0.39146451243565755
-0.6251180469548341 -0.36969416614561285
-0.6246883473508931 -0.6310315893327849
-0.6183287462564108 -0.346399895615265
-0.6152731946948475 -0.6337757105715321
-0.611064194509098 -0.32147502614779283
-0.6051989813528791 -0.6367119202969916
-0.6032911241394732 -0.29480541581759756
-0.5949739388439748 -0.26626893276428865
-0.5944195730769728 -0.6398536647032333
-0.5860745505777913 -0.2357348958972481
-0.5828856062217529 -0.6432153312179119
-0.5771751623116079 -0.20520085903020757
-0.5705442616866676 -0.646812314388618
-0.5688579770161095 -0.17666437597689866
-0.5610849066464847 -0.14999476564670342
-0.5573390230341266 -0.6506610863812734
-0.5538203548991719 -0.12506989617923123
-0.5470310542007487 -0.1017756256488834
-0.5432094176759075 -0.6547792724134147
-0.5406859133611008 -0.0800052793588387
-0.5347558751932056 -0.05965916133075952
-0.5292137834475091 -0.04064409775311542
-0.5280907399426131 -0.659185731467806
-0.5240342584515312 -0.022873010297373292
-0.5191935808851965 -0.006264517348081561
-0.5146695831596502 0.00925743867929385
-0.5119137547679882 -0.6639006426560048
-0.5104415479021303 0.023763939639457776
-0.5064901130820182 0.03732141717232129
-0.5027971833435957 0.04999195692266101
-0.4993458471394625 0.06183358285755797
-0.4961202992851324 0.07290052298362987
-0.49460438063113954 -0.6689455976273773
-0.49310576858015104 0.0832434576808933
-0.4902884501642806 0.09290975179048533
-0.4876554422989811 0.10194367151907602
-0.4851946872846825 0.11038658715327287
-0.48289491624328196 0.11827716251233539
-0.48074559751300106 0.12565153200678636
-0.47873688841928064 0.13254346611374984
-0.4768595902008503 0.13898452602679984
-0.4768595902008503 0.13898452602679987
-0.4760833503047115 -0.674343699446746
-0.47560138215591824 0.1386178112697488
-0.47425509954784095 0.13822542647970412
-0.47281457715719827 0.13780557475435634
-0.4712732181992106 0.1373563334082342
-0.46962396411416374 0.1368756451678835
-0.46785926224316365 0.13636130875070826
-0.46597103124119355 0.13581096878433077
-0.4639506240690856 0.13522210502030685
-0.46178878839493 0.13459202079280125
-0.45947562422358357 0.13391783066937027
-0.45700053856024286 0.13319644723729912
-0.4562658478554331 -0.6801196683934705
-0.4543521969004683 0.13242456696498298
-0.4515184713245095 0.1315986550736047
-0.4484863849582337 0.13071492934982995
-0.44524205254631843 0.12976934282539096
-0.4417706168655692 0.12875756524424126
-0.4380561806871675 0.12767496323241107
-0.43506112023470567 -0.6862999551664656
-0.43408173397627764 0.12651657907975278
-0.42982907599562553 0.1252771080364084
-0.42527873195632776 0.12395087402002991
-0.42040986383427914 0.12253180362250492
-0.41520017494368716 0.1210133982971532
-0.4123720616805271 -0.6929128620135704
-0.4096258078307537 0.11938870459902683
-0.4036612350199149 0.11765028234203163
-0.3972791421123174 0.11579017052704678
-0.390450302701188 0.11379985088501297
-0.38809476902755624 -0.6999886723399726
-0.38314344453127963 0.1116702088680368
-0.3753251062894777 0.10939149190987231
-0.36695948437074954 0.10695326476463629
-0.3621180658888772 -0.7075597893892229
-0.3580082689177105 0.10434436171923375
-0.34843046838295866 0.10155283546065304
-0.3381822218107742 0.09856590236397167
-0.3343229935304908 -0.7156608846319208
-0.3272165979785368 0.09536988395052261
-0.3154833804780428 0.09195014424813211
-0.3045822661070172 -0.7243290565416074
-0.3029288377525143 0.08829102276657427
-0.2894954770361987 0.0843757627813074
-0.2751217810697411 0.08018643459707185
-0.27275968776390047 -0.7336040004849722
-0.2597419263856314 0.07570385343993981
-0.24328548187363405 0.07090749160180851
-0.23870952893676556 -0.7435281905043725
-0.22567708624579688 0.06577538443500804
-0.2068361029240111 0.060284029766531515
-0.20227585899173128 -0.7541470738251308
-0.18667625076970032 0.054408280271261635
-0.16510520896458777 0.04812122831132287
-0.16329183215054455 -0.7655092789783422
-0.14202419423311735 0.041394082714188395
-0.12157892343047472 -0.7776668384922785
-0.11732750847044401 0.034196036925254504
-0.09090205470438352 0.02649412793109524
-0.07694611110000005 -0.7906754271721901
-0.06262681917469881 0.018253085307344825
-0.032372317157936155 0.009435169699931883
-0.029189001906392287 -0.8045946170596957
0.0 0.0
0.02191110493076809 -0.8194881502393265
0.0765882192465297 -0.8354242307415317
0.13509273156439472 -0.8524758368788912
0.19769255974451028 -0.8707210554458658
0.26467437589723386 -0.8902434393125287
0.33634491918064824 -0.9111323900498579
0.41303240049390155 -0.9334835673388002
0.4950880054990826 -0.9573993270379685
0.5828875028546263 -0.9829891899160785
0.676832965025058 -1.0103703431956563
0.77735460954742 -1.0396681772048044
0.8849127691863473 -1.071016859594593
1.0 -1.104559949751667
