# CURVE 2D, normalized by CHORD
# COLUMN#1 = X-coordinate, COLUMN#2 = Y-coordinate
#-------------------------------------------------------------------------------
-1.3417567228436527 1.8999896619121026
-1.3417567228436527 1.8999896619121028
-1.3378329613109035 1.8820007224100497
-1.3355779288998955 1.9013373852724782
-1.3336345364708617 1.8627525571428531
-1.329142221892017 1.8421570203069528
-1.328966619380075 1.9027794492680803
-1.3243354452926532 1.8201197958925395
-1.3218925181938674 1.904322457743374
-1.319192194331334 1.796539965769117
-1.3143232299246255 1.9059734768119387
-1.3136889158027225 1.771309547537055
-1.307800407777108 1.744313000028749
-1.306224091476536 1.9077400672153026
-1.3014997041897005 1.715426694194861
-1.2975580133370808 1.9096303189469022
-1.2947579513511747 1.6845183469526015
-1.2882853097278635 1.9116528882997137
-1.287544275813952 1.6514464154033832
-1.2798256429891237 1.61605944864572
-1.2783635168660012 1.9138170375072219
-1.2715667058665574 1.5781953942150202
-1.267747198503808 1.916132677159256
-1.2627296431454114 1.5376808559741717
-1.256387737856262 1.918610411586932
-1.2532739860337851 1.4943303000564636
-1.2442331149633876 1.9212615874245456
-1.2431564329243452 1.4479452052245159
-1.2323306510972445 1.3983131537543319
-1.2312276684680117 1.924098345570792
-1.2207470645422465 1.345206858681235
-1.2173118407179593 1.927133676787276
-1.2083526269283988 1.2883831229530212
-1.2024219050254037 1.9303814811889135
-1.1950905786815817 1.2275817257238326
-1.186489673834369 1.9338566318986659
-1.1809001870574876 1.1625242306886006
-1.1694421864599622 1.9375750431581007
-1.1657164680197067 1.0929127110009027
-1.1512013749693466 1.9415537432056962
-1.1494698886492811 1.0184283849350657
-1.1320860487229258 0.9387301560446201
-1.1316837066743881 1.9458109522566231
-1.1134853400017257 0.8534530511318433
-1.110799801598782 1.9503661659411151
-1.0948846312805256 0.7681759462190666
-1.088454023167884 1.9552402445835215
-1.0775007913541703 0.6884777173286211
-1.064544040246823 1.9604555087308964
-1.0612542119837447 0.6139933912627841
-1.0460704929459639 0.544381871575086
-1.038960358521288 1.9660358413685874
-1.0318801013218697 0.4793243765398541
-1.0186180530750526 0.41852297931066545
-1.011585819074965 1.9720067972909168
-1.0062236154612048 0.36169924358245176
-0.994640028906207 0.3085929485093548
-0.9838142470791061 0.2589608970391708
-0.9822950618673998 1.9783957201278093
-0.9736966939696662 0.21257580220722305
-0.96424103685804 0.16922524628951496
-0.955403974136894 0.12871070804866636
-0.9509539516553047 1.9852318675632843
-0.9471450370143277 0.09084665361796662
-0.9394264041894994 0.05545968686030334
-0.9322127286522767 0.022387755311085278
-0.9254709758137507 -0.008520591931174493
-0.9191702722263433 -0.03740689776506223
-0.9174189637283632 1.9925465453192426
-0.9132817642007289 -0.06440344527336839
-0.9077784856721174 -0.08963386350543034
-0.9026352347107981 -0.11321369362885281
-0.8978284581114343 -0.13525091804326617
-0.8933361435325897 -0.1558464548791666
-0.889137718692548 -0.17509462014636312
-0.8852139571597987 -0.19308355964841614
-0.8852139571597987 -0.19308355964841606
-0.8828782941150113 -0.1925741030010382
-0.8815365266465358 2.000373250518118
-0.8803791346570888 -0.19202898438834376
-0.8777050340371118 -0.19144570747276074
-0.8748437463737362 -0.1908216011730869
-0.8717821685739244 -0.1901538074324359
-0.8685062803281258 -0.18943926812993933
-0.8650010799051214 -0.188674711076268
-0.8612505154525066 -0.18785663502883967
-0.8572374114882088 -0.18698129365809135
-0.8529433902464102 -0.18604467839139066
-0.8483487875176856 -0.18504250005602094
-0.8434325625979503 -0.1839701692371753
-0.8431423189689804 2.0087478250809143
-0.8381722019338335 -0.18282277526101048
-0.8325436160232286 -0.18159506370651413
-0.8265210290988813 -0.18028141234320302
-0.8200768610898296 -0.17887580538446016
-0.8131816013201445 -0.1773718059386053
-0.8058036733665813 -0.17576252653154056
-0.802060516753996 2.017708619863107
-0.7979092904562687 -0.17404059756598134
-0.7894623007422342 -0.17219813357283295
-0.7804240217482173 -0.17022669710016416
-0.7707530632246192 -0.16811726007440855
-0.7604051376043693 -0.16586016245685006
-0.758102988383963 2.0272966702800526
-0.7493328571907019 -0.16344506800606248
-0.7374855171480778 -0.1608609169437198
-0.7248088633024699 -0.15809587530701308
-0.7112448436876695 -0.1551372807557369
-0.7110684330280272 2.0375558842261845
-0.6967313426998331 -0.1519715845858714
-0.681201896642848 -0.1485842896841153
-0.6645853893618742 -0.1449598841392363
-0.6607414587971763 2.0485332431485457
-0.646805726571232 -0.14108177020621573
-0.627781487385245 -0.13693218829788376
-0.6074255514562389 -0.13249213565596854
-0.6068915963701658 2.0602790171954726
-0.5856447000122023 -0.12774127932911924
-0.5623391889670831 -0.1226578630593905
-0.5492722435732644 2.072846995425684
-0.5374022921488056 -0.11721860765078075
-0.5107198125532488 -0.11139860436356833
-0.48761953608057995 2.0862947321320098
-0.482169559386003 -0.10517120084625102
-0.45162078849704984 -0.0985078790827215
-0.4216511390634077 2.100683810407779
-0.41893360364587007 -0.09137812479574492
-0.38395831585510765 -0.08374928770867997
-0.3510649542550335 2.1160801241628517
-0.3465347579189919 -0.07558643202552048
-0.306491550927348 -0.06685217644453982
-0.2755377365100731 2.13255417988078
-0.26364531944628905 -0.057506522972890516
-0.217799851761556 -0.047506673758225766
-0.19472361352296508 2.1501814194989626
-0.16874520133889162 -0.036806835098534475
-0.11625672538664074 -0.0253580077326648
-0.10825250192675973 2.169042565890418
-0.060094056117732275 -0.013107762451184245
-0.015728412518819956 2.189223992529276
0.0 0.0
0.08327236314767561 2.2108181190328535
0.1892031931108259 2.233923834391682
0.3025491811713966 2.2586469498256276
0.4238293883962073 2.2851006833399503
0.5535992101267547 2.313406178200275
0.6924529193784406 2.3436930577008224
0.8410263882777443 2.3761000187664085
1.0 2.4107754671065855
