# CURVE 2D, normalized by CHORD
# COLUMN#1 = X-coordinate, COLUMN#2 = Y-coordinate
#-------------------------------------------------------------------------------
-0.019719261009438882 0.02288996785613767
-0.019719261009438882 0.022889967856137672
-0.01966723115966331 0.02282957200315147
-0.01961155922040345 0.022764948440456245
-0.0195519902453954 0.022695801228372347
-0.019488251442136784 0.02262181371144258
-0.019420050922650065 0.022542647068327724
-0.019347076366799276 0.022457938760194834
-0.019268993592038933 0.02236730087049264
-0.019185445023045367 0.022270318328511292
-0.01909604805422225 0.02216654700859125
-0.019000393297581512 0.022055511696276807
-0.018898042707975928 0.02193670391210035
-0.01878852757709795 0.021809579583031542
-0.018671346387058512 0.021673556550927918
-0.018545962513716315 0.02152801190657704
-0.018411801769240163 0.0213722791371216
-0.018268249772650683 0.021205645073804277
-0.01811464913629994 0.021027346626054745
-0.017950296455404642 0.020836567286962746
-0.017774439086846675 0.020632433394134307
-0.01758627170248965 0.020414010128807874
-0.017384932601227632 0.020180297234908592
-0.017169499762877273 0.019930224438436363
-0.016938986625842388 0.019662646546211075
-0.016692337569215066 0.019376338201530018
-0.016428423078623827 0.019069988272721286
-0.0161460345736912 0.018742193848895944
-0.015843878873413292 0.018391453815402827
-0.01552057227411593 0.018016161979565192
-0.015174634212867752 0.017614599715218924
-0.014804480487332202 0.017184928092368417
-0.014776878453188425 0.027147734063924983
-0.014408416001009164 0.016725179455918372
-0.013984627000643512 0.016233248414916825
-0.013531172770252264 0.015706882201045172
-0.01304597674373363 0.0151436703522025
-0.012526816995358691 0.014541033673940842
-0.011971316064597507 0.01389621242820087
-0.01137693006868304 0.0132062536952591
-0.010740937053054561 0.012467997851011403
-0.010060424526332086 0.011678064097666368
-0.00948852911800041 0.0317035439062574
-0.00933227612273904 0.010832834981587183
-0.008553157330894479 0.009928439827382451
-0.0077195002236208 0.00896073701238339
-0.006827487118837962 0.007925295000334395
-0.005873033096720326 0.006817372047441969
-0.0048517672930544565 0.0056318944878470745
-0.003829995329349245 0.036578260437553134
-0.003759012883131975 0.004363433499080536
-0.00258976566451492 0.003006180241100341
-0.0013386711405946714 0.0015539192550615318
0.0 0.0
0.002224635824507548 0.04179420712603951
0.008703091159134257 0.04737527008271997
0.015635038367184884 0.053347007446368055
0.023052221879798995 0.059736766425471516
0.030988608238296134 0.0665738085331122
0.03948054164188805 0.07388944358828772
0.048566910383731426 0.08171717309732554
0.05828932493750383 0.09009284367199605
0.0686923085100403 0.09905481118689344
0.07982350093265433 0.10864411642783367
0.09173387682485132 0.1189046730356397
0.10447797902950215 0.12988346860599218
0.11811416838847849 0.14163077986626932
0.1327048910025832 0.1542004029147659
0.14831696419967522 0.16764989957665719
0.1650218825205637 0.18204086100488087
0.1828961451239144 0.19743918973308022
0.2020216061094996 0.21391540147225352
0.22248584936407578 0.23154494803316897
0.2443825896464723 0.2504085628533485
0.26781210174863657 0.2705926307109406
0.29124161385080083 0.29077669856853267
0.31313835413319735 0.30964031338871223
0.33360259738777354 0.32726985994962765
0.35272805837335874 0.34374607168880095
0.3706023209767094 0.3591444004170003
0.3873072392975979 0.373535361845224
0.40291931249468993 0.38698485850711534
0.41751003510879464 0.3995544815556119
0.43114622446777096 0.411301792815889
0.4438903266724218 0.4222805883862415
0.4558007025646188 0.4325411449940475
0.46693189498723287 0.44213045023498776
0.4773348785597693 0.4510924177498852
0.48705729311354173 0.45946808832455566
0.49614366185538505 0.46729581783359353
0.5046355952589769 0.47461145288876905
0.5125719816174741 0.48144849499640974
0.5199891651300883 0.48783825397551317
0.5269211123381389 0.49380999133916126
0.5333995676727656 0.49939105429584174
0.5394541988266224 0.5046070009843281
0.5451127326152736 0.5094817175156239
0.5504010819504616 0.5140375273579563
0.555343464506712 0.5182952935657436
0.5565167038452636 0.516933406285376
0.5577720699375139 0.5154761868953827
0.5591153116562217 0.5139169621480897
0.5605525802952391 0.5122485916684864
0.5620904577389877 0.5104634352553107
0.5637359866037986 0.5085533178932128
0.5654967024891464 0.506509492315768
0.5673806684864684 0.5043225989479021
0.5693965121036031 0.5019826230442856
0.5715534647739371 0.499478848827416
0.5738614041311945 0.4967998104153655
0.5763308992434599 0.49393323931447136
0.5789732590135839 0.4908660082365147
0.5818005839676166 0.4875840709831011
0.5848258216684317 0.48407239812194847
0.5880628260083036 0.4803149081605152
0.5915264206519667 0.47629439390178163
0.5952324669206862 0.4719924436449367
0.5991979364282161 0.4673893568701126
0.603440988801273 0.46246405402105084
0.6079810548404438 0.45719397997255473
0.6128389255023567 0.45155500074066396
0.6180368471106036 0.4455212929625407
0.6235986232314277 0.43906522563994893
0.6295497236807095 0.4321572336047757
0.6359174011614409 0.42476568212714033
0.6427308160658236 0.4168567220460705
0.650021170013513 0.4083941347593258
0.6578218487375408 0.39933916636250893
0.6661685749722505 0.38965035017791494
0.6750995720433899 0.3792833168603993
0.6846557389095089 0.3681905912106576
0.6948808374562564 0.35632137476543396
0.7058216929012762 0.34362131316904465
0.7175284082274473 0.33003224726090813
0.7300545936264504 0.31549194673920206
0.7434576120033838 0.29993382518097655
0.7577988416667024 0.28328663511367524
0.7731439574064535 0.26547414174166284
0.789563231247987 0.2464147738336096
0.8071318542584279 0.2260212501719926
0.8259302808795997 0.2042001798540624
0.8460445973642535 0.1808516346138771
0.8675669160028332 0.15586869120687882
0.8905957969461132 0.12913694176139068
0.9152366995554231 0.10053396985471838
0.9416024653473845 0.069928789914579
0.9698138347447832 0.03718124737862986
1.0 0.002141376865164143
