# CURVE 2D, normalized by CHORD
# COLUMN#1 = X-coordinate, COLUMN#2 = Y-coordinate
#-------------------------------------------------------------------------------
-0.6346709176463735 -0.41166294292385935
-0.6346709176463734 -0.4116629429238592
-0.6326472225045267 -0.4130676760396077
-0.6304818687027506 -0.41457074047345843
-0.6303577903827846 -0.405449339363412
-0.6281649401348501 -0.4161790194176787
-0.6257427442107444 -0.3988007835537335
-0.6256858265671966 -0.41789987788799443
-0.6230331750498074 -0.4197411964512322
-0.6208046448066615 -0.3916868288373778
-0.6201948379262009 -0.42171140731389667
-0.6171578172039419 -0.42381953293694763
-0.6155208784442929 -0.38407489729087674
-0.6139082050311249 -0.4260752273536122
-0.6104311200062107 -0.42848882037944325
-0.6098672484365582 -0.37593013053612045
-0.6067106390295524 -0.4310713649170824
-0.6038178643282823 -0.36721523010853163
-0.602729724384528 -0.43383468757235644
-0.598470145714352 -0.4367914428134996
-0.5973450233324271 -0.35789028665101164
-0.5939123965372637 -0.4399551709215227
-0.5904190834668621 -0.34791259715146516
-0.5890356049177792 -0.4433403599971075
-0.5838174378849307 -0.44696251230798323
-0.5830083278107074 -0.3372364693869505
-0.5782339991597828 -0.45083821528062024
-0.575078819258622 -0.3258130126789198
-0.5722597197238746 -0.45498521746134185
-0.5665942451078905 -0.31358991400132696
-0.5658672407274528 -0.459422509794714
-0.5590272882012816 -0.46417041259142217
-0.5575157507666078 -0.30051119841630225
-0.5517085389982782 -0.4692506685838999
-0.5478017618214353 -0.2865169727403263
-0.5438774773510647 -0.4746865424958511
-0.5374077936501009 -0.2715431512670321
-0.5354982413885462 -0.4805029275816389
-0.5265324589086514 -0.4867264596234318
-0.5262862477067729 -0.2555211622906066
-0.5169390716551641 -0.49338563890815024
-0.5143861935474119 -0.23837763408583212
-0.5073456844016767 -0.5000448181928686
-0.5016531355968958 -0.22003405890672312
-0.4983799019217819 -0.5062683502346615
-0.4900006659592634 -0.5120847353204494
-0.4880287635898435 -0.20040643346507636
-0.4821696043120499 -0.5175206092324005
-0.47485085510904657 -0.5226008652248783
-0.4734506855422975 -0.17940487424251428
-0.4680109025828753 -0.5273487680215865
-0.4616184235864535 -0.5317860603549586
-0.45785214203142344 -0.1569332058743731
-0.45564414415054527 -0.5359330625356802
-0.45006070542539744 -0.5398087655083172
-0.44484253839254895 -0.543430917819193
-0.4411617004747881 -0.13288852072046176
-0.43996574677306444 -0.5468161068947777
-0.4354079975959761 -0.5499798350028009
-0.4311484189258 -0.552936590243944
-0.4271675042807757 -0.5556999128992179
-0.42344702330411743 -0.5582824574368572
-0.42330292800918823 -0.107160707605777
-0.4199699382792032 -0.5606960504626882
-0.41672032610638615 -0.5629517448793528
-0.41368330538412723 -0.5650598705024037
-0.41084496826052075 -0.5670300813650682
-0.4081923167431315 -0.568871399928306
-0.405713203175478 -0.5705922583986217
-0.40419404147099636 -0.07963194757306402
-0.40339627460757754 -0.572200537342842
-0.4012309208058014 -0.5737036017766928
-0.39920722566395456 -0.5751083348924411
-0.39815390566526515 -0.5735908946468452
-0.39702685326666753 -0.5719672335840575
-0.395820907200168 -0.5702299162468748
-0.39453054490901357 -0.5683709866960893
-0.39314985725747825 -0.5663819320767487
-0.39167252147033554 -0.5642536436340544
-0.3900917721780928 -0.5619763750003715
-0.3884003704353931 -0.5595396975623307
-0.3865905705707044 -0.556932452703627
-0.3846540847154875 -0.5541427007048142
-0.3837475328751312 -0.0501761743380611
-0.38258204485040537 -0.5511576660660844
-0.38036496219476756 -0.5479636790026435
-0.3779926837532351 -0.5445461128447617
-0.3754543458207953 -0.5408893170558283
-0.37273832423308473 -0.5369765455616695
-0.3698321811342345 -0.5327898800629196
-0.3667226080184647 -0.5283101479792572
-0.363395364784591 -0.5235168346497385
-0.3618697686775554 -0.018658496976608152
-0.35983521452434614 -0.5183879893871535
-0.3560258537458842 -0.5129001249561874
-0.3519498377129298 -0.5070281100150538
-0.3475885005576687 -0.5007450540280408
-0.3429218698015393 -0.4940221841219368
-0.3384605609861493 0.015065417800146585
-0.33792857489248085 -0.4868287133224056
-0.3325857493397883 -0.47913169956690727
-0.3268689259984072 -0.470895894848524
-0.32075192502312955 -0.4620835837998539
-0.31420673397958243 -0.4526544109777769
-0.31341270875634475 0.051150006611274224
-0.30720337956298693 -0.44256519605815453
-0.29970979033722983 -0.4317697360941586
-0.2916916498656697 -0.4202185939326829
-0.2866115068704538 0.08976051663918061
-0.2831122395611004 -0.40785887181990393
-0.27393227053521113 -0.39463396915923044
-0.2641097036775097 -0.3804833233123098
-0.2579342208525506 0.13107376236904056
-0.25359955713976917 -0.3653421322561047
-0.2423537003443868 -0.3491410578259652
-0.2303206335733277 -0.3318059081857161
-0.2272495248133941 0.17527893529999083
-0.2174452521282944 -0.31325729807064945
-0.2036685939821088 -0.2934102852475281
-0.1944169000514968 0.22257847033610756
-0.1889275697656902 -0.2721739815267883
-0.17315467385412228 -0.2494511365455967
-0.15928599155626655 0.2731889728247523
-0.1562776752287446 -0.22513769241572168
-0.1382192866995905 -0.19912230719675542
-0.12169591946637004 0.32734221048760226
-0.11889681097339562 -0.1712858450124615
-0.09822176194636709 -0.14150083047526704
-0.08147454233018103 0.3852861747868519
-0.07609945948744656 -0.10963086492046896
-0.0524285958564016 -0.075530001776835
-0.03843766879445876 0.4472862165870488
-0.027100771771183484 -0.03904207821314667
0.0 0.0
0.007611785888764211 0.5136262613132594
0.05688470239981258 0.5846101091703049
0.10960672306663444 0.6605628263773433
0.16601928518013387 0.7418322337888748
0.22638072664157827 0.8287904997192135
0.2909674690053238 0.9218358442646757
0.36007528333453154 1.0213943629283202
0.4340206446667838 1.1279219778984202
0.5131421812922936 1.241906525916427
0.5978022254815891 1.363869992295694
0.6883884727641354 1.49437090132151
0.78531575735646 1.6340068739791331
0.8890279518702472 1.7834173647227898
1.0 1.943286589818503
