# CURVE 2D, normalized by CHORD
# COLUMN#1 = X-coordinate, COLUMN#2 = Y-coordinate
#-------------------------------------------------------------------------------
0.0 0.0
0.003063109975734514 0.0035522010263120724
0.0059258295792247034 0.006872015069594371
0.008601268460991235 0.009974645016587173
0.0111016786308665 0.012874299172655212
0.013438510565329362 0.015584256327858986
0.015622465644266616 0.018116926566367184
0.01766354515729209 0.020483908097683263
0.019571096104044866 0.022696040369941276
0.021353853998206343 0.02476345370850017
0.02301998287125445 0.02669561570715334
0.02457711265914988 0.028501374584399292
0.026032374143164293 0.030188999703320743
0.027392431604860008 0.03176621944063051
0.028663513344762546 0.033240256578303186
0.029851440204484547 0.03461786137986644
0.03096165222291632 0.03590534250282275
0.031999233548553496 0.03710859588876323
0.03296893572204618 0.038233131763473954
0.033875199435590746 0.03928409987068024
0.03472217486880997 0.04026631305498518
0.03551374069424849 0.041184269301999143
0.03625352183951814 0.04204217233659163
0.0369449060874337 0.04284395087359396
0.037591059590158515 0.04359327660911015
0.03819494136840602 0.04429358103482622
0.038759316862095265 0.044948071152317866
0.03928677059451512 0.04555974415931942
0.03977971800799163 0.046131401175208704
0.040240416525259386 0.04666566006856319
0.040670975887191874 0.04716496744552999
0.04107336781423158 0.04763160985391018
0.041449435035764016 0.0480677242542655
0.041800899728784986 0.048475307805999436
0.04212937140450552 0.04885622701322742
0.042436354279010685 0.049212226272319
0.042723254161725795 0.049544935860255046
0.04299138489323525 0.04985587940038219
0.04324197436193567 0.050146480839753364
0.04347617012707625 0.05041807097000679
0.0436950446739366 0.05067189352164551
0.04389960032520796 0.050909110859625614
0.04409077383106905 0.051130809306336
0.0442694406589766 0.0513380041163457
0.04443641900281544 0.05153164412570056
0.044592473529767626 0.05171261609706025
0.04473831888205939 0.05188174878057398
0.04487462294962178 0.052039816709091476
0.045002009928652054 0.05218754374508914
0.045121063180082216 0.052325606395554246
0.045121063180082216 0.05232560639555425
0.048863542753957045 0.049098416708989595
0.052867995898003145 0.04564532374436542
0.05715276076213249 0.04195051427221752
0.06173745916675086 0.03799706813701931
0.06664308645969252 0.03376688077235718
0.07189210766314011 0.029240580292168722
0.07750856035082898 0.024397438778367087
0.08351816472665613 0.01921527735859932
0.08994844140879113 0.013670364639447846
0.09682883745867563 0.007737308029955731
0.10419086123205204 0.0013889374577991387
0.11206822666956479 -0.005403819054408371
0.12049700768770341 -0.012672068522470409
0.12951580337711174 -0.02044909545329679
0.1391659147647787 -0.02877051426928104
0.14949153394958228 -0.037674432402384175
0.16053994647732217 -0.047201624804804526
0.1723617478820038 -0.05739572067539432
0.1850110753850132 -0.06830340325692538
0.19854585581323322 -0.07997462361916363
0.21302807087142867 -0.09246282940675854
0.22852404098369777 -0.1058252095994851
0.24510472900382574 -0.12012295640570253
0.26284606518536263 -0.13542154548835517
0.2805874013668995 -0.1507201345710078
0.2971680893870275 -0.16501788137722523
0.3126640594992966 -0.1783802615699518
0.32714627455749207 -0.1908684673575467
0.3406810549857121 -0.20253968771978492
0.35333038248872145 -0.213447370301316
0.3651521838934031 -0.22364146617190578
0.376200596421143 -0.23316865857432614
0.3865262156059466 -0.24207257670742927
0.39617632699361355 -0.2503939955234135
0.4051951226830219 -0.2581710224542399
0.41362390370116053 -0.26543927192230193
0.42150126913867325 -0.27223202843450944
0.42886329291204967 -0.27858039900666604
0.43574368896193416 -0.28451345561615815
0.4421739656440692 -0.2900583683353096
0.4481835700198963 -0.2952405297550774
0.4538000227075852 -0.300083671268879
0.45904904391103274 -0.3046099717490675
0.46395467120397443 -0.30884015911372964
0.46853936960859277 -0.31279360524892785
0.47282413447272215 -0.3164884147210757
0.4768285876167683 -0.3199415076856999
0.4805710671906431 -0.32316869737226456
0.48057106719064313 -0.32316869737226456
0.48194159569727524 -0.3215793346636399
0.48340806119937174 -0.3198787165654115
0.4849771792866149 -0.31805905520030703
0.486656135639965 -0.3161120175396453
0.4884526189380498 -0.3140286872427373
0.4903748560670004 -0.31179952382504567
0.49243164979497756 -0.3094143189681156
0.4946324190839131 -0.3068621497712006
0.4969872422230742 -0.30413132873050136
0.49950690298197653 -0.30120935021695333
0.502202939994002 -0.2980828332074568
0.5050876995968693 -0.29473746000729556
0.5081743923719373 -0.2911579106831231
0.51147715364126 -0.2873277929062585
0.5150111081994353 -0.2832295668850134
0.518792439576683 -0.27884446504228105
0.5228384641503379 -0.27415240607055763
0.5271677104441487 -0.2691319029708134
0.5318000039785262 -0.2637599646540872
0.5367565580603102 -0.25801199065519004
0.542060070927819 -0.25186165847637015
0.5477348296960535 -0.2452808030450329
0.5538068215780644 -0.23823928773350195
0.5603038528918161 -0.2307048663501639
0.5672556763975303 -0.22264303546999215
0.5746941275486446 -0.21401687642820844
0.5826532702803369 -0.20478688625349983
0.5911695530032475 -0.1949107967665616
0.600281975516762 -0.1843433810155377
0.6100322676062224 -0.17303624616194213
0.6204650801419451 -0.16093761186859484
0.6316281895551685 -0.1479920731747133
0.6435727166273175 -0.13414034677226
0.6563533605945169 -0.119318999521635
0.6700286496394201 -0.10346015796346625
0.6846612089174666 -0.08649119749622569
0.7003180473449764 -0.0683344097962783
0.717070864462412 -0.0489066469573346
0.734996378778068 -0.028118940719664753
0.7541766790958199 -0.005876095045358132
0.7746996004358144 0.017923749826150026
0.7966591262696086 0.04338958383866379
0.8201558189117683 0.07063802623205345
0.8452972800388792 0.09979385959298043
0.8721986434448878 0.13099060128917225
0.9009831022893172 0.16437111490409753
0.9317824732528566 0.20008826447206757
0.9647378001838437 0.23830561450979554
1.0 0.2791981790501646
