# CURVE 2D, normalized by CHORD
# COLUMN#1 = X-coordinate, COLUMN#2 = Y-coordinate
#-------------------------------------------------------------------------------
-0.01654213437536637 -0.011147544201497373
-0.016542134375366363 -0.011147544201497384
-0.016498487467599104 -0.011118131078465389
-0.01645178527628813 -0.011086659036821165
-0.016401813931585386 -0.011052983952261845
-0.01634834459275345 -0.011016951611783373
-0.01629113240020328 -0.010978397007471408
-0.016229915354174597 -0.010937143580857605
-0.01616441311492391 -0.010893002414380838
-0.016094325718925672 -0.010845771366250695
-0.016019332205207557 -0.010795234144751443
-0.015939089145529172 -0.010741159317747244
-0.015853229071673303 -0.01068329925285275
-0.015761358792647524 -0.010621388983415641
-0.015663057594089938 -0.010555144995117935
-0.015557875311633322 -0.01048426392763939
-0.015445330269404742 -0.010408421185437345
-0.015324907074220162 -0.010327269451281158
-0.015196054255372663 -0.010240437095734039
-0.015058181739205838 -0.01014752647529862
-0.014910658146907334 -0.010048112111432724
-0.014752807903147936 -0.009941738742096213
-0.014583908142325379 -0.009827919236906148
-0.014403185398245245 -0.009706132366352777
-0.014209812062079498 -0.00957582041486067
-0.014002902592382153 -0.009436386626764116
-0.013781509459805991 -0.009287192473500804
-0.013544618807949499 -0.009127554729509059
-0.013291145810463052 -0.008956742343437893
-0.013019929703152555 -0.008773973090341744
-0.012729728468330322 -0.008578409989528865
-0.012449709756667482 -0.017220400854039863
-0.012419213147070531 -0.008369157471659085
-0.012086961753322557 -0.00814525727753842
-0.011731452762012224 -0.007905684069829309
-0.011351058141310167 -0.007649340737580558
-0.010944035897158966 -0.007375053372074397
-0.010508522095917183 -0.007081565890982804
-0.010042522328588474 -0.0067675342862148
-0.009543902577546757 -0.006431520469113035
-0.009010379443932117 -0.006071985684814147
-0.008439509690964454 -0.005687283465614336
-0.008070815414659677 -0.023718357472260254
-0.007828679055289053 -0.005275652091070538
-0.007175090275116374 -0.0048352065203086745
-0.006475750280331609 -0.004363929759593481
-0.005727456485911909 -0.003859663625628223
-0.00492678212588283 -0.0033200988622853977
-0.004070060560651717 -0.0027427645655085744
-0.0033853984687113037 -0.030671171053756163
-0.0031533684858544254 -0.0021250168679573735
-0.002172507965821323 -0.0014640268315775887
-0.0011229872093859031 -0.0007567674926512187
0.0 0.0
0.001627997663453451 -0.03811068158595676
0.006992331524869749 -0.046070957855411376
0.012732168756585172 -0.05458845346372787
0.018873794594520654 -0.06370217376462645
0.025445334241111645 -0.07345385448658798
0.032476881662963974 -0.08388815285908674
0.04000063740434601 -0.09505285211766051
0.0480510560476248 -0.10699908032433442
0.05666500399593305 -0.11978154450547548
0.06588192830062292 -0.1334587811792964
0.07574403730664106 -0.1480934244202848
0.08629649394308048 -0.16375249268814243
0.09758762254407066 -0.18050769573475006
0.10966913014713016 -0.19843576299462024
0.12259634328240382 -0.21761879496268133
0.13642846133714664 -0.2381446391685067
0.15122882765572143 -0.2601072924687398
0.16706521961659648 -0.2836073314999893
0.18401015901473278 -0.3087523732634262
0.20214124417073864 -0.3356575679503037
0.2215415052876649 -0.3644461262652626
0.24094176640459114 -0.39323468458022154
0.259072851560597 -0.42013987926709906
0.2760177909587333 -0.44528492103053596
0.29185418291960835 -0.46878496006178544
0.30665454923818314 -0.49074761336201855
0.32048666729292596 -0.5112734575678439
0.33341388042819964 -0.5304564895359051
0.3454953880312591 -0.5483845567957752
0.3567865166322493 -0.5651397598423828
0.36733897326868875 -0.5807988281102405
0.3772010822747069 -0.5954334713512288
0.38641800657939673 -0.6091107080250499
0.395031954527705 -0.6218931722061909
0.40308237317098383 -0.6338394004128648
0.4106061289123658 -0.6450040996714386
0.41763767633421817 -0.6554383980439373
0.4242092159808092 -0.6651900787658989
0.4303508418187446 -0.6743037990667975
0.43609067905046006 -0.682821294675114
0.4414550129118764 -0.6907815709445686
0.4464684090440411 -0.6982210814767691
0.4511538259899895 -0.7051738950582651
0.4555327203319973 -0.7116718516764855
0.4596251449506962 -0.7177447083290279
0.4610509398888155 -0.7167838823718513
0.4625765404726031 -0.7157557985976722
0.46420893309725586 -0.7146557489593007
0.4659555932056344 -0.7134786958462431
0.4678245195215994 -0.7122192490152716
0.4698242706796819 -0.710871640906132
0.47196400441883024 -0.7094297002293526
0.47425351951971895 -0.7078868237051987
0.47670330067766986 -0.706235945824354
0.4793245665166772 -0.7044695064918503
0.4821293209644152 -0.702579416406071
0.48513040822349485 -0.7005570200142874
0.4883415715907101 -0.698393055875079
0.4917775163936303 -0.6960776142461259
0.4954539773327551 -0.6936000917031462
0.4993877905376185 -0.6909491425821577
0.5035969706668223 -0.6881126270227003
0.5081007934050704 -0.6850775553740807
0.512919883734996 -0.6818300287100576
0.5180763103880162 -0.6783551751795531
0.5235936869067479 -0.6746370819019132
0.5294972797817908 -0.6706587220948386
0.5358141241580867 -0.6664018771012686
0.5425731476407234 -0.6618470529581488
0.5498053027671446 -0.6569733911250106
0.5575437087524153 -0.6517585729635528
0.5658238031566549 -0.6461787175307929
0.5746835041691913 -0.6402082722177398
0.5841633842526053 -0.633819895732773
0.5943068559418583 -0.6269843328938585
0.6051603706493589 -0.61967028065622
0.6167736313863845 -0.6118442447619468
0.6291998203750021 -0.6034703863550744
0.6424958425928229 -0.5945103578597211
0.656722586365891 -0.5849231273696929
0.6719452022030739 -0.5746647907453628
0.6882334011488596 -0.5636883705573297
0.7056617740208504 -0.551943600956134
0.7243101329938805 -0.5393766974828549
0.7442638770950227 -0.5259301107664461
0.7656143832832448 -0.5115422629798887
0.7884594249046426 -0.4961472658482723
0.8129036194395381 -0.4796746189174428
0.8390589075918764 -0.46204888670145516
0.8670450659148783 -0.4431893532303484
0.8969902553204904 -0.4230096524162642
0.9290316079844952 -0.40141737254519405
0.9633158553349805 -0.378313633083149
0.9999999999999999 -0.3535926318587608
