# CURVE 2D, normalized by CHORD
# COLUMN#1 = X-coordinate, COLUMN#2 = Y-coordinate
#-------------------------------------------------------------------------------
0.0 0.0
0.02028393225107698 0.0074430050097777966
0.039240878280120815 0.014399084458168234
0.05695765026988141 0.02090009328843967
0.07351538110143337 0.026975802475609236
0.08898989589727631 0.03265403536081444
0.10345205925787719 0.03796079506661369
0.11696809978180327 0.04292038357670645
0.12959991335556595 0.04755551302539128
0.1414053466020731 0.05188740970640513
0.15243846178572468 0.05593591127744612
0.1627497843872682 0.059719557605521806
0.17238653448216867 0.06325567566914395
0.18139284298207564 0.06656045890617397
0.18980995372965226 0.06964904137068802
0.19767641237224726 0.07253556703845816
0.20502824287934535 0.07523325457843025
0.21189911251214735 0.07775445788681538
0.21832048600074733 0.0801107226610071
0.2243217696349529 0.08231283927240123
0.22993044592860298 0.08437089218024621
0.23517219947407034 0.08629430611281161
0.24007103456329218 0.08809188922735871
0.24464938511396678 0.08977187344656161
0.2489282174043169 0.09134195215609703
0.25292712608688706 0.09280931543603667
0.2566644239210648 0.09418068298738214
0.2601572256352496 0.09546233490452742
0.2634215263027121 0.09666014043456975
0.2664722745900602 0.09777958485517006
0.26932344121374996 0.09882579459404885
0.2719880829181329 0.09980356070515052
0.27447840226802356 0.10071736080898386
0.2768058035296036 0.10157137959761314
0.27898094489556624 0.10236952799820127
0.28101378729366217 0.10311546108286307
0.282913640002163 0.10381259480684606
0.28468920328113584 0.10446412165168997
0.2863486082147552 0.10507302524500205
0.28789945394710986 0.10564209402379837
0.28934884248202064 0.10617393400398184
0.2907034112062364 0.1066709807144337
0.2919693632849427 0.10713551035037
0.29315249606878035 0.10756965019703946
0.2942582276424604 0.10797538837149688
0.2952916216365539 0.10835458292706458
0.2962574104160806 0.10870897036217457
0.2971600167520868 0.10904017357255774
0.2980035740754571 0.10934970928319622
0.2987919454057097 0.10963899499407329
0.2987919454057097 0.1096389949940733
0.2997361062789117 0.10706593543533482
0.3007463584132378 0.10431276170748466
0.3018273281969668 0.10136686581868498
0.3029839658655568 0.09821475721766931
0.30422156817094814 0.09484200101458257
0.3055458026377168 0.09123315187727973
0.3069627335171593 0.08737168330036571
0.3084788495581628 0.08323991192306773
0.3101010937220365 0.07881891654935885
0.3118368949773814 0.07408845149949037
0.3136942023206004 0.06902685389613109
0.31568152117784476 0.06361094446053667
0.31780795235509623 0.05781592136445062
0.3200832337147553 0.05161524665163856
0.3225177847695905 0.04498052470892965
0.3251227543982641 0.03788137223023113
0.32791007190094495 0.03028527907802369
0.3308925016288134 0.022157459405161735
0.33408370143763266 0.01346069235519945
0.3374982852330693 0.0041551516117398005
0.3411518898941865 -0.005801776983762018
0.34506124688158185 -0.01645569058094897
0.3492442588580949 -0.02785537812993901
0.35372008167296387 -0.04005304380735835
0.35819590448783284 -0.05225070948477769
0.3623789164643459 -0.06365039703376774
0.36628827345174125 -0.07430431063095469
0.36994187811285845 -0.08426123922645651
0.373356461908295 -0.09356677996991615
0.3765476617171143 -0.10226354701987844
0.3795300914449828 -0.11039136669274038
0.3823174089476636 -0.11798745984494782
0.38492237857633727 -0.12508661232364635
0.3873569296311724 -0.13172133426635527
0.3896322109908315 -0.13792200897916732
0.3917586421680829 -0.14371703207525335
0.39374596102532733 -0.1491329415108478
0.3956032683685463 -0.15419453911420708
0.3973390696238912 -0.15892500416407557
0.3989613137877649 -0.16334599953778442
0.4004774298287684 -0.16747777091508242
0.4018943607082109 -0.17133923949199645
0.4032185951749796 -0.17494808862929928
0.40445619748037087 -0.17832084483238603
0.4056128351489609 -0.1814729534334017
0.40669380493268986 -0.18441884932220137
0.407704057067016 -0.18717202305005154
0.408648217940218 -0.18974508260879
0.4102085169986035 -0.18917254501772707
0.41187803699107606 -0.18855992979528974
0.4136644233830218 -0.18790443150728178
0.4155758568224036 -0.18720304833911328
0.41762109060254216 -0.18645256834917295
0.41980949074729046 -0.18564955475993683
0.4221510789021711 -0.18479033021945418
0.4246565782278934 -0.18387095996113773
0.42733746250641613 -0.18288723378473914
0.4302060086844356 -0.18183464677599265
0.4332753530949164 -0.18070837867663392
0.43655955161413085 -0.17950327181032005
0.4400736440296903 -0.1782138074633642
0.443833722914339 -0.1768340806121215
0.44785700732091294 -0.17535777288129176
0.45216192163594726 -0.17377812360930395
0.45676817995303376 -0.172087898888277
0.4616968763523165 -0.17027935843677816
0.46697058149954895 -0.1683442201536744
0.47261344600708766 -0.16627362219075337
0.4786513110301541 -0.16405808237042785
0.4851118266048352 -0.1616874547626796
0.492024578269744 -0.1591508832223889
0.49942122255119636 -0.15643675167427792
0.5073356319323503 -0.15353263091779915
0.5158040499701853 -0.15042522170836684
0.5248652572706685 -0.14710029385427428
0.5345607490821855 -0.14354262105039525
0.5449349253205089 -0.1397359111502447
0.5560352938955149 -0.13566273155708358
0.5679126882707711 -0.1313044293924012
0.5806215002522954 -0.12664104607619106
0.5942199290725265 -0.12165122592784618
0.6087702479101735 -0.11631211836911719
0.6243390890664561 -0.11059927328127715
0.6409977491036782 -0.10448652903728832
0.6588225153435061 -0.09794589269622027
0.6778950152201217 -0.09094741181127747
0.6983025900881006 -0.08345903726438865
0.7201386951968379 -0.07544647649921762
0.7435033276631869 -0.06687303648048462
0.7685034844021803 -0.05769945566044031
0.7952536521129032 -0.04788372418299289
0.8238763315633768 -0.03738089150212416
0.8545025985753835 -0.026142860533594627
0.8872727042782307 -0.014118167397268015
0.9223367173802771 -0.0012517457413985383
0.9598552113994668 0.012515325430381802
1.0 0.02724609158418682
