# CURVE 2D, normalized by CHORD
# COLUMN#1 = X-coordinate, COLUMN#2 = Y-coordinate
#-------------------------------------------------------------------------------
0.0 0.0
0.0029319585034788937 -0.0003589550899394858
0.005672106637571307 -0.0006944271366119012
0.008232992744199731 -0.0010079524138758408
0.010626344245721623 -0.0013009666916926068
0.012863121349947689 -0.0015748118111475282
0.01495356724174775 -0.0018307418293296977
0.016907254991093603 -0.0020699287622102302
0.01873313139235141 -0.002293467951818204
0.020439557935583004 -0.0025023830822929467
0.02203434909748169 -0.00269763086778336
0.02352480812729355 -0.0028801054336622506
0.024917760491603692 -0.003050642411119158
0.026219585131145882 -0.0032100227638826224
0.0274362436727741 -0.0033589763645961407
0.028573307730370565 -0.0034981853372255973
0.029635984419713053 -0.003628287180804529
0.03062914020414529 -0.003749877688822222
0.03155732318025018 -0.0038635136776238037
0.03242478390558186 -0.0039697155363168715
0.03323549486383576 -0.004068969609861794
0.03399316865659641 -0.0041617304262589186
0.034701275004970854 -0.004248422778031931
0.03536305663896566 -0.00432944366753942
0.03598154414737203 -0.004405164125023055
0.03655956985616302 -0.00447593090771804
0.037099780798958336 -0.004542068087806812
0.037604650838953965 -0.004603878536487907
0.03807649199782838 -0.00466164531095622
0.03851746504350541 -0.004715632950646232
0.03892958938525964 -0.004766088688674281
0.03931475232147854 -0.004813243584027597
0.03967471768243079 -0.004857313579684902
0.04001113390761981 -0.004898500491514159
0.04032554159471235 -0.004936992932476082
0.040619380554611915 -0.004972967176365729
0.040893996404985346 -0.005006587965047642
0.04115064673243715 -0.005038009262881206
0.04139050685155098 -0.005067374961791079
0.04161467518717139 -0.005094819540211521
0.04182417830457364 -0.005120468678922214
0.04201997561055705 -0.0051444398365957595
0.042202963746990146 -0.005166842787692531
0.04237398069692761 -0.005187780125166149
0.04253380962210282 -0.005207347730281679
0.04268318244936937 -0.005225635211698064
0.04282278322251568 -0.005242726315825525
0.04295325123480195 -0.005258699310337171
0.043075183956564816 -0.005273627342591047
0.043189139771296466 -0.005287578774604014
0.043189139771296466 -0.005287578774604007
0.04381076109464409 -0.00021015272322771894
0.04447589591062604 0.005222693151744895
0.04518759016372674 0.011035838237965667
0.04594910301454448 0.017255903480221824
0.04676392176491947 0.023911373289435933
0.047635777827820705 0.03103272598529505
0.04856866381512502 0.03865257336986422
0.04956685182154064 0.046805810071353315
0.05063491298840536 0.055529773341946614
0.051777738436950604 0.06486441404148147
0.05300056166689402 0.07485247958998378
0.05430898252293347 0.08553970972688121
0.05570899283889569 0.09697504597336148
0.057207003876975256 0.10921085575709535
0.0588098756877204 0.12230317222569062
0.0605249485252177 0.13631195084708755
0.06236007646133981 0.15130134397198228
0.06432366335299047 0.1673399946156196
0.06642470132705668 0.18450135080431157
0.06867281195930751 0.20286400192621196
0.0710782903358159 0.2225120386266454
0.07365215219867989 0.24353543789610915
0.07640618439194435 0.2660304751144354
0.07935299883873734 0.29010016493804447
0.08229981328553032 0.31416985476165354
0.08505384547879478 0.3366648919799798
0.08762770734165877 0.35768829124944357
0.09003318571816717 0.377336327949877
0.09228129635041801 0.39569897907177737
0.09438233432448422 0.41286033526046934
0.09634592121613487 0.4288989859041067
0.09818104915225698 0.4438883790290014
0.09989612198975428 0.45789715765039835
0.10149899380049943 0.4709894741189936
0.10299700483857899 0.4832252839027275
0.10439701515454121 0.49466062014920775
0.10570543601058066 0.5053478502861052
0.10692825924052407 0.5153359158346075
0.10807108468906933 0.5246705565341423
0.10913914585593404 0.5333945198047356
0.11013733386234967 0.5415477565062248
0.11107021984965398 0.549167603890794
0.11194207591255521 0.5562889565866531
0.11275689466293021 0.5629444263958672
0.11351840751374795 0.5691644916381233
0.11423010176684864 0.5749776367243441
0.1148952365828306 0.5804104825993167
0.11551685790617822 0.585487908650693
0.11551685790617827 0.585487908650693
0.11785059267393339 0.5852021931562682
0.12034768887543146 0.5848964775772336
0.12301958181103434 0.5845693619076667
0.12587850725212957 0.5842193481412301
0.1289375574741013 0.5838448334111429
0.13221074121161114 0.5834441026499495
0.13571304781074656 0.5830153207354727
0.1394605158718215 0.5825565240869826
0.14347030669717176 0.582065611673098
0.14776078288029648 0.5815403353902415
0.15235159239623985 0.5809782897675851
0.15726375857829944 0.5803769009513428
0.1625197763931031 0.5797334149179635
0.168143715454943 0.5790448848622476
0.1741613302511117 0.5783081577026317
0.1806001780830122 0.5775198596418425
0.18748974526314577 0.5766763807167982
0.19486158214588867 0.5757738582670008
0.20274944761042357 0.5748081592457175
0.21118946365747582 0.5737748612929444
0.22022028082782186 0.5726692324834772
0.22988325520009212 0.5714862096573473
0.24022263777842123 0.5702203752333883
0.25128577713723343 0.5688659323997521
0.26312333625116247 0.5674166785677616
0.2757895245030666 0.5658659769675315
0.2893423459326039 0.5642067262552855
0.3038438648622088 0.5624313279931821
0.31936049011688616 0.5605316518527316
0.33596327913939095 0.5584989983824494
0.35372826339347097 0.5563240591692475
0.37273679654533665 0.5539968742111216
0.393075927017833 0.5515067863059269
0.41483879662340395 0.5488423922473684
0.438125067101365 0.5459914906047109
0.4630413765127832 0.5429410258470673
0.48970182758300074 0.5396770285563888
0.5182285102281334 0.5361845514553626
0.5487520606584255 0.5324476009572647
0.581412259618838 0.5284490639242999
0.6163586725064794 0.5241706292990276
0.6537513342962556 0.5195927042499862
0.6937614824113163 0.514694324447512
0.7365723408944311 0.5094530580588644
0.782379959471364 0.5038449030230117
0.8313941113486822 0.4978441771346492
0.8838392538574127 0.4914234004341013
0.9399555563417542 0.4845531693645151
1.0 0.4772020221200578
