# CURVE 2D, normalized by CHORD
# COLUMN#1 = X-coordinate, COLUMN#2 = Y-coordinate
#-------------------------------------------------------------------------------
-0.2656667079499314 -0.2788858314827614
-0.2649657385323458 -0.2781499830191888
-0.26465982715680947 -0.2798449863605281
-0.2642157012555292 -0.27736262516316607
-0.26358246470816904 -0.28087128207973855
-0.26341316136933535 -0.27652015225722176
-0.262554443691108 -0.27561870624786133
-0.26242968688812374 -0.2819694184992937
-0.26163561577540473 -0.2746541590178457
-0.2611962146206752 -0.28314442446821764
-0.2606524699056022 -0.27362209348172895
-0.25987639929450534 -0.2844016808549663
-0.25960050382491356 -0.2725177833580841
-0.25847490011857666 -0.27133617152578404
-0.2584641968955036 -0.2857469451887874
-0.2572705041527962 -0.27007184686522295
-0.25695314032857175 -0.2871863780259759
-0.2559818004694111 -0.2687190194784227
-0.2553363098019546 -0.2887265711617677
-0.25460288752818905 -0.2672714941745463
-0.2536063011384743 -0.2903745778170648
-0.25312745068108145 -0.2657226420993986
-0.2517551918685504 -0.2921379449382328
-0.2515487332546763 -0.2640653703789906
-0.24985950560842285 -0.26229208963815404
-0.24977450494973175 -0.29402474775788257
-0.2480520320269316 -0.26039467924545884
-0.24765516994659584 -0.29604362677490775
-0.246118035294736 -0.25836445012527504
-0.2453874814932404 -0.2982038273231247
-0.2440486587912867 -0.2561921049666784
-0.24296105484815012 -0.3005152419097169
-0.24183442593259594 -0.2538676956469799
-0.24036477833790348 -0.3029884555173705
-0.23946519677379682 -0.2513805776749026
-0.2375867624719396 -0.3056347940775599
-0.23693012157388177 -0.24871936144477988
-0.23461428549535823 -0.3084663763369625
-0.23421759110997264 -0.24587186007854853
-0.23143373513041618 -0.3114961693545233
-0.23131518351358993 -0.242825033616681
-0.22820960738546037 -0.23956492930248272
-0.22803054623992816 -0.3147380478833134
-0.22488664092836178 -0.2360766176862906
-0.224389134127106 -0.31820685790911873
-0.22133106681926626 -0.23234412425696502
-0.2204928231663863 -0.32191848463673045
-0.21752660252253406 -0.22835035628758663
-0.2163237704384162 -0.32588992523527505
-0.2134558257250306 -0.22407702456035175
-0.2118628840194882 -0.3301393666757177
-0.20910009455170195 -0.21950455961221046
-0.20708973555123522 -0.3346862690169914
-0.20443946219624023 -0.21461202211769925
-0.20231658708298225 -0.3392331713582651
-0.19945258557589624 -0.20937700699857226
-0.19785570066405425 -0.34348261279870773
-0.19411662759212814 -0.20377554082110638
-0.19368664793608414 -0.3474540533972523
-0.18979033697536443 -0.35116568012486404
-0.18840715254949628 -0.19778197201121792
-0.18614892486254228 -0.3546344901506694
-0.18274573597205426 -0.3578763686794595
-0.18229801425388015 -0.19136885338463722
-0.1795651856071122 -0.3609061616970203
-0.17659270863053084 -0.3637377439564229
-0.17576123627757093 -0.1845068164541959
-0.17381469276456696 -0.36638408251661225
-0.17121841625432033 -0.3688572961242659
-0.16879198960923 -0.37116871071085805
-0.16876688384292007 -0.1771644369386237
-0.16652430115587458 -0.373328911259075
-0.16440496615273867 -0.3753477902761002
-0.16242427923392005 -0.37723459309574997
-0.16128292673784364 -0.1693080908569614
-0.16057316996399612 -0.37899796021691795
-0.15884316130051582 -0.3806459668722151
-0.1572263307738987 -0.38218616000800687
-0.15571527420696682 -0.3836255928451954
-0.15430307180796504 -0.38497085717901647
-0.1532750926354119 -0.16090180054958278
-0.15298325648179517 -0.38622811356576514
-0.1517497842143467 -0.3874031195346891
-0.1505970063943014 -0.38850125595424423
-0.14951964394566092 -0.38952755167345465
-0.148512763152539 -0.39048670655122136
-0.14851276315253892 -0.3904867065512214
-0.14548237846907908 -0.38730553508009136
-0.1447067101458099 -0.15190706992068767
-0.1422398668577769 -0.38390168160598237
-0.13877037943368364 -0.38025955838868564
-0.13553854088193576 -0.14228270814776986
-0.13505802788990362 -0.3763624865461779
-0.1310858117380591 -0.37219261967469475
-0.12683554045558565 -0.36773086212220796
-0.12572859976959042 -0.1319846410507478
-0.12228775018333904 -0.36295678154104705
-0.11742161459203504 -0.3578485153192048
-0.11523196277938091 -0.12096570925693423
-0.1122148495093398 -0.3523826704618336
-0.10664361087085594 -0.3465342164644465
-0.10400056119985673 -0.10917545223755368
-0.10068238552767816 -0.34027637068724226
-0.09430387441047805 -0.33358047570563354
-0.09198296150976587 -0.0965598772268165
-0.08747886751507372 -0.3264158680753124
-0.08017611013699133 -0.3187497379108688
-0.07912412984136864 -0.08306121196532773
-0.07236215974244309 -0.310546978634914
-0.06536517995618361 -0.06861764013553473
-0.06400123282027637 -0.30177002620964255
-0.05505504101355796 -0.29237868711460213
-0.050643103579035634 -0.05316301827765623
-0.045482615780369384 -0.2823299542829085
-0.0352401207808577 -0.27157781015299665
-0.03489048185548729 -0.03662657288972623
-0.024280651131380004 -0.260073015933991
-0.018035176611290567 -0.01893257632464113
-0.01255401860643901 -0.2477628861196548
-6.521804752024352e-06 -0.23459104721831525
0.0 0.0
0.013419299773053117 -0.2204971795938817
0.02778492886130446 -0.20541674123573794
0.043156151985733415 -0.18928067219252398
0.05960336072887251 -0.17201507831628515
0.07720187408403123 -0.15354089286870964
0.09603228337405101 -0.1337735144398038
0.11618082131437235 -0.11262241952087448
0.1377397569105161 -0.08999074795762019
0.16080781799838983 -0.0657748593849381
0.18549064336241483 -0.039863858612168235
0.21190126650192154 -0.012139087785304481
0.24016063326119375 0.017526416999439798
0.270398155693615 0.04926850711911612
0.30275230469630576 0.08323254354716969
0.33737124412918473 0.11957406252518699
0.3744135093223653 0.15845948783166564
0.41404873307906864 0.20006689290959778
0.45645842249874113 0.24458681634298518
0.5018367901777907 0.29222313441670966
0.5503916435943738 0.3431939947555949
0.6023453367501176 0.3977328153182021
0.6579357884267636 0.4560893533201918
0.7174175717207747 0.5185308489823207
0.7810630798453666 0.5853432493407987
0.8491637735386799 0.6568325177243702
0.9220315157905252 0.7333260348947916
1.0 0.8151740982671429
