# CURVE 2D, normalized by CHORD
# COLUMN#1 = X-coordinate, COLUMN#2 = Y-coordinate
#-------------------------------------------------------------------------------
-0.6187570602066703 -0.36953408852019054
-0.6171244515163793 -0.36855906196602833
-0.6157849464918932 -0.3745106695769472
-0.6153775602177679 -0.3675157835530748
-0.6135083865282537 -0.3663994756512145
-0.6126047848170817 -0.3798356113076768
-0.6115083706804735 -0.36520502619622397
-0.6093683537233486 -0.3639269652793841
-0.6092020118250334 -0.38553329895955746
-0.6070785355792251 -0.36255944009836544
-0.6055610447235417 -0.3916298247470698
-0.6046284301650129 -0.36109618815467553
-0.6020068173718058 -0.3595305085749273
-0.6016652099249455 -0.398153107339708
-0.5992016916830742 -0.35785523142459663
-0.5974966666904478 -0.40513301971383087
-0.5962002071961315 -0.35606268487374293
-0.593036325429535 -0.4126015259541423
-0.5929886187951028 -0.3541446600643294
-0.5895522192060021 -0.3520923735182569
-0.5882637602803584 -0.4205928276312756
-0.5858752716456642 -0.34989642691395934
-0.5831571155707396 -0.42914352042580817
-0.5819409377561028 -0.347546764047361
-0.5777312004942721 -0.3450326247801007
-0.5776930057314472 -0.43829276171595805
-0.5732267816241131 -0.3423424957641322
-0.5718464082034045 -0.44808244989641843
-0.5684070534330431 -0.33946405771704596
-0.5655905488483988 -0.458557416249511
-0.5632499442685982 -0.33638412900666365
-0.5588967793385426 -0.4697656302473201
-0.5577318374626421 -0.3330886052865546
-0.5518274631802691 -0.3295623949060379
-0.5517344459629966 -0.48175841922497575
-0.54550978269813 -0.325789349798885
-0.5440707492511623 -0.4945907034310674
-0.5387498645822412 -0.3217521915342314
-0.5358705937694996 -0.5083212475315855
-0.53151675219824 -0.3174324321910521
-0.5270964274041205 -0.5230129297191397
-0.5237773219473589 -0.3128102896938502
-0.5177080693931649 -0.5387330296598228
-0.515496131578916 -0.30786459722184417
-0.5076625263214425 -0.5555535365963538
-0.5066352578846822 -0.3025727062767977
-0.497154123031852 -0.2969103829655981
-0.4969137952346994 -0.5735514790184418
-0.4870093087393237 -0.2908516970226144
-0.48541265297188435 -0.592809277410076
-0.4761543574463184 -0.2843689030636219
-0.4731064307506722 -0.6134151216891247
-0.46453955956280274 -0.27743231352749986
-0.45993877297397523 -0.6354633750677068
-0.45211172582744097 -0.2700101627238493
-0.44584937915290945 -0.6590550061827896
-0.4388139437306039 -0.26206846136394324
-0.4317599853318437 -0.6826466372978723
-0.4245853168869882 -0.25357084090884374
-0.4185923275551467 -0.7046948906764544
-0.40936068616431937 -0.24447838702188726
-0.40628610533393456 -0.7253007349555031
-0.39478496307111943 -0.7445585333471373
-0.3930703312910638 -0.23474946136284383
-0.3840362319843764 -0.7625564757692254
-0.37563965157668033 -0.22433951090766738
-0.3739906889126539 -0.7793769827057563
-0.3646023309016983 -0.7950970826464394
-0.35698882428229 -0.2132008639206286
-0.3558281645363192 -0.8097887648339936
-0.3476280090546565 -0.8235193089345116
-0.33996431234282226 -0.8363515931406034
-0.33703243907729236 -0.20128251164449706
-0.3328019789672762 -0.848344382118259
-0.3261082094574201 -0.8595525961160682
-0.31985235010241436 -0.8700275624691607
-0.3156791069079449 -0.18852987470903632
-0.31400575257437163 -0.8798172506496211
-0.30854164273507934 -0.888966491939771
-0.3034349980254604 -0.8975171847343035
-0.2986624328762838 -0.9055084864114369
-0.29420209161537114 -0.9129769926517483
-0.29283104148674305 -0.17488455318809332
-0.29003354838087325 -0.9199569050258711
-0.28613771358227713 -0.9264801876185094
-0.2824967464807855 -0.9325767134060217
-0.27909397348873716 -0.9382744010579023
-0.2759138118139256 -0.943599342788632
-0.2729416980991486 -0.9485759238453886
-0.27294169809914853 -0.9485759238453886
-0.26958300401353075 -0.9465700445797324
-0.2683836114860571 -0.1602840591606843
-0.2659892013419194 -0.9444237537654802
-0.2621438324832954 -0.9421272225942303
-0.2580292878045678 -0.9396699342409929
-0.25362672499832906 -0.9370406357030289
-0.24891598279565375 -0.9342272862674075
-0.24387548863879127 -0.9312170023712926
-0.24222486138532312 -0.14466153055135667
-0.23848215989094834 -0.9279959986024495
-0.2327112981307562 -0.9245495245697876
-0.22653647604735094 -0.9208617973548393
-0.21992941641810715 -0.9169159292348446
-0.21423499877753777 -0.12794542493937608
-0.21285986261481615 -0.9126938503464501
-0.2052954400452951 -0.9081762259358682
-0.1972015078959073 -0.9033423678165455
-0.18854100049606237 -0.8981701396288703
-0.18428584578720744 -0.11005919193455688
-0.17927425757822846 -0.8926358554680577
-0.1693588426561461 -0.8867141714159883
-0.15874934868951796 -0.880377969480274
-0.152240252087554 -0.09092092261940034
-0.147397190145226 -0.8735982334090597
-0.13525038050283356 -0.8663439158128605
-0.12225329418547348 -0.8585817959849272
-0.11795146682892482 -0.07044297445218282
-0.10834641182589833 -0.8502763277690387
-0.09346604770115285 -0.841389476778038
-0.0812624666021916 -0.048531569913260075
-0.07754405808767517 -0.8318805462176672
-0.06050752920125402 -0.8217059905180704
-0.04227844329278341 -0.8108192159195018
-0.042005236359587035 -0.025086367056612744
-0.022773321370719968 -0.7991703670990336
-0.0019028409141119695 -0.7867060988611324
0.0 0.0
0.020428573174458564 -0.7733693318465782
0.04432318624922893 -0.7590989911410052
0.06989042223923336 -0.7438297265860421
0.09724736474853801 -0.7274916135122316
0.1265192932334941 -0.7100098325232543
0.157840256712397 -0.6913043268650486
0.1913536876348232 -0.6712894358107686
0.22721305872181918 -0.6498735023826889
0.2655825857849048 -0.6269584536146438
0.30663797974240636 -0.6024393514328353
0.3505672512769332 -0.5762039120983004
0.3975715718188769 -0.5481319920103479
0.4478661947987568 -0.5180950375162388
0.5016814413872281 -0.48595549620754197
0.5592637552368924 -0.4515661870072365
0.6208768310560333 -0.4147696261629095
0.686802822182514 -0.37539730605947974
0.7573436326878483 -0.3332689235488099
0.832822299928556 -0.28819155426239307
0.9135844738761134 -0.2399587691259271
1.0 -0.1883496890299083
