# CURVE 2D, normalized by CHORD
# COLUMN#1 = X-coordinate, COLUMN#2 = Y-coordinate
#-------------------------------------------------------------------------------
0.0 0.0
0.01925314502114183 -0.026243773808978584
0.037246738498844405 -0.05077066521923885
0.05406318100137018 -0.07369299364004284
0.06977948240559988 -0.09511573048191573
0.08446761455908557 -0.11513697986684364
0.09819484087075443 -0.13384842789014076
0.11102402433960386 -0.15133576249135305
0.12301391543198649 -0.16767906585697198
0.13421942112580204 -0.18295318115194298
0.14469185635366702 -0.19722805525939247
0.15447917899653152 -0.21056905909813034
0.16362620950388146 -0.22303728698480124
0.1721748361462646 -0.23468983641159644
0.18016420684008064 -0.24558006952075084
0.18763090842308627 -0.2557578574732316
0.19460913420159623 -0.2652698088306903
0.20113084053665226 -0.2741594829965395
0.20722589318623733 -0.2824675896935948
0.2129222040737 -0.2902321753917774
0.21824585910871186 -0.29748879753961155
0.2232212376461061 -0.3042706873974005
0.22787112412965213 -0.310608902217764
0.2322168124320316 -0.31653246747044017
0.23627820336883484 -0.3220685097626609
0.24007389583313693 -0.32724238106380177
0.2436212719679987 -0.33207777480318573
0.24693657676693495 -0.3365968343727035
0.2500349924668753 -0.34082025453113124
0.2529307080742963 -0.3447673761745217
0.255636984342914 -0.3484562749066623
0.2581662145005006 -0.35190384381520495
0.260529981002918 -0.3551258708325345
0.2627391085752707 -0.3581371110356462
0.26480371378307704 -0.3609513542161245
0.2667332513604661 -0.36358148802965556
0.26853655750755867 -0.36603955701426405
0.27022189035530875 -0.368336817747543
0.2717969677831125 -0.3704837903954673
0.27326900276236843 -0.3724903068888545
0.2746447363878412 -0.3743655559480948
0.2759304687480962 -0.3761181251623381
0.2771320877763718 -0.37775604031583654
0.2782550962140126 -0.379286802141536
0.27930463680993856 -0.38071742067022707
0.28028551587155165 -0.38205444733255517
0.2812022252749284 -0.3833040049608992
0.2820589630350935 -0.3844718158285105
0.28285965253057493 -0.3855632278543154
0.2836079604702772 -0.3865832390933854
0.2846753608000838 -0.3858001652300391
0.2858174791529769 -0.38496227619625867
0.28703954579057245 -0.3840657349301136
0.28834715709279973 -0.38310643577533837
0.28974630118618294 -0.38207998567972884
0.29124338536610295 -0.38098168407742666
0.2928452654386174 -0.37980650136296334
0.2945592771162078 -0.3785490558584875
0.2963932696112296 -0.3772035891686985
0.29835564158090283 -0.37576393981062417
0.30045537958845325 -0.3742235149974847
0.3027020992565322 -0.3725752604474254
0.3051060893013766 -0.370811628078862
0.3076783586493602 -0.3689245414444991
0.3104306868517026 -0.3669053587457308
0.31337567802820904 -0.3647448332580488
0.3165268185870709 -0.362433070986229
0.31989853898505305 -0.3599594853553818
0.32350627981089397 -0.35731274873037533
0.32736656249454377 -0.35448074054161843
0.331497064966049 -0.35145049177964854
0.33591670261055967 -0.3482081256043407
0.3406457148901861 -0.34473879379676137
0.3457057580293863 -0.34102660876265145
0.3507658011685865 -0.33731442372854153
0.35549481344821293 -0.3338450919209622
0.3599144510927236 -0.33060272574565436
0.36404495356422883 -0.32757247698368447
0.36790523624787863 -0.3247404687949275
0.37151297707371955 -0.32209373216992104
0.3748846974717017 -0.3196201465390739
0.37803583803056356 -0.3173083842672541
0.38098082920707 -0.315147858779572
0.3837331574094124 -0.31312867608080375
0.386305426757396 -0.3112415894464409
0.3887094168022404 -0.30947795707787745
0.39095613647031935 -0.3078297025278182
0.39305587447786977 -0.3062892777146787
0.395018246447543 -0.3048496283566044
0.39685223894256483 -0.3035041616668153
0.3985662506201552 -0.30224671616233956
0.40016813069266965 -0.3010715334478762
0.40166521487258966 -0.299973231845574
0.40306435896597287 -0.2989467817499645
0.40437197026820015 -0.29798748259518926
0.4055940369057957 -0.2970909413290441
0.4067361552586888 -0.29625305229526366
0.40780355558849535 -0.29546997843191747
0.4078035555884954 -0.29546997843191747
0.4093660833133228 -0.29759984470236844
0.41103798797888824 -0.29987880161175096
0.4128269259710432 -0.3023172855047902
0.4147410896226491 -0.30492646327034223
0.41678924472986734 -0.30771828347948293
0.41898077069459094 -0.3107055311032635
0.42132570347684506 -0.3139018860607087
0.423834781553857 -0.3173219858651749
0.42651949509625986 -0.320981492655954
0.42939213858663083 -0.3248971649220874
0.43246586712132773 -0.3290869342468502
0.43575475665345353 -0.3335699874243465
0.4392738684528281 -0.3383668543242675
0.4430393180781589 -0.3434995019071829
0.4470683491772628 -0.34899143482090245
0.45137941245330404 -0.35486780303858234
0.45599225015866807 -0.36115551703149973
0.4609279865034076 -0.36788337100392154
0.46620922439227896 -0.37508217475441274
0.47186014893337136 -0.38278489476743827
0.47790663819234014 -0.3910268051813758
0.48437638169943675 -0.3998456493242887
0.49129900725203013 -0.40928181255720564
0.49870621659330505 -0.4193785072164268
0.5066319305884692 -0.4301819705017934
0.5151124445632949 -0.44174167621713567
0.5241865945163584 -0.4541105613325518
0.5338959349661363 -0.4673452684060472
0.5442849292473986 -0.4815064049746872
0.5554011531283494 -0.4966588211031321
0.5672955126809666 -0.512871906360568
0.5800224774022671 -0.5302199075860244
0.5936403296540586 -0.548782268897263
0.6082114315634755 -0.5686439955002881
0.6238025106065516 -0.589896042965525
0.640484965182643 -0.6126357337533284
0.6583351915790607 -0.6369672028962781
0.6774349338232278 -0.6630018748792342
0.6978716580244866 -0.6908589739009974
0.7197389529198335 -0.7206660698542839
0.7431369584578547 -0.7525596625243005
0.7681728243835373 -0.7866858066812183
0.7949612009240178 -0.8232007809291204
0.8236247638223319 -0.8622718033743755
0.8542947761235279 -0.9040777973907985
0.8871116892858076 -0.9488102109883711
0.922225786369447 -0.9966738935377739
0.9597978702489411 -1.047888033865635
1.0 -1.1026871640164462
