# CURVE 2D, normalized by CHORD
# COLUMN#1 = X-coordinate, COLUMN#2 = Y-coordinate
#-------------------------------------------------------------------------------
0.0 0.0
0.03709818104014173 -0.01447737150241495
0.07176937827391892 -0.028007625242989616
0.10417236634286957 -0.04065272219679772
0.1344555327624496 -0.05247056981717912
0.1627575574536459 -0.06351528721940472
0.1892080478192499 -0.07383745301587726
0.21392813227308544 -0.08348433693781421
0.23703101494022144 -0.09250011630411041
0.25862249406838594 -0.10092607832868632
0.2788014465246144 -0.10880080919277593
0.29766028059585603 -0.1161603707479999
0.3120956135186061 -0.8138513215417859
0.31209561351860615 -0.8138513215417859
0.3139106694616991 -0.8145596376491817
0.31410997933479873 -0.8086895207468197
0.3152853591671098 -0.12303846565942414
0.3158527793208086 -0.8153175358840954
0.31626535075812484 -0.8031663938962058
0.31793083687005574 -0.816128486995453
0.31857159818108377 -0.797256648166049
0.3201543584477502 -0.8169962046846058
0.3210392829236498 -0.7909332202347812
0.3225335265358832 -0.817924662611999
0.32367970559819553 -0.7841671523483246
0.32507923639018554 -0.8189181125943099
0.3265049578599594 -0.7769274597098161
0.32780314593428905 -0.8199811040753825
0.3295279777800467 -0.769180988586612
0.3307177291464798 -0.8211185049601302
0.3317573952150106 -0.12946659174486735
0.33276260909454025 -0.7608922644847835
0.3338363331835239 -0.8223355239068102
0.33622366460104824 -0.7520233296958272
0.33717323950316114 -0.8236377341797578
0.3399269939930118 -0.742533569471644
0.34074372926517293 -0.8250310991718118
0.3438895564424128 -0.7323795260317677
0.3445641533105256 -0.8265219997133095
0.34715182142800194 -0.1354741862172442
0.34812949826327194 -0.7215146995511001
0.34865200703905286 -0.8281172632927123
0.3526662360115912 -0.709889335216786
0.35302601052857707 -0.829824195322673
0.3575205454022927 -0.6974501953790698
0.35770619426236805 -0.8316506125947309
0.36153913564575085 -0.14108876049049357
0.3627139908575243 -0.8336048790758331
0.36271465645034345 -0.6841403157527134
0.3680723332143415 -0.8356959442106123
0.3682723552717577 -0.6698987445525122
0.37380575953613604 -0.8379333839048262
0.3742190930106709 -0.6546602633682967
0.3749852236997218 -0.14633602616642757
0.379940525700456 -0.840327444377635
0.38058210239130813 -0.6383550885011863
0.38650472549627846 -0.8428890890835403
0.3873905224285899 -0.6209085513933781
0.3875516611333396 -0.15124001277945
0.39352841927780846 -0.8456300489188591
0.39467553186848137 -0.6022407566880232
0.3992959951834496 -0.15582317783834948
0.4010437716240456 -0.84856287594265
0.4024704919691653 -0.5822662163532937
0.4090851986345193 -0.8517010008581065
0.4102720083143936 -0.16010650966909667
0.4108110992768971 -0.5608934581951329
0.41768952553572625 -0.8550587945176449
0.41973554909617006 -0.538024606965901
0.42052996451153746 -0.16410962352960803
0.42689615532001757 -0.858651633733351
0.42928471040279215 -0.5135549361506229
0.4301168394621392 -0.167850851436628
0.4367472491892094 -0.8624959716941565
0.43883387170941424 -0.4890852653353447
0.43907653567765487 -0.17134732611608594
0.4472879196292445 -0.8666094133122183
0.4474500835426228 -0.1746150594613737
0.4477583215286872 -0.46621641410611275
0.45527582921081705 -0.17766901585883893
0.456098928836419 -0.44484365594795205
0.45856643700008215 -0.8710107958435445
0.46258961020912953 -0.18052318071628304
0.4638938889371029 -0.4248691156132225
0.4694249195533467 -0.18319062450828688
0.47063445058687847 -0.8757202751520635
0.4711788983769944 -0.4062013209078677
0.47581305912738153 -0.185683562631655
0.47798731841427616 -0.38875478380005946
0.4817832830283486 -0.1880134113450831
0.48354722512475046 -0.8807594180121789
0.4843503277949133 -0.372449608932949
0.48736293153392535 -0.19019084004922154
0.49029706553382657 -0.3572111277487336
0.4925775563054924 -0.19222582014654715
0.4958547643552408 -0.34296955654853234
0.4973638938802736 -0.8861513008725024
0.49745103740041485 -0.19412767070479542
0.5010488754032915 -0.3296596769221759
0.5020056926293144 -0.19590510113306484
0.5059031847939931 -0.31722053708445974
0.5062623797591269 -0.19756625106602688
0.5102405920299798 -0.1991187276388886
0.5104399225423123 -0.3055951727501455
0.5121477294486831 -0.8919206155330485
0.5139585474233004 -0.20056964032380611
0.5146798643631714 -0.294730346269478
0.5174332720899549 -0.2019256334872804
0.5186424268125724 -0.28457630282960183
0.5206806783204734 -0.20319291681763024
0.522345756204536 -0.27508654260541854
0.5237156374144157 -0.2043772937618824
0.525806811711044 -0.26621760781646214
0.5265520477825862 -0.205484188102305
0.5279664335068817 -0.8980937822198328
0.5290414430255375 -0.25792888371463374
0.5292028985939604 -0.2065186687942887
0.5316803292587963 -0.20748547317932023
0.5320644629456248 -0.25018241259142965
0.5339956850203249 -0.2083890286793497
0.5348897152073887 -0.24294271995292116
0.5361595689096041 -0.20923347307190057
0.5375301378819344 -0.2361766520664646
0.5381818903014539 -0.21002267343877057
0.5399978226245005 -0.22985322413519677
0.5400719102938368 -0.21076024387509767
0.5418382841184938 -0.21144956203988938
0.5423040700474594 -0.22394347840503992
0.5434891007770517 -0.21209378462380682
0.5444594414707855 -0.21842035155442607
0.5448924468491538 -0.904699070574692
0.5450319200841152 -0.2126958618050381
0.5464738072869781 -0.21325855075945988
0.5464738072869781 -0.21325855075945985
0.5630032811253851 -0.9117667291143914
0.5823818738009525 -0.9193291237518697
0.6031169679638098 -0.9274208860139714
0.6253035187180669 -0.9360790716344204
0.6490431280251222 -0.9453433302483008
0.6744445099836713 -0.9552560869651527
0.7016239886793187 -0.9658627366521844
0.7307060308836617 -0.9772118518173082
0.7618238160423085 -0.9893554050439908
0.7951198461620607 -1.002349006996541
0.8307465983901955 -1.0162521610857698
0.8688672232742997 -1.0311285359612445
0.9096562919002912 -1.0470462570780026
0.9533005953301021 -1.0640782186729338
1.0 -1.0823024175795102
