# CURVE 2D, normalized by CHORD
# COLUMN#1 = X-coordinate, COLUMN#2 = Y-coordinate
#-------------------------------------------------------------------------------
-0.7008841986030799 -0.530303256631496
-0.6990348950441923 -0.5289040359018335
-0.6987514381978616 -0.5331220552127436
-0.6970561402361825 -0.5274068697210946
-0.696469384564278 -0.5361381696946785
-0.694938872591612 -0.525804901907704
-0.6940275871763435 -0.5393654121903488
-0.6926733962119216 -0.524090796347376
-0.6914148639712536 -0.5428185616607162
-0.6902493364856529 -0.522256703397825
-0.6886192501418075 -0.5465134315940091
-0.6876555925785452 -0.5202942239418056
-0.6856279433443001 -0.5504669424226326
-0.6848802865979402 -0.5181943709238647
-0.6824272450709672 -0.5546971990092597
-0.6819107091986929 -0.515947528194668
-0.679002497918501 -0.5592235735569507
-0.678733261381498 -0.5135434064744275
-0.6753380184653621 -0.5640667943229801
-0.6753333922170998 -0.5109709962337702
-0.6716955322111935 -0.5082185172762669
-0.6714170254505035 -0.5692490405426316
-0.6678030220048737 -0.5052733647917382
-0.6672215629246048 -0.5747940439976587
-0.6636380360841116 -0.5021220516332927
-0.6627324180218932 -0.5807271976945376
-0.6591815011488963 -0.498750146553756
-0.6579290329759918 -0.5870756721501982
-0.6544130087682157 -0.4951422081186516
-0.6527894109768774 -0.5938685398177549
-0.6493107219208876 -0.49128171399309
-0.6472900154378248 -0.6011369082220406
-0.6438512749942465 -0.48715098527873907
-0.6414056622110387 -0.6089140624146263
-0.6380096667827405 -0.4827311055543836
-0.6351094042583774 -0.617235617400693
-0.6317591459964291 -0.4780018342493232
-0.6283724082490298 -0.6261396812357843
-0.625071088755076 -0.47294151395290857
-0.621163822519028 -0.6356670295393321
-0.617914867506828 -0.4675269712357449
-0.613450635787926 -0.6458612922241282
-0.6102577107712027 -0.46173341052837985
-0.6051975259856469 -0.65676915329686
-0.6020645530640837 -0.45553430057149913
-0.5963666984972084 -0.6684405646446832
-0.5932978743174663 -0.4489012529176369
-0.586917713084579 -0.6809289747868538
-0.5839175280585857 -0.4418038919280042
-0.5768072986930656 -0.6942915736389764
-0.5738805575615834 -0.4342097156690972
-0.5666968843015522 -0.7076541724910991
-0.5631409991297911 -0.4260839470720668
-0.5572478988889228 -0.7201425826332697
-0.5516496716077732 -0.4173893746732442
-0.5484170714004841 -0.7318139939810928
-0.540163961598205 -0.7427218550538246
-0.539353951159214 -0.40808618220650406
-0.5324507748671031 -0.7529161177386208
-0.5261975302792558 -0.3981317662670921
-0.5252421891371013 -0.7624434660421685
-0.5185051931277538 -0.7713475298772599
-0.5122089351750925 -0.7796690848633265
-0.5121201599377004 -0.3874805412119213
-0.5063245819483063 -0.7874462390559123
-0.5008251864092538 -0.794714607460198
-0.49705737367223624 -0.37608373040288856
-0.4956855644101393 -0.8015074751277547
-0.4908821793642379 -0.8078559495834152
-0.48639303446152626 -0.8137891032802942
-0.4821975719356276 -0.8193341067353213
-0.4809401923681895 -0.3638891428372235
-0.478276578920769 -0.8245163529549727
-0.47461209946763017 -0.8293595737210021
-0.47118735231516395 -0.8338859482686931
-0.46798665404183104 -0.8381162048553202
-0.4649953472443236 -0.8420697156839437
-0.46369480837285953 -0.3508409341419619
-0.4621997334148774 -0.8457645856172367
-0.45958701020978754 -0.849217735087604
-0.4571452128218531 -0.8524449775832743
-0.4548631591882695 -0.8554610920652093
-0.45273039878305116 -0.8582798906464568
-0.4527303987830511 -0.8582798906464568
-0.4488973269262049 -0.8553797104274714
-0.44524224749785646 -0.336879350838032
-0.4447959400393793 -0.8522765175931568
-0.4404074560704758 -0.8489561012604403
-0.4357117782237492 -0.8454032557844338
-0.43068740292775165 -0.8416017111251066
-0.4254980073616032 -0.32194045670282695
-0.4253113213610342 -0.8375340583396265
-0.41955891408464674 -0.833181669859163
-0.41340383829891225 -0.8285246141850668
-0.4068179072081761 -0.823541564613784
-0.4043716704158122 -0.3059558399781577
-0.39977096094108866 -0.8182097015725116
-0.3922307284353048 -0.8125046081183498
-0.3841626796541162 -0.806400158122397
-0.38176648988381584 -0.28885230008276147
-0.37552986745824435 -0.7998683966267273
-0.3662927584086617 -0.7928794118263607
-0.3575789467145797 -0.2705515123946875
-0.356409051725608 -0.7854011980899684
-0.3458334855747407 -0.7773995093920287
-0.33451762979331257 -0.7688377024852333
-0.331698275523497 -0.25096966956844835
-0.3224096641071845 -0.7596765690949621
-0.3094541408230276 -0.7498741563673721
-0.3040059573490385 -0.23001709774437248
-0.2955917309089797 -0.7393855747488507
-0.2807589523009484 -0.7281627924170327
-0.27437517690236796 -0.2075978458926113
-0.26488787919035484 -0.7161544153219875
-0.24790583096201968 -0.7033054518302891
-0.24267024182443045 -0.18360924641122683
-0.22973503935770112 -0.689557060894172
-0.21029229234108038 -0.6748462825925265
-0.20874596129103734 -0.15794144496614546
-0.18948855303329593 -0.6591057498097659
-0.1724469811203067 -0.1304768974199084
-0.1672285519739669 -0.6422633797322121
-0.1434103508404847 -0.6242420437492295
-0.13360707233762492 -0.10108983154543472
-0.11792487562765852 -0.604959214247438
-0.0920483699401554 -0.0696456710597479
-0.09065541714993475 -0.5843265866805213
-0.06147709657877032 -0.5622496751839203
-0.047580558374863025 -0.036000419340062983
-0.03025629356762427 -0.5386273798825573
0.0 0.0
0.0031499656543019228 -0.5133515239100988
0.03889466302176303 -0.4863063580195681
0.07714148920494635 -0.4573680305167005
0.11806559322095245 -0.4264040200886321
0.161854384518079 -0.39327252893059883
0.20870839120600437 -0.3578218333915034
0.2588421783620848 -0.31988958916467103
0.31248533061909056 -0.27930208784196053
0.36988350353408683 -0.23587346142666032
0.4312995485531329 -0.18940483116228907
0.49701471672351216 -0.13968339677941177
0.5673299466658179 -0.08648146198973311
0.6425672427040852 -0.029555391764777006
0.723071149465031 0.03135550337592613
0.8092103296992432 0.09653016117647845
0.9013792525498502 0.16626704502306944
1.0 0.24088551073892206
