# CURVE 2D, normalized by CHORD
# COLUMN#1 = X-coordinate, COLUMN#2 = Y-coordinate
#-------------------------------------------------------------------------------
-1.26232308800195 0.846364128931739
-1.2623230880019498 0.846364128931739
-1.257862985066362 0.8362677182365044
-1.256353882038491 0.8490010336540594
-1.253090674925283 0.8254645587926035
-1.24996683165759 0.8518225217069425
-1.2479843030743285 0.8139051781876294
-1.2431326877500255 0.8548415139235273
-1.2425204851938074 0.8015366409403071
-1.2366742000616495 0.7883023060856722
-1.2358201537689317 0.858071835595273
-1.2304186749702408 0.7741415677912129
-1.2279957424091617 0.861528279784041
-1.2237252631224333 0.7589895778161417
-1.2196236222542072 0.8652266750660227
-1.2165633124452795 0.7427769485428153
-1.210665453688406 0.8691839580177431
-1.2089000252207247 0.7254294352203561
-1.2010802133229994 0.8734182507760839
-1.2007003078904512 0.7068675959653246
-1.1919266103470585 0.6870064279624409
-1.1908240061320137 0.8779489440275086
-1.1825387539756282 0.6657549781993555
-1.1798498644376592 0.882796785806533
-1.1724937476581978 0.6430159269528541
-1.1681075328247 0.8879839765100891
-1.1617455908985475 0.6186851421190975
-1.1555432379988333 0.8935342705628943
-1.1502450631657215 0.5926512023469781
-1.142099442535156 0.8994730851993956
-1.1379394984915978 0.5647948867908101
-1.1277145813890215 0.9058276168604521
-1.1247725442902854 0.5349886291457105
-1.1123227799626574 0.9126269657377826
-1.110683903294881 0.5030959334654539
-1.0958535524364477 0.9199022690365262
-1.0956090574297983 0.4689707490875794
-1.07947897235416 0.43245680180325363
-1.0782314789834038 0.9276868435661818
-1.0622197813232268 0.393386878209025
-1.0593758603886467 0.9360163383129133
-1.0437524469201285 0.35158205996320047
-1.039200348492256 0.9449288976919161
-1.0239923991088131 0.3068509044401681
-1.0176125507631189 0.954465336227449
-1.0028491479507058 0.25898856803052356
-0.9945136071929415 0.9646693254604692
-0.9817058967925985 0.211126231620879
-0.9697977375728519 0.9755875939398009
-0.9619458489812831 0.16639507609784668
-0.9434785145781847 0.1245902578520221
-0.9433517570793559 0.9872701412126859
-0.9262193235472516 0.08552033425779351
-0.9150545579513154 0.9997704667946726
-0.9100892384716132 0.049006386973467736
-0.8950143926065305 0.014881202595593196
-0.8847765548843121 1.0131458151673987
-0.8809257516111262 -0.01701149308466343
-0.8677587974098138 -0.046817750729763075
-0.85545323273569 -0.07467406628593093
-0.8523790916026182 1.0274574379262154
-0.8439527050028639 -0.10070800605805041
-0.8332045482432135 -0.12503879089180697
-0.8231595419257832 -0.1477778421383084
-0.8177138058912061 1.0427708742781492
-0.813771685554353 -0.16902929190139382
-0.8049979880109603 -0.18889045990427744
-0.7967982706806866 -0.2074522991593089
-0.789134983456132 -0.2247998124817681
-0.781973032778978 -0.24101244175509456
-0.7806219501799949 1.0591562511747183
-0.7752796209311706 -0.25616443173016584
-0.7690240958397618 -0.27032517002462514
-0.763177810707604 -0.28355950487926
-0.7577139928270827 -0.29592804212658225
-0.7526076209761283 -0.3074874227315563
-0.7478353108350493 -0.3182905821754573
-0.7433752078994615 -0.3283869928706919
-0.7433752078994615 -0.32838699287069184
-0.7414137905636202 -0.3275205341378248
-0.740933664568999 1.0766886044540476
-0.7393150740142701 -0.326593423293657
-0.7370694473064654 -0.3256014146903975
-0.7346666267291143 -0.32453996548490976
-0.7320956087113486 -0.32340421483503795
-0.7293446194323394 -0.3221889616396751
-0.7264010609037996 -0.32088864072063683
-0.723251453278262 -0.3194972973372659
-0.7198813731189367 -0.318008559917059
-0.7162753873484586 -0.31641561087743764
-0.7124169825740472 -0.3147111554050428
-0.7082884894654269 -0.3128873880495803
-0.7038710018392031 -0.3109359569792354
-0.6991442900791438 -0.30884792573396636
-0.6984671989652336 1.0954482224629296
-0.6940867084958802 -0.30661373230152844
-0.6886750962017881 -0.30422314532881994
-0.6828846710471098 -0.30166521726802187
-0.6766889161316039 -0.2989282342429679
-0.6700594583720125 -0.2959996624061601
-0.6629659385692498 -0.29286609054077584
-0.6553758723802936 -0.28951316864481463
-0.6530280807692044 1.1155210137324336
-0.6472545015581106 -0.28592554221613614
-0.6385646347783748 -0.2820867819374501
-0.6292664773240574 -0.27797930843925617
-0.6193174488479378 -0.2735843117961886
-0.6086719883784898 -0.26888166538810626
-0.6044082242994531 1.1369989003908028
-0.5972813456761805 -0.2638498337314582
-0.5850933579847095 -0.2584657738588448
-0.5720522111548355 -0.2527048297951484
-0.5580981840468704 -0.24654061964699328
-0.5523849778768193 1.1599802391152578
-0.5431673750413477 -0.2399449147884673
-0.5271914094054385 -0.2328875105898445
-0.5100971261750156 -0.2253360880973181
-0.496720104204601 1.1845702715504247
-0.491806243118463 -0.21725606603031486
-0.4722349982479518 -0.2086104424186214
-0.45129376623650486 -0.19935962515410938
-0.43715868937532765 1.2108816062560532
-0.42888664798425663 -0.18946125068108155
-0.404911031454351 -0.17886998999494175
-0.3792571217673519 -0.16753734106077214
-0.373427975508005 1.2390347343910757
-0.3518074384022629 -0.1554114067012107
-0.3224362772016177 -0.14243665693647992
-0.30523611166997 1.26915858149555
-0.2910091347169273 -0.12855367468821802
-0.2573820922583086 -0.11369888368257774
-0.23227081736327237 1.301391097897337
-0.22140115682758657 -0.09780425730654269
-0.18290155591671403 -0.08079700708418516
-0.1541979524551058 1.3358798904472495
-0.14170698294208037 -0.06259924934626261
-0.09762878985922238 -0.043127648566685474
-0.07065998700336773 1.3727828984756558
-0.050465123260564314 -0.022293035732537943
0.0 0.0
0.01872563602999211 1.4122691170660506
0.11436825267568718 1.4545193709577728
0.2167058524865808 1.4997271426219159
0.32620708428423706 1.548099458302549
0.44337340230772915 1.599857836080826
0.5687413625928657 1.6552393003035828
0.7028850800979619 1.7144974670219324
0.8464188578284149 1.7779037054105664
1.0 1.8457483804864052
