# CURVE 2D, normalized by CHORD
# COLUMN#1 = X-coordinate, COLUMN#2 = Y-coordinate
#-------------------------------------------------------------------------------
0.0 0.0
0.022691346606342734 -0.019580602578799945
0.04389821259357885 -0.03788023115711758
0.06371771351622943 -0.05498268777236771
0.08224061157478137 -0.07096629208568558
0.09955173125567103 -0.08590424004205742
0.11573034777986697 -0.099864939066704
0.13085055013892863 -0.11291232133272885
0.14498158038104228 -0.12510613653462124
0.15818815070077472 -0.13650222550835242
0.17053073978463676 -0.14715277595109186
0.18206586976955458 -0.157106561411596
0.19284636508256187 -0.16640916464571204
0.20292159434705467 -0.17510318635983912
0.2123376964634031 -0.1832284402982757
0.2211377918992427 -0.19082213556784258
0.22936218015703677 -0.1979190470347275
0.23704852432319945 -0.20455167457387233
0.24423202354391224 -0.21075039190017586
0.2509455742174756 -0.21654358566307638
0.25721992064136656 -0.2219577854414881
0.26308379580388147 -0.2270177852343962
0.2685640529651104 -0.23174675700346922
0.2736857886298103 -0.2361663567876496
0.27847245747532423 -0.24029682387566867
0.2829459797608513 -0.24415707349063975
0.28712684170994196 -0.24776478341117344
0.29103418932591457 -0.25113647492569097
0.2946859160698142 -0.2542875884906606
0.2980987448024307 -0.2572325544392303
0.30128830436562365 -0.2599848590640618
0.30426920115365447 -0.2625571063769885
0.30705508600228143 -0.26496107582832185
0.30965871670193273 -0.26720777625012865
0.3120920164212331 -0.26930749627050893
0.31436612830842964 -0.2712698514297428
0.3164914665207628 -0.2731038282140735
0.3184777639154668 -0.27481782520877507
0.3203341166207976 -0.2764196915589635
0.3220690256912002 -0.2779167629142798
0.32369043603737085 -0.279315895022052
0.32520577280949303 -0.2806234951227737
0.32662197540026133 -0.2818455512916725
0.3279455292234093 -0.28298765986073676
0.3291824954132672 -0.28405505104677814
0.33033853858135875 -0.28505261290289163
0.3314189527571452 -0.28598491370299767
0.332428685631712 -0.28685622286197526
0.3333723612154193 -0.28767053048718794
0.3342543010132766 -0.28843156565093814
0.3354708664226187 -0.2870217261293211
0.3367725914106148 -0.2855131978411908
0.3381654371477706 -0.2838990725728914
0.3396557820865273 -0.282171958535811
0.341250451170997 -0.280323946516135
0.3429567470913796 -0.27834657365508175
0.3447824837261889 -0.2762307846937547
0.3467360219254349 -0.2739668905051348
0.3488263077986281 -0.27154452372331145
0.35106291368294484 -0.2689525912667605
0.3534560819791638 -0.26617922353825096
0.356016772056118 -0.2632117200687458
0.358756710438459 -0.26003649135637524
0.36168844450756393 -0.25663899663413875
0.3648253999615062 -0.2530036772813457
0.3681819422972244 -0.24911388557385716
0.37177344259644285 -0.24495180844684442
0.37561634791660664 -0.24049838592094075
0.3797282566091819 -0.23573322381822387
0.3841279989102374 -0.23063450036831679
0.3888357231723668 -0.2251788662769162
0.39387298813284527 -0.21934133779911758
0.3992628616405572 -0.21309518232787303
0.40503002629380896 -0.2064117959736414
0.41079719094706074 -0.19972840961940974
0.41618706445477266 -0.19348225414816522
0.4212243294152511 -0.1876447256703666
0.4259320536773805 -0.182189091578966
0.430331795978436 -0.17709036812905893
0.4344437046710113 -0.17232520602634202
0.4382866099911751 -0.16787178350043838
0.44187811029039353 -0.16370970637342563
0.4452346526261117 -0.15981991466593706
0.448371608080054 -0.15618459531314402
0.4513033421491589 -0.15278710059090753
0.45404328053149995 -0.14961187187853697
0.45660397060845415 -0.1466443684090318
0.4589971389046731 -0.14387100068052228
0.4612337447889898 -0.14127906822397132
0.46332403066218303 -0.138856701442148
0.465277568861429 -0.13659280725352807
0.46710330549623835 -0.13447701829220104
0.4688096014166209 -0.13249964543114776
0.4704042705010906 -0.13065163341147176
0.47189461543984734 -0.12892451937439142
0.47328746117700315 -0.12731039410609202
0.47458918616499923 -0.1258018658179617
0.47580575157434135 -0.12439202629634466
0.47580575157434135 -0.12439202629634465
0.4771888535062926 -0.12558551955724867
0.4786687725734804 -0.126862557346416
0.4802522859753713 -0.12822898778082498
0.48194664531539466 -0.12969106834564265
0.4837596098092196 -0.13125549454999758
0.48569948181761236 -0.13292943058865725
0.48777514486659257 -0.13472054215002316
0.4899961043290013 -0.13663703152068468
0.49237253095377875 -0.13868767514729252
0.4949153074422906 -0.14088186382776285
0.49763607828499834 -0.14322964571586616
0.5005473030866956 -0.14574177233613667
0.5036623136245115 -0.14842974781982615
0.5069953748999747 -0.15130588158737385
0.5105617504647202 -0.1543833447186499
0.514377772318998 -0.15767623026911531
0.5184609157030752 -0.16119961780811326
0.5228298791240378 -0.16496964247484108
0.5275046699844677 -0.16900356886823986
0.5325066962051277 -0.17331987010917654
0.5378588642612341 -0.17793831243697877
0.5435856840812677 -0.18288004572772715
0.5497133812887038 -0.18816770034882796
0.5562700173006605 -0.19382549079340583
0.563285617833454 -0.19987932656910412
0.5707923104035431 -0.20635693084910134
0.5788244714535384 -0.21328796742869832
0.5874188837770336 -0.22070417656886704
0.5966149049631732 -0.22863952034884766
0.6064546476323426 -0.23713033819342688
0.6169831722883539 -0.24621551328712665
0.628248693670286 -0.2559366506373854
0.6403028015489534 -0.26633826760216234
0.6532006969791275 -0.27746799775447356
0.6670014450894137 -0.2893768090174466
0.68176824556742 -0.30211923706882776
0.6975687220788866 -0.3157536350838056
0.714475231946156 -0.3303424409598319
0.7325651975041344 -0.34595246324718
0.7519214606511712 -0.3626551870946425
0.7726326622185005 -0.3805271016114274
0.7947936478955429 -0.3996500501443872
0.8185059025699781 -0.42011160507465417
0.843878015071624 -0.4420054688500399
0.871026175448385 -0.4654319030897026
0.9000747070515193 -0.4904981877261417
0.931156635866873 -0.5173191122871315
0.9644142996993015 -0.5460175015673906
1.0 -0.576724778097268
