# CURVE 2D, normalized by CHORD
# COLUMN#1 = X-coordinate, COLUMN#2 = Y-coordinate
#-------------------------------------------------------------------------------
-0.9866612826849753 0.8046950876876652
-0.9866612826849752 0.8046950876876652
-0.9863827131205138 0.7974632157280561
-0.98608464368654 0.7897251127312743
-0.9857657093921881 0.7814453425247179
-0.9854244496972315 0.7725859884037023
-0.985059301823628 0.7631064794942158
-0.9846685935988722 0.7529634049610652
-0.9842505357983835 0.7421103152105941
-0.9838032139518605 0.73049750917759
-0.983324579576081 0.7180718067222757
-0.982812440793997 0.7047763050950893
-0.982264452297167 0.6905501183539997
-0.9816781046055589 0.675328098541034
-0.9814194184972875 0.8048970027425619
-0.9810507125755383 0.6590405373411607
-0.9803794031034162 0.6416128468572964
-0.9796611019682456 0.6229652180395613
-0.978892519753613 0.6030122552045849
-0.9780701367839562 0.5816625849711602
-0.9771901870064233 0.5588184378213956
-0.9762486407444633 0.5343752003711476
-0.9758106238164619 0.8051130518513013
-0.9752411862441659 0.5082209362993823
-0.9741632099288478 0.48023587374259336
-0.9730097752714574 0.45029185680682915
-0.9717756001880495 0.41825175868556147
-0.9704550328488033 0.3839688536958051
-0.9698092135079783 0.8053442243976525
-0.9691344655095571 0.3496859487060487
-0.9679002904261492 0.317645850584781
-0.9667468557687589 0.28770183364901686
-0.9656688794534407 0.2597167710922279
-0.9646614249531433 0.23356250702046255
-0.9637198786911833 0.20911926957021454
-0.9633877044779009 0.8055915790222484
-0.9628399289136504 0.18627512242045002
-0.9620175459439936 0.16492545218702526
-0.961248963729361 0.14497248935204887
-0.9605306625941904 0.1263248605343139
-0.9598593531220683 0.10889717005044947
-0.9592319610920477 0.09260960885057617
-0.9586456134004396 0.07738758903761045
-0.9580976249036096 0.06316140229652095
-0.9575854861215256 0.04986590066933455
-0.9571068517457461 0.03744019821402017
-0.9566595298992231 0.025827392181016096
-0.9565166898157178 0.8058562484705659
-0.9562414720987344 0.014974302430544983
-0.9558507638739786 0.0048312278973943745
-0.9554856160003751 -0.004648281012092137
-0.9551443563054185 -0.013507635133107598
-0.9548254220110666 -0.021787405339664112
-0.9545273525770928 -0.02952550833644585
-0.9542487830126313 -0.03675738029605498
-0.9542487830126313 -0.036757380296054964
-0.9517309695507118 -0.03666039486774548
-0.9491647041271822 0.8061394447802657
-0.949036909146458 -0.03655662045945431
-0.9461542645139064 -0.036445581842582765
-0.9430698347570762 -0.03632677052253021
-0.9412980794404491 0.8064424648316444
-0.9397694949172678 -0.03619964241007397
-0.936238131288673 -0.03606361532974579
-0.9328807910256447 0.8067666962866197
-0.9324595722060763 -0.03591806635379465
-0.9284165139876981 -0.03576232894952693
-0.9240904416940333 -0.035595689926960467
-0.923874292421804 0.8071136239434432
-0.9194615443398121 -0.03541738617281435
-0.9145086241707953 -0.03522660115587801
-0.9142373389156944 0.8074848365362444
-0.9092089995899473 -0.035022461187756114
-0.9039257986641571 0.8078820340105416
-0.9035384012884399 -0.034804031421865694
-0.8974708611058271 -0.03457031157236294
-0.8928924505950122 0.8083070353080396
-0.8909785931104313 -0.034320231333395
-0.8840318663553578 -0.034052645477699296
-0.8810867681610273 0.8087617866963626
-0.8765988687274293 -0.0337663286121049
-0.8686455612655457 -0.033459969565918894
-0.8684546879566633 0.8092483706818681
-0.8601355222813303 -0.03313216538649987
-0.8549383621379938 0.8097690155463589
-0.8510297805682198 -0.03278141491452151
-0.8412866369351915 -0.03240611190950467
-0.8404758935120173 0.8103261055513642
-0.8308614732478512 -0.032004537694136644
-0.8250010520822229 0.8109221918567199
-0.8197065481023972 -0.03157485328369286
-0.8084429717523425 0.8115600042034504
-0.8077707781967614 -0.03111509096451801
-0.7949995043977309 -0.030623145283000922
-0.7907258257993706 0.812242463414452
-0.7813342414327684 -0.030096763403777635
-0.7717684796296909 0.8129726947702238
-0.7667124100602586 -0.02953353479300872
-0.7514841192281332 0.8137540423208997
-0.7510670504916731 -0.02893088017948598
-0.7343265157532866 -0.02828603974301665
-0.7297798535984668 0.8145900842001228
-0.716414143583213 -0.027596060475994468
-0.7065562893747235 0.8154846490108915
-0.6972479053612342 -0.02685778266028073
-0.6817070756553183 0.816441833358414
-0.676740030463717 -0.02606782539746703
-0.6551184169755546 0.8174660206102632
-0.6547966043233735 -0.025222571126256373
-0.6313171383532059 -0.02431814905606097
-0.6266685521882074 0.8185619009697417
-0.6061941097651267 -0.023350417440951884
-0.5962271968657462 0.8197344929543837
-0.579312469175882 -0.02231494461278517
-0.5636549466707126 0.8209891663779508
-0.5505491137453901 -0.021206988686646784
-0.5288026389620264 0.8223316669411674
-0.5197723234347638 -0.020021475845678708
-0.49151066971373236 0.8237681425438094
-0.48684115780239356 -0.018752977105842866
-0.45160826261805775 0.8253051714386361
-0.45160481057575746 -0.01739568345421852
-0.4139019190432568 -0.015943379246980464
-0.40891268702568606 0.8269497923561008
-0.37355982510348107 -0.014389413745235747
-0.36322842114184795 0.828709536737788
-0.33039378458792107 -0.012726670658368898
-0.31434625664614146 0.8305924632261933
-0.2842061212362719 -0.010947535555421372
-0.2620423406357355 0.832607194568787
-0.2347853214500073 -0.009043860995267517
-0.20607715050460107 0.8347629571053622
-0.18190506567870415 -0.007006929215902893
-0.14619439706428738 0.8370696230194976
-0.12532319200340977 -0.004827412211982745
-0.08211985088315177 0.8395377555476227
-0.06478058717084478 -0.002495329017788187
-0.013560086469336374 0.8421786573527164
0.0 0.0
0.05979886145344593 0.8450044222841666
0.13829293573082313 0.8480279907608185
0.2222815952076167 0.8512632090308359
0.3121494608477857 0.8547248925797546
0.40830807708276673 0.8584288939770975
0.5111977964541963 0.8623921754722544
0.6212897961816259 0.8666328866720724
0.7390882358899756 0.8711704476558776
0.8651325663779099 0.8760256379085491
1.0 0.8812206914789078
