# CURVE 2D, normalized by CHORD
# COLUMN#1 = X-coordinate, COLUMN#2 = Y-coordinate
#-------------------------------------------------------------------------------
-0.4668608411582045 -0.25508056859107664
-0.4656290151065116 -0.25440753101334446
-0.46431096123120025 -0.25368738080517106
-0.4639784999798694 -0.2603559693574113
-0.4629006435846171 -0.2529168200824255
-0.4613916037027731 -0.2520923201090878
-0.4608943949190508 -0.2660006481773894
-0.45977693102920003 -0.2512101051376164
-0.45804923126847685 -0.250266135118142
-0.457594402503975 -0.27204045451476594
-0.45620059252450307 -0.2492560871973044
-0.4542225490684511 -0.24817533592200822
-0.4540634106198439 -0.27850304729575887
-0.4521060425704755 -0.24701893205744127
-0.4502852493038235 -0.2854180215714213
-0.4498413806176416 -0.24578157992235464
-0.44741819232810937 -0.24445761313781195
-0.44624261669568177 -0.2928170440463801
-0.4448253808583098 -0.24304096867835123
-0.4420510725856243 -0.2415251591067283
-0.4419169998049701 -0.300733998094586
-0.4390825627338509 -0.23990324286509176
-0.43728858973190865 -0.3092051389261663
-0.43590625719245324 -0.23816779248654066
-0.4325076102631578 -0.23631086058149098
-0.4323361909537329 -0.3182692596159572
-0.4288710580488117 -0.23432394344308785
-0.42703712426108476 -0.32796786875403355
-0.42497994717946136 -0.23219794210499647
-0.42136712289995126 -0.3383453805317752
-0.4208164585492565 -0.2299231206732387
-0.41636152571493723 -0.22748906174125788
-0.41530022144353845 -0.3494493181339588
-0.41159474758221565 -0.22488461868403842
-0.40880863688517677 -0.3613305313682952
-0.4064942949802036 -0.22209786461281358
-0.4018626414077297 -0.37404342952903513
-0.4010368106960506 -0.219116037756603
-0.395197302512007 -0.2159254830204577
-0.39443042624686137 -0.387646230561027
-0.38894902875508036 -0.2125115894527822
-0.3864779560247323 -0.4022012276652581
-0.3822633758351688 -0.20885872333536942
-0.37796881288705414 -0.41777507456678553
-0.37510972721086344 -0.20495015658973778
-0.36886402972973853 -0.43443909075141984
-0.36745532318285673 -0.20076799017191188
-0.3592651108728895 -0.1962930721048382
-0.35912191175141084 -0.45226958806897855
-0.3505015837012246 -0.19150490977306933
-0.34869784551460015 -0.4713482201987663
-0.34112460962754315 -0.18638157607807668
-0.33754409464121277 -0.4917623565776393
-0.331091247368704 -0.18089960902443453
-0.32560958120668826 -0.5136054825030334
-0.32035554975174607 -0.17503390427703738
-0.31283965183174706 -0.536977627243205
-0.3088683533016011 -0.1687576001973225
-0.2991758274005599 -0.5619858221151887
-0.296577053099946 -0.16204195483202755
-0.2855120029693728 -0.5869940169871724
-0.28342536188417505 -0.15485621429116195
-0.2727420735944316 -0.6103661617273439
-0.26935305228330014 -0.14716747191243576
-0.2608075601599071 -0.6322092876527381
-0.254295681010364 -0.13894051756719875
-0.24965380928651967 -0.652623424031611
-0.23922974304970904 -0.6717020561613988
-0.23818429374832228 -0.13013767641779514
-0.22948762507138132 -0.6895325534789575
-0.22094510937793765 -0.12071863638793327
-0.2203828419140657 -0.7061965696635918
-0.21187369877638756 -0.7217704165651192
-0.20392122855425848 -0.7363254136693503
-0.2024991821016261 -0.11064026355598107
-0.19648901339339014 -0.7499282147013422
-0.1895430179159431 -0.7626411128620821
-0.1830514333575814 -0.7745223260964185
-0.18276203991597276 -0.0998564046257922
-0.17698453190116858 -0.7856262636986021
-0.17131453054003512 -0.7960037754763438
-0.166015463847387 -0.8057023846144201
-0.16164329777732364 -0.08831767557049014
-0.16106306506921123 -0.814766505304211
-0.15643465499614972 -0.8232376461357913
-0.15210903810543808 -0.8311546001839972
-0.1480664054972963 -0.838553622658956
-0.14428824418127598 -0.8454685969346185
-0.14075725229714484 -0.8519311897156114
-0.13904624368896912 -0.07597123548131691
-0.137457259882069 -0.857970996052988
-0.13437315482125045 -0.863615674872966
-0.13149081364291537 -0.8688910756393007
-0.12850534187355755 -0.8672598918489636
-0.12531088708034455 -0.8655145251933029
-0.12189282045160676 -0.8636469828717459
-0.11823548915885707 -0.8616487125876798
-0.11486739581442978 -0.06276054458590158
-0.11432214467561508 -0.8595105633837292
-0.11013486607854617 -0.8572227437355021
-0.10565447797968242 -0.8547747767118992
-0.10086046271389848 -0.8521554519966439
-0.09573086637950934 -0.8493527745513209
-0.09024219830171298 -0.8463539096848252
-0.08899602858867268 -0.04862510532780716
-0.08436932345847103 -0.8431451242776747
-0.07808534737620199 -0.8397117238920238
-0.07136149296817407 -0.8360379854793772
-0.06416696875158445 -0.8321070853778455
-0.06131366565711258 -0.03350018532164613
-0.05646882783983331 -0.8279010222692065
-0.0482318170642595 -0.8234005347429627
-0.03941821553439584 -0.818585013089882
-0.03169353732034328 -0.017316520915053826
-0.02998766189744151 -0.8134324049210856
-0.019896969505900586 -0.8079191141804734
-0.00909992864695175 -0.8020198930880184
0.0 0.0
0.002452905072123701 -0.7957077265190915
0.014814437151534299 -0.7889537082903397
0.028041276476503674 -0.7817269087855753
0.042193994554220904 -0.7739942333154775
0.05733740289737832 -0.7657202705624727
0.07354084982455678 -0.7568671304167576
0.0908785380366377 -0.7473942704608425
0.10942986442356428 -0.7372583103080133
0.12927978365757586 -0.726412832944486
0.15051919723796803 -0.7148081721655118
0.17324536976898786 -0.7023911851320095
0.19756237437717894 -0.689105009006162
0.22358156930794348 -0.6748888005515051
0.25142210788386143 -0.6596774575050224
0.2812114841600938 -0.6434013204452858
0.3130861167756622 -0.6259858537913676
0.34719197367432053 -0.6073513044716752
0.38368524055588493 -0.5874123366996042
0.4227330361191589 -0.5660776411834884
0.46451417737186196 -0.5432495169812444
0.5092199985122543 -0.5188234240848433
0.557055227132474 -0.4926875046856941
0.6082389217561093 -0.4647220709286045
0.6630054750033989 -0.4347990568085186
0.7216056869779988 -0.4027814317000268
0.7843079137908207 -0.36852257283394046
0.8513992964805401 -0.33186559384722814
0.9231870759585399 -0.2926426263314459
1.0 -0.25067405108955876
