# CURVE 2D, normalized by CHORD
# COLUMN#1 = X-coordinate, COLUMN#2 = Y-coordinate
#-------------------------------------------------------------------------------
-0.03986251986254423 0.04181554328778824
-0.039862519862544216 0.04181554328778825
-0.039757341432220136 0.041705211747752026
-0.039644800511773354 0.04158715699991327
-0.0395243817268953 0.04146083841972581
-0.03939553362707578 0.04132567753892522
-0.03925766616026889 0.04118105539646859
-0.039110147970785526 0.04102630970404
-0.03895230350803832 0.040860731813141406
-0.03878340993289881 0.04068356346987991
-0.03860269380749954 0.04049399334259011
-0.03840932755332232 0.04029115330639003
-0.03820242566135269 0.040074114467655936
-0.03798104063694519 0.03984188291021046
-0.03774415866082916 0.0395933951437438
-0.03749069494638502 0.03932751323362447
-0.03721948877192977 0.039043019589796786
-0.03692929816526267 0.038738611390901165
-0.03661879421612887 0.03841289461808286
-0.0362865549905557 0.038064377671167264
-0.035931059019192406 0.03769146453796758
-0.035678686143742644 0.04580396820360216
-0.03555067832983368 0.03729244748544392
-0.03514367099221985 0.0368654992392436
-0.034708173140973055 0.03640866461580926
-0.03424219044013897 0.035919851568734514
-0.03374358895024651 0.035396821608364534
-0.033210085356061576 0.034837179550768656
-0.0326392365102837 0.03423836254914107
-0.03202842824530137 0.03359762835739955
-0.03137486340177027 0.032912042772236125
-0.03120198406462496 0.05007158286352306
-0.030675549019192002 0.03217846619611126
-0.02992728262983325 0.03139353925965766
-0.02912663759321939 0.0305536674376523
-0.028269947404042556 0.02965500458810657
-0.027353288901623342 0.028693435339092632
-0.026411912839968993 0.05463793054963845
-0.02637246430403479 0.027664556242647725
-0.025322981984615033 0.02656365560945167
-0.024200035902835895 0.025385691931931895
-0.022998483595332218 0.024125270796985735
-0.021712822626303287 0.022776620182593344
-0.021286536629587155 0.05952392257378189
-0.020337165389442323 0.021333564025193482
-0.018865212146001096 0.019789493936775635
-0.017290222175518982 0.018137338942168534
-0.015802384084478566 0.06475193403961538
-0.015604982907103118 0.016369533097938937
-0.013801776889898145 0.014477980844613268
-0.011872346451488824 0.012454019933554803
-0.009934340861212393 0.0703459063080572
-0.009807855882390852 0.010288381758722246
-0.007598850973456021 0.007971148911651408
-0.005235215720895752 0.005491709765285612
-0.0036555346123175736 0.07633145663528995
-0.002706126000656263 0.0028387098786742102
0.0 0.0
0.0030627880739998725 0.08273599548542898
0.010251393348359533 0.08958885205507777
0.01794320099192437 0.09692140858460196
0.026173435170538772 0.10476724407119287
0.034979785741656166 0.11316228804184511
0.04440258085275178 0.12214498509044303
0.05448497162162408 0.13175647093244278
0.06527312974431748 0.14204076078338254
0.07681645893559938 0.1530449509238881
0.08916782117027103 0.16481943437422902
0.1023837787613697 0.1774181316660938
0.11652485338384526 0.19089873776838912
0.13165580322989412 0.20532298629784512
0.14784591956516638 0.22075693222436304
0.16516934404390773 0.2372712543657372
0.18370540823616097 0.2549415790570076
0.2035389969218719 0.27384882647666686
0.22337258560758286 0.29275607389632613
0.24190864979983612 0.3104263985875965
0.2592320742785774 0.3269407207289707
0.2754221906138497 0.3423746666554886
0.29055314045989855 0.3567989151849446
0.30469421508237415 0.37027952128723995
0.3179101726734728 0.3828782185791047
0.33026153490814447 0.39465270202944563
0.34180486409942634 0.40565689216995116
0.35259302222211975 0.4159411820208909
0.36267541299099204 0.4255526678628907
0.37209820810208766 0.4345353649114886
0.38090455867320505 0.44293040888214086
0.38913479285181946 0.45077624436873176
0.3968266004953843 0.45810880089825595
0.404015205769744 0.46496165746790474
0.4107335284560614 0.4713661963180438
0.41701233470495624 0.4773517466452765
0.4228803779282224 0.48294571891371835
0.428364530473331 0.4881737303795518
0.43348990668371284 0.4930597224036953
0.4382799779083688 0.49762607008981063
0.44275667998748647 0.5018936847497315
0.44694051370628807 0.5058821096655455
0.44839977741678116 0.5043513508207751
0.4499611895870088 0.5027134388568708
0.4516319006091525 0.5009608730554932
0.4534195614028461 0.4990856276480192
0.4553323584520983 0.49707911506202196
0.45737905129479817 0.49493214659500495
0.459569012636487 0.4926348903352967
0.461912271272094 0.490176826137409
0.4644195580121936 0.48754669744566903
0.4671023548241001 0.4847324597455074
0.46997294741284 0.48172122540633433
0.4730444814827919 0.4784992046634191
0.4763310229376403 0.47505164246849996
0.479847622294328 0.4713627509199364
0.48361038360598396 0.4674156369629734
0.48763653820945585 0.4631922250290229
0.4919445236351706 0.458673174259696
0.4965540680406856 0.45383778993651613
0.5014862805545865 0.4486639287107138
0.5067637479444606 0.44312789719910517
0.5124106380516258 0.437204343481684
0.5184528104662924 0.4308661410040433
0.524917934949986 0.4240842643529678
0.5318356181475379 0.416827656336317
0.5392375391689186 0.40906308575850064
0.5471575946617958 0.4007549952402371
0.5556320540391745 0.3918653383856952
0.5646997255729697 0.3823534055513353
0.5744021341141305 0.37217563741857024
0.5847837112531726 0.3612854255165116
0.5958919987919477 0.3496328987813088
0.607777866458437 0.3371646951746419
0.6204957448615805 0.3238237173155083
0.6341038747529442 0.3095488710062353
0.6486645737367032 0.2942747854553132
0.6642445216493253 0.2779315139158266
0.6809150659158312 0.2604442133685759
0.6987525482809922 0.2417328017830177
0.7178386544117147 0.2217115913864704
0.7382607879715877 0.20028889626216473
0.7601124708806518 0.1773666124791577
0.7834937715933504 0.1528397688313402
0.808511763355938 0.12659604612817543
0.8352810145419065 0.09851526283578914
0.863924113310893 0.06846882471293585
0.8945722289937085 0.03631913592148278
0.9273657127743211 0.0019189689146280192
0.9624547404195766 -0.03488920978270659
1.0 -0.07427396098885476
