# CURVE 2D, normalized by CHORD
# COLUMN#1 = X-coordinate, COLUMN#2 = Y-coordinate
#-------------------------------------------------------------------------------
0.0 0.0
0.015386101815736759 -0.011296516140728513
0.02976563622296732 -0.021854007861035495
0.043204453425986535 -0.03172082255291118
0.05576409567179889 -0.04094214469485107
0.06750207907910015 -0.0495602027714304
0.07847215702984899 -0.05761446265608399
0.08872456632961427 -0.06514180834267613
0.09830625726397434 -0.0721767108535099
0.10726110860449777 -0.07875138609727979
0.11563012854891218 -0.08489594239986846
0.12345164251565464 -0.0906385183835962
0.1307614686527971 -0.09600541182633239
0.13759308186507976 -0.10102120009057182
0.14397776711020377 -0.10570885267397315
0.14994476266639445 -0.11008983639677815
0.1555213940273203 -0.11418421370781086
0.16073319903753136 -0.1180107345592433
0.16560404484146696 -0.12158692227086239
0.17015623718159367 -0.12492915377704845
0.17441062254619807 -0.12805273462395134
0.1783866836346134 -0.13097196906030914
0.18210262857705764 -0.13370022554288655
0.18557547431765972 -0.1362499979565103
0.18882112454252148 -0.13863296282905585
0.191854442509682 -0.14086003280339748
0.19468931911450493 -0.14294140661119342
0.19733873650218992 -0.14488661577735784
0.19981482751871793 -0.14670456826910028
0.20212893127248244 -0.14840358928942032
0.20429164506104738 -0.14999145940186895
0.2063128729008277 -0.15147545016116673
0.20820187088193082 -0.15286235741284693
0.20996728955585894 -0.15415853241441718
0.2116172135501843 -0.1553699109205576
0.2131591985916099 -0.15650204036554866
0.2146003061069609 -0.15756010526740946
0.21594713556055997 -0.15854895097008312
0.21720585467607312 -0.15947310583239493
0.2183822276812256 -0.16033680196539662
0.21948164170473258 -0.16114399461306175
0.2205091314463279 -0.16189838026508527
0.22146940223286557 -0.16260341358473338
0.22236685156607836 -0.16326232322926434
0.22320558926066975 -0.16387812663536805
0.22398945626496075 -0.16445364383733413
0.22472204225027947 -0.16499151038122767
0.22540670204964275 -0.16549418939421226
0.2260465710210103 -0.16596398286429134
0.22664457940546595 -0.16640304218212223
0.22898480848578792 -0.1632155990400581
0.23148885360173244 -0.15980503487804948
0.23416818187579308 -0.15615573122470025
0.23703506312903794 -0.15225097631561657
0.24010262607000998 -0.14807288856289702
0.24338491841685 -0.14360233466748712
0.2468969712279689 -0.13881884199939853
0.2506548677358661 -0.13370050484454374
0.254675816999316 -0.12822388408884913
0.2589782327112075 -0.12236389988025587
0.2635818175229314 -0.11609371677706107
0.26850765327147597 -0.10938462085664266
0.27377829752241867 -0.10220588822179494
0.27941788687092733 -0.0945246443025079
0.2854522474738316 -0.08630571330887074
0.29190901331893915 -0.077511457145679
0.29881775277320427 -0.06810160305106383
0.30621010398926796 -0.058033059169825596
0.31411991979045606 -0.047259717216900685
0.3225834226977274 -0.035732241327271035
0.33163937080850764 -0.02339784212536731
0.34132923528704256 -0.010200034979330318
0.3516973902790749 0.003921618666929262
0.3627913161205495 0.019031788068427008
0.3738852419620241 0.03414195746992475
0.38425339695405647 0.04826361111618434
0.39394326143259134 0.061461418262221325
0.40299920954337165 0.07379581746412506
0.4114627124506429 0.0853232933537547
0.419372528251831 0.09609663530667961
0.4267648794678947 0.10616517918791785
0.43367361892215983 0.11557503328253302
0.4401303847672674 0.12436928944572476
0.4461647453701717 0.13258822043936191
0.45180433471868037 0.14026946435864895
0.457074978969623 0.14744819699349668
0.4620008147181676 0.15415729291391508
0.4666043995298915 0.16042747601710988
0.470906815241783 0.16628746022570315
0.474927764505233 0.17176408098139775
0.47868566101313015 0.17688241813625255
0.48219771382424903 0.18166591080434114
0.48548000617108905 0.18613646469975104
0.4885475691120611 0.1903145524524706
0.49141445036530595 0.19421930736155427
0.4940937786393666 0.1978686110149035
0.49659782375531114 0.20127917517691213
0.4989380528356331 0.20446661831897625
0.5002601195107858 0.2034959535129169
0.5016747308531992 0.20245734217043335
0.5031883649895814 0.20134602803397603
0.5048079535155106 0.2001569219079666
0.5065409132382548 0.19888457835313653
0.5083951801415909 0.19752317074946843
0.5103792457281607 0.19606646461354352
0.5125021959057903 0.19450778904810387
0.514773752595854 0.19284000619308342
0.5172043182542222 0.19105547853821156
0.5198050235086762 0.18914603394749865
0.5225877781309418 0.18710292823543587
0.5255653255767662 0.18491680512352868
0.5287513013437981 0.18257765339378798
0.5321602954145224 0.18007476104296546
0.5358079190701974 0.17739666622758535
0.5397108763817695 0.1745311047751286
0.5438870407051518 0.1714649540209999
0.5483555365311709 0.16818417271408223
0.5531368270650112 0.16467373671568028
0.5582528079362203 0.1609175701973902
0.5637269074684141 0.15689847202281978
0.5695841939678615 0.15259803697602944
0.5758514905222702 0.14799657147596382
0.5825574978354875 0.1430730033908936
0.5897329256606301 0.13780478553986844
0.5974106334335325 0.13216779243927154
0.6056257807505381 0.12613620982163284
0.6144159883797342 0.11968241642075947
0.623821510542974 0.1127768574818249
0.6338854192576405 0.10538790941716494
0.6446538015823338 0.09748173498797877
0.6561759706697555 0.08902212834874959
0.6685046915932968 0.07997034924477436
0.6816964229814859 0.07028494560352086
0.6958115755668484 0.05992156370737964
0.7109147888331862 0.048832745078508516
0.7270752270281675 0.03696770914561642
0.7443668958967977 0.02427212069742185
0.7628689815862318 0.01068784105785367
0.7826662132739265 -0.0038473381564842757
0.8038492511797597 -0.0193999799158259
0.8265151017390013 -0.036041306598321415
0.8507675618373898 -0.05384752614859162
0.8767176941426654 -0.07290018106738073
0.9044843357093104 -0.0932865218304851
0.9341946421856205 -0.11509990644700677
0.9659846701152724 -0.13844022798668493
1.0 -0.1634143720341407
