# CURVE 2D, normalized by CHORD
# COLUMN#1 = X-coordinate, COLUMN#2 = Y-coordinate
#-------------------------------------------------------------------------------
-0.318573658535542 -1.0740522962773085
-0.31829887814390695 -1.064748593131705
-0.31800486312485743 -1.054793630765909
-0.31769026705447445 -1.0441418210345073
-0.31735364925916465 -1.0327443846219073
-0.3169934682181832 -1.0205491276604255
-0.31660807450433304 -1.00750020271164
-0.3161957032305134 -0.9935378530164396
-0.3157544659675263 -0.978598138842575
-0.31528234209613015 -0.96261264467654
-0.31509456318106654 -1.0741550496830305
-0.3147771695537363 -0.9455081659188824
-0.31423663493337484 -0.9272063736481888
-0.3136582628895881 -0.9076234559185468
-0.3130394048027363 -0.8866697339478298
-0.31237722664980483 -0.8642492514391625
-0.31166869602616815 -0.8402593351548886
-0.31137193115177764 -1.0742649958271533
-0.3109105682588769 -0.8145901247307155
-0.3100993715478753 -0.7871240695768502
-0.3092313910671036 -0.7577353905622144
-0.30830265195267786 -0.7262895040165541
-0.3073887148804385 -1.0743826382013646
-0.30730890110024234 -0.6926424054126976
-0.3062455876881363 -0.6566400099065711
-0.30510784233718286 -0.6181174467150158
-0.30389045481166266 -0.5768983041000515
-0.3031266734701058 -1.0745085155417706
-0.3025878501593561 -0.5327938215020398
-0.3012852455070495 -0.4886893389040281
-0.3000678579815293 -0.4474701962890638
-0.29893011263057584 -0.4089476330975085
-0.29856628916104955 -1.074643204296005
-0.2978667992184698 -0.372945237591382
-0.29687304836603423 -0.3392981389875255
-0.29594430925160853 -0.30785225244186515
-0.2950763287708368 -0.2784635734272293
-0.2942651320598352 -0.2509975182733641
-0.29368667795035963 -1.0747873212630359
-0.29350700429254395 -0.22532830784919095
-0.2927984736689073 -0.201338391564917
-0.29213629551597586 -0.17891790905624977
-0.291517437429124 -0.15796418708553273
-0.29093906538533726 -0.13838126935589068
-0.2903985307649758 -0.12007947708519712
-0.28989335822258194 -0.10297499832753959
-0.2894212343511858 -0.08698950416150453
-0.2889799970881987 -0.07204978998764
-0.28856762581437906 -0.05808744029243951
-0.28846549395492127 -1.074941526417759
-0.2881822321005289 -0.045038515343653995
-0.28782205105954745 -0.03284325838217217
-0.28748543326423764 -0.021445821969572343
-0.28717083719385467 -0.01079401223817067
-0.28687682217480515 -0.0008390498723747086
-0.2866020417831701 0.008464653273228961
-0.2866020417831701 0.008464653273228984
-0.28584583387191964 0.008442319036768599
-0.2850366914068817 0.008418421403756012
-0.28417090896929104 0.008392850936432545
-0.283244521761069 0.008365490536396434
-0.2828788270798025 -1.0751065259333128
-0.2822532874482715 0.008336214908357793
-0.2811926667335781 0.00830488998635645
-0.28005780256885626 0.008271372319815014
-0.2788434979126038 0.008235508416615675
-0.27754419193041374 0.008197134040192384
-0.2769010935234252 -1.0752830754149552
-0.27615393452947035 0.008156073457419461
-0.2746663591104609 0.008112138633852435
-0.2730746534121208 0.008065128372635717
-0.2713715283148969 0.008014827393133828
-0.27050491861810155 -1.0754719833603126
-0.26954918446086734 0.007961005345066807
-0.2675992765370557 0.007903415753635094
-0.26551287505857724 0.007841794890803161
-0.263661011469405 -1.075674114861845
-0.2632804254766053 0.007775860567572995
-0.26089170442389525 0.007705310841716715
-0.2583357728974956 0.007629822635050497
-0.25633803082029993 -1.0758903955684846
-0.2556009261642479 0.007549050253917643
-0.2526746401596729 0.007462623806105489
-0.24954351413477766 0.007370147506946484
-0.2485024415257574 -1.076121815924589
-0.24619320928813973 0.007271197866846348
-0.24260838310223715 0.007165321751939204
-0.24011836098059713 -1.0763694357056208
-0.2387726190833214 0.00705203430898856
-0.23466835158308152 0.006930816745031369
-0.2311473947972752 -1.0766343888713248
-0.23027678535782486 0.006801113951597177
-0.22557780949680026 0.00666233196262259
-0.22154846098112102 -1.0769178887586282
-0.22054990532550392 0.006513835234419782
-0.21517004786221683 0.006354943735242778
-0.21127760179783606 -1.0772212336380427
-0.20941360037649964 0.006184929831123384
-0.20325420156678226 0.006003014953715632
-0.2002877824717212 -1.077545812659016
-0.19666364484038465 0.005808366034889337
-0.18961174914313922 0.005600091691745201
-0.18852867579277832 -1.077893112211458
-0.1820662207470866 0.005377238144580976
-0.1759464316463092 -1.0782647227325703
-0.1739925053633103 0.005138784849115256
-0.16535362990266966 0.004883639822966935
-0.16248343040958735 -1.078662345990161
-0.1561100331597842 0.004610634644988232
-0.14807801908629503 -1.0790878028757827
-0.1462193846448967 0.004318519104551019
-0.1356363907339671 0.004005955476283201
-0.13266422897037222 -1.079543041743398
-0.12431258724927245 0.003671512394036636
-0.11617147354633495 -1.0800301473317464
-0.11219611752064915 0.0033136582960328113
-0.09923149491102222 0.0029307544111687187
-0.09852422524261473 -1.0805513503112791
-0.08535934871872142 0.0025210472543641398
-0.07964166955763441 -1.0811090374993793
-0.07051615229295954 0.0020826605965832408
-0.05943733497470538 -1.0817057627906463
-0.054633932117394354 0.0016135868727576784
-0.03781869697097118 -1.082344258852302
-0.03763995652953959 0.0011116779882643269
-0.01945640265053499 0.0005746354818564405
-0.014686754306975636 -1.0830274496382737
0.0 0.0
0.010064424343499523 -1.0837584637792634
0.03654818549950789 -1.0845406489101226
0.06488580993643689 -1.0853775870001416
0.09520706808395107 -1.086273110756462
0.12765081430179115 -1.087231321175725
0.16236562275487998 -1.0882566063243362
0.19951046779968507 -1.0893536614333503
0.23925545199762632 -1.0905275103999954
0.28178258508942367 -1.0917835287943056
0.32728661749764687 -1.0931274684762176
0.3759759321744456 -1.0945654839358632
0.42807349887862034 -1.0961041604776842
0.4838178952520872 -1.0977505443774327
0.5434643993716968 -1.0995121751501635
0.6072861587796792 -1.1013971200769854
0.67557544134622 -1.103414011148685
0.748644973692419 -1.1055720845954033
0.8268293733028519 -1.107881223183392
0.910486680886015 -1.11035200147254
0.9999999999999999 -1.1129957342419285
