# CURVE 2D, normalized by CHORD
# COLUMN#1 = X-coordinate, COLUMN#2 = Y-coordinate
#-------------------------------------------------------------------------------
-0.56669442986762 1.4880407534688131
-0.5666381459457487 1.4752306197217906
-0.5665779221493463 1.4615237766124762
-0.5665134826871958 1.4468574544855102
-0.5664445324626948 1.4311644898096563
-0.5663707557224787 1.4143730176064926
-0.5662918146104474 1.3964061423491076
-0.566207347620574 1.3771815858237058
-0.5661169679414095 1.3566113103415256
-0.5660202616847034 1.3346011155755928
-0.5659167859900279 1.3110502071760448
-0.5658060669967252 1.2858507351885282
-0.5656875976738912 1.2588873001618859
-0.5655608354984588 1.2300364246833784
-0.5654251999707463 1.1991659879213752
-0.5652800699560937 1.166134620586032
-0.5651247808404155 1.1307910575372146
-0.5649586214866399 1.0929734450749802
-0.5647808309781 1.0525085997403891
-0.5645905951339623 1.009211215232377
-0.5643870427807348 0.9628830138088036
-0.5641692417627816 0.9133118382855804
-0.5639361946735716 0.8602706804757314
-0.5636868342881168 0.803516641619193
-0.5634200186756803 0.742789820042697
-0.5631532030632437 0.682062998466201
-0.5629038426777889 0.6253089596096626
-0.5626707955885789 0.5722678017998136
-0.5625606605650473 1.4880589160230109
-0.5624529945706257 0.5226966262765904
-0.5622494422173983 0.47636842485301717
-0.5620592063732606 0.4330710403450049
-0.5618814158647206 0.3926061950104139
-0.561715256510945 0.35478858254817935
-0.5615599673952668 0.31944501949936205
-0.5614148373806143 0.2864136521640187
-0.5612792018529017 0.2555432154020157
-0.5611524396774693 0.22669233992350812
-0.5610339703546353 0.19972890489686568
-0.5609232513613326 0.1745294329093492
-0.5608197756666571 0.1509785245098011
-0.560723069409951 0.1289683297438684
-0.5606326897307865 0.10839805426168825
-0.5605482227409131 0.08917349773628636
-0.5604692816288818 0.0712066224789013
-0.5603955048886657 0.05441515027573762
-0.5603265546641647 0.03872218559988383
-0.5602621152020142 0.02405586347291766
-0.5602018914056118 0.010349020363603412
-0.5601456074837405 -0.0024611133834191445
-0.5601456074837405 -0.002461113383419131
-0.5586676468342073 -0.002454619663418232
-0.5581375274112945 1.4880783499560024
-0.5570862289392068 -0.0024476713830172696
-0.5553941117915563 -0.00244023672298824
-0.5535835464435701 -0.0024322816367571788
-0.5534047749367792 1.4880991442643035
-0.551646241521225 -0.0024237696944899426
-0.5495733252543157 -0.0024146619162640002
-0.5483407297890477 1.4881213941741853
-0.5473553048487227 -0.002404916593562242
-0.5449820230147383 -0.0023944890982713607
-0.5429222014809749 1.4881452015777592
-0.5424426114523749 -0.0023833316783101175
-0.5397254410806462 -0.0023713932389515875
-0.5371243761913369 1.4881706754995832
-0.5368180687828964 -0.00235861910883796
-0.5337071804243041 -0.002344950789616379
-0.5309207031314245 1.4881979325959347
-0.5303785298806103 -0.002330325688049287
-0.526816873798858 -0.002314676829372499
-0.5242827729573183 1.4882270976890308
-0.5230059017913831 -0.0022979325505883357
-0.5189281617433849 -0.0022800161722892807
-0.5171801876710245 1.4882583043386437
-0.5145649798920268 -0.002260845647509292
-0.5098963753110736 -0.002240333185994704
-0.5095804214146902 1.4882916954537295
-0.5049009684094536 -0.002218384852174095
-0.5014486715204125 1.4883274239468716
-0.4995558830247204 -0.0021949001349860432
-0.4938366416630558 -0.002169771487594828
-0.49274769913353533 1.4883656534345333
-0.4877170534060747 -0.002142883834886228
-0.4834376586795768 1.4884065589863313
-0.48116909397110486 -0.002114114046488025
-0.4741627773756872 -0.0020833303729019485
-0.47347591539384104 1.4884503279267554
-0.46666601861859025 -0.0020503918421648465
-0.4628168500781038 1.488497160693009
-0.4586444867484965 -0.0020151476142761474
-0.4514116501902652 1.4885472717529005
-0.4500614476474962 -0.0019774362904352396
-0.4408775958094259 -0.0019370851739254678
-0.43920808631027763 1.4886008905869843
-0.4310508743426907 -0.0018939094792600121
-0.426150272958691 1.488658262739454
-0.420536282373284 -0.0018477114859679748
-0.41217841267249344 1.4887196509425964
-0.40928566896601887 -0.0017982796331454946
-0.39724751262024516 -0.0017453875506254408
-0.3972285221662619 1.488785336319959
-0.38436668533026724 -0.0016887930223289831
-0.3812321393245941 1.488855619673737
-0.3705842001299909 -0.0016282368770517736
-0.3641160096840097 1.4889308228622793
-0.35583694096569524 -0.0015634418016051595
-0.34580175096858445 1.4890112902740196
-0.34005737365989885 -0.0014941110708772823
-0.3262054941430792 1.4890973904045819
-0.32317323664269676 -0.001419927188998454
-0.30523749933978883 1.4891895175442833
-0.30510721003429053 -0.0013405504353881073
-0.2857765615632958 -0.0012556173090250364
-0.28280174490026777 1.489288093583764
-0.2650927676993315 -0.0011647388638165504
-0.2587954876499807 1.4893935699460081
-0.24296110826488962 -0.0010674989274434706
-0.2331087923921733 1.4895064296536096
-0.21928023267003685 -0.0009634521955242751
-0.20562402846631933 1.489627189540743
-0.19394169578354437 -0.000852122192370736
-0.17621533106565557 1.4897564026199759
-0.16682946131499743 -0.0007329990889964491
-0.1447480248469455 1.489894660614755
-0.1378193704336522 -0.0006055373683859621
-0.1110780071929256 1.4900425966691684
-0.10677857319061282 -0.0004691533273327411
-0.07505108830312435 1.4902008882473912
-0.07356492014056067 -0.0003232224034057945
-0.03802631137700486 -0.00016707631480396173
-0.03650228509103681 1.4903702602360893
0.0 0.0
0.004744934345896623 1.4905514882639963
0.048879459143415405 1.4907454022538569
0.09610340067676038 1.4909528902230076
0.14663301811743967 1.491174902349999
0.20069970877896648 1.4914124553258796
0.25855106778680026 1.491666637010072
0.3204520219251823 1.4919386114121578
0.38668604285325114 1.4922296240223896
0.4575564452462849 1.4925410075153376
0.5333877758068308 1.492874187852792
0.6145272995066151 1.4932306908138682
0.7013465898653842 1.4936121489822198
0.7942432305492672 1.4940203092223558
0.893642636081022 1.4944570406793016
1.0 1.4949243433382335
