# CURVE 2D, normalized by CHORD
# COLUMN#1 = X-coordinate, COLUMN#2 = Y-coordinate
#-------------------------------------------------------------------------------
-1.4615197792185746 -1.4113806758221819
-1.4615197792185746 -1.4113806758221816
-1.458448456402026 -1.4134354031879663
-1.4551621409883189 -1.4156339614693558
-1.4550249869304137 -1.4016725247187591
-1.4516457834956522 -1.4179864188304425
-1.4480755591820813 -1.391284803038097
-1.447883280978499 -1.4205035482068054
-1.443857403285145 -1.4231968766395136
-1.4406396714913656 -1.3801699408397887
-1.439549714153256 -1.4260787380625113
-1.4349404867821351 -1.4291623297851188
-1.4326832716622997 -1.3682770382875984
-1.4300086134950358 -1.4324617729283091
-1.4247315090778394 -1.4359921770915225
-1.4241699238451995 -1.3555516325567551
-1.4190850073514392 -1.4397697095461608
-1.4150606416809017 -1.3419354484247528
-1.413043250504191 -1.443811669272624
-1.4065785706776355 -1.4481365661799395
-1.4053137097651036 -1.3273661314035103
-1.399661363263221 -1.452764205870767
-1.3948844926152 -1.3117769621907809
-1.3922599513297975 -1.4577157803399525
-1.3843404405610344 -1.463013965021981
-1.3837252302648024 -1.29509655113316
-1.375866564038458 -1.4686830226317515
-1.3717848195498776 -1.2772485113015062
-1.3667995161593012 -1.4747489142742058
-1.3590085800849074 -1.2581511086816364
-1.3570977749286033 -1.4812394183316322
-1.3467169118117566 -1.4881842576730782
-1.3453380038573894 -1.237716887878376
-1.3356093882767306 -1.4956152357684256
-1.3307104872939455 -1.2158522716188869
-1.323724338094253 -1.503566382330447
-1.3150590445710608 -1.192457132221234
-1.3110073343990016 -1.5120741091518102
-1.2983120008575733 -1.1674243330657448
-1.297400140445083 -1.521177376850669
-1.2828404429143898 -1.5309178732884474
-1.2803926640841423 -1.140639237969372
-1.2682807453836966 -1.5406583697262262
-1.2612189737365709 -1.111979186216253
-1.254673551429778 -1.5497616374250847
-1.2419565477345267 -1.5582693642464478
-1.2407031250646696 -1.0813129308404155
-1.230071497552049 -1.5662205108084695
-1.218963974017023 -1.5736514889038167
-1.2187511669857352 -1.0485000375882692
-1.2085831109001763 -1.5805963282452629
-1.1988813696694787 -1.587086832302689
-1.1952625718412757 -1.013390241808473
-1.1898143217903216 -1.5931527239451435
-1.1813404452677452 -1.598821781554914
-1.173420934498982 -1.6041199662369425
-1.1701297750367035 -0.9758227603240908
-1.1660195225655587 -1.609071540706128
-1.1591023151511444 -1.6136991803969556
-1.1526376353245888 -1.6180240773042711
-1.1465958784773407 -1.622066037030734
-1.1432376824558115 -0.9356255551358021
-1.1409493767509404 -1.6258435694853726
-1.135672272333744 -1.629373973648586
-1.1307403990466447 -1.632673416791776
-1.1261311716755236 -1.6357570085143838
-1.1218234825436348 -1.6386388699373815
-1.117797604850281 -1.6413321983700897
-1.1144631433942567 -0.8926145455843328
-1.1140351023331276 -1.6438493277464525
-1.110518744840461 -1.6462017851075392
-1.107232429426754 -1.6484003433889287
-1.1041611066102053 -1.6504550707547132
-1.1012477450761469 -1.6461002965392093
-1.0981304482347043 -1.64144068812862
-1.094794940614361 -1.6364549071292895
-1.0912259474605932 -1.6311201214600057
-1.087407124786062 -1.6254119007938723
-1.0836743865983935 -0.8465927653642611
-1.0833209845243135 -1.6193041046811094
-1.0789488144442427 -1.6127687628404532
-1.074270592458567 -1.6057759470709512
-1.0692648949338939 -1.5982936341975837
-1.0639087985824935 -1.5902875594230808
-1.0581777754864954 -1.5817210594143625
-1.0520455807737772 -1.572554904405034
-1.05073041682682 -0.7973494605287841
-1.0454841324311688 -1.5627471185450525
-1.038463382704578 -1.5522527876748724
-1.0309511804971256 -1.5410238536437795
-1.0229131241351517 -1.52900889423051
-1.015480369171236 -0.7446591243548237
-1.0143124038278395 -1.516152887658312
-1.0051096330990155 -1.5023969606260599
-0.9952626684191737 -1.4876781187015502
-0.9847264162117431 -1.471928957842325
-0.9777628181797611 -0.688280464648686
-0.9734526263497923 -1.4550773557229537
-0.9613896711975051 -1.4370461414552267
-0.9484823091845576 -1.4177527421887586
-0.937405038618883 -0.6279552987631192
-0.9346714318307038 -1.3971088049736378
-0.9198937930620803 -1.3750197921534586
-0.9040817195796531 -1.3513845484358666
-0.8942222144887435 -0.5634073712655621
-0.887162800953456 -1.3260948376580435
-0.8690595580234252 -1.2990348471257727
-0.8496890880882921 -1.2700806572562429
-0.8480165926694945 -0.4943410888431763
-0.8289626852576998 -1.239099674095846
-0.806785434228966 -1.2059500221142212
-0.7985765773228977 -0.4204401666512232
-0.7830557756282208 -1.1704798944938828
-0.7576650409254234 -1.1325268579401206
-0.7456757609020392 -0.3413661799058336
-0.7304969547934302 -1.0919171088275952
-0.7014271026321975 -1.048464677277193
-0.6890718873317205 -0.2567570140882669
-0.6703223608196787 -1.0019705755182626
-0.6370402870802834 -0.9522218866362072
-0.6285057426114797 -0.16622520666347018
-0.6014284681791305 -0.8989907895324079
-0.5636999677608219 -0.06935617271893779
-0.5633238219548967 -0.8420335156313424
-0.5225518504949668 -0.7810892325572025
-0.4943577886706181 0.03429369360171153
-0.4789258410328416 -0.7158788496678727
-0.43224601090836773 -0.6461037399762899
-0.42016165704410025 0.14519905056480642
-0.3822985926751806 -0.5714443726062962
-0.340771796203726 0.26386778251531817
-0.3288548551656705 -0.4915588495204031
-0.2716700560304946 -0.40608133981849737
-0.2558246451045254 0.3908433257023656
-0.21048232095585642 -0.31462040443745826
-0.1649311934283808 0.5267071569125066
-0.14501144442599354 -0.2167572035797464
-0.07495760653904028 -0.11204357866199473
-0.06767520013490613 0.6720814563073572
0.0 0.0
0.0363887126891117 0.8276319566598476
0.14773709941081092 0.9940709920370123
0.2668798732030291 1.1721607598905783
0.3943626411607024 1.3627168114938941
0.530769202875413 1.566611786709442
0.6767242239101532 1.7847794101900782
0.8328960964173252 2.018218767314359
1.0 2.2679988794373402
