# CURVE 2D, normalized by CHORD
# COLUMN#1 = X-coordinate, COLUMN#2 = Y-coordinate
#-------------------------------------------------------------------------------
-1.0943421697804183 0.010803655998941286
-1.094342169780418 0.010803655998941314
-1.092155204865269 0.014730701684937092
-1.0898151524060593 0.01893264056895258
-1.0888161864070982 0.00772624546556111
-1.087311296274705 0.02342871517484918
-1.0846321702141557 0.028239515003158522
-1.0829033841976456 0.004433416194844053
-1.0817655053293682 0.03338707081944953
-1.0786981739026453 0.038894955542880916
-1.0765766858335315 0.0009100888751771841
-1.0754161292760522 0.044788392196952465
-1.0719043415255973 0.05109436941680903
-1.0698071185839293 -0.0028598713568668277
-1.0681467286326107 0.05784176504205557
-1.0641260828371149 0.06506147836106937
-1.0625636816268549 -0.006893728805153598
-1.0598239918359345 0.07278657161241414
-1.0552207544646715 0.08105242139135305
-1.0548132040827851 -0.011209956274820465
-1.0502952904774199 0.08989688065481766
-1.0465201931106307 -0.015828319667364088
-1.0450250440110607 0.09936045206672478
-1.0393858802920566 0.10948647347746543
-1.0376466713704255 -0.02076996849738566
-1.033351975112722 0.12032131638695792
-1.028152003108406 -0.026057532745508816
-1.026895696570834 0.13191459830011487
-1.019987478531014 0.14431940994719283
-1.017992708068045 -0.03171522649100056
-1.0125956852284064 0.15759255840956626
-1.007122262374859 -0.0377689587986767
-1.0046864663946165 0.17179482726430578
-0.996223602242461 0.1869912549388771
-0.9954908854831497 -0.044246452367890265
-0.9871683375996548 0.20325143255066844
-0.9830453122090208 -0.051177370486948925
-0.9774792044318522 0.22064982259528512
-0.969728548805703 -0.058593452874341256
-0.9671118319423033 0.239266099943025
-0.9567444594527544 0.25788237729076485
-0.9554796119641527 -0.06652866102885135
-0.9470553262849518 0.2752807673353816
-0.940233249543694 -0.07501933375417713
-0.9380000616421457 0.29154094494717286
-0.9295371974899903 0.30673737262174416
-0.9239196417538034 -0.08410435357027568
-0.9216279786562003 0.32093964147648374
-0.9142361853535927 0.33421278993885717
-0.9073279673137726 0.34661760158593513
-0.9064640814186202 -0.09382532477350125
-0.9008716887718846 0.3582108834990921
-0.8948377835925502 0.3690457264085846
-0.8891986198735459 0.37917174781932517
-0.8877866318599741 -0.10422676396095243
-0.8839283734071868 0.38863531923123235
-0.8790029094199353 0.39747977849469696
-0.8743996720486722 0.4057456282736358
-0.8700975810474918 0.4134707215249806
-0.867801760832223 -0.11535630389152529
-0.866076935251996 0.4206904348439944
-0.8623193223590093 0.42743783046924094
-0.8588075346085545 0.4337438076890975
-0.8555254899819612 0.4396372443431691
-0.8524581585552385 0.4451451290666004
-0.849591493670451 0.4502926848828914
-0.8469123676099017 0.45510348471120077
-0.8464179488325292 -0.12726491161723819
-0.8444085114785475 0.4595995593170974
-0.8420684590193378 0.4638014982011129
-0.8398814941041886 0.46772854388710866
-0.8376654420956166 0.4664944283762615
-0.8352942664464444 0.46517392477965497
-0.8327571085018304 0.463760985931286
-0.8300423495010932 0.46224914136353124
-0.8271375573703045 0.4606314676760336
-0.8240294297903605 0.45890055683041114
-0.8235372699928569 -0.14000712188375086
-0.8207037332798206 0.45704848222559513
-0.8171452380135429 0.45506676239844196
-0.8133376480786256 0.4529463221833881
-0.8092635268482642 0.4506774511532805
-0.8049042171317774 0.4482497591510653
-0.8002397557351366 0.4456521287086951
-0.7990549436344074 -0.15364128686891965
-0.795248782040731 0.4428726641353589
-0.7899084401877169 0.43989863704188925
-0.7841942744049919 0.4367164280518767
-0.778080117017476 0.4333114644325633
-0.7728588544308665 -0.16822984340305014
-0.7715379686128342 0.42966815335989794
-0.7645378698198674 0.42576981051214596
-0.7570477641113929 0.4215985836650514
-0.7490333510033251 0.4171353709386602
-0.7448290389830778 -0.1838395988945699
-0.7404579289776927 0.4123597333214216
-0.7312822274102659 0.40724980107097636
-0.7214642267331194 0.40178217356299983
-0.7148371364539439 -0.2005420372704959
-0.7109589660085724 0.39593181212946504
-0.6997183370333073 0.3896719253955828
-0.6876908640297736 0.3829738465903288
-0.6827458007477707 -0.21841364633273674
-0.6748214679159925 0.375806902268707
-0.6610512140742468 0.3681382718445717
-0.6484080715421652 -0.23753626802933447
-0.6463170424635789 0.35993283729074693
-0.6305514788401642 0.3511530223181544
-0.6136823257631104 0.3417586202974804
-0.6116667012921675 -0.25799747324469413
-0.5956323319706629 0.33170661013535924
-0.576318838612744 0.32095095926188955
-0.5723534351246697 -0.2798909628251288
-0.5556534007197709 0.309442412827277
-0.5335413821742896 0.2971282681422416
-0.5302882403254472 -0.30331699667619405
-0.5098815223306247 0.28395213332925373
-0.4852784818902791 -0.3283828528968338
-0.48456547229790325 0.2698536690793567
-0.4574772987628913 0.2547683123319669
-0.4371180403646491 -0.35520331905291835
-0.4284929530804284 0.23862698061225976
-0.39747970320019316 0.22135575567217314
-0.38558636793222534 -0.3839012178399288
-0.36429552582834146 0.20287554498628044
-0.3304474784295317 -0.41460796954202994
-0.3287884560404601 0.18310171955237525
-0.29079589136742706 0.1619437263380967
-0.27144886666164947 -0.4474641938632782
-0.2501438471672817 0.13930467359881865
-0.20832035207001565 -0.48262035388701374
-0.2066461598731262 0.11508088716779116
-0.1601036344683798 0.08916143568659174
-0.14077284145696733 -0.5202374451124108
-0.11030313228530114 0.061427622601708344
-0.06849700510100565 -0.5604877327235858
-0.057016594949406973 0.03175244260088311
0.0 0.0
0.008838139799873357 -0.6035555404675429
0.0915867448438139 -0.6496380947535771
0.18012775224083033 -0.6989464278396338
0.27486663015563795 -0.7517063442417142
0.3762372295244819 -0.8081594547919404
0.48470377084914507 -0.8685642830806823
0.6007629700665347 -0.9331974493496363
0.7249463132291416 -1.002354937257417
0.8578224904131309 -1.0763534493187426
1.0 -1.155531857224361
