# CURVE 2D, normalized by CHORD
# COLUMN#1 = X-coordinate, COLUMN#2 = Y-coordinate
#-------------------------------------------------------------------------------
-0.8555458124631458 -0.5083023561716474
-0.8555458124631458 -0.5083023561716473
-0.8551532453214881 -0.5088573256374105
-0.8547331984799144 -0.509451142965777
-0.8542837483594304 -0.5100865275071291
-0.8538028367305127 -0.5107663889663758
-0.8532882612875706 -0.5114938407277699
-0.8527376655636227 -0.5122722141124616
-0.8521485281389984 -0.5131050736340816
-0.8515181510946505 -0.5139962333222151
-0.8508436476571981 -0.5149497741885178
-0.8506499002974751 -0.5048391489805242
-0.850121928979124 -0.5159700629154619
-0.8493496899935848 -0.5170617718532919
-0.8485233942790579 -0.5182299004167702
-0.847639257864514 -0.5194797979796918
-0.8466932319009521 -0.520817188372018
-0.8456809841199409 -0.522248196091807
-0.8454112742802075 -0.5011335172860223
-0.8445978789942588 -0.5237793743519812
-0.8434389565097791 -0.5254177350903676
-0.8421989094513856 -0.5271707810804411
-0.8408720590989047 -0.5290465402898198
-0.8398059444417311 -0.4971684913729053
-0.8394523292217502 -0.5310536026438549
-0.8379332182531948 -0.5332011593626724
-0.8363077695168405 -0.5354990450518073
-0.8345685393689415 -0.5379577827391816
-0.8338082415145612 -0.4929259136458699
-0.8327075631106895 -0.540588632064672
-0.8308465868524375 -0.5432194813901624
-0.8291073567045384 -0.5456782190775367
-0.8274819079681842 -0.5479761047666715
-0.8273906993824897 -0.4883863554779422
-0.8259627969996288 -0.5501236614854891
-0.8245430671224742 -0.5521307238395242
-0.8232162167699933 -0.5540064830489029
-0.8219761697115999 -0.5557595290389763
-0.8208172472271201 -0.5573978897773627
-0.8205239293011729 -0.4835290282382596
-0.8197341421014381 -0.558929068037537
-0.8187218943204269 -0.5603600757573259
-0.8177758683568649 -0.5616974661496521
-0.8168917319423211 -0.5629473637125738
-0.8160654362277941 -0.564115492276052
-0.8152931972422549 -0.565207201213882
-0.8145714785641809 -0.5662274899408261
-0.8138969751267284 -0.5671810308071288
-0.8132665980823804 -0.5680721904952623
-0.8131764853141642 -0.4783316880917994
-0.8126774606577561 -0.5689050500168823
-0.8121268649338083 -0.569683423401574
-0.8116122894908662 -0.5704108751629681
-0.8111313778619484 -0.5710907366222148
-0.8106819277414645 -0.5717261211635669
-0.8102618808998908 -0.5723199384919334
-0.8098693137582331 -0.5728749079576965
-0.8077324497696426 -0.5713633606747144
-0.805446005301851 -0.5697460050819234
-0.8053147202480649 -0.47277053413508674
-0.8029995097213137 -0.5680154345976371
-0.8003817594501389 -0.5661637241794508
-0.7975807666599818 -0.5641823940319916
-0.7969026316273385 -0.46682009940140423
-0.7945837043745138 -0.5620623707742101
-0.7913768477290629 -0.5597939458883838
-0.7879455111184306 -0.5573667312605498
-0.7879016968031615 -0.460453134236364
-0.784273980945054 -0.5547696116087674
-0.7803454436595411 -0.5519906935813602
-0.7782706965412919 -0.453640481509771
-0.7761419087640421 -0.5490172512920346
-0.7716441264258582 -0.5458356680424561
-0.7679655262610913 -0.44635094309231627
-0.7668314993240015 -0.5424313739654071
-0.761681988325015 -0.5387887793029648
-0.7569389940612768 -0.43855113698563986
-0.7561720115560993 -0.5348912030141514
-0.7502763364133593 -0.530720796385121
-0.7451406046074754 -0.43020534445149616
-0.7439679640106278 -0.5262584612920587
-0.737218005539705 -0.5214837627424819
-0.7325163278919077 -0.42127534643996234
-0.7299955499758175 -0.5163748352944347
-0.7222675225224581 -0.5109082829250242
-0.7190083518062503 -0.411720248567621
-0.7139985331473633 -0.5050590718897551
-0.705150714516012 -0.49880041608201703
-0.7045548173945971 -0.40149629384421615
-0.6956835485804661 -0.4921036543677373
-0.6890895355741281 -0.3905566622901726
-0.6855536810294319 -0.48493811933345804
-0.6747147227498254 -0.4772709968467792
-0.672541684026226 -0.3788512565273463
-0.6631170373906464 -0.46906717578603285
-0.6548354828699711 -0.3663264723611219
-0.6507075140563249 -0.46028908725103423
-0.6374293240886009 -0.45089653251858575
-0.6358898476327782 -0.3529249533032619
-0.6232216608231361 -0.4408464989548659
-0.6156180179289817 -0.33858532791135176
-0.6080194611290889 -0.4300929630416856
-0.5939271601459196 -0.32324192874200763
-0.5917531074564584 -0.4185866796145827
-0.5743481090267437 -0.40627495634758254
-0.5707179423180432 -0.3068244916308098
-0.555724760706949 -0.3931014124518924
-0.5458840792422152 -0.2892578339218279
-0.5357977780047686 -0.379005720483504
-0.5193118457510794 -0.2704615101732173
-0.5144759065134357 -0.36392333007732836
-0.49166150401770936 -0.3477851723427205
-0.490879555915564 -0.2503494437622038
-0.4672500933472823 -0.33051734356669005
-0.46045700579156257 -0.22882953270241968
-0.4411298839299253 -0.31204076677633746
-0.42790487715888126 -0.2058032278684503
-0.4131812598533533 -0.29227082961066014
-0.39307409952191186 -0.18116508169610335
-0.38327623209142125 -0.27111699684338547
-0.35580516745035495 -0.15480226529169205
-0.35127785238615394 -0.24848239578240156
-0.31703958610151795 -0.22426337264714877
-0.3159274101337889 -0.12659405173897198
-0.2804046411769574 -0.19834901789242826
-0.273258209805063 -0.09641126323756133
-0.24120525010767765 -0.17062065830487733
-0.22760216545332657 -0.06411567954105213
-0.19926190166354832 -0.14095131354619786
-0.17875019799696867 -0.02955940498578713
-0.1543825188283299 -0.1092051146544108
-0.12647859281866547 0.007415808788346245
-0.10636157919464621 -0.07523668184019865
-0.07054797527788137 0.04697928752666902
-0.05497917378660467 -0.03889045872899164
-0.010702214509242247 0.08931220977667431
0.0 0.0
0.05333274951320177 0.1346084365841802
0.1218501610172168 0.18307539926821137
0.19516379132651296 0.23493504934012466
0.2736093757574598 0.29042487491707203
0.3575461510985729 0.34979898828440564
0.447358500713564 0.41332928958745263
0.5434577148016043 0.4813067119817129
0.6462838738758075 0.5540425539435714
0.756307864085205 0.63186990484276
0.8740335336092603 0.7151451703048917
0.9999999999999999 0.804249704349373
