# CURVE 2D, normalized by CHORD
# COLUMN#1 = X-coordinate, COLUMN#2 = Y-coordinate
#-------------------------------------------------------------------------------
-0.9308168194861435 -0.7385230416319657
-0.9308168194861434 -0.7385230416319657
-0.9290006701287632 -0.7307339545678688
-0.9270573903163665 -0.7223996314092852
-0.9257223025560251 -0.7397109091667176
-0.924978080917102 -0.7134819056296007
-0.9227532198598889 -0.7039399390453382
-0.9203726185286709 -0.6937300348001774
-0.9202711694407983 -0.7409819274289021
-0.9178253751042678 -0.6828054372578554
-0.9150998246401564 -0.6711161178875708
-0.9144384570075059 -0.7423419169694396
-0.9121834856435571 -0.6586085461613662
-0.909063002917196 -0.6452254444143275
-0.9081974547038827 -0.7437971057778148
-0.9057240863999895 -0.6309055255449958
-0.9021514457265786 -0.6155832123548111
-0.9015195822390061 -0.745354157802776
-0.8983287202060288 -0.5991883372413134
-0.8943742587015879 -0.7470202034694847
-0.8942384038990407 -0.5816458208698708
-0.8898617654505634 -0.5628753283524273
-0.8867287625165508 -0.748802872332863
-0.8851787623106927 -0.5427909013587627
-0.880167948951031 -0.5213005644755416
-0.8785480815985609 -0.7507103280166776
-0.8748063786561929 -0.498305904010495
-0.8697947530163117 -0.7527513055983595
-0.8690694984407162 -0.4737016173128952
-0.8629310366101562 -0.4473750305464634
-0.8604286914333052 -0.7549351516107589
-0.856362882451457 -0.4192055827063813
-0.8504070055394881 -0.7572718668440264
-0.8493349575016488 -0.3890642735174935
-0.841815077805354 -0.3568130726853836
-0.8396838016331039 -0.7597721521436225
-0.8337688065303187 -0.32230428779502596
-0.8282099734532726 -0.7624474574141904
-0.8251592962660308 -0.28537988796234326
-0.8165497860017429 -0.2484554881296606
-0.8159329773008532 -0.765310034053698
-0.8085035147267076 -0.21394670323930293
-0.8027965914177646 -0.7683729910579712
-0.8009836350304128 -0.181695502407193
-0.7939557100806046 -0.1515541932183052
-0.7887406585228596 -0.7716503550525435
-0.7873875559219053 -0.12338474537822317
-0.7812490940913454 -0.09705815861179135
-0.7755122138758687 -0.0724538719141915
-0.7737008103253116 -0.7751571345267358
-0.7701506435810306 -0.04945921144914492
-0.7651398302213689 -0.02796887456592384
-0.7604568270814982 -0.007884447572259257
-0.7576081727539348 -0.7789093885641216
-0.7560801886330208 0.010886044945184248
-0.7519898723260328 0.0284285613166268
-0.748167146805483 0.044823436430124486
-0.7445945061320721 0.060145749620309275
-0.7412555896148656 0.07446566848964087
-0.7403890505525619 -0.7829243003841244
-0.7381351068885045 0.0878487702366797
-0.7352187678919052 0.10035634196288423
-0.7324932174277938 0.11204566133316879
-0.7299459740033907 0.12297025887549085
-0.7275653726721727 0.13318016312065167
-0.7253405116149596 0.1427221297049141
-0.7232612022156951 0.15163985548459863
-0.7219645897970928 -0.7872202560315275
-0.7213179224032984 0.15997417864318225
-0.7195017730459182 0.16776326570727912
-0.7176033464696425 0.16732061739969645
-0.7155720300330275 0.166846983710583
-0.7133985214458495 0.1663401956632316
-0.7110728672575689 0.1657979324525656
-0.7085844172761087 0.165217710817153
-0.7059217757959463 0.1645968736672615
-0.7030727494121726 0.1639325779168776
-0.7022504167887409 -0.7918169285742487
-0.7000242911815348 0.16322178146396685
-0.6967624408747521 0.16246122925935233
-0.6932722610464949 0.1616474384004148
-0.6895377686302595 0.1607766821813516
-0.6855418617448876 0.15984497302695402
-0.6812662413775398 0.15884804423174861
-0.6811562516698042 -0.7967353681949604
-0.6766913275844777 0.1577813304208788
-0.6717961698259011 0.15663994664324812
-0.6665583510242241 0.1554186660011833
-0.6609538849064299 0.1541118957141739
-0.658585494992542 -0.801998098589122
-0.65495710616039 0.1527136515070739
-0.6485405529021273 0.15121753020547685
-0.6416748409157863 0.14961668041276804
-0.6344347853478716 -0.8076292201108748
-0.6343285290904013 0.1479037711345696
-0.6264679754372394 0.14607095820689728
-0.6180571830283562 0.14410984837428786
-0.6090576351508512 0.14201146085339583
-0.6085935260280741 -0.8136545201391503
-0.5994281189219207 0.13976618620604134
-0.5891245365569652 0.137363742333372
-0.5809433785558908 -0.8201015911694052
-0.5780997034264628 0.13479312738961585
-0.5663031319768252 0.13204256939979678
-0.553680800525713 0.12909947235069033
-0.5513577207606548 -0.8269999571717779
-0.5401749058730229 0.12595035850814645
-0.5257235985946446 0.12258080669662451
-0.5197010669197524 -0.8343812087943167
-0.5102606998067797 0.11897538625829603
-0.4937153981037642 0.11511758638928453
-0.48582844730998653 -0.8422791480304331
-0.47601192528153774 0.11098974052944224
-0.4570692093617554 0.106572945459411
-0.44958474432753714 -0.8507299430130777
-0.4368005033275883 0.10184697473447757
-0.4151129878710295 0.09679018605879881
-0.4108039821363163 -0.8597722936445076
-0.3919073463325116 0.09137942217582253
-0.36930856659170996 -0.8694476088201373
-0.3670773098862974 0.08558990482103788
-0.34050917088884824 0.07939512125141834
-0.3249084719589812 -0.8798001960580613
-0.3120812621615776 0.07276670283192542
-0.28166339982339805 0.065674295123068
-0.27740037070196144 -0.8908774644026398
-0.24911628712154588 0.05808541887459054
-0.2265667023569502 -0.902730141531339
-0.2142908765305641 0.04996532128871967
-0.1770276871982136 0.04127681687183785
-0.17217467722778834 -0.915412506059047
-0.13715607461259857 0.03198011714577429
-0.11397521033958524 -0.9289826361036946
-0.09449344914599046 0.022032648438886287
-0.05170178076920773 -0.9435026752514676
-0.0488444398967198 0.011388856922516122
0.0 0.0
0.014930788871096223 -0.9590391171395847
0.08622763838622138 -0.9756631099598698
0.1625152673674054 -0.9934507822775751
0.24414303037727225 -1.0124835916575197
0.33148473679782975 -1.0328486976940603
0.4249403626678263 -1.0546393611531588
0.5249378823487226 -1.0779553710543943
0.6319352284072817 -1.1029035016487163
0.7464223886899399 -1.1295980013846407
0.8689236501923842 -1.15816111610208
1.0 -1.18872364884974
