# CURVE 2D, normalized by CHORD
# COLUMN#1 = X-coordinate, COLUMN#2 = Y-coordinate
#-------------------------------------------------------------------------------
-2.4351150856913377 2.952840722871156
-2.4260514335704615 2.9570323184590936
-2.421759060427706 2.923960463750845
-2.4163533258011234 2.9615173257381873
-2.4074681133956197 2.8930585864921126
-2.405976350487932 2.966316283526817
-2.3948729869028167 2.9714511683606517
-2.392176800071288 2.8599935778252688
-2.382992387866744 2.976945495132854
-2.3758150948142527 2.8246140185517454
-2.3702801468981454 2.982824424779111
-2.3583080701892247 2.786757890129076
-2.356678049061746 2.9891148795006055
-2.342123804376798 2.9958456660526047
-2.339575553840445 2.7462518327168195
-2.3265507625639033 3.0030476076632437
-2.319531761347251 2.7029103512857056
-2.309887607824107 3.0107536851866277
-2.298084903379533 2.656534966154413
-2.292058032252524 3.018999188136649
-2.275136765354075 2.60691330406393
-2.2729803863909304 3.0278218762931712
-2.2525673053190256 3.03726215262065
-2.2505822576668346 2.5538181256271133
-2.230725308572087 3.0473632482910524
-2.2243089344414875 2.4970062846997196
-2.2073543720528632 3.0581714206583834
-2.1961964785903665 2.4362176149074077
-2.182347469977293 3.069736165091427
-2.1661161508296667 2.3711737382296345
-2.155590084756434 3.0821104416347835
-2.1339302001257177 2.3015767901844173
-2.126959682570114 3.0953509175361753
-2.0994912328724924 2.2271080557760348
-2.0963251522307518 3.109518226750665
-2.0635462047676345 3.124677247610168
-2.0626415379115417 2.1474265099590655
-2.0284727309820987 3.1408973999298366
-2.023212364303324 2.062167255934908
-1.9909441140315756 3.158252962911882
-1.9810231485425314 1.97093985412906
-1.9507884938945157 3.176823415302671
-1.935880687678483 1.8733265341968024
-1.9078219803478618 3.1966937993608147
-1.8875782545539515 1.7688802818692866
-1.8618478108529417 3.217955110303029
-1.8358946511107026 1.657122791878845
-1.8126554494933775 3.2407047130111977
-1.7805931954264262 1.5375422775890721
-1.7600196228386435 3.2650467879089384
-1.7214206378442505 1.4095911272990154
-1.7036992883180786 3.291092808049521
-1.6581060012313227 1.2726833964886546
-1.643436530381074 3.3189620495999446
-1.5947913646183949 1.1357756656782938
-1.578955379388479 3.3487821380588976
-1.5356188070362191 1.007824515388237
-1.5099605478264024 3.380689632709977
-1.480317351351943 0.8882440010984645
-1.4361360780549806 3.4148306519866325
-1.4286337479086941 0.7764865111080226
-1.3803313147841625 0.672040258780507
-1.3571438953995587 3.451361542612654
-1.3351888539201142 0.5744269388482494
-1.2929996381593214 0.48319953704240115
-1.2726222599582577 3.4904495955824966
-1.2535704645511039 0.3979402830182438
-1.216720769590153 0.3182587372012745
-1.1822818023369277 0.24379000279289187
-1.1821841100360655 3.532273812260228
-1.150095851632979 0.17419305474767466
-1.120015523872279 0.10914917806990143
-1.0919030680211579 0.048360508277589975
-1.0854152896193199 3.577025724105401
-1.0656297447958107 -0.008451332649803911
-1.0410752371085708 -0.06154651108662068
-1.0181270990831126 -0.11116817317710348
-0.9966802411153947 -0.15754355830839595
-0.9818726517734024 3.624910269779736
-0.9766364486222004 -0.2008850397395101
-0.9579039322734207 -0.24139109715176676
-0.9403969076483929 -0.27924722557443626
-0.9240352023913577 -0.31462678484795936
-0.9087438890670256 -0.34769179351480317
-0.8944529420349396 -0.3785936707735358
-0.8810969167713079 -0.40747392989384656
-0.8787721166585964 -0.40639879795306594
-0.8762845805379952 -0.4052484067764306
-0.8736229168889519 -0.40401748821743083
-0.8710820292782706 3.676146733651274
-0.8707749367844755 -0.4027004053593011
-0.8677275980726856 -0.4012911267011022
-0.8644669456510706 -0.3997831985368294
-0.8609780475599427 -0.39816971540105756
-0.8572449266024357 -0.3964432884457817
-0.8532504871779031 -0.3945960116036365
-0.8489764369936534 -0.39261942538254113
-0.8444032032965061 -0.3905044781259691
-0.8395098432405586 -0.388241484561437
-0.8342739479806947 -0.38582008144738766
-0.8286715400526403 -0.3832291801153549
-0.822676963569622 -0.38045691569007983
-0.8162627667327926 -0.3774905927550355
-0.8093995761173851 -0.37431662721453807
-0.8020559621588991 -0.3709204840862058
-0.7941982952233191 -0.3672866109388903
-0.7857905916022484 -0.36339836667126274
-0.7767943487277028 -0.35923794530490116
-0.767168368851939 -0.35478629444289433
-0.7568685703848717 -0.350023028020547
-0.7525360632084792 3.7309697499938204
-0.7458477860251097 -0.3449263329486354
-0.7340555467601644 -0.33947286922168995
-0.7214378507466729 -0.33363766303385833
-0.7079369160122371 -0.32739399241287853
-0.6934909158463907 -0.3207132648484301
-0.678033695668935 -0.3135648863544703
-0.6614944700790574 -0.30591612136593327
-0.6437974986978885 -0.2977319428281987
-0.6256918795138027 3.789630377480345
-0.6248617393200376 -0.28897487179282266
-0.6046004767857373 -0.2796048057849703
-0.5829209258740359 -0.26957883515656833
-0.5597238063985154 -0.2588510465841782
-0.5349028885597085 -0.24737231281172076
-0.5083445064721851 -0.2350900676751913
-0.4899686029604986 3.852397248890926
-0.47992703763853506 -0.2219480653791048
-0.44952034598652946 -0.2078861229222922
-0.41698518591888356 -0.19283984449350272
-0.38217256464650234 -0.176740326574698
-0.3449230598850545 -0.15951384240157693
-0.34474469704846333 3.9195578013002477
-0.3050660897903053 -0.14108150433633737
-0.2624191317889237 -0.12135890260653107
-0.2167868867274453 -0.10025571875563832
-0.1893551177225854 3.991419592378222
-0.16796038451166348 -0.07767531203518308
-0.1157160271407769 -0.053514276844295966
-0.05981456475392827 -0.02766196919004676
-0.02308826784389617 4.068311708831654
0.0 0.0
0.15481726152630115 4.1505862734368275
0.3451761779524125 4.238620057564362
0.5488602185283515 4.332816206580825
0.7668021419446065 4.433606086028439
1.0 4.541451257037387
