# CURVE 2D, normalized by CHORD
# COLUMN#1 = X-coordinate, COLUMN#2 = Y-coordinate
#-------------------------------------------------------------------------------
-1.2681237876282465 0.6244305695438698
-1.2681237876282463 0.6244305695438698
-1.2658550668628983 0.6165723142762746
-1.2634275356439757 0.6081639811399476
-1.262139276348325 0.6261583302934098
-1.2608300772397285 0.5991670646840779
-1.258050796747184 0.5895403640762971
-1.2557358492788095 0.6280070342954178
-1.2550769666201613 0.5792397944259717
-1.251894968384247 0.5682181849001237
-1.2488841823144279 0.6299851475775663
-1.248490230271819 0.5564250627074662
-1.2448471604915208 0.5438064219613227
-1.241552898662539 0.6321017287894651
-1.2409490758266017 0.5303044763629492
-1.2367781252351384 0.5158573945726894
-1.2337084251550183 0.634366470686197
-1.2323152081022726 0.5003990170571115
-1.2275398867701062 0.4838585531154432
-1.2253148385019714 0.6367897445157
-1.2224302929446882 0.46616025669785804
-1.2169630275514909 0.447223079531042
-1.2163337007832107 0.6393826475132682
-1.2111130535807697 0.42696029996254875
-1.2067238834241372 0.6421570537206662
-1.204853581432098 0.40527912582426107
-1.1981559462330194 0.38208026949629315
-1.1964413788499284 0.6451256683625821
-1.1909894765700053 0.3572574932253675
-1.1854390989555252 0.6483020860294321
-1.18332135403058 0.33069712261547707
-1.1751164629133952 0.3022775260628943
-1.1736666594685135 0.6517008529329615
-1.1663372294180074 0.27186855775163077
-1.161070149217411 0.6553375335197381
-1.1569434495779425 0.23933096165857876
-1.1475918832487313 0.659228781747589
-1.1468921051490728 0.20451573383901311
-1.1361371666101825 0.16726344007207788
-1.1331701386622441 0.6633924173513894
-1.1253822280712922 0.13001114630514266
-1.1177388719547028 0.6678475074474559
-1.1153308836424225 0.095195918485577
-1.1059371038023575 0.062658322392525
-1.1012274165776335 0.6726144538502471
-1.0971578703069698 0.03224935408126145
-1.088952979189785 0.003829757528678701
-1.0835601593241693 0.6777150865012336
-1.0812848566503597 -0.022730613081211742
-1.0741183869873456 -0.047553389352137376
-1.067420751788267 -0.07075224568010527
-1.0646561940629629 0.6831727634377892
-1.0611612796395953 -0.09243341981839298
-1.055311305668874 -0.11269619938688624
-1.0498440402756768 -0.13163337655370227
-1.0447344464502588 -0.1493316729712874
-1.044428951233472 0.6890124777599037
-1.0399591251180924 -0.16587213691295571
-1.0354962079852266 -0.18133051442853365
-1.0313252573937632 -0.19577759621879337
-1.0274271727288442 -0.2092795418171669
-1.023784102948546 -0.2218981825633104
-1.0227858014059166 0.6952609720845662
-1.020379364836118 -0.2336913047559679
-1.0171973666002037 -0.24471291428181596
-1.014223536473181 -0.25501348393214135
-1.0114442559806365 -0.26464018453992205
-1.0088467975763893 -0.27363710099579186
-1.0064192663574667 -0.2820454341321188
-1.0041505455921185 -0.289903689399714
-1.001501064862886 -0.289138769994183
-0.9996276310904323 0.701946861011955
-0.9986661204826071 -0.2883203062302648
-0.9956327299957087 -0.28744455000287233
-0.9923870021747274 -0.2865074908395624
-0.9889140734062773 -0.28550483753482075
-0.985198039624036 -0.28443199849874723
-0.9812218834770375 -0.2832840607301485
-0.9769673963997494 -0.28205576731774795
-0.9748483888528642 0.7091007621642611
-0.9724150952270509 -0.2807414933664793
-0.9675441329722637 -0.27933522023862184
-0.9623322033596412 -0.2778305079918144
-0.9567554386741353 -0.2762204658877304
-0.9507883004606439 -0.27449772083636054
-0.9483345996586662 0.7167554363972286
-0.9444034625722081 -0.27265438363139477
-0.9375716860315818 -0.27068201282208143
-0.9302616851331116 -0.2685715760561161
-0.9224399841717486 -0.26631340871653325
-0.9199648452208745 0.7249459378265039
-0.9140707641430901 -0.2638971696631796
-0.9051156987124256 -0.26131179387609116
-0.8955337787016145 -0.25854544178390654
-0.8896092079724373 0.7337097743558283
-0.8852811242900467 -0.25558544504526903
-0.8743107840696691 -0.25241824853492684
-0.862572520033865 -0.24902934826886072
-0.8571286761166094 0.7430870794422055
-0.8500125775155547 -0.24540322498417
-0.8365734390209627 -0.2415232730695509
-0.8223745070308736 0.7531207958846291
-0.8221935608317491 -0.23737172452090846
-0.8068070911692907 -0.23292956757386105
-0.7903435686304603 -0.22817645964052033
-0.7851875461091363 0.7638568724780224
-0.7727275995139116 -0.22309063415184577
-0.7538785125592046 -0.21764880087896396
-0.7453974979228774 0.7753444744329532
-0.733709989517668 -0.21182603927698046
-0.7121296698632239 -0.20559568436285808
-0.7028221463635805 0.7876362085247292
-0.6890387278329686 -0.19892920460474714
-0.6643314198605955 -0.19179607126356846
-0.6572665201951325 0.8007883640029294
-0.6378946003301563 -0.18416361858850724
-0.6096072034325865 -0.17599689422619175
-0.6085220001948936 0.8148611703646037
-0.5793396887521867 -0.1672584991585142
-0.5563653637946376 0.8299190731715953
-0.5469534480441589 -0.1579084164360992
-0.5123001704865692 -0.14790382792311513
-0.5005577628463637 0.8460310291750761
-0.4752211634999481 -0.1371989182142222
-0.44084362983171077 0.8632708220988008
-0.4355466260242636 -0.12574466482570676
-0.3930948709252811 -0.11348861369999522
-0.3769495075060322 0.881717400527186
-0.3476714929693699 -0.10037463899548388
-0.30858279661755617 0.9014552394455582
-0.29906847855654495 -0.08634268606165675
-0.2470632531348222 -0.07132849642246172
-0.23543041596688663 0.9225747270882165
-0.19141766193357887 -0.055263313508523045
-0.1571573686706701 0.9451725788658609
-0.1318768793482485 -0.03807356779060866
-0.07340520806371853 0.9693522802679404
-0.068168241981945 -0.01968053987244026
0.0 0.0
0.016209603785719562 0.9952245607681655
0.11209745246461844 1.0229079009034063
0.21469745055104017 1.052529074848114
0.3244794485035114 1.0842237309689513
0.4419461863126557 1.118137013018247
0.56763559576844 1.1544242248109935
0.7021232638861293 1.1932515414292324
0.8460250687720569 1.2347967702107479
0.9999999999999999 1.2792501650069696
