# CURVE 2D, normalized by CHORD
# COLUMN#1 = X-coordinate, COLUMN#2 = Y-coordinate
#-------------------------------------------------------------------------------
0.0 0.0
0.018493970556543515 0.01691477240329004
0.03577805518882711 0.03272297091103768
0.05193140531245664 0.04749698820799809
0.06702799421304498 0.06130448100889567
0.08113695580237987 0.07420867988823919
0.09432290121297324 0.0862686788408967
0.1066462146808175 0.09753970589945513
0.11816333007132616 0.10807337604764056
0.1289269893147922 0.11791792758800078
0.1389864839348539 0.12711844304628137
0.1483878807760331 0.13571705562411368
0.157174232964051 0.1437531421454523
0.16538577706500232 0.15126350338034816
0.17306011734626522 0.15828253257183966
0.18023239798295954 0.16484237293771956
0.1869354639985617 0.17097306486844846
0.1932000116766946 0.17670268349529789
0.19905472913289352 0.18205746725870856
0.2045264276900888 0.18706193806563443
0.20964016465943017 0.19173901358612588
0.21441935808872117 0.19611011220340763
0.2188858940039464 0.20019525109806344
0.22306022663499803 0.2040131379154988
0.22696147208457898 0.2075812564364664
0.2306074958692341 0.21091594664297822
0.2340149947333977 0.21403247954626026
0.23719957311112078 0.21694512711942107
0.24017581458562826 0.21966722765508537
0.24295734867395305 0.22221124684729499
0.24555691324248086 0.22458883487739742
0.24798641283923584 0.22681087976534364
0.25025697321003487 0.22888755723071394
0.2523789922481648 0.23082837729180766
0.25436218761090307 0.23264222781619434
0.2562156412209389 0.2343374152221632
0.2579478408564863 0.23592170251746117
0.25956671902054934 0.23740234484951536
0.2610796892673372 0.23878612272993985
0.2624936801521857 0.24007937308547675
0.2638151669604553 0.2412880182775673
0.2650502013607073 0.24241759322344633
0.2662044391179521 0.24347327074295944
0.26728316599388185 0.2444598852471773
0.26829132195269473 0.24538195487728745
0.26923352378336096 0.2462437021951474
0.2701140862419275 0.24704907352025018
0.2709370418106813 0.24780175700165463
0.27170615916465685 0.2485051995076401
0.2724249604300545 0.24916262241043025
0.27526023397514054 0.24606264186015284
0.2782939766683826 0.24274566267135597
0.2815400813501517 0.23919649493934333
0.2850134133596446 0.23539888546608984
0.2887298786098019 0.23133544332970857
0.2927064964274704 0.2269875602437806
0.2969614774923755 0.2223353253418377
0.30151430723182404 0.2173574339967588
0.30638583505303396 0.21203109025752437
0.3115983698217286 0.20633190245654354
0.3171757820242319 0.200233771509494
0.3231436130809104 0.19370877139615106
0.32952919231155636 0.18672702127487406
0.33636176208834756 0.1792565486451077
0.3436726117495142 0.1712631429312577
0.35149522088696245 0.1627101988174382
0.35986541266403205 0.1535585486156513
0.36882151786549655 0.14376628289973933
0.3784045504310636 0.13328855858371352
0.3886583952762203 0.12207739356556593
0.399630009260538 0.110081446996148
0.41136963622375794 0.0972457841668708
0.4239310370744032 0.08351162493954419
0.4373717359845937 0.06881607456630473
0.45081243489478423 0.05412052419306527
0.4633738357454295 0.040386364965738664
0.47511346270864946 0.02755070213646147
0.48608507669296713 0.015554755567043534
0.49633892153812387 0.004343590548895937
0.5059219541036909 -0.0061341337671298735
0.5148780593051554 -0.015926399483041837
0.5232482510822251 -0.025078049684828727
0.5310708602196733 -0.03363099379864823
0.5383817098808399 -0.04162439951249826
0.545214279657631 -0.049094872142264614
0.551599858888277 -0.056076622263541584
0.5575676899449555 -0.06260162237688455
0.5631451021474588 -0.06869975332393408
0.5683576369161535 -0.07439894112491491
0.5732291647373634 -0.07972528486414934
0.5777819944768119 -0.08470317620922824
0.5820369755417171 -0.08935541111117115
0.5860135933593855 -0.09370329419709911
0.5897300586095429 -0.09776673633348038
0.5932033906190357 -0.10156434580673387
0.5964494953008048 -0.10511351353874651
0.5994832379940469 -0.10843049272754338
0.602318511539133 -0.11153047327782079
0.6033678058353664 -0.11057077810849003
0.6044905507323364 -0.10954390427730609
0.605691887772094 -0.10844514927793925
0.606977318404635 -0.10726948142861675
0.6083527291814537 -0.10601151682984167
0.6098244187126496 -0.10466549470915237
0.6113991265110292 -0.10322525104001479
0.6130840638552956 -0.10168419031403764
0.6148869468136604 -0.100035255337242
0.6168160315791109 -0.09827089491207075
0.6188801522781429 -0.09638302925713743
0.6210887614261071 -0.0943630130063588
0.6234519732144288 -0.09220159561802571
0.625980609827933 -0.08988887901250925
0.6286862510043827 -0.08741427224460668
0.6315812870631836 -0.08476644300295089
0.6346789756461007 -0.08193326571437926
0.637993502429822 -0.07890176601560756
0.6415400460884038 -0.07565806133792186
0.6453348478030861 -0.07218729733279816
0.6493952856377965 -0.06847357984731578
0.6537399541209363 -0.06449990213784967
0.6583887493978962 -0.06024806698872087
0.663362960344243 -0.05569860337915311
0.6686853660568344 -0.050830677316915596
0.6743803401693069 -0.04562199643032144
0.6804739624696526 -0.04004870788166576
0.6869941383310225 -0.034085289134604124
0.6939707265026884 -0.02770443107524817
0.7014356758463708 -0.02087691295173727
0.709423171644111 -0.013571468559580635
0.7179697921476929 -0.005754643059973086
0.7271146760865257 0.00260936022460706
0.7368997019010767 0.011558843739107788
0.7473696795226463 0.021134791099623573
0.7585725555777257 0.03138105477537545
0.7705596329566607 0.04234455690842995
0.7833858057521212 0.05407550419079829
0.7971098106432639 0.06662761778293241
0.8117944958767866 0.08005837932651591
0.8275071090766559 0.09442929417815027
0.8443196052005161 0.10980617306939905
0.8623089760530465 0.12625943348303523
0.8815576028652539 0.14386442212562592
0.9021536335543159 0.16270175997319797
0.9241913863916122 0.18285771147010008
0.9477717819275193 0.20442457957178534
0.9730028051509398 0.22750112844058853
1.0 0.25219303573020807
