# CURVE 2D, normalized by CHORD
# COLUMN#1 = X-coordinate, COLUMN#2 = Y-coordinate
#-------------------------------------------------------------------------------
-1.2629725081774557 -0.02591314233677583
-1.2629725081774557 -0.025913142336775774
-1.2610426344209433 -0.021650154322399
-1.2589776695014752 -0.01708875714701577
-1.2570015886997754 -0.028616204311935567
-1.256768157037644 -0.012208062169355716
-1.254403978701345 -0.006985718543259467
-1.2518743078815049 -0.001397810863336485
-1.2506127048586575 -0.03150848062535627
-1.249167560104276 0.00458125035418111
-1.246271339982641 0.010978845856924935
-1.2437765991486613 -0.03460321628071661
-1.2431723844524916 0.01782427304486084
-1.239856502035232 0.025148880135952234
-1.2364619660389655 -0.03791458343195231
-1.236308507848764 0.032986209723420035
-1.232512154069243 0.04137215238201061
-1.2286353086115906 -0.04145774628377441
-1.2284500555251558 0.0503451110267025
-1.2241036100829825 0.059946176776522836
-1.2202607851642995 -0.04524893053522394
-1.219452913459857 0.07021931712883056
-1.2144766680731127 0.08121157730579989
-1.2113000450756983 -0.04930549768427506
-1.2091520855092965 0.09297329569515703
-1.2034547821660129 0.10555833437176917
-1.2017120531808954 -0.05364602453375966
-1.1973586675886996 0.11902432575574419
-1.1914529018534559 -0.05829038826270827
-1.1908358249909743 0.13343293653659744
-1.1838563834114082 0.14885015007211042
-1.1804756099330955 -0.06325985745268325
-1.1763883809212725 0.1653465685551093
-1.1687299075783102 -0.06857718948595648
-1.1683976182568274 0.1829977363319181
-1.1598475022058712 0.20188448585310353
-1.1561620060586897 -0.07426673476155876
-1.1506988780313478 0.22209330784077194
-1.1427143514326956 -0.08035454820645338
-1.1415502538568245 0.24230212982844035
-1.1330001378058683 0.26118887934962576
-1.128325360982882 -0.0868685085924904
-1.1250093751414232 0.27884004712643456
-1.1175413726512875 0.2953364656094335
-1.1129291412015818 -0.09383844620555015
-1.1105619310717214 0.31075367914494645
-1.1040390884739961 0.3251622899257997
-1.0979429738966828 0.33862828130977474
-1.0964551860355902 -0.10129627945152408
-1.0922456705533992 0.35121331998638683
-1.086921087989583 0.36297503837574396
-1.0819448426028386 0.3739672985527133
-1.0788280540079795 -0.10927616102471616
-1.0772941459797132 0.384240438905021
-1.0729477005375399 0.39384150465484136
-1.0688856019934527 0.4028144632995333
-1.0650892482139318 0.41120040595812385
-1.0615412540274638 0.41903773554559165
-1.059967022738436 -0.11781463430803163
-1.0582253716102041 0.42636234263668304
-1.0551264160800546 0.43320776982461895
-1.0522301959584197 0.4396053653273628
-1.0495234481811908 0.4455844265448804
-1.0469937773613507 0.45117233422480335
-1.0446295990250516 0.4563946778508996
-1.0424200865612205 0.4612753728285597
-1.0403551216417524 0.46583677000394286
-1.0397857192800242 -0.12695080072117926
-1.03842524788524 0.4700997580183197
-1.0356853323465813 0.46885938598929094
-1.0327536227202165 0.4675321879182302
-1.029616693420006 0.46611208598219517
-1.0262601790687809 0.46459257691063766
-1.02266870871297 0.4629667022040711
-1.0188258354322524 0.46122701626804496
-1.0181917245795238 -0.13672649878324716
-1.0147139610218845 0.45936555231649695
-1.0103142554027909 0.4573737858883406
-1.0056065703903605 0.4552425958102133
-1.0005693474270603 0.45296222242661716
-0.9951795188563289 0.45052222290616917
-0.9950861502499879 -0.14718649570965991
-0.9894124022856464 0.44791142341928986
-0.9832415875550161 0.44511786796832903
-0.9766388157932417 0.44212876363580095
-0.9703631857173851 -0.1583786924209215
-0.9695738500081431 0.4389304219999958
-0.9620143366180876 0.4355081964496844
-0.9539256572907282 0.4318464151108512
-0.9452707704104536 0.4279283090782996
-0.9439096136674998 -0.17035434290197138
-0.9360100414485598 0.42373593562346945
-0.9261010614593335 0.4192500960268012
-0.9156042915741227 -0.1831682889166948
-0.9154984528708613 0.4144502476583661
-0.904153661681196 0.4093144099041406
-0.8920147351082541 0.40381906350711927
-0.8853175969342089 -0.19687921115244877
-0.8790260836752064 0.3979390428623065
-0.8651282266418453 0.3916474207723568
-0.8529108336695013 -0.2115498979447057
-0.8502575196161489 0.3849153851361106
-0.8343458630986538 0.37771210700532726
-0.8182355969762642 -0.22724753281242038
-0.817320390624934 0.37000459940538905
-0.7991031350780539 0.3617575662734551
-0.7811330937145007 -0.24404400212087518
-0.7796106716428921 0.35293324082228583
-0.758753735767269 0.3434912125895347
-0.7414334152244135 -0.26201622428092186
-0.7364368143803522 0.333388242380491
-0.7125577084963514 0.3225780642568142
-0.6989547592400203 -0.2812465019921718
-0.6870070652004704 0.31101117366448
-0.6596678768738777 0.2986346007306825
-0.6535025973367194 -0.30182289914320926
-0.6304149453644237 0.28539166769151914
-0.6048687841001876 -0.32383964409481925
-0.5991143086493078 0.27122172933961436
-0.5656226273641338 0.2560598953030762
-0.5528306039370985 -0.3473975611930421
-0.5297865283889975 0.23983673288398039
-0.4971497511625931 -0.3726045324881404
-0.4914419024856019 0.22247794909554786
-0.45041315276896843 0.20390405044192506
-0.4375712386938724 -0.3995759917738957
-0.40651239057217065 0.18402997888254866
-0.3738222303523413 -0.4284354532096537
-0.359538575021597 0.16276472231401592
-0.30927659238248323 0.14001089778568587
-0.3056107914269033 -0.4593150769459149
-0.2554962709586315 0.11566430554037274
-0.23262455177668429 -0.4923562743437143
-0.19795132703511015 0.08961345183788769
-0.15452927535094996 -0.5277103555593597
-0.13637823703694227 0.061739038376228676
-0.07096732957541407 -0.5655392224601004
-0.07049503073890266 0.03191341597225353
0.0 0.0
0.018443952404409103 -0.6060161100438928
0.11411402412282001 -0.6493263797585507
0.21648100086151967 -0.6956683683532346
0.32601366597192827 -0.7452542961495465
0.4432136176400654 -0.7983112388916
0.5686175659249721 -0.8550821676255975
0.7027997905898224 -0.9158270613709748
0.8463747709812123 -0.9808240976785284
1.0 -1.050370926527611
