# CURVE 2D, normalized by CHORD
# COLUMN#1 = X-coordinate, COLUMN#2 = Y-coordinate
#-------------------------------------------------------------------------------
-0.680016226131545 0.626118516062751
-0.6782219833313894 0.6244664839548107
-0.6781257778453644 0.6281716984496085
-0.6763021435352229 0.6226988095993146
-0.6761029981791511 0.6303686036035461
-0.6742479149533247 0.6208073980389338
-0.6739386239363029 0.6327192921182593
-0.6720498903706936 0.6187835876693262
-0.6716227434964552 0.6352345288290023
-0.6696980040672784 0.6166181105738462
-0.6691447514258184 0.6379258321094975
-0.6671814857226241 0.6143010500816825
-0.6664932999102369 0.6408055266196272
-0.6644888110938441 0.6118217953550674
-0.6636562467885647 0.643886799745466
-0.6616076492410494 0.6091689927975893
-0.6606205999483754 0.6471837619901136
-0.6585248060585591 0.6063304940610876
-0.6573724578293729 0.6507115115918864
-0.6552261638532946 0.6032933004130309
-0.6538969457620403 0.6544862036657835
-0.6516966166936614 0.6000435032096102
-0.6501781478499943 0.6585251241848533
-0.6479200012328539 0.59656622020195
-0.6461990340841051 0.662846769140258
-0.6438790226897899 0.5928455273837536
-0.6419413823546036 0.6674709292425409
-0.6395551756487114 0.5888643860682835
-0.6373856950040371 0.6724187805519838
-0.6349286593147575 0.5846045648607304
-0.6325111095389309 0.6777129814530876
-0.6299782868374267 0.5800465561686488
-0.6272953030912672 0.6833777764172686
-0.6246813882866828 0.5751694868681213
-0.6217143901922672 0.6894391070289424
-0.6190137068373869 0.5699510227165568
-0.6157428133903371 0.6959247307834333
-0.6129492876866401 0.5643672660743829
-0.6093532262122718 0.7028643482007386
-0.6064603591953412 0.558392646467257
-0.6025163679317421 0.7102897388372552
-0.5995172057096514 0.551999803487632
-0.5952009295715753 0.718234906818328
-0.5920880314799633 0.5451594614994334
-0.5873734105261967 0.726736236558076
-0.5841388150541968 0.5378402955720608
-0.5789979651476418 0.7358326593796062
-0.5756331534786269 0.5300087880297722
-0.5700362385925879 0.7455658317986436
-0.5665320955927671 0.5216290749595234
-0.561074512037534 0.7552990042176809
-0.556793963654897 0.5126627819743571
-0.552699066658979 0.7643954270392112
-0.5463741624813759 0.5030688484802293
-0.5448715476136006 0.7728967567789591
-0.5375561092534337 0.7808419247600319
-0.5352249752257086 0.49280333964151246
-0.530719250972904 0.7882673153965485
-0.5243296637948387 0.7952069328138538
-0.5232953448621444 0.4818192451840855
-0.5183580869929086 0.8016925565683447
-0.5127771740939085 0.8077538871800185
-0.5105306403731307 0.47006626411463853
-0.5075613676462449 0.8134186821441995
-0.5026867821811387 0.8187128830453033
-0.4981310948305723 0.8236607343547462
-0.49687240656988607 0.45749057437033036
-0.49387344310107084 0.8282848944570291
-0.4898943293351816 0.8326065394124338
-0.48617553142313563 0.8366454599315036
-0.482700019355803 0.8404201520054007
-0.48225809640041434 0.4440345863439206
-0.4794518772368005 0.8439479016071735
-0.47641623039661124 0.8472448638518211
-0.47357917727493903 0.8503261369776599
-0.47092772575935754 0.8532058314877896
-0.4684497336887206 0.8558971347682848
-0.46662078451907957 0.42963667915566217
-0.466133853248873 0.8584123714790278
-0.4639694790060248 0.860763059993741
-0.46194669933981153 0.8629599651476786
-0.460056251053631 0.8650131475345362
-0.4600562510536309 0.8650131475345361
-0.4562038497202423 0.8614660854006497
-0.4520817802935162 0.8576707289173913
-0.44988886080605134 0.4142309184642256
-0.4476711660069195 0.8536096974803047
-0.44295180872026085 0.8492643938426221
-0.43790209642353606 0.8446149189503016
-0.43249890426604054 0.8396399808155186
-0.4319857024331112 0.3977467545243885
-0.42671748865752046 0.834316797011301
-0.42053137395640405 0.8286209903407882
-0.41391223122620935 0.8225264772033394
-0.4128293229740652 0.3801086991087629
-0.40682974850490106 0.8160053481462692
-0.39925149199310117 0.8090277400552042
-0.39233199695288606 0.36123597981404343
-0.3911427575254751 0.8015616993977646
-0.3824664116451155 0.7935730358943041
-0.3731827215531307 0.7850251659456016
-0.37039985811022436 0.3410421701686936
-0.36324917315470673 0.7758789451004895
-0.35262027636839344 0.7660924887962199
-0.3469324695485762 0.31943479384816925
-0.341247356807038 0.7556209805506513
-0.32907833287638777 0.744416466727893
-0.3218223637876128 0.2963149011852082
-0.31605747727059197 0.7324276369375415
-0.30212516177239035 0.7195995890618656
-0.29495455062338194 0.2715766160358399
-0.28721758418931476 0.7058735778348921
-0.27126647617542377 0.6911867458220307
-0.26620599053765487 0.24510665092601577
-0.2541987906005605 0.6754718355682687
-0.23593636703545684 0.6586568815967437
-0.23544503124592692 0.216783788258504
-0.21639557382079588 0.6406648808472117
-0.20253080480377805 0.18647832520426638
-0.19548692508110843 0.6214134400452127
-0.17311467092964317 0.6008143983870735
-0.16731258251067874 0.15405147973623215
-0.1491763589875752 0.5787734238128648
-0.12962908465706247 0.11935475508543551
-0.12356236520956254 0.5551895810184615
-0.09615539186708899 0.5299548692284497
-0.08930774195369307 0.08222925970908311
-0.06682993039064233 0.5029537276131373
-0.04616390526108781 0.042504979656386034
-0.0354516866108443 0.474062506084753
-0.0018769657664603479 0.4431488990493816
0.0 0.0
0.03404798553703037 0.4100713395215344
0.07248768343176548 0.37467835082673784
0.11361816017913196 0.3368078529233055
0.15762777029881414 0.296286420166633
0.20471805312687397 0.25292848711699345
0.2551046557528982 0.2065354987538789
0.30901832056274403 0.1568950012053465
0.3667059419092792 0.10377966882841672
0.42843169675007164 0.04694626318510198
0.4944782544297197 -0.013865480853244905
0.565148071146943 -0.07893404697427603
0.640764775034372 -0.14855741272377931
0.721674648193921 -0.22305441407574783
0.8082482124746385 -0.3027662055223542
0.9008819262550062 -0.38805782237022296
1.0 -0.4793198523974429
