# CURVE 2D, normalized by CHORD
# COLUMN#1 = X-coordinate, COLUMN#2 = Y-coordinate
#-------------------------------------------------------------------------------
0.0 0.0
0.00024802604265576893 0.00020978174364891494
0.0004798260825209727 0.0004058394479936945
0.0006964616337968641 0.000589070947381339
0.0008989247658304074 0.0007603153393324085
0.0010881426462355879 0.0009203568271371464
0.0012649817868011773 0.001069928311066808
0.001430252011628831 0.001209714744645931
0.0015847101656733672 0.0013403562713553917
0.0017290635806682607 0.0014624511561305887
0.0018639733143083481 0.0015765585250793709
0.001990057177523383 0.0016832009259660835
0.0021078925637056586 0.0017828667211873097
0.0022180190928479723 0.0018760123241978017
0.002320941082700602 0.001963064289628168
0.0024171298582638073 0.0020444212666658936
0.0025070259101920363 0.0021204558246450764
0.0025910409119941197 0.0021915161592050603
0.002669559605267095 0.0022579276868312133
0.002742941561596978 0.002319994535079955
0.002811522829195 0.0023780009353124233
0.0028756174718099735 0.00243221252431473
0.0029355190069641547 0.0024828775607654845
0.002991501750098903 0.0025302280621213296
0.003043822070785584 0.0025744808671267923
0.003092719566754445 0.0026158386288141406
0.0031384181611178656 0.0026544907425406342
0.003181127127812652 0.002690614213313058
0.0032210420499573116 0.0027243744663713984
0.0032583457155130687 0.002755926104743679
0.003293208954350225 0.0027854136172411376
0.003325791420553174 0.0028129720401359583
0.003356242323546585 0.002838727575551679
0.003384701111390894 0.0028627981693981467
0.00341129810937623 0.0028852940514976495
0.0034361551168391605 0.0029063182403756896
0.003459385964935357 0.002925967015028063
0.0034810970379224567 0.0029443303558246738
0.003501387760340307 0.00296149235656917
0.0035203510523196067 0.0029775316096014096
0.003538073755103998 0.002992521565706306
0.0035546370287342713 0.003006530870477238
0.003570116723715834 0.0030196236786743697
0.003584583728371501 0.003031859948017484
0.003598104293470255 0.0030432957137587124
0.003610740335618623 0.0030539833452925707
0.003622549720804014 0.0030639717859784195
0.0036335865293884912 0.0030733067772736053
0.0036439013037665078 0.0030820310682036856
0.0036535412798207045 0.0030901846111289766
0.0036535412798207284 0.003090184611128994
0.00797124342611183 -0.0020146570118062535
0.012591184722643312 -0.007476837548346937
0.017534521909932044 -0.013321370722445491
0.022823892700330972 -0.019575021218730893
0.028483519446057814 -0.026266427249756308
0.03453932006398555 -0.0334262317029535
0.04101902672516819 -0.041087222467874496
0.047952312852633655 -0.049284482586339995
0.055370929009021685 -0.058055550913098025
0.06330884829635688 -0.06744059402272914
0.07180242193380557 -0.07748259015003445
0.08089054572587562 -0.08822752600625111
0.09061483818339061 -0.09972460737240296
0.10101983111293161 -0.11202648443418542
0.11215317354754054 -0.12518949289029266
0.12406584995257203 -0.1392739119383274
0.13681241370595576 -0.15434424031972457
0.15045123692207638 -0.17046949168781958
0.1650447777633254 -0.1877235106516812
0.18065986646346188 -0.20618531094301315
0.1973680113726079 -0.22593943725473833
0.21524572642539413 -0.2470763524082843
0.2343748815318754 -0.26969285162257844
0.25484307749581037 -0.2938925057818732
0.2753112734597453 -0.31809215994116796
0.2944404285662266 -0.3407086591554621
0.31231814361901283 -0.3618455743090081
0.32902628852815885 -0.38159970062073323
0.3446413772282953 -0.4000615009120652
0.35923491806954433 -0.41731551987592685
0.3728737412856649 -0.4334407712440218
0.38562030503904865 -0.448511099625419
0.39753298144408017 -0.4625955186734537
0.40866632387868906 -0.475758527129561
0.41907131680823007 -0.48806040419134344
0.42879560926574506 -0.4995574855574953
0.43788373305781514 -0.510302421413712
0.44637730669526376 -0.5203444175410172
0.454315225982599 -0.5297294606506484
0.46173384213898705 -0.5385005289774064
0.4686671282664525 -0.546697789095872
0.4751468349276351 -0.554358779860793
0.48120263554556286 -0.56151858431399
0.4868622622912897 -0.5682099903450155
0.49215163308168863 -0.5744636408413009
0.49709497026897737 -0.5803081740153995
0.5017149115655088 -0.5857703545519402
0.5060326137118 -0.5908751961748754
0.5073359611795527 -0.5897728179671763
0.508730542970048 -0.5885932732849383
0.5102227454858781 -0.5873311604749436
0.5118194021778162 -0.5859806997682494
0.5135278248381902 -0.5845357068120864
0.5153558370847902 -0.5829895643489922
0.5173118101886521 -0.5813351919134813
0.5194047014097845 -0.5795650134074847
0.5216440950163961 -0.5776709224060682
0.5240402461754705 -0.5756442450345527
0.5266041279156801 -0.5734757002470311
0.5293474813777044 -0.5711553573243829
0.5322828695820704 -0.5686725903971493
0.535423734960742 -0.5660160297850095
0.5387844609159207 -0.5631735099300198
0.5423804376879617 -0.5601320136851808
0.5462281328340457 -0.5568776127032032
0.5503451666403556 -0.5533954036524871
0.5547503928131072 -0.5496694399682208
0.5594639848179515 -0.5456826588260559
0.5645075282631347 -0.5414168030039396
0.5699041197494809 -0.5368523372742751
0.5756784726398712 -0.5319683589435339
0.581857030232589 -0.5267425021296409
0.5884680868567969 -0.5211508353387755
0.5955419174446992 -0.5151677518725495
0.6031109161737549 -0.5087658525636876
0.6112097448138445 -0.5019158203032054
0.6198754914587402 -0.4945862857844894
0.6291478403687787 -0.4867436838494633
0.63906925370252 -0.4783520997789854
0.649685165969623 -0.4693731048235741
0.6610441920954233 -0.4597655802212839
0.6731983500500297 -0.44948552889683346
0.6862032990614584 -0.4384858739796714
0.7001185945036872 -0.42671624321830814
0.715007960626872 -0.4141227383036494
0.7309395823786797 -0.40064768804496453
0.747986417653114 -0.38622938426817166
0.7662265313967587 -0.37080179922700335
0.7857434531024585 -0.3542942832329532
0.8066265593275573 -0.33663124111931964
0.828971482988413 -0.31773178605773167
0.8528805513055286 -0.2975093691418325
0.8784632544048423 -0.27587138304182046
0.905836746721108 -0.25271873791480753
0.9351263834995123 -0.22794540762890372
0.9664662948524049 -0.20143794422298664
1.0 -0.17307495837865525
