# CURVE 2D, normalized by CHORD
# COLUMN#1 = X-coordinate, COLUMN#2 = Y-coordinate
#-------------------------------------------------------------------------------
-0.1371434693699496 -0.13690808455608572
-0.1371434693699496 -0.1369080845560857
-0.1367842815265508 -0.1355194537915867
-0.13639995053411413 -0.1340336188735728
-0.13598871637220689 -0.13244377551129788
-0.13554869581896614 -0.13074264311366374
-0.13507787382699854 -0.12892243144819523
-0.1345740942955932 -0.1269748049661439
-0.13414308290230914 -0.1376841744802229
-0.13403505019698947 -0.124890844630349
-0.1334582730114835 -0.12266100707104843
-0.1328411214229921 -0.12027508088259684
-0.13218076922330632 -0.11772213986095362
-0.13147419236964253 -0.11499049296779539
-0.13093266938193393 -0.13851459069904976
-0.13071815513622226 -0.11206763079211607
-0.12990919529646258 -0.10894016826413921
-0.12904360826791972 -0.10559378335920397
-0.12811743014737886 -0.10201315151092326
-0.1274975269151324 -0.13940313605319443
-0.12712641955840015 -0.0981818754332629
-0.1260660382281929 -0.09408241003016632
-0.12493143020487117 -0.08969598204885296
-0.12382192447565465 -0.14035387958212925
-0.12371739961991692 -0.08500250410884769
-0.12241838689401587 -0.07998048271304203
-0.12102844327730174 -0.07460691981952998
-0.11988902986541361 -0.1413711751580895
-0.11954120360741761 -0.06885720752347209
-0.1179498571606416 -0.06270501536669014
-0.11624711646259128 -0.056122169758933464
-0.11568083263245565 -0.142459681424367
-0.11454437576454096 -0.04953932415117678
-0.11295302931776495 -0.04338713199439484
-0.11146578964788084 -0.03763741969833695
-0.11117806159319055 -0.14362438312928388
-0.11007584603116671 -0.0322638568048249
-0.10877683330526565 -0.027241835409019248
-0.10756280272031139 -0.022548357469013965
-0.10642819469698966 -0.018161929487700616
-0.10636009658117707 -0.14487061395354495
-0.10536781336678243 -0.014062464084604029
-0.10437680277780371 -0.01023118800694367
-0.10345062465726286 -0.006650556158662953
-0.10258503762872 -0.003304171253727714
-0.10177607778896032 -0.0001767087257508529
-0.10120487401832245 -0.1462040809355043
-0.10102004055554006 0.0027461534499284568
-0.10031346370187626 0.005477800343086696
-0.09965311150219047 0.008030741364729914
-0.09903595991369908 0.010416667553181498
-0.0984591827281931 0.01264650511248206
-0.0979201386295894 0.014730465448276976
-0.09741635909818405 0.0166780919303283
-0.09694553710621644 0.018498303595796815
-0.09650551655297568 0.020199435993430957
-0.09609428239106843 0.021789279355705855
-0.09570995139863175 0.023275114273719776
-0.09568878587606822 -0.14763089060620083
-0.09535076355523299 0.024663745038218755
-0.09535076355523299 0.02466374503821876
-0.09509917776297688 0.024598669022001557
-0.09482998096526284 0.02452903768464915
-0.09454194039170881 0.02445453215368207
-0.09423373697800601 0.0243748112355473
-0.093903959325344 0.024289509853143095
-0.09355109723699565 0.024198237373970595
-0.09317353480246293 0.02410057582125602
-0.09276954299751292 0.023996077959851425
-0.0923372717662164 0.023884265248148507
-0.09187474154872913 0.02376462564662639
-0.09137983421601774 0.02363661127299772
-0.09085028337001655 0.02349963589321504
-0.09028366396479529 0.02335307223684758
-0.08978657156385594 -0.14915757695384607
-0.08967738120120854 0.023196249124534395
-0.08902865864417071 0.023028448394359285
-0.08833452550814024 0.022848901613071917
-0.08759180305258764 0.022656786557094438
-0.08679709002514635 0.02245122344719853
-0.08594674708578418 0.022231270919609913
-0.08503688014066664 0.02199592171509009
-0.08406332250939089 0.02174409806625388
-0.08347120224978899 -0.1507911313458265
-0.08302161584392583 0.021474646761999137
-0.08190698971187821 0.02118633386644656
-0.08071433975058726 0.0208778390682053
-0.07943820429200595 0.02054774963408716
-0.07807273935132393 0.02019455393958074
-0.07671375708373729 -0.1525390345452456
-0.07661169186479419 0.019816634546458878
-0.07504837105420736 0.01941226079581848
-0.07337561778687945 0.01897958088263326
-0.0715857717908386 0.01851661337552507
-0.06967063657507487 0.01802123814291931
-0.06948329075606208 -0.154409290968624
-0.06762144189420768 0.017491186644031147
-0.0654288035856798 0.016924031540220808
-0.06308268059555497 0.01631717557914375
-0.06174669178544945 -0.15641046534163888
-0.06057232899612139 0.015667839700791296
-0.05788625278472746 0.014973050310954169
-0.055012151238535964 0.014229625663828446
-0.05346853088689407 -0.15855172192076478
-0.051936862584111065 0.013434161291403922
-0.04864630372387641 0.012583014412909679
-0.045125405743425336 0.011672287252920839
-0.044610898725439885 -0.1608428664604295
-0.04135804490434269 0.010697809191732782
-0.03732696880652425 0.00965511766626156
-0.035133232312683615 -0.1632943911178708
-0.03301371738185852 0.00853943773400735
-0.028398538357466193 0.007345660206495349
-0.024992129251034667 -0.16591752250133296
-0.023460296801366406 0.006068318252057507
-0.01817637833633963 0.004701562360809016
-0.014141148975070239 -0.16872427308163745
-0.012522585578760978 0.0032391335571731296
-0.006473027328151822 0.001674334737282732
-0.0025306000797882255 -0.17172749620256328
0.0 0.0
0.0098926872381635 -0.17494094494195395
0.02318560466837194 -0.17837933509310194
0.037409026318694916 -0.18205841255483027
0.0526280874845404 -0.18599502543887958
0.06891248293199526 -0.19020720122481238
0.08633678606077178 -0.19471422931576043
0.10498079040856267 -0.19953674937307486
0.12492987506069897 -0.20469684583440131
0.1462753956384848 -0.21021814904802064
0.1691151026567157 -0.21612594348659328
0.19355358916622267 -0.22244728353586601
0.21970276973139524 -0.22921111738858785
0.2476823929361298 -0.23644841961100022
0.27762058976519577 -0.24419233298898144
0.3096544603722964 -0.2524783203034213
0.343930701921894 -0.261344326729872
0.38060628037996347 -0.27083095360617426
0.41984914933009787 -0.2809816443638177
0.46183901910674163 -0.29184288347449616
0.5067681797677505 -0.30346440932292207
0.55484238167503 -0.3158994419807378
0.6062817777158189 -0.3292049269246007
0.6613219314794632 -0.34344179581453393
0.7202148960065626 -0.35867524552676255
0.7832303680505589 -0.37497503671884713
0.850656923137635 -0.39241581329437764
0.9228033370808063 -0.4110774442301953
1.0 -0.43104538933152026
