# CURVE 2D, normalized by CHORD
# COLUMN#1 = X-coordinate, COLUMN#2 = Y-coordinate
#-------------------------------------------------------------------------------
0.0 0.0
-0.03835951043413203 -0.04627233260977969
-0.07420952018565716 -0.08951750327312503
-0.1077142021964283 -0.12993355062204592
-0.13902698912238265 -0.16770555749019625
-0.16829127596906893 -0.2030064984884676
-0.19564107676036455 -0.23599803213171186
-0.2212016382475567 -0.2668312411440897
-0.24509001346923162 -0.2956473243332278
-0.26741559778855395 -0.32257824320158124
-0.288280629862687 -0.3477473262561171
-0.30778065983851227 -0.3712698337837208
-0.32600498691872276 -0.3932534856786774
-0.34303706830209707 -0.41379895473938455
-0.3589549013706712 -0.4330003276933165
-0.3738313808740115 -0.45094553606147714
-0.38773463274629216 -0.4677167588354591
-0.40072832608487224 -0.48339079881114316
-0.41287196471905924 -0.4980394343024367
-0.4242211597042807 -0.5117297478457017
-0.43482788398953437 -0.5245244334001549
-0.4447407104243509 -0.5364820834510458
-0.45400503419520755 -0.5476574573303831
-0.46266328071002677 -0.5581017319839693
-0.47075509988275505 -0.5678627363331152
-0.4783175477077347 -0.5769851703042798
-0.4853852559553793 -0.5855108095296672
-0.49199059076626206 -0.5934786966561975
-0.4981638008698908 -0.600925320138936
-0.503933156106927 -0.607884781337757
-0.5093250768892039 -0.6143889506824496
-0.5143642551903972 -0.6204676136214147
-0.519073767621419 -0.6261486070223166
-0.5234751811083552 -0.6314579466493278
-0.5275886516568937 -0.63641994630074
-0.5314330166555279 -0.6410573291525272
-0.5350258811402328 -0.6453913318177488
-0.5383836984156578 -0.6494418015983298
-0.5415218454020364 -0.6532272873745737
-0.5444546930528574 -0.6567651245486334
-0.5471956721657744 -0.6600715144309323
-0.5497573348881266 -0.6631615984330808
-0.5521514121987362 -0.6660495274070511
-0.5543888676292125 -0.6687485264481451
-0.556479947470779 -0.6712709554585132
-0.5584342276965422 -0.673628365748577
-0.5602606578140779 -0.6758315529355524
-0.561967601849158 -0.6778906063813238
-0.5635628766482982 -0.6798149553960635
-0.565053787675532 -0.6816134124191846
-1.8489409903073253 0.38272205043565277
-1.7443233567270018 0.29599460488495116
-1.6465498673995964 0.2149409174543889
-1.555172774570246 0.13918980770619985
-1.4697736223932827 0.06839437803499515
-1.3899613306391114 0.0022304250712524842
-1.315370403766054 -0.059605044988320144
-1.2456592571557203 -0.11739520392250025
-1.180508652846997 -0.17140469825350957
-1.1196202376051998 -0.22188086117968653
-1.0627151766315572 -0.2690548452228426
-1.0095328766561904 -0.313142680777194
-0.9598297925670627 -0.354346265407429
-0.9133783121099339 -0.3928542884263402
-0.8699657135518696 -0.4288430949860703
-0.829393191534987 -0.46247749364002366
-0.791474946659396 -0.49391151107362485
-0.7560373346261333 -0.5232890974601682
-0.7229180710436449 -0.5507447856718908
-0.6919654882562722 -0.5764043073650895
-0.6630378407914381 -0.6003851687606023
-0.6360026562448644 -0.6227971887564088
-0.6107361286312438 -0.6437430018366017
-0.5871225514222527 -0.6633185280797727
-0.5650537876755322 -0.6816134124191846
-1.9535586238876488 0.4694494959863544
-2.051332113215054 0.5505031834169166
-2.1427092060444046 0.6262542931651057
-2.228108358221368 0.6970497228363104
-2.3079206499755394 0.7632136758000531
-2.3825115768485965 0.8250491458596256
-2.45222272345893 0.8828393047938058
-2.5173733277676535 0.9368487991248151
-2.5782617430094508 0.9873249620509921
-2.6351668039830933 1.034498946094148
-2.68834910395846 1.0785867816484995
-2.738052188047588 1.1197903662787345
-2.7845036685047164 1.1582983892976457
-2.827916267062781 1.1942871958573757
-2.8684887890796635 1.2279215945113293
-2.9064070339552543 1.2593556119449305
-2.9418446459885175 1.2887331983314736
-2.974963909571006 1.3161888865431963
-3.005916492358378 1.341848408236395
-3.034844139823212 1.3658292696319079
-3.0618793243697864 1.3882412896277143
-3.087145851983407 1.4091871027079073
-3.110759429192398 1.4287626289510782
-3.1328281929391184 1.4470575132904901
1.0 6.432407915275641
0.7194368577871442 6.093970044520996
0.4572283136629808 5.777672969049368
0.21217359952824866 5.482068225617939
-0.016849497793930857 5.205802110261464
-0.2308897756651267 4.9476094790871885
-0.43092741853540306 4.706307954625248
-0.6178784866384652 4.480792511202874
-0.7925991110338504 4.27003041454645
-0.9558894142071075 4.073056492437642
-1.1084971741821144 3.888968714765859
-1.2511212489251111 3.7169240627361555
-1.3844147767223043 3.5561346683158717
-1.508988167186971 3.4058642062408406
-1.6254118965932012 3.2654245220585683
-1.7342191203373418 3.1341724807667246
-1.8359081144907443 3.0115070216154693
-1.9309445576247657 2.896866405586258
-2.019763663357496 2.7897256429421358
-2.102772173388084 2.6895940890691246
-2.1803502201456437 2.5960131975990204
-2.2528530675826155 2.5085544205241566
-2.320612738084458 2.426817245687835
-2.383939532945993 2.350427362663236
-2.4431234533773343 2.279034948621555
-2.498435528546812 2.2123130663396093
-2.5501290567425854 2.1499561670106884
-2.5984407653367665 2.0916786910023513
-2.6435918948640382 2.0372137601534384
-2.685789212179246 1.9863119556217432
-2.7252259573336453 1.93874017568558
-2.7620827285059812 1.8942805682686048
-2.7965283090408746 1.8527295332994695
-2.8287204403818964 1.8138967903376608
-2.858806544438926 1.7776045071957833
-2.8869243986978326 1.74368648556786
-2.9132027671641 1.7119873999342872
-2.9377619900297707 1.6823620862580508
-2.9607145347640422 1.6546748772148394
-2.982165511151212 1.628798980912773
-3.002213152634548 1.6046159002566354
-3.0209492661703763 1.5820148902976285
-3.0384596526524588 1.5608924510836042
-3.054824499831975 1.5411518536873192
-3.0701187495324573 1.5227026972421926
-3.0844124408413203 1.5054604949570276
-3.0977710308496027 1.4893462872138832
-3.110255694408745 1.4742862799772993
-3.121923604277103 1.4602115068589967
-3.132828192939119 1.4470575132904901
