# CURVE 2D, normalized by CHORD
# COLUMN#1 = X-coordinate, COLUMN#2 = Y-coordinate
#-------------------------------------------------------------------------------
0.0 0.0
0.07300160936509863 -0.03489064640101927
0.14122741251005036 -0.06749872714963528
0.20498984535579964 -0.09797356897077175
0.26458090409014473 -0.1264547295512731
0.320273482346542 -0.15307263663585383
0.3723226209039227 -0.17794918531303205
0.42096667563044665 -0.20119829622628274
0.46642840901972143 -0.22292643726670394
0.5089160103181091 -0.24323311113625648
0.5486240489147329 -0.262211311014343
0.585734365360176 -0.2799479464144238
0.6204169040942347 -0.2965242411808544
0.6528304916961588 -0.31201610544854663
0.6831235642213215 -0.3264944832688197
0.7114348469551184 -0.340025677493374
0.7378939896969847 -0.3526716534041724
0.7626221604837757 -0.36449032247968494
0.7857326004714308 -0.3755358075969864
0.8073311425159683 -0.38585869088418395
0.8275166958286201 -0.3955062453582004
0.8463816989245564 -0.4045226514086831
0.8640125429394501 -0.4129491991194145
0.8804899672524348 -0.420824477353743
0.895889429227187 -0.4281845504699378
0.9102814497643386 -0.4350631234757274
0.9237319362476577 -0.4414916963783344
0.9363024843629093 -0.4474997084368457
0.9480506601715556 -0.45311467297751046
0.9590302637310382 -0.45836230338934664
0.9692915754688723 -0.46326663087704406
0.9788815864388108 -0.4678501145104061
0.9878442135135197 -0.47213374407429587
0.9962205004992288 -0.47613713619008063
1.0040488060933497 -0.4798786241487581
1.0113649795457988 -0.4833753418671482
1.0182025248284619 -0.4866433023516249
1.0245927540645954 -0.489697471028706
1.030564930920795 -0.49255183427831445
1.0361464046181776 -0.495219463483556
1.0413627351764794 -0.4977125748903238
1.0462378104646117 -0.5000425855508545
1.0507939555937074 -0.5022201656074251
1.05505203515361 -0.5042552871556221
1.0590315487609956 -0.5061572699109463
1.062750720356683 -0.5079348238878848
1.0662265816610639 -0.5095960892868928
1.069475050169831 -0.5111486737719471
1.0725110020471833 -0.5125996873093809
1.0753483402503163 -0.5139557747275433
0.4659558344800649 -1.7889861408877672
0.5156122230978359 -1.685090207212828
0.5620200629275286 -1.5879912037783053
0.605391875852475 -1.4972444715965083
0.6459262804552286 -1.4124344415200627
0.6838089015792974 -1.3331727311682442
0.7192132203868384 -1.2590963663534607
0.752301368805101 -1.1898661188630086
0.7832248719997389 -1.1251649529840817
0.8121253422751014 -1.0646965736579816
0.8391351275791785 -1.0081840696148974
0.864377917582989 -0.9553686452755665
0.8879693101099145 -0.9060084356126404
0.9100173405089105 -0.8598773985444852
0.9306229763958225 -0.8167642797891999
0.9498805800284507 -0.7764716454384659
0.967878340432776 -0.7388149778209576
0.9846986772592481 -0.7036218305148751
1.000418618218568 -0.6707310386400318
1.0151101518254089 -0.6399919808130752
1.0288405570654473 -0.611263889386013
1.0416727114953896 -0.5844152058093193
1.0536653791869246 -0.5593229781675495
1.064873479833219 -0.5358722981285124
1.0753483402503163 -0.5139557747275432
0.4162994458622938 -1.8928820745627064
0.36989160603260113 -1.9899810779972291
0.3265197931076547 -2.080727810179026
0.2859853885049011 -2.165537840255472
0.24810276738083228 -2.24479955060729
0.21269844857329134 -2.3188759154220735
0.1796103001550287 -2.3881061629125258
0.14868679696039083 -2.4528073287914527
0.11978632668502831 -2.5132757081175527
0.09277654138095115 -2.569788212160637
0.06753375137714074 -2.622603636499968
0.043942358850215135 -2.671963846162894
0.021894328451219247 -2.718094883231049
0.0012886925643071923 -2.7612080019863345
-0.017968911068320936 -2.8015006363370683
-0.03596667147264615 -2.8391573039545768
-0.052787008299118476 -2.8743504512606592
-0.06850694925843831 -2.907241243135503
-0.08319848286527926 -2.937980300962459
-0.09692888810531758 -2.9667083923895214
-0.10976104253525992 -2.993557075966215
-0.12175371022679488 -3.018649303607985
-0.13296181087308917 -3.042099983647022
-0.1434366712901866 -3.0640165070479912
1.0 -3.6105146586218653
0.9223761137792574 -3.5734148249338737
0.849830425722489 -3.538742083169396
0.7820307172582195 -3.506337651613809
0.7186665037402105 -3.476053136141298
0.6594476126018844 -3.44774985065297
0.6041028545286824 -3.4212981819722894
0.5523787815630731 -3.3965769962894106
0.5040385264550269 -3.373473084436253
0.45886071794283434 -3.351880643451993
0.4166384669968599 -3.3317007920648347
0.3771784193837997 -3.3128411178712285
0.34029987021271546 -3.295215254138886
0.30583393640796386 -3.2787424842955755
0.2736227833194109 -3.2633473722924817
0.24351890192823988 -3.248959417149403
0.21538443333836044 -3.2355127300997975
0.1890905374599684 -3.222945732857175
0.16451680299418148 -3.2112008756210795
0.14155069601681058 -3.2002243735312703
0.1200870446360901 -3.1899659603632244
0.10002755736438862 -3.180378658337013
0.08128037299831259 -3.171418562985414
0.06375963994590506 -3.163044642096069
0.04738512307449616 -3.1552185478069616
0.0320818362787868 -3.1479044409947115
0.017779699086535206 -3.1410688271514875
0.004413215729290654 -3.1346804029989412
-0.008078824791498684 -3.1287099131367486
-0.019753629016535434 -3.123130016069279
-0.03066466100255094 -3.1179151589968774
-0.04086188715770578 -3.1130414607983714
-0.050392005059719525 -3.1084866026689264
-0.05929865730459216 -3.1042297259124356
-0.06762263136522106 -3.1002513364203885
-0.07540204637515435 -3.0965332153997833
-0.08267252769284905 -3.093058335941274
-0.08946737004583483 -3.089810785045471
-0.09581769000189633 -3.086775690750328
-0.10175256846550518 -3.083939154025895
-0.10729918385205539 -3.081288185124556
-0.11248293654976615 -3.078810644095267
-0.11732756523921517 -3.0764951851893896
-0.12185525560318622 -3.074331204903523
-0.12608674192465474 -3.0723087934214046
-0.1300414020381766 -3.0704186892325085
-0.1337373460695055 -3.068652236719522
-0.13719149936981268 -3.0670013465204686
-0.1404196800243056 -3.065458458483971
-0.14343667129018667 -3.0640165070479912
