# CURVE 2D, normalized by CHORD
# COLUMN#1 = X-coordinate, COLUMN#2 = Y-coordinate
#-------------------------------------------------------------------------------
-0.0 0.0
-0.15386265265490592 0.12882848668811273
-0.2976595242950044 0.24922894153681574
-0.4320491239586478 0.36175273111504286
-0.5576468806536417 0.46691515128161026
-0.6750279616770003 0.5651977869512994
-0.784729906558644 0.6570507174837191
-0.8872550886910213 0.7428945777943918
-0.9830730159175421 0.8231224846267963
-1.0726224806152251 0.8981018368066134
-1.1563135691177326 0.9681759977223304
-1.2345295396808238 1.0336658677370192
-1.3076285775902545 1.0948713537320554
-1.3759454354495357 1.1520727425124628
-1.4397929661591442 1.2055319843633112
-1.4994635556073765 1.255493892635132
-1.555230461633762 1.302187264851787
-1.607349065396739 1.3458259304748292
-1.6560580408761567 1.386609730122532
-1.7015804478662668 1.4247254307278618
-1.7441247534645006 1.4603475808263007
-1.7838857867338778 1.4936393098902625
-1.8210456309108658 1.5247530753706005
-1.8557744572444996 1.5538313608662435
-1.8882313042852787 1.581007328619181
-1.918564806192549 1.606405429322861
-1.9469138733956055 1.6301419720365802
-1.9734083287255646 1.6523256568157574
-1.9981695019311339 1.6730580724972313
-2.021310785300825 1.6924341619191694
-2.04293815293605 1.7105426567060276
-2.063150646053083 1.7274664836096334
-2.0820408265362915 1.7432831442672088
-2.0996952008196637 1.7580650701154101
-2.1161946160377685 1.7718799540856918
-2.1316146302602963 1.7847910605999737
-2.1460258585056495 1.7968575152862185
-2.159494296118129 1.8081345757406528
-2.1720816209896054 1.8186738845765729
-2.183845476009677 1.8285237059185542
-2.194839733037781 1.8377291464250787
-2.2051147396061026 1.846332361851737
-2.2147175494830385 1.8543727501009506
-2.2236921381530723 1.8618871316422716
-2.2320796041998325 1.8689099181294877
-2.2399183575145623 1.875473269986699
-2.247244295191879 1.881607243685027
-2.254090965918344 1.8873399293843993
-2.2604897236066286 1.8926975795707284
-2.2664698709788573 1.897704729277578
4.966449389553017 10.53613689962832
4.377074485462319 9.832233683166853
3.826256818087834 9.17438020983838
3.311473951382708 8.559563879624854
2.8303684684807213 7.984969178490719
2.380737176048958 7.447964784907413
1.9605210148977772 6.946091519876287
1.567795630644337 6.477051085267758
1.2007625612485988 6.038695538904646
0.8577410010656656 5.629017458191458
0.5371601036984384 5.246140747244553
0.2375517884019649 4.888312045425016
-0.042455982903150336 4.553892697930121
-0.30414548879578174 4.241351251673211
-0.5487151204711385 3.9492564420873126
-0.777284869700444 3.676270638736006
-0.9909014577652142 3.4211437197160937
-1.1905431288537853 3.1827073468002878
-1.3771241298711416 2.9598696151032735
-1.5514988971770824 2.751610052769614
-1.7144659694256248 2.5569749477848855
-1.8667716444242624 2.37507298050944
-2.009113396759438 2.205071141934255
-2.1421430718390413 2.0461909189667935
-2.266469870978857 1.897704729277578
5.555824293643716 11.240040116089785
6.106641961018201 11.897893589418258
6.6214248277233265 12.512709919631785
7.102530310625314 13.08730462076592
7.552161603057077 13.624309014349226
7.972377764208257 14.126182279380352
8.365103148461698 14.595222713988882
8.732136217857436 15.033578260351993
9.075157778040369 15.44325634106518
9.395738675407596 15.826133052012086
9.69534699070407 16.183961753831625
9.975354762009186 16.51838110132652
10.237044267901817 16.830922547583427
10.481613899577173 17.123017357169324
10.71018364880648 17.396003160520632
10.92380023687125 17.651130079540543
11.12344190795982 17.88956645245635
11.310022908977178 18.112404184153366
11.484397676283116 18.320663746487025
11.647364748531661 18.515298851471755
11.799670423530298 18.6972008187472
11.942012175865473 18.867202657322384
12.075041850945077 19.026082880289845
12.199368650084892 19.17456906997906
1.0 28.55174858792704
1.7602856718399895 27.915164914997117
2.47083302869979 27.32022690291308
3.134895979036052 26.76421006918968
3.755515558789568 26.244568168513606
4.335533857624629 25.758921532367744
4.877607034105996 25.30504617148376
5.384217479415684 24.88086359121835
5.8576851853125875 24.4844312732133
6.300178368393807 24.11393377975063
6.713723399310834 23.7676744400659
7.10021408241086 23.444067580547454
7.4614203282987335 23.141631263240498
7.798996259035064 22.85898049940222
8.11448778308771 22.59482090703
8.409339674725697 22.347942783317645
8.684902190275217 22.11721556489488
8.94243725153645 21.90158265048108
9.183124224677792 21.70005656224389
9.408065321071568 21.511714423704454
9.618290644804068 21.33569373348069
9.814762909974629 21.171188415514546
9.99838184938637 21.017445127695723
10.169988334817901 20.8737598119772
10.330368227744568 20.739474470184184
10.48025597814332 20.61397415075146
10.620337987861781 20.496684132590037
10.751255753953801 20.38706729318684
10.873608806376248 20.28462164888478
10.987957453500032 20.18887805607912
11.094825348008241 20.099398062802805
11.1947018849318 20.01577190086232
11.288044442804285 19.937616609329154
11.375280478199132 19.86457428079349
11.456809483241043 19.796310422348945
11.533004815055916 19.73251242380264
11.604215405537103 19.67288812609581
11.67076735925784 19.61716448337915
11.732965446847313 19.56508631261591
11.791094500669251 19.51641512498672
11.845420719194427 19.470928033744485
11.896192886040385 19.428416733518098
11.943643509260907 19.38868654639063
11.987989886102516 19.351555530383656
12.02943509810402 19.316853646264985
12.068168941096081 19.28442197886436
12.104368794359688 19.25411200933106
12.138200432923808 19.225784935000878
12.169818786722049 19.199311033757716
