# CURVE 2D, normalized by CHORD
# COLUMN#1 = X-coordinate, COLUMN#2 = Y-coordinate
#-------------------------------------------------------------------------------
0.0 0.0
0.008016832567591994 0.010296541983042936
0.01550919945319196 0.019919478415793307
0.02251141149580875 0.02891287695107403
0.029055534900123504 0.03731792231114947
0.03517153808172608 0.045173104890659226
0.04088742890565372 0.05251439702104217
0.046229382946707594 0.05937541770364306
0.05122186335890747 0.06578758656588689
0.05588773290301951 0.071780267745554
0.060248358645180286 0.07738090436206534
0.06432370980607822 0.0826151441905806
0.06813244920878656 0.08750695711442663
0.07169201874402799 0.09207874489372198
0.07501871924425363 0.09635144375287652
0.07812778513231498 0.10034462025675928
0.08103345418657792 0.10407656091459362
0.08374903274196387 0.10756435592191545
0.08628695662550212 0.11082397742408537
0.0886588481054444 0.1138703526597582
0.09087556911473627 0.11671743231926551
0.09294727099257913 0.1193782544309546
0.09488344097187153 0.12186500406804718
0.09669294562541582 0.12418906914944212
0.09838407146984973 0.12636109258999817
0.09996456291324592 0.12839102103911595
0.10144165772015824 0.1302881504308148
0.10282212015652491 0.13206116855389785
0.10411227196621337 0.13371819483715305
0.1053180213210624 0.13526681753178407
0.10644488987699607 0.13671412846134576
0.10749803806011166 0.13806675549831932
0.10848228869853743 0.13933089291605158
0.10940214910828114 0.14051232975505373
0.11026183173420985 0.1416164763335604
0.11106527344068529 0.14264838902375354
0.11181615354019503 0.14361279340711164
0.11251791064254059 0.14451410591492292
0.11317375840174206 0.14535645405306433
0.11378670023277145 0.14614369530366375
0.1143595430655092 0.1468794347902053
0.11489491019890898 0.14756704178697308
0.11539525331423586 0.14820966514843828
0.11586286370239182 0.1488102477292469
0.1162998827567432 0.14937153986084373
0.1167083117795015 0.14989611194644828
0.11709002114656533 0.15038636623205998
0.11744675887279321 0.150844547807398
0.11778015861693142 0.1512727548871532
0.11809174716285496 0.15167294841963466
0.3709538325391544 -0.04520412006533846
0.3503493487963245 -0.02916157912489717
0.3310928219338666 -0.014168550208596895
0.31309606785680316 -0.00015637365130691944
0.296276671523099 0.012939118458309876
0.28055760952898295 0.025177896130848934
0.2658668973849493 0.036616006105184506
0.25213725986716085 0.04730582851110561
0.23930582293464822 0.05729631674093841
0.22731382580145887 0.06663322162863261
0.21610635184520713 0.07535930096292627
0.20563207711973824 0.08351451529404182
0.19584303532023462 0.09113621093059841
0.18669439812443683 0.09825929096476345
0.17814426990406504 0.10491637510884293
0.1701534958663344 0.11113794907527237
0.16268548274696001 0.11695250418408489
0.15570603123352597 0.12238666783718073
0.14918317935181194 0.12746532545689643
0.14308705609787356 0.13221173444728496
0.1373897446455947 0.13664763069998453
0.13206515450327802 0.14079332813241402
0.12708890203382317 0.14466781171412385
0.12243819879134202 0.14828882440731062
0.11809174716285498 0.15167294841963463
0.39155831628198434 -0.061246661005779746
0.4108148431444423 -0.07623968992208002
0.4288115972215057 -0.09025186647937
0.44563099355520985 -0.10334735858898679
0.4613500555493259 -0.11558613626152585
0.47604076769335957 -0.12702424623586142
0.489770405211148 -0.13771406864178254
0.5026018421436607 -0.14770455687161532
0.51459383927685 -0.15704146175930953
0.5258013132331018 -0.1657675410936032
0.5362755879585706 -0.17392275542471874
0.5460646297580742 -0.1815444510612753
0.5552132669538721 -0.18866753109544038
0.5637633951742438 -0.19532461523951983
0.5717541692119744 -0.2015461892059493
0.5792221823313488 -0.2073607443147618
0.5862016338447829 -0.21279490796785766
0.5927244857264969 -0.21787356558757337
0.5988206089804353 -0.2226199745779619
0.6045179204327141 -0.22705587083066148
0.6098425105750308 -0.23120156826309096
0.6148187630444857 -0.2350760518448008
0.6194694662869669 -0.2386970645379875
0.6238159179154539 -0.24208118855031158
1.0 0.2410766124737712
0.9744621883144287 0.20827673197751287
0.9505950745895958 0.17762263805577622
0.9282893608280697 0.1489739521476111
0.9074428993686996 0.12219947933624184
0.887960225107606 0.09717660754991544
0.8697521183215371 0.07379074606736741
0.8527351960915663 0.051934800756574834
0.8368315304560796 0.03150868364368459
0.8219682915444096 0.012418854566217052
0.8080774140568677 -0.005422107188425479
0.7950952855638379 -0.022095903220801683
0.7829624551965203 -0.03767889016694764
0.7716233613952889 -0.052242429368953236
0.7610260774689044 -0.065853213669893
0.7511220737993862 -0.07857357282964983
0.7418659956035747 -0.0904617589602637
0.7332154552336576 -0.10157221328794025
0.7251308380655106 -0.11195581546333883
0.717575121085934 -0.12166011656184217
0.710513703348012 -0.13072955684081727
0.7039142475181783 -0.13920566925107442
0.6977465317893619 -0.14712726963449224
0.6919823114820567 -0.154530634478808
0.6865951896995285 -0.1614496670435891
0.6815604964448292 -0.16791605261815085
0.6768551756460449 -0.1739594036224142
0.6724576795724146 -0.17960739521518365
0.6683478701578071 -0.18488589203085604
0.664506926779669 -0.18981906662494236
0.6609172600711288 -0.19442951017081744
0.6575624313715585 -0.19873833591462597
0.6544270774467265 -0.20276527586211052
0.6514968401337994 -0.20652877114013352
0.6487583005890076 -0.210046056446697
0.6461989178368659 -0.21333323897619566
0.6438069713395371 -0.21640537218133454
0.6415715073233419 -0.2192765247095017
0.6394822886166176 -0.22195984482928416
0.6375297477692115 -0.22446762064216497
0.6357049432389256 -0.22681133635513762
0.6339995184442657 -0.22900172487193454
0.6324056634959856 -0.23104881694370732
0.6309160794321724 -0.2329619871042426
0.6295239447930945 -0.23474999660007007
0.6282228843827414 -0.2364210335120583
0.6270069400740002 -0.23798275025223425
0.6258705435237748 -0.23944229860753885
0.6248084906730969 -0.24080636249100107
