# CURVE 2D, normalized by CHORD
# COLUMN#1 = X-coordinate, COLUMN#2 = Y-coordinate
#-------------------------------------------------------------------------------
0.0 0.0
-0.05445275926430411 0.06574275457629665
-0.10534318848327973 0.12718458128311572
-0.15290433728606068 0.18460684923341392
-0.19735400906436062 0.23827252021500103
-0.23889575838987456 0.2884273529080731
-0.27771982318007454 0.3353010283221591
-0.314003995881196 0.37910820160635167
-0.34791443765794505 0.4200494850495223
-0.37960643931845817 0.4583123667721116
-0.4092251324591246 0.49407206931658765
-0.43690615408591577 0.5274923520684345
-0.46277626775581393 0.5587262611823098
-0.48695394408282155 0.587916830447614
-0.5095499032669408 0.6151977363030384
-0.5306676221306037 0.6406939099996968
-0.5504038079844943 0.6645221097162
-0.5688488414928033 0.6867914552456422
-0.5860871905659892 0.7076039277030648
-0.6021977971764434 0.7270548365417775
-0.6172544388684565 0.74523325601721
-0.6313260666180016 0.7622224330970534
-0.6444771205895391 0.7781001686856921
-0.6567678252358358 0.7929391739087189
-0.6682544650921878 0.8068074030891178
-0.6789896425280308 0.819768364939958
-0.6890225186362953 0.8318814133986869
-0.6983990383636454 0.8432020194348824
-0.7071621409125706 0.8537820250761865
-0.7153519563788558 0.863669880815723
-0.7230059895249168 0.872910867488187
-0.7301592915305812 0.8815473036306768
-0.7368446205078378 0.8896187392778635
-0.7430925915146196 0.8971621370789725
-0.7489318167546025 0.9042120415659904
-0.754389036605054 0.9108007373482501
-0.7594892420727656 0.9169583969578384
-0.7642557892388512 0.9227132190228744
-0.7687105062165013 0.9280915574014127
-0.7728737931115014 0.9331180418673364
-0.7767647154432771 0.9378156909009098
-0.7804010914542825 0.9422060171005111
-0.7837995737075585 0.9463091256982694
-0.7869757253461342 0.9501438066307538
-0.7899440913634949 0.9537276205863466
-0.7927182652114954 0.9570769794233493
-0.7953109510507482 0.9602072213270902
-0.7977340219285546 0.9631326810502125
-0.7999985741508034 0.9658667555578034
-0.8021149780968305 0.9684219653779819
-1.0541271844692086 0.7596877848024555
-1.033591953173196 0.776696503305433
-1.0144001482236518 0.7925925019063467
-0.9964638819156664 0.8074485753651445
-0.9797010162072688 0.8213327561677592
-0.9640347865732524 0.8343086260767449
-0.9493934504666949 0.8464356073000961
-0.9357099587783235 0.8577692346116393
-0.9229216487891914 0.8683614096691563
-0.9109699572105632 0.878260638694873
-0.8998001519968919 0.8875122546067579
-0.8893610817037413 0.8961586246178652
-0.8796049412428528 0.9042393442544141
-0.8704870529616486 0.9117914186810954
-0.8619656620446354 0.918849432163975
-0.8540017452997632 0.92544570644704
-0.8465588324540883 0.9316104487676616
-0.8396028391403734 0.9373718901888033
-0.8331019108097988 0.9427564148814591
-0.8270262768559906 0.9477886809493616
-0.8213481142823382 0.9524917333492706
-0.8160414202882705 0.9568871094239518
-0.811081893191011 0.9609949375311306
-0.8064468211374974 0.9648340292200828
-1.0746624157652211 0.7426790662994779
-1.0938542207147655 0.7267830676985643
-1.1117904870227509 0.7119269942397665
-1.1285533527311484 0.6980428134371517
-1.1442195823651649 0.6850669435281659
-1.1588609184717222 0.6729399623048148
-1.1725444101600937 0.6616063349932716
-1.1853327201492259 0.6510141599357546
-1.197284411727854 0.6411149309100378
-1.2084542169415253 0.631863314998153
-1.2188932872346758 0.6232169449870457
-1.2286494276955644 0.6151362253504967
-1.2377673159767684 0.6075841509238156
-1.2462887068937818 0.6005261374409359
-1.254252623638654 0.5939298631578708
-1.2616955364843288 0.5877651208372492
-1.2686515297980436 0.5820036794161075
-1.2751524581286184 0.5766191547234518
-1.2812280920824264 0.5715868886555492
-1.286906254656079 0.5668838362556402
-1.2922129486501466 0.562488460180959
-1.2971724757474061 0.5583806320737802
-1.3018075478009197 0.5545415403848282
-1.3061393908415866 0.550953604226929
1.0 -2.2333305723550314
0.8434443234343063 -2.044315331235165
0.6971306070177707 -1.867665573179216
0.5603888159742796 -1.7025723413512261
0.4325927495784935 -1.5482796013250675
0.31315717350766537 -1.4040807788707137
0.20153513979661097 -1.2693155242404763
0.09721548212272835 -1.1433666881374507
-0.00027952504912454046 -1.0256574955178006
-0.09139635418169734 -0.9156489042844829
-0.17655226925886813 -0.8128371367767093
-0.2561372366207102 -0.7167513727507526
-0.3305157107906558 -0.6269515932872418
-0.4000283034728478 -0.5430265657512505
-0.4649933433627469 -0.4645919605774267
-0.5257083339140547 -0.39128859125609594
-0.5824513157377069 -0.32278076946045986
-0.6354821398719612 -0.2587547677822952
-0.6850436577544419 -0.19891738303634687
-0.7313628333455453 -0.14299459355415234
-0.7746517824961092 -0.09073030431845641
-0.8151087443190661 -0.04188517419163773
-0.8529189890134183 0.003764480132491421
-0.8882556662978596 0.046427708472799534
-0.9212805983393937 0.08629988449177883
-0.952145020808117 0.12356360039736725
-0.9809902754517836 0.15838950311287014
-1.0079484573617528 0.1909370757441815
-1.0331430198944336 0.22135536792297694
-1.0566893400184347 0.24978367837044946
-1.07869524667638 0.2763521928073396
-1.0992615145810012 0.301182580131536
-1.118482325706816 0.3243885495934018
-1.1364457005907544 0.34607637152037896
-1.1532339014168653 0.3663453639754981
-1.168923808730988 0.38528834757841324
-1.1835872735105415 0.40299207057179176
-1.1972914462017132 0.4195376060796221
-1.2100990842308454 0.43500072337665996
-1.222068839398259 0.4494522348692187
-1.2332555264706078 0.4629583203762824
-1.2437103742017754 0.47558083019596875
-1.2534812599318381 0.4873775683452082
-1.262612928838439 0.4984025572697308
-1.271147198844608 0.5087062852365745
-1.2791231521214015 0.518335937542036
-1.2865773140623298 0.5273356125938693
-1.293543820549179 0.5357465238572647
-1.3000545742752063 0.54360718858941
-1.3061393908415866 0.5509536042269287
