# CURVE 2D, normalized by CHORD
# COLUMN#1 = X-coordinate, COLUMN#2 = Y-coordinate
#-------------------------------------------------------------------------------
0.0 0.0
-0.06788644922430905 -0.027236014517547084
-0.13133172887319577 -0.05269023369282464
-0.19062638275066 -0.0764792235762616
-0.24604194712212188 -0.09871192440190363
-0.29783219419825446 -0.1194901494725971
-0.34623429426940644 -0.13890905140782464
-0.3914699018125391 -0.15705755788934572
-0.4337461705444388 -0.17401877890011308
-0.47325670206957876 -0.189870387321391
-0.5101824324669058 -0.20468497463099652
-0.5446924608756226 -0.21853038333156244
-0.5769448238744234 -0.2314700176311567
-0.6070872192004053 -0.24356313379900185
-0.6352576821218838 -0.2548651115259599
-0.661585217562518 -0.2654277075324628
-0.6861903908715219 -0.2752992925852692
-0.7091858799453573 -0.2845250730084528
-0.7306769912293156 -0.2931472977030169
-0.750762141961987 -0.30120545162317025
-0.7695333108710255 -0.30873643659527616
-0.7870764593841457 -0.3157747403075247
-0.803471925284258 -0.3223525942442056
-0.8187947906114659 -0.32850012128783257
-0.8331152254967068 -0.3342454736650541
-0.8464988095016048 -0.3396149618680648
-0.859006831936089 -0.3446331751419066
-0.870696572529065 -0.3493230940894223
-0.8816215637374535 -0.35370619590953045
-0.8918318358948261 -0.357802552750753
-0.9013741463222771 -0.3616309236304003
-0.910292193450736 -0.36520884034035095
-0.918626816935277 -0.36855268773282823
-0.9264161846778386 -0.37167777875383506
-0.9336959676148122 -0.37459842456786013
-0.9404995030699277 -0.37732800009498635
-0.9468579474205029 -0.37987900526052487
-0.9528004187761806 -0.3822631222376637
-0.958354130323543 -0.38449126894527
-0.9635445149472462 -0.38657364904583674
-0.9683953416983706 -0.38851979867253456
-0.9729288246433467 -0.390338630099355
-0.9771657245919225 -0.39203847255432733
-0.9811254441700308 -0.3936271103627127
-0.9848261166729357 -0.39511181859484856
-0.9882846891055571 -0.39649939638189147
-0.9915169997902501 -0.397796198052025
-0.9945378508974397 -0.3990081622297199
-0.9973610762312618 -0.4001408390313039
-0.9999996045806282 -0.4011994154813824
-1.368763686999981 0.5179543080115263
-1.33871492136617 0.443057006090254
-1.310631962829898 0.37305952765915834
-1.2843862071885221 0.3076413235179475
-1.2598574635984514 0.24650281497475973
-1.2369334041684787 0.1893640219437432
-1.2155090495610275 0.13596328079326037
-1.1954862882456525 0.08605604607318301
-1.1767734272032462 0.039413770633858314
-1.1592847720234272 -0.004177140991678652
-1.1429402344721944 -0.04491631073517133
-1.1276649657327245 -0.08299030114965023
-1.113389013639762 -0.11857346976131289
-1.1000470023379276 -0.1518287675292218
-1.0875778328969612 -0.18290848506932378
-1.0759244035128803 -0.21195495006007326
-1.0650333480137395 -0.23910117902339034
-1.0548547914724862 -0.2644714864657429
-1.0453421218077636 -0.2881820541688761
-1.0364517763267145 -0.3103414632372249
-1.028143042232276 -0.3310511913384854
-1.0203778701813988 -0.35040607741442986
-1.0131207000403921 -0.36849475599007886
-1.0063382980394513 -0.38540006307012464
-1.3988124526337922 0.5928516099327986
-1.4268954111700642 0.6628490883638942
-1.45314116681144 0.7282672925051051
-1.4776699104015107 0.7894058010482929
-1.5005939698314836 0.8465445940793095
-1.5220183244389347 0.8999453352297921
-1.5420410857543096 0.9498525699498696
-1.560753946796716 0.9964948453891942
-1.5782426019765352 1.0400857570147313
-1.594587139527768 1.0808249267582237
-1.609862408267238 1.1188989171727028
-1.6241383603602004 1.1544820857843654
-1.6374803716620345 1.1877373835522744
-1.649949541103001 1.2188171010923763
-1.6616029704870818 1.2478635660831259
-1.6724940259862229 1.2750097950464427
-1.682672582527476 1.3003801024887953
-1.6921852521921985 1.3240906701919286
-1.701075597673248 1.3462500792602774
-1.7093843317676864 1.366959807361538
-1.7171495038185633 1.3863146934374824
-1.72440667395957 1.4044033720131313
-1.7311890759605109 1.421308679093177
-1.737527769419334 1.437108031504435
1.0 2.535403006746633
0.8141588865960021 2.4608436311943183
0.6404756030408645 2.391161971799632
0.4781547772883994 2.326038925636374
0.3264530709776844 2.265176265670712
0.18467577536019375 2.208295275048598
0.05217362992328667 2.1551354707288652
-0.07166015085886968 2.1054534106169656
-0.18739265626275392 2.0590215787366852
-0.2955538762663841 2.0156273433345544
-0.3966391286062254 1.975071983145647
-0.4911113270546754 1.9371697773616214
-0.5794031013055629 1.90174715513356
-0.6619187781755511 1.8686419007148114
-0.739036233194232 1.837702410603831
-0.8111086210621579 1.8087869992851577
-0.8784659929013412 1.7817632503892016
-0.9414168077043161 1.7565074102995228
-1.000249344903358 1.7329038214306642
-1.055233024528631 1.7108443925812638
-1.1066196410008486 1.6902281039369642
-1.1546445162085286 1.6709605444563103
-1.1995275771502856 1.6529534795211198
-1.2414743630771614 1.6361244468714091
-1.280676966747139 1.6203963789744833
-1.317314914102258 1.6056972500988516
-1.3515559863967614 1.5919597464767659
-1.3835569885411574 1.57912095804491
-1.4134644671807797 1.5671220903515868
-1.4414153817972495 1.5559081953110978
-1.4675377319060994 1.5454279195723233
-1.4919511432227819 1.5356332693491692
-1.5147674154813635 1.5264793906359413
-1.5360910344146173 1.5179243638011488
-1.556019650240088 1.5099290116190998
-1.574644524843332 1.5024567198601753
-1.5920509497061763 1.4954732696181898
-1.6083186364938817 1.4889466806069886
-1.6235220820898681 1.4828470647086696
-1.6377309097496684 1.477146489102764
-1.6510101879363974 1.4718188483495813
-1.6634207282978268 1.4668397448419337
-1.6750193641496294 1.4621863770777774
-1.6858592107400998 1.457837435242117
-1.6959899084882024 1.4537730036200047
-1.7054578503088593 1.4499744693937313
-1.7143063940664827 1.44642443740656
-1.7225760611296823 1.4431066505026615
-1.7303047219364105 1.4400059150784574
