# CURVE 2D, normalized by CHORD
# COLUMN#1 = X-coordinate, COLUMN#2 = Y-coordinate
#-------------------------------------------------------------------------------
0.0 0.0
-0.01202012023390554 0.014993963633734604
-0.0232538774618546 0.02900701375872016
-0.03375271599264811 0.042103322286744044
-0.04356471461955794 0.0543428629671402
-0.052734806794240016 0.065781686032931
-0.06130498639674663 0.07647217487946445
-0.06931450004394908 0.08646328595099105
-0.07680002681703547 0.09580077293372619
-0.08379584623113491 0.10452739628207677
-0.09033399521627457 0.11268311903754462
-0.09644441482855463 0.12030528983704729
-0.1021550873633958 0.127428813948732
-0.10749216449876138 0.1340863131185308
-0.1124800870551778 0.14030827495946427
-0.11714169692098755 0.14612319256781328
-0.12149834165538918 0.15155769500552266
-0.12556997224828792 0.15663666924637257
-0.12937523448464186 0.1613833741443631
-0.13293155433170162 0.16581954694622345
-0.1362552177401687 0.16996550283581252
-0.13936144522471736 0.1738402279662696
-0.14226446156541706 0.17746146640594915
-0.14497756094924852 0.18084580139630382
-0.1475131678500256 0.18400873129383158
-0.1498828939255182 0.18696474054385753
-0.15209759119233374 0.1897273660111715
-0.15416740172206786 0.19230925897127799
-0.15610180408630536 0.19472224304614388
-0.15790965676316285 0.19697736834975688
-0.15959923870415113 0.19908496209145124
-0.16117828724713085 0.2010546758687357
-0.16265403354898106 0.20289552986619783
-0.16403323570024292 0.20461595416289138
-0.16532220967338487 0.20622382733737135
-0.16652685824641472 0.2077265125471657
-0.16765269803429306 0.2091308912479081
-0.1687048847519364 0.21044339470654586
-0.16968823682450027 0.21167003345293628
-0.17060725745306463 0.21281642480470303
-0.1714661552367696 0.21388781859140094
-0.17226886344583972 0.21488912119579148
-0.1730190580337557 0.21582491802232473
-0.17372017447106033 0.21669949449572026
-0.17437542347788712 0.21751685568580956
-0.17498780572725794 0.21828074464850983
-0.175560125586483 0.21899465956692132
-0.17609500395959057 0.21966186977104418
-0.1765948902895976 0.2202854307094768
-0.1770620737755855 0.22086819794165677
-0.05860015710737508 0.3158348469394659
-0.06825303421824065 0.30809648326792355
-0.0772744146956851 0.30086436768704283
-0.08570561140357713 0.2941053811628553
-0.09358523449506499 0.28778857132716595
-0.10094936822542748 0.2818850107330638
-0.10783173619772887 0.27636766438343563
-0.11426385579801054 0.27121126592583916
-0.12027518252724577 0.26639220194677704
-0.125893244891017 0.2618884038355041
-0.13114377046463496 0.25767924672216486
-0.1360508037110069 0.25374545502745527
-0.14063681609079373 0.25006901419127814
-0.1449228089690992 0.24663308817615925
-0.14892840978994543 0.24342194236763698
-0.1526719619589606 0.24042087151855074
-0.15617060884589068 0.23761613240725518
-0.15944037229161973 0.2349948809013715
-0.16249622597921692 0.23254511313886334
-0.16535216400500874 0.23025561055708005
-0.16802126496369266 0.22811588851803022
-0.17051575184096734 0.22611614829461918
-0.17284704798795306 0.22424723219797338
-0.17502582943373407 0.22250058164036043
-0.04894727999650951 0.32357321061100824
-0.039925899519065056 0.33080532619188896
-0.03149470281117303 0.3375643127160765
-0.02361507971968517 0.34388112255176584
-0.016250945989322682 0.34978468314586797
-0.00936857801702129 0.35530202949549616
-0.002936458416739611 0.36045842795309263
0.003074868312495607 0.3652774919321547
0.008692930676266822 0.3697812900434277
0.0139434562498848 0.37399044715676694
0.018850489496256728 0.3779242388514765
0.02343650187604357 0.38160067968765365
0.027722494754349042 0.3850366057027725
0.03172809557519528 0.38824775151129476
0.03547164774421045 0.39124882236038105
0.03897029463114052 0.3940535614716766
0.04224005807686955 0.3966748129775603
0.04529591176446676 0.3991245807400684
0.048151849790258563 0.4014140833218517
0.050820950748942495 0.4035538053609015
0.053315437626217196 0.40555354558431256
0.055646733773202894 0.4074224616809584
0.05782551521898392 0.40916911223857133
0.05986175956083534 0.410801495937275
1.0 -0.7619320802266228
0.9361773278398745 -0.6823193303743065
0.8765299706808789 -0.6079148912599924
0.8207847770743409 -0.5383780322746521
0.7686864652925297 -0.4733903135967641
0.7199964542814913 -0.41265412791649486
0.6744917710936049 -0.355891337561103
0.6319640297965148 -0.302842000780363
0.5922184771824118 -0.25326318135911063
0.5550731009075494 -0.20692783610560384
0.5203577959777712 -0.163623775121018
0.48791358576302535 -0.12315269008869467
0.4575918939735433 -0.08532924613325243
0.429253864263747 -0.049980233090783144
0.4027697243480495 -0.016943772303428584
0.3780181917165565 0.013931424694099026
0.3548859182291798 0.042786748990853885
0.3332669710447156 0.06975434179155937
0.31306234750783324 0.09495769954922795
0.2941795217724291 0.11851223950966594
0.2765320210851355 0.14052582825773885
0.2600390297885995 0.16109927568584426
0.24462501923108926 0.1803267966466905
0.2302194018876217 0.19829644240449074
0.21675620810868002 0.21509050386037887
0.2041737840162111 0.23078588839859193
0.1924145091634365 0.24545447207916504
0.18142453266551628 0.259163428789981
0.17115352659269367 0.27197553786550965
0.16155445549659775 0.2839494715809573
0.15258336101426517 0.29514006383838487
0.14419916056348703 0.3055985612752331
0.1363634592076196 0.31537285794518477
0.12904037382830424 0.3245077146460741
0.12219636880090667 0.33304496389924176
0.11580010242016137 0.34102370151902484
0.10982228337273581 0.34848046564966284
0.10423553659944085 0.35544940408951164
0.09901427793281004 0.3619624306688095
0.09413459693595883 0.36804937139712546
0.08957414740619152 0.373738101049757
0.0853120450419228 0.37905467081857147
0.08132877180428855 0.38402342761185604
0.07760608653547152 0.3886671255495052
0.07412694142442755 0.39300703016413074
0.0708754039374705 0.39706301578527603
0.06783658385620217 0.40085365655270155
0.0649965650886618 0.404396311475529
0.06234234194142785 0.40770720392676985
0.05986175956083528 0.4108014959372751
