# CURVE 2D, normalized by CHORD
# COLUMN#1 = X-coordinate, COLUMN#2 = Y-coordinate
#-------------------------------------------------------------------------------
0.0 0.0
0.01969756022594681 -0.015912913555912463
0.03810649501655124 -0.030784795383867976
0.05531110697038715 -0.044683750363265655
0.07139018356275716 -0.057673427914104604
0.08641735794814968 -0.06981331347563632
0.10046144615879692 -0.08115900091632018
0.11358676224351395 -0.09176244712256679
0.12585341278997847 -0.10167220993214304
0.13731757217919766 -0.11093367050184048
0.1480317398326735 -0.11958924112772594
0.15804498063031452 -0.12767855946967496
0.16740314960007244 -0.1352386700696273
0.17614910190825742 -0.14230419399481642
0.1843228891121686 -0.14890748738284362
0.19196194257376786 -0.15507878961464477
0.19910124487432793 -0.16084636179389816
0.20577349001503825 -0.1662366161670322
0.21200923313719744 -0.17127423707650324
0.2178370304476266 -0.17598229400124252
0.22328356999008372 -0.18038234720193344
0.22837379386153903 -0.18449454645491561
0.23313101243299253 -0.18833772332686158
0.23757701109790239 -0.19192947741279237
0.24173215003707046 -0.19528625693235388
0.2456154574568537 -0.1984234340534394
0.24924471672767917 -0.20135537528809874
0.2526365478219086 -0.2040955072831075
0.25580648342399215 -0.20665637830648015
0.2587690400614534 -0.20904971571150133
0.26153778458244525 -0.21128647964142766
0.26412539628430676 -0.21337691322079805
0.2665437249776353 -0.2153305894632003
0.2688038452517741 -0.2171564551103052
0.2709161071902216 -0.2188628716029266
0.27289018376820995 -0.22045765337173165
0.2747351151495074 -0.22194810362295134
0.2764593500852994 -0.2233410477829697
0.2780707846047313 -0.22464286475494952
0.2795767981742937 -0.22585951613063157
0.2809842874916418 -0.2269965734910821
0.2822996980686026 -0.2280592439214097
0.28352905374800524 -0.22905239385629528
0.284677984289503 -0.22998057136553415
0.28575175115071594 -0.23084802698164525
0.286755271581756 -0.23165873316492666
0.2876931411434757 -0.2324164024950962
0.2885696547525596 -0.23312450467282475
0.2893888263498342 -0.23378628240901964
0.29015440728186653 -0.23440476627462234
0.4718444093865798 -0.009502535370447901
0.45703938755410467 -0.027828708523275923
0.44320291855179145 -0.044955973152087166
0.43027163911037725 -0.06096276252480795
0.41818633122120513 -0.0759223787609956
0.40689165095095076 -0.089903328514442
0.39633587499744205 -0.10296963669523303
0.38647066382593853 -0.11518113966793493
0.3772508403011689 -0.1265937592685909
0.3686341828013842 -0.13725975889537217
0.360581231867006 -0.14722798284563507
0.3530551094984282 -0.15654407999541348
0.34602135027545833 -0.16525071284567364
0.3394477435250193 -0.17338775289264577
0.3333041858143284 -0.1809924632169188
0.3275625430940567 -0.18809966912745435
0.32219652186015785 -0.19474191764197352
0.31718154874436455 -0.20094962653404752
0.31249465798194087 -0.2067512236294438
0.308114386241358 -0.2121732769896272
0.30402067433427127 -0.2172406165785837
0.3001947753556855 -0.2219764479701318
0.2966191688336427 -0.22640245861643846
0.29327748049528496 -0.2305389171643886
0.4866494312190549 0.008823637782380121
0.5004859002213681 0.025950902411191364
0.5134171796627823 0.04195769178391215
0.5255024875519545 0.0569173080200998
0.5367971678222088 0.07089825777354619
0.5473529437757175 0.08396456595433723
0.557218154947221 0.09617606892703913
0.5664379784719906 0.10758868852769511
0.5750546359717753 0.11825468815447637
0.5831075869061535 0.12822291210473927
0.5906337092747314 0.13753900925451767
0.5976674684977011 0.14624564210477783
0.6042410752481403 0.15438268215174997
0.610384632958831 0.161987392476023
0.6161262756791028 0.16909459838655855
0.6214922969130017 0.17573684690107771
0.626507270028795 0.18194455579315172
0.6311941607912186 0.18774615288854798
0.6355744325318015 0.1931682062487314
0.6396681444388883 0.1982355458376879
0.6434940434174741 0.202971377229236
0.6470696499395168 0.20739738787554265
0.6504113382778746 0.2115338464234928
0.653534411491293 0.21539969553372654
1.0 -0.0644967432533966
0.97647967211734 -0.04549556036017384
0.9544980572737327 -0.027737445506694693
0.9339544919993332 -0.011141076484751565
0.9147548982849413 0.004369548769400891
0.8968113527574721 0.01886546022187982
0.8800416840402113 0.032413041018589106
0.8643690964539862 0.04507433148280339
0.8497218183360188 0.05690731322505972
0.8360327733659558 0.0679661746664208
0.8232392733939343 0.0783015591910573
0.8112827313640077 0.08796079706454937
0.800108393018282 0.0969881221799625
0.7896650861531176 0.10542487462427383
0.7799049862791323 0.11330968999278912
0.7707833976118563 0.12067867631850432
0.762258548390103 0.12756557942664937
0.7542913995847261 0.13400193747164477
0.7468454661217571 0.14001722536416383
0.7398866498012252 0.14563898974969564
0.7333830831465226 0.15089297515673472
0.7273049834692304 0.15580324189228528
0.7216245164811068 0.1603922762245755
0.7163156688286549 0.164681093357557
0.7113541289665504 0.16868933366875472
0.7067171758243965 0.17243535265118246
0.7023835747569631 0.17593630497120838
0.6983334803014177 0.17920822302730738
0.6945483452962352 0.18226609036945596
0.6910108359455973 0.18512391031538925
0.6877047524403282 0.1877947700779437
0.6846149547718525 0.1902909006971535
0.6817272933994453 0.1926237330515551
0.6790285444532703 0.19480395020520153
0.6765063491764712 0.1968415363301047
0.6741491573289955 0.1987458224281451
0.6719461742939714 0.20052552906182763
0.6698873116444162 0.20218880628956837
0.6679631409438973 0.2037432709883915
0.6661648505695806 0.20519604173495515
0.6644842053599389 0.20655377140464082
0.6629135089023297 0.2078226776379919
0.6614455682877417 0.2090085713140209
0.6600736611713043 0.21011688316077703
0.658791504987718 0.2111526886250351
0.657593228180628 0.2121207311149959
0.6564733433141887 0.21302544372243593
0.6554267219436847 0.2138709695237817
0.6544485711301296 0.21466118055307687
0.653534411491293 0.2153996955337265
