# CURVE 2D, normalized by CHORD
# COLUMN#1 = X-coordinate, COLUMN#2 = Y-coordinate
#-------------------------------------------------------------------------------
0.0 0.0
0.006517526665892542 0.0009155096114883695
0.01260867308261452 0.001771126070823291
0.018301333285158424 0.0025707676216035914
0.023621576465106 0.0033180961737347132
0.02859376635290747 0.004016534072922678
0.033240672790105105 0.004669279773098345
0.03758357600243935 0.0052793224835428944
0.04164236405134985 0.005849455857790137
0.04543562391014472 0.006382290786993167
0.048980726581915615 0.0068802673563417936
0.05229390664899123 0.007345666019284435
0.055390336618220765 0.0077806180407261555
0.05828419640254743 0.008187115257026829
0.06098873825705834 0.008567019197494747
0.06351634746688162 0.008922069609147008
0.0658785990648473 0.009253892423775289
0.06808631083864701 0.009564007203801721
0.07014959287023552 0.009853834101022686
0.07207789383433692 0.010124700360107697
0.07388004426807655 0.010377846396635746
0.0755642970098893 0.010614431477503083
0.07713836499289187 0.010835539029715546
0.07860945656579145 0.011042181601876727
0.07998430850308079 0.011235305501092783
0.08126921685568765 0.011415795126528351
0.08247006578335761 0.011584477019458786
0.08359235450080617 0.011742123648365738
0.08464122246103846 0.011889456946409615
0.0856214728911621 0.012027151617478662
0.08653759478847393 0.012155838225954403
0.08739378347755039 0.01227610608434295
0.08819395982248167 0.012388505951995796
0.08894178818223052 0.012493552557278829
0.0896406931913416 0.012591726954739608
0.09029387544284728 0.012683478728067438
0.09090432614518905 0.01276922804893457
0.0914748408202748 0.012849367601146843
0.09200803210540168 0.012924264378915322
0.09250634171766979 0.012994261367483995
0.09297205163567736 0.013059679113809855
0.09340729454970313 0.013120817194488231
0.09381406362823189 0.01317795558764559
0.09419422164554848 0.013231355955082376
0.09454950951219951 0.013281262840537315
0.0948815542473874 0.013327904789560623
0.09519187642980598 0.013371495396124464
0.09548189716103829 0.013412234280763565
0.09575294457340493 0.013450308004725343
0.09600625991206535 0.01348589092431579
0.128207433114512 -0.21575474444026063
0.12558351838738915 -0.19707505611317805
0.12313126163306876 -0.1796174034710448
0.12083943289071324 -0.16330184025409783
0.11869753686982024 -0.14805365033171747
0.11669576488767724 -0.13380300554444613
0.11482494995109499 -0.12048464593017384
0.11307652477671908 -0.10803758087010627
0.11144248255767615 -0.09640480978593098
0.10991534029688838 -0.08553306110913164
0.10848810453914279 -0.07537254832707618
0.10715423934498804 -0.0658767419887066
0.10590763635979668 -0.0570021566257444
0.10474258684092626 -0.04870815161363018
0.10365375551487913 -0.040956745060252375
0.10263615614474161 -0.03371243987017969
0.10168512869601498 -0.026942061187868765
0.10079631799627047 -0.02061460447542865
0.09996565379090175 -0.014701093529222942
0.09918933210364128 -0.009174447785105427
0.09846379781648194 -0.004009358304621791
0.09778572838923025 0.000817828125736747
0.09715201864413518 0.005329217312987744
0.09655976654591551 0.0095454688898578
0.09600625991206535 0.013485890924315791
0.13083134784163483 -0.23443443276734321
0.13328360459595523 -0.2518920854094765
0.13557543333831074 -0.26820764862642343
0.13771732935920375 -0.2834558385488038
0.13971910134134674 -0.29770648333607513
0.141589916277929 -0.31102484295034744
0.14333834145230492 -0.323471908010415
0.14497238367134785 -0.3351046790945903
0.1464995259321356 -0.3459764277713896
0.1479267616898812 -0.3561369405534451
0.14926062688403596 -0.3656327468918147
0.1505072298692273 -0.37450733225477684
0.15167227938809774 -0.3828013372668911
0.15276111071414486 -0.3905527438202689
0.15377871008428237 -0.3977970490103416
0.154729737533009 -0.4045674276926525
0.15561854823275353 -0.4108948844050926
0.15644921243812224 -0.4168083953512983
0.1572255341253827 -0.42233504109541586
0.15795106841254203 -0.4275001305758995
0.15862913783979374 -0.43232731700625804
0.1592628475848888 -0.436838706193509
0.15985509968310846 -0.44105495777037906
0.16040860631695864 -0.44499537980483705
1.0 -0.32705892475935905
0.9430030989458905 -0.3350652150923412
0.8897349671196202 -0.342547729422231
0.8399516663474049 -0.349540733468857
0.7934252170275776 -0.3560762512694421
0.7499425541118512 -0.3621842118307365
0.7093045513868731 -0.3678925861870864
0.6713251095878282 -0.3732275154920864
0.6358303041681601 -0.3782134307304041
0.602657588822676 -0.38287316459799076
0.5716550511166159 -0.387228056063025
0.5426807168118868 -0.3912980480864215
0.5156018997046635 -0.39510177894940884
0.49029459399697817 -0.3986566676064064
0.4666429064197022 -0.4019789934540677
0.4445385255063601 -0.4050839708817885
0.4238802255873487 -0.4079858189450789
0.4045734032331325 -0.4106978264808644
0.3865296440235847 -0.4132324129629069
0.3696663176595213 -0.41560118537603075
0.3539061995622659 -0.4178149913696044
0.3391771172283822 -0.419883968933692
0.3254116197200797 -0.42181759282536263
0.31254666877774095 -0.423624717957765
0.30052335014004117 -0.4253136199506645
0.2892866037496675 -0.42689203302814066
0.2787849716091315 -0.42836718543699687
0.2689703621319949 -0.42974583254807747
0.25979782991037204 -0.431034287792078
0.25122536989016364 -0.43223845157151775
0.24321372501146432 -0.4333638382812745
0.2357262064332405 -0.43441560156142106
0.2287285255190128 -0.4353985578980066
0.22218863681412704 -0.43631720867986223
0.21607659129554213 -0.4371757608124376
0.21036439922209837 -0.4379781459830687
0.2050259019571976 -0.4387280386659016
0.20003665217691657 -0.439428872948923
0.19537380191497167 -0.44008385826015795
0.19101599793184554 -0.44069599406505044
0.186943283928924 -0.4412680836023331
0.18313700915983844 -0.4418027467212889
0.17957974302050617 -0.44230243187919144
0.1762551952267376 -0.44276942735386676
0.1731481412138699 -0.4432058717227222
0.17024435241679714 -0.44361376365623195
0.1675305311111217 -0.44399497107072705
0.16499424951703245 -0.44435123968240475
0.1626238928870426 -0.4446842010017297
