# CURVE 2D, normalized by CHORD
# COLUMN#1 = X-coordinate, COLUMN#2 = Y-coordinate
#-------------------------------------------------------------------------------
0.0 0.0
0.025644079344282374 -0.041371147350308446
0.049610508638004126 -0.08003577104218534
0.07200904068821137 -0.11617093337104227
0.09294224821176955 -0.14994211311763753
0.11250599356088933 -0.18150396334810034
0.1307898677189452 -0.21100101963825255
0.14787760057694135 -0.2385683619654976
0.1638474443694611 -0.2643322332993715
0.17877253202602164 -0.28841061772355264
0.19272121207888193 -0.3109137807368061
0.2057573616609944 -0.3319447742071365
0.2179406790274546 -0.3515999082915573
0.22932695694003422 -0.3699691924826048
0.23996833816674415 -0.3871367478013408
0.24991355426647308 -0.40318119202445857
0.25920814875220105 -0.41817599970961533
0.26789468565475055 -0.43218983866770583
0.27601294444218 -0.4452868844229306
0.28360010218744114 -0.4575271141007107
0.2906909038185263 -0.46896658108929024
0.29731782123075545 -0.47965767173282253
0.30351120198984816 -0.4896493452314508
0.3092994083067572 -0.4989873578469913
0.31470894692069085 -0.5077144724409544
0.31976459048511485 -0.5158706543044712
0.3244894910126139 -0.523493254176917
0.32890528589812706 -0.5306171792913521
0.3330321970060832 -0.5372750532300766
0.3368891232752012 -0.5434973653223425
0.3404937272650311 -0.5493126102683854
0.343862516040573 -0.5547474186291731
0.34701091676537854 -0.559826678779442
0.3499533473493089 -0.5645736508824971
0.3527032824744775 -0.5690100734087168
0.3552733153017379 -0.5731562626855576
0.357675215140299 -0.5770312059349416
0.3599199813445617 -0.5806526482240855
0.36201789368499415 -0.5840371737279583
0.3639785594237161 -0.5872002816755029
0.36581095731037205 -0.5901564573274138
0.3675234786997702 -0.5929192383105081
0.36912396597958147 -0.5955012766124653
0.3706197484840781 -0.5979143965208367
0.37201767605837394 -0.6001696487716509
0.3733241504268747 -0.6022773611555896
0.3745451545095858 -0.6042471858134761
0.37568627982053066 -0.6060881434376691
0.3767527520737502 -0.6078086645817747
0.37774945511414226 -0.6094166282678548
0.3453623942303439 -0.6294918839043422
0.3480014560274702 -0.627856050371689
0.3504678689219807 -0.6263272339860319
0.35277292770189705 -0.6248984336256046
0.3549271882438749 -0.6235631061859529
0.3569405158532001 -0.6223151366161851
0.3588221304413544 -0.6211488099154674
0.36058064874804074 -0.6200587849615257
0.3622241238010186 -0.6190400700512998
0.36376008179445585 -0.6180880000417428
0.36519555655467756 -0.6171982149860821
0.36653712175114644 -0.6163666401677077
0.36779092100018285 -0.6155894674402549
0.3689626959992822 -0.6148631377884298
0.37005781282087047 -0.6141843250297149
0.37108128648590616 -0.6135499205823177
0.3720378039298648 -0.6129570192296101
0.3729317454662747 -0.6124029058158645
0.37376720484609705 -0.6118850428123641
0.37454800800480953 -0.6114010586969432
0.37527773058304553 -0.6109487370937461
0.37595971430102304 -0.6105260066234683
0.3765970822617497 -0.6101309314176013
0.37719275325308305 -0.6097617022532396
0.3427233324332177 -0.6311277174369954
0.3402569195387072 -0.6326565338226525
0.3379518607587908 -0.6340853341830798
0.33579760021681293 -0.6354206616227314
0.3337842726074878 -0.6366686311924993
0.33190265801933344 -0.637834957893217
0.3301441397126471 -0.6389249828471587
0.32850066465966926 -0.6399436977573846
0.326964706666232 -0.6408957677669415
0.3255292319060103 -0.6417855528226022
0.3241876667095414 -0.6426171276409767
0.322933867460505 -0.6433943003684294
0.32176209246140564 -0.6441206300202544
0.3206669756398174 -0.6447994427789694
0.3196435019747817 -0.6454338472263665
0.31868698453082306 -0.6460267485790743
0.31779304299441313 -0.6465808619928197
0.3169575836145908 -0.6470987249963202
0.3161767804558783 -0.6475827091117411
0.3154470578776423 -0.6480350307149383
0.3147650741596648 -0.6484577611852159
0.31412770619893815 -0.6488528363910829
0.3135320352076048 -0.6492220655554447
0.3129753333465456 -0.6495671395408295
0.9999999999999999 -1.7579320894314487
0.953360316409148 -1.6826890987861594
0.9097718270719033 -1.612368546781216
0.8690349211492447 -1.5466484047205216
0.8309630464551713 -1.4852277112058538
0.795381855152299 -1.427825193902426
0.7621284053365304 -1.3741779814693158
0.7310504148545037 -1.3240403997561287
0.7020055639367218 -1.27718284675315
0.6748608434528134 -1.2333907411428897
0.6494919458043009 -1.1924635396379737
0.6257826956655042 -1.1542138186053417
0.6036245179656942 -1.1184664157711062
0.5829159406761522 -1.085057628075559
0.5635621301251783 -1.0538344620049545
0.5454744567130532 -1.0246539329670061
0.5285700890381698 -0.9973824105016336
0.512771614575662 -0.9718950063283883
0.4980066851714492 -0.9480750024281592
0.48420768572825956 -0.9258133165400946
0.4713114245664002 -0.9050080026260154
0.4592588440412979 -0.8855637840147266
0.44799475009260414 -0.8673916170882884
0.4374675594863484 -0.850408283512178
0.4276290635926514 -0.8345360091419812
0.4184342076172336 -0.8197021078614236
0.40984088427572174 -0.8058386487207155
0.4018097409658974 -0.7928821448508948
0.39430399955484674 -0.7807732627295672
0.3872892879557339 -0.7694565504666441
0.3807334827229183 -0.7588801838657814
0.37460656194458586 -0.74899572909862
0.36888046775922845 -0.7397579209050111
0.36352897786637106 -0.7311244553035077
0.3585275854431399 -0.7230557958628501
0.3538533869167556 -0.7155149926472824
0.34948497707901327 -0.7084675130065647
0.34540235106243167 -0.7018810834358007
0.3415868127291778 -0.695725541780881
0.33802088905323957 -0.6899726991127317
0.3346882501037647 -0.684596210637826
0.3315736342631338 -0.6795714550538019
0.3286627783373107 -0.6748754217977047
0.3259423522384106 -0.6704866056705108
0.32339989794037305 -0.6663849083553763
0.32102377242818836 -0.6625515463786154
0.3188030943794177 -0.6589689650919226
0.31672769433383763 -0.6556207582819296
0.3147880681230152 -0.6524915930389454
0.3129753333465456 -0.6495671395408293
