# CURVE 2D, normalized by CHORD
# COLUMN#1 = X-coordinate, COLUMN#2 = Y-coordinate
#-------------------------------------------------------------------------------
0.0 0.0
-0.023123451163491477 -0.001447521321207384
-0.04473415318544605 -0.002800344985887177
-0.06493107096297368 -0.004064666167830909
-0.08380669505412101 -0.005246274749086733
-0.10144746523276336 -0.0063505818343725495
-0.11793416633429828 -0.00738264453090135
-0.13334229820489166 -0.008347189107096491
-0.14774242144843686 -0.009248632636250828
-0.16120048055455388 -0.010091103224245536
-0.17377810588737352 -0.010878458913960217
-0.18553289591804611 -0.0116143053529459
-0.19651868099344103 -0.012302012305268966
-0.20678576984895028 -0.012944729083140991
-0.21638117999428602 -0.013545398969002696
-0.22534885302731011 -0.014106772694107095
-0.23372985586191206 -0.014631421035326159
-0.24156256879144658 -0.01512174658786734
-0.2488828612489555 -0.015579994767812369
-0.2557242560690573 -0.0160082640948638
-0.26211808300373185 -0.016408515802388498
-0.2680936221950165 -0.016782582818766722
-0.2736782382616376 -0.01713217816117628
-0.27889750561362 -0.01745890278025063
-0.28377532556874374 -0.01776425289153507
-0.28833403580717715 -0.01804962682731492
-0.29259451266552605 -0.018316331440193283
-0.29657626673874943 -0.01856558808774316
-0.3002975322277432 -0.018798538225640236
-0.303775350441756 -0.01901624863488984
-0.3070256478380297 -0.019219716307085737
-0.31006330895604256 -0.01940987301007255
-0.3129022445803536 -0.019587589554920043
-0.31555545544419566 -0.019753679783749475
-0.3180350917655434 -0.019908904296674176
-0.3203525088882983 -0.020053973934921563
-0.32251831928339636 -0.020189553036087344
-0.324542441147974 -0.020316262476429196
-0.3264341438251493 -0.02043468251413186
-0.328202090252416 -0.020545355446564256
-0.329854376633039 -0.020648788093697336
-0.331398569512126 -0.02074545411905536
-0.3328417404271605 -0.020835796198829207
-0.3341904982916788 -0.02092022804908514
-0.3354510196603875 -0.02099913632035237
-0.3366290770143208 -0.02107288236826567
-0.3377300651955669 -0.021141803908371556
-0.3387590261126194 -0.021206216562676124
-0.3397206718294908 -0.02126641530501684
-0.3406194061443239 -0.02132267581187732
-0.35002519119996667 0.12893017932882647
-0.3492587601829198 0.11668681549492768
-0.34854246951278256 0.10524441938848021
-0.34787303897994404 0.09455059125161341
-0.3472474029679454 0.0845563593479996
-0.3466626964146756 0.07521595569976237
-0.3461162416919936 0.06648660649580235
-0.3456055363436927 0.058328336211727574
-0.3451282416256544 0.050703784544367955
-0.3446821717957121 0.043578035322536554
-0.3442652841041772 0.036918456610544576
-0.3438756694391914 0.03069455127223432
-0.3435115435840644 0.024877817311196704
-0.34317123904656255 0.019441617347610143
-0.3428531974227291 0.01436105663397784
-0.34255596226026785 0.009612869051143905
-0.3422781723888088 0.005175310562514079
-0.3420185556865106 0.001028059638560952
-0.34177592325445616 -0.002847875804385863
-0.34154916397216234 -0.006470245377233369
-0.3413372394092709 -0.00985563750138993
-0.3411391790701201 -0.013019555374433445
-0.34095407594941834 -0.015976487966062908
-0.34078108237866905 -0.018739976369454903
-0.3406194061443239 -0.02132267581187733
-0.35079162221701354 0.14117354316272526
-0.3515079128871508 0.15261593926917272
-0.3521773434199893 0.16330976740603953
-0.35280297943198796 0.17330399930965334
-0.3533876859852577 0.18264440295789056
-0.3539341407079397 0.19137375216185057
-0.35444484605624066 0.19953202244592536
-0.3549221407742789 0.20715657411328497
-0.35536821060422125 0.21428232333511638
-0.3557850982957561 0.22094190204710834
-0.35617471296074193 0.2271658073854186
-0.35653883881586895 0.23298254134645624
-0.3568791433533708 0.23841874131004276
-0.35719718497720426 0.2434993020236751
-0.3574944201396655 0.248247489606509
-0.3577722100111245 0.2526850480951388
-0.35803182671342276 0.256832299019092
-0.3582744591454772 0.2607082344620388
-0.358501218427771 0.2643306040348863
-0.3587131429906624 0.26771599615904285
-0.35891120332981324 0.27087991403208633
-0.359096306450515 0.2738368466237158
-0.3592693000212643 0.2766003350271078
-0.35943097625560944 0.27918303446953024
1.0 0.36428301841771515
0.9077130215644117 0.3585058803940349
0.8214635090077873 0.35310668597938044
0.74085648792683 0.3480607098909184
0.6655228233651878 0.3433448443876828
0.5951175293823445 0.33893749345007945
0.5293181892114629 0.33481847388222585
0.46782347877138664 0.33096892288423185
0.41035178677131545 0.3273712116711533
0.35663992508900577 0.3240088647430425
0.3064419235167539 0.320866484436397
0.2595279033557707 0.31792968041149455
0.21568302470064638 0.31518500375270725
0.17470650259305354 0.31261988538000884
0.13641068753922847 0.31022257848963647
0.10062020618051337 0.3079821047603165
0.06717115818171415 0.3058882040787091
0.03591036565947192 0.30393128755384236
0.006694671713451283 0.3021023936053687
-0.020609715151988617 0.3003931469245523
-0.046127833717820366 0.29879572012005096
-0.06997654265785003 0.2973027978728534
-0.09226505568591525 0.2959075434362202
-0.11309544169345265 0.2946035673272172
-0.13256309216778672 0.2933848980664667
-0.15075715803165024 0.2922459548321205
-0.16776095790442014 0.291181521902825
-0.1836523596546722 0.29018672477264223
-0.19850413699135627 0.2892570078285462
-0.21238430272657527 0.28838811348826954
-0.22535642023612557 0.28757606270296426
-0.23747989454411655 0.2868171367353892
-0.24881024436466892 0.2861078601301789
-0.25939935634649336 0.2854449847982067
-0.2692957226846473 0.28482547514215784
-0.27854466318759474 0.28424649415519626
-0.2871885328165178 0.283705390429064
-0.2952669156472867 0.283199686012118
-0.30281680614333273 0.2827270650617011
-0.30987277856954387 0.2822853632388816
-0.3164671453230119 0.2818725577969942
-0.32263010490569277 0.28148675831859477
-0.3283898802166092 0.2811261980584084
-0.33377284779690486 0.2807892258526267
-0.33880365861961126 0.2804742985575037
-0.34350535097728074 0.28017997398262234
-0.3478994559844486 0.2799049042864715
-0.35200609617806333 0.2796478298040876
-0.355844077667423 0.27940757327849514
-0.3594309762556094 0.27918303446953024
