# CURVE 2D, normalized by CHORD
# COLUMN#1 = X-coordinate, COLUMN#2 = Y-coordinate
#-------------------------------------------------------------------------------
0.0 0.0
0.034336333586441524 -0.03314169005874603
0.06642636497563909 -0.06411523216972351
0.09641704851694523 -0.09306246778745947
0.12444572472377338 -0.1201159590189884
0.15064074921613615 -0.1453995956839687
0.17512208051740974 -0.16902916266058582
0.19800182939710473 -0.19111287011536818
0.21938477227532432 -0.2117518490450713
0.23936883104001555 -0.23104061439993404
0.25804552147430637 -0.24906749790915156
0.27550037234747543 -0.2659150525906633
0.29181331708875485 -0.2816604307976835
0.3070590598376141 -0.29637573753321644
0.3213074175468284 -0.31012836065053695
0.3346236397049726 -0.3229812794517711
0.34706870714249055 -0.33499335309778433
0.3586996112897036 -0.34621959015013315
0.36956961516560366 -0.35671140047943106
0.37972849729261304 -0.3665168306937282
0.389222779654304 -0.3756807841650339
0.3980959407399966 -0.38424522666158134
0.40638861465185877 -0.3922493785275135
0.41413877718630937 -0.39972989429006694
0.4213819197418707 -0.4067210305167524
0.428151211849872 -0.4132548026912248
0.434477653072303 -0.4193611318262457
0.4403902149624256 -0.42506798148514374
0.44591597373824093 -0.4304014858392541
0.4510802342763862 -0.4353860693477684
0.455906645994279 -0.44004455860806213
0.4604173111511881 -0.4443982868887105
0.4646328860641873 -0.44846719182389594
0.4685726757025042 -0.4522699067165925
0.4722547220934547 -0.4558238458686455
0.4756958869448103 -0.45914528432850804
0.478911928861965 -0.4622494324218375
0.4819175755135115 -0.4651505054062576
0.4847265910757045 -0.467861788569267
0.4873518392646699 -0.47039569806740666
0.4898053422450114 -0.4727638377852942
0.49209833568458283 -0.4749770524749087
0.49424132020754685 -0.47704547741847364
0.49624410948134495 -0.4789785848423661
0.4981158751577918 -0.48078522729460205
0.49986518887409737 -0.48247367818454223
0.5015000615061586 -0.48405166967046764
0.5030279798538793 -0.48552642806852875
0.5044559409265155 -0.48690470694522137
0.505790483985054 -0.4881928180449341
0.3528334227249434 -0.6466634533842728
0.3652971389732489 -0.6337504631876358
0.37694547191559047 -0.6216822480505919
0.38783176438506856 -0.6104035423150369
0.39800586949673034 -0.5998626958332097
0.40751437894688153 -0.5900114374389788
0.4164008363769294 -0.5808046538929685
0.4247059367788433 -0.5722001832892206
0.4324677128553983 -0.5641586219773067
0.4397217091886273 -0.5566431441157048
0.44650114501407495 -0.5496193330300957
0.452837066346269 -0.5430550236042927
0.4587584881520579 -0.536920154982047
0.46429252722288855 -0.5311866329051818
0.46946452635450603 -0.5258282010576443
0.4742981704027467 -0.5208203208263007
0.47881559474689683 -0.5161400589278489
0.4830374866573175 -0.5117659823872396
0.4869831800315424 -0.5076780603866702
0.49067074393268717 -0.5038575725356709
0.49411706533562627 -0.5002870231422134
0.4973379264598684 -0.49695006109225326
0.5003480770432722 -0.49383140497079514
0.5031613018875749 -0.4909167730815819
0.3403697064766379 -0.6595764435809097
0.3287213735342963 -0.6716446587179536
0.3178350810648182 -0.6829233644535087
0.30766097595315645 -0.6934642109353358
0.29815246650300525 -0.7033154693295668
0.2892660090729574 -0.712522252875577
0.2809609086710435 -0.7211267234793249
0.27319913259448847 -0.7291682847912389
0.2659451362612595 -0.7366837626528407
0.25916570043581183 -0.7437075737384499
0.25282977910361776 -0.7502718831642529
0.2469083572978289 -0.7564067517864985
0.2413743182269982 -0.7621402738633638
0.2362023190953807 -0.7674987057109013
0.2313686750471401 -0.7725065859422449
0.22685125070298995 -0.7771868478406967
0.2226293587925693 -0.781560924381306
0.21868366541834436 -0.7856488463818754
0.21499610151719956 -0.7894693342328747
0.21154978011426048 -0.7930398836263322
0.20832891899001837 -0.7963768456762923
0.20531876840661453 -0.7994955017977504
0.20250554356231187 -0.8024101336869637
0.19987636146483276 -0.8051340887236115
1.0 -1.5774195038291916
0.9456824257611919 -1.52499176847901
0.8949183376875396 -1.4759938849741676
0.8474752647215095 -1.4302014704836608
0.8031359441925093 -1.3874048214271122
0.7616973268756868 -1.347407953149964
0.7229696471403386 -1.3100277024236573
0.6867755539297329 -1.2750928886607538
0.6529492985927181 -1.2424435300038348
0.6213359758478445 -1.211930110698303
0.5917908144040374 -1.1834128963940675
0.5641785139892643 -1.1567612942405765
0.5383726257511589 -1.1318532548447906
0.5142549731921817 -1.1085747133534016
0.4917151109875302 -1.0868190670997673
0.47064981920748195 -1.0664866874234735
0.4509626306279977 -1.0474844634269371
0.4325633889649282 -1.0297253755797071
0.41536783600878846 -1.0131280972178098
0.39929722576940563 -0.9976166221132328
0.3842779638634404 -0.9831199164080207
0.3702412704933793 -0.9695715933190374
0.3571228654746307 -0.9569096091237259
0.3448626738683236 -0.9450759790346498
0.3334045508717749 -0.9340165116616814
0.32269602470677605 -0.9236805608458232
0.31268805632827257 -0.9140207937281986
0.3033348148530356 -0.9049929739921009
0.294593467679917 -0.8965557592854675
0.2864239843405537 -0.8886705118960905
0.27878895318227037 -0.8813011218125606
0.2716534100436878 -0.8744138413606635
0.2649846781384704 -0.8679771306579559
0.2587522184139682 -0.86196151317879
0.2529274896994801 -0.8563394407683546
0.2474838180036968 -0.8510851674875737
0.242396274362778 -0.846174631711143
0.23764156067967612 -0.8415853459387779
0.23319790303191745 -0.8372962938150722
0.2290449519592458 -0.8332878338863753
0.22516368927450592 -0.8295416096539482
0.22153634097101071 -0.826040465511493
0.2181462958275573 -0.8227683681820958
0.21497802933834842 -0.8197103332948085
0.2120170326194616 -0.8168523567646334
0.20924974596629642 -0.8141813506616662
0.20666349675773077 -0.8116850832757153
0.20424644142262272 -0.8093521231019296
0.2019875112028955 -0.8071717864909149
0.19987636146483279 -0.8051340887236115
