# CURVE 2D, normalized by CHORD
# COLUMN#1 = X-coordinate, COLUMN#2 = Y-coordinate
#-------------------------------------------------------------------------------
0.0 0.0
-0.039309970706583104 -0.0076271092985125384
-0.07604826108656718 -0.01475524882983264
-0.1103831119089822 -0.021417061475926195
-0.14247175753740746 -0.027643054603116432
-0.17246114597518805 -0.033461739768714784
-0.20048861180488955 -0.03889976328796558
-0.226682505103676 -0.043982028259228007
-0.2511627792146914 -0.048731808606202236
-0.27404154006610765 -0.05317085565944918
-0.29542355955341254 -0.05731949776528744
-0.3154067553359405 -0.06119673337822041
-0.33408263924484505 -0.06482031806320447
-0.3515367363559708 -0.06820684580618024
-0.3678489766467426 -0.071371825005223
-0.3830940610306415 -0.07432974949030971
-0.3973418034455002 -0.0770941648969328
-0.41065745056219066 -0.07967773069751513
-0.4231019805777892 -0.08209227817469487
-0.4347323824615261 -0.08434886460196567
-0.4456019169323083 -0.08645782387978883
-0.45576036036294587 -0.08842881385906282
-0.4652542327280277 -0.09027086056866468
-0.47412701063931906 -0.09199239954960099
-0.48241932644426433 -0.09360131448505549
-0.49016915429935337 -0.09510497330323726
-0.4974119840704646 -0.09651026191836042
-0.5041809838565499 -0.09782361576426991
-0.5105071518809287 -0.0990510492651199
-0.5164194584457686 -0.10019818337806383
-0.5219449785998246 -0.10127027133408617
-0.5271090161269798 -0.10227222269485473
-0.5319352194233865 -0.10320862583575992
-0.53644568979386 -0.10408376895810122
-0.5406610826634615 -0.10490165972664449
-0.5446007021677619 -0.10566604362247932
-0.5482825895549586 -0.10638042109522215
-0.551723605804675 -0.10704806359311266
-0.5549395088417933 -0.10767202854441218
-0.5579450256989131 -0.10825517335871081
-0.5607539199579037 -0.10880016851226093
-0.5633790547793901 -0.10930950977726105
-0.5658324518088167 -0.10978552965109292
-0.5681253462288415 -0.11023040803785168
-0.5702682382101731 -0.11064618223108418
-0.5722709409964645 -0.111034756243451
-0.5741426258434656 -0.11139790952603681
-0.5758918640182331 -0.1117373051172385
-0.577526666050726 -0.11205449725854849
-0.5790545184175419 -0.11235093851210923
-0.7633867796030858 0.8376938954979541
-0.7483664531147375 0.7602794293940742
-0.7343287648078699 0.6879294610726912
-0.7212094299416385 0.6203126682489687
-0.7089483693189923 0.5571194039277327
-0.6974894341576408 0.4980602783938673
-0.686780148960116 0.442864833969694
-0.6767714712054199 0.39128030647046663
-0.6674175667617788 0.34307046768614197
-0.6586755999920206 0.2980145435886423
-0.6505055375903774 0.2559062033106052
-0.6428699652523933 0.21655261426571082
-0.6357339163383894 0.17977355908356651
-0.6290647117458623 0.14540061031520735
-0.6228318102575192 0.11327635912982492
-0.6170066686796286 0.08325369447058895
-0.611562611130198 0.05519512936849935
-0.6064747068783938 0.0289721713291633
-0.601719656175773 0.004464733909223084
-0.5972756835565013 -0.018439413212216427
-0.5931224381179295 -0.039845158185524476
-0.5892409003248718 -0.05985052731945706
-0.5856132949107992 -0.07854713398668389
-0.5822230094770864 -0.0960205981616622
-0.5790545184175419 -0.1123509385121092
-0.778407106091434 0.9151083616018341
-0.7924447943983016 0.9874583299232171
-0.805564129264533 1.0550751227469397
-0.8178251898871792 1.1182683870681758
-0.8292841250485308 1.177327512602041
-0.8399934102460556 1.2325229570262144
-0.8500020880007516 1.2841074845254417
-0.8593559924443928 1.3323173233097663
-0.8680979592141509 1.377373247407266
-0.8762680216157941 1.419481587685303
-0.8839035939537783 1.4588351767301975
-0.8910396428677821 1.495614231912342
-0.8977088474603092 1.529987180680701
-0.9039417489486523 1.5621114318660836
-0.9097668905265429 1.5921340965253195
-0.9152109480759735 1.620192661627409
-0.9202988523277777 1.6464156196667452
-0.9250539030303985 1.6709230570866853
-0.9294978756496702 1.6938272042081248
-0.933651121088242 1.7152329491814329
-0.9375326588812998 1.7352383183153655
-0.9411602642953724 1.7539349249825924
-0.9445505497290851 1.7714083891575707
-0.9477190407886297 1.7877387295080176
1.0 2.1656445315187294
0.8677762179504379 2.1399898383345946
0.7442025898667355 2.1160134895643754
0.6287132178258922 2.0936056869753856
0.5207792252643564 2.0726638153968904
0.41990633501993035 2.053091972800166
0.32563260581953224 2.0348005311209842
0.2375263168471975 2.0177057258133377
0.15518399070482858 2.0017292722547895
0.07822854571196047 1.9867980072468006
0.006307569083111697 1.972843553968306
-0.0609082969251582 1.959802008848218
-0.12372686328802707 1.947613648922902
-0.18243580381407276 1.9362226583384945
-0.23730397253000324 1.9255768727455902
-0.2885826348813403 1.9156275404157732
-0.3365066183872629 1.9063290989860378
-0.38129538801896623 1.8976389668087148
-0.42315405122616534 1.8895173479514036
-0.4622742972142022 1.8819270499539165
-0.49883527477311485 1.874833313507667
-0.5330044126786408 1.868203653277527
-0.5649381864221232 1.8620077091372096
-0.5947828347805177 1.8562171071369127
-0.6226750295079895 1.8508053295665419
-0.6487425012159067 1.8457475935194663
-0.6731046243074184 1.8410207374007042
-0.6958729636452796 1.836603114859805
-0.7171517854563649 1.8324744956627028
-0.7370385348125195 1.8286159730485887
-0.7556242818743459 1.8250098771475476
-0.7729941389414738 1.8216396940624624
-0.7892276502191631 1.8184899902446257
-0.8043991560861625 1.8155463418167408
-0.8185781335319564 1.8127952685196522
-0.8318295143224181 1.8102241719803172
-0.8442139823508867 1.8078212780183218
-0.8557882515363717 1.8055755827267372
-0.8666053255414978 1.8034768020803966
-0.8767147404995594 1.801515324840826
-0.8861627918622339 1.7996821685421618
-0.8949927464067895 1.7979689383564943
-0.9032450403736638 1.796367788650263
-0.9109574646417706 1.7948713870556543
-0.9181653377895342 1.7934728808924685
-0.924901667834173 1.7921658657866875
-0.9311973033899104 1.7909443563420324
-0.9370810749373282 1.789802758730205
-0.9425799268508028 1.7887358450742918
-0.9477190407886296 1.7877387295080176
