# CURVE 2D, normalized by CHORD
# COLUMN#1 = X-coordinate, COLUMN#2 = Y-coordinate
#-------------------------------------------------------------------------------
0.0 0.0
-0.1003714195303249 0.0436969703611336
-0.1941764845119366 0.08453526041826764
-0.28184476954148024 0.12270188663988825
-0.3637777462046051 0.15837163077224395
-0.44035062159070315 0.19170784024173523
-0.5119140565309817 0.22286317619453086
-0.5787957714284383 0.25198031259901277
-0.6413020470335379 0.2791925896125472
-0.6997191270383039 0.30462462420463554
-0.754314528911917 0.3283928808327554
-0.8053382689807143 0.35060620478426935
-0.8530240073627676 0.3713663206268057
-0.8975901180002007 0.39076829804973684
-0.9392406886893906 0.40890098723004636
-0.9781664556886335 0.42584742571631695
-1.014545677183253 0.4416852186941399
-1.0485449496081312 0.45648689437434836
-1.0803199705659612 0.47032023613155244
-1.110016251834961 0.48324859291398614
-1.1377697857312228 0.4953311693461672
-1.1637076678772615 0.5066232968528785
-1.1879486792287 0.5171766870460666
-1.2106038300244364 0.5270396685350275
-1.2317768681512933 0.5362574082443367
-1.2515647542511594 0.5448721182530368
-1.2700581057463611 0.5529232491022893
-1.2873416118166434 0.5604476704567309
-1.303494421228122 0.5674798399468632
-1.3185905047902517 0.5740519609656786
-1.3326989941006533 0.5801941301421414
-1.3458844981290659 0.585934475166873
-1.358207399090199 0.5912992836012017
-1.369724128960417 0.5963131232594527
-1.380487427904546 0.6009989547157621
-1.3905465857962556 0.6053782364506308
-1.3999476679380398 0.6094710231187322
-1.4087337260144739 0.613296057387986
-1.4169449952447861 0.6168708557704662
-1.4246190786376014 0.6202117888382046
-1.4317911191916342 0.6233341561912312
-1.438493960830917 0.6262522565211626
-1.4447582988115555 0.6289794530911919
-1.4506128202887876 0.6315282349323408
-1.45608433568807 0.6339102740362182
-1.4611979014817917 0.6361364788061973
-1.4659769349338683 0.6382170440117851
-1.470443321337678 0.6401614974749513
-1.4746175142384348 0.6419787437022094
-1.4785186290989552 0.6436771046622637
-2.413333049977574 -1.5035804659555323
-2.337159635094546 -1.3286110408650844
-2.26596952772723 -1.1650882136777498
-2.1994367171035707 -1.0122631415400538
-2.1372565202590286 -0.8694359713179083
-2.079144186759457 -0.7359526346616975
-2.0248335947037828 -0.611201852740005
-1.974076032034928 -0.49461233692533924
-1.9266390575780545 -0.3856501726125674
-1.8823054365903222 -0.2838163741894162
-1.8408721459475816 -0.1886445999621722
-1.8021494444123105 -0.09969901657222446
-1.7659600037251408 -0.016572303123675303
-1.7321380965408704 0.06111621411795953
-1.70052883749015 0.13372230499799231
-1.6709874738913462 0.20157846469895735
-1.6433787228644268 0.2649954363821021
-1.6175761518112308 0.3242636342168168
-1.5934615994250665 0.37965447331468116
-1.570924634578184 0.43142161265847956
-1.5498620506091347 0.47980211671810435
-1.5301773926941356 0.5250175410728937
-1.5117805161380615 0.5672749470119491
-1.4945871735622918 0.6067678497587301
-1.4785186290989552 0.6436771046622636
-2.4895064648606016 -1.6785498910459802
-2.5606965722279176 -1.8420727182333148
-2.627229382851577 -1.9948977903710108
-2.6894095796961186 -2.1377249605931565
-2.7475219131956905 -2.271208297249367
-2.801832505251365 -2.3959590791710594
-2.8525900679202194 -2.5125485949857254
-2.900027042377093 -2.621510759298497
-2.9443606633648254 -2.7233445577216484
-2.9857939540075655 -2.818516331948892
-3.024516655542837 -2.90746191533884
-3.060706096230007 -2.990588628787389
-3.0945280034142773 -3.068277146029024
-3.1261372624649972 -3.140883236909057
-3.1556786260638012 -3.2087393966100217
-3.183287377090721 -3.2721563682931665
-3.209089948143917 -3.3314245661278816
-3.233204500530081 -3.3868154052257458
-3.255741465376963 -3.4385825445695444
-3.2768040493460124 -3.486963048629169
-3.2964887072610116 -3.5321784729839583
-3.3148855838170856 -3.5744358789230137
-3.332078926392856 -3.6139287816697947
-3.3481474708561922 -3.650838036573328
1.0 -5.543815858835139
0.7048195907798613 -5.4153082652070275
0.42895004945262993 -5.295207710414401
0.17112804821222682 -5.182964201262413
-0.06982709313394442 -5.078063725419433
-0.2950188140182164 -4.980025897528798
-0.5054783662465081 -4.888401759313252
-0.7021695365533227 -4.802771723597788
-0.8859930602045514 -4.722743652835671
-1.0577907458599052 -4.6479510633383665
-1.2183493305845352 -4.578051446985746
-1.3684040826636283 -4.512724702730959
-1.5086421687188558 -4.451671670717141
-1.6397058005461704 -4.3946127622930105
-1.7621951760857173 -4.341286679653637
-1.876671227991836 -4.291449219243008
-1.9836581923900778 -4.244872153438681
-2.0836460095846965 -4.2013421853972535
-2.177092567710508 -4.160659972274425
-2.26442579960379 -4.122639212346548
-2.346045642494708 -4.0871057918532046
-2.422325869495565 -4.053896987653818
-2.4936158012720675 -4.022860722046915
-2.5602419057360883 -3.993854866339529
-2.622509293085641 -3.966746589977486
-2.6807031130384935 -3.9414117522559504
-2.735089860657982 -3.917734333824609
-2.785918596750962 -3.8956059053841026
-2.833422088426644 -3.874925131140639
-2.877817875039431 -3.8555973047448786
-2.919309264397176 -3.8375339155899617
-2.9580862637969374 -3.820652243482564
-2.9943264501518545 -3.8048749798307893
-3.0281957831938335 -3.7901298736141777
-3.0598493654760563 -3.7763494005145413
-3.0894321526557045 -3.7634704536924506
-3.1170796173095807 -3.7514340547933003
-3.1429183693225493 -3.740185083859515
-3.1670667356898106 -3.7296720269120525
-3.1896353023881847 -3.7198467400452646
-3.2107274207978795 -3.7106642289548093
-3.2304396809938574 -3.7020824428889627
-3.24886235407421 -3.6940620820797605
-3.2660798055511746 -3.686566417772095
-3.282170881697871 -3.679561124026613
-3.2972092706200167 -3.6730141205261626
-3.311263839706135 -3.6668954256659285
-3.324398951001572 -3.661177019254495
-3.336674755950579 -3.6558327141970803
