# CURVE 2D, normalized by CHORD
# COLUMN#1 = X-coordinate, COLUMN#2 = Y-coordinate
#-------------------------------------------------------------------------------
0.0 0.0
0.01324267224080874 -0.004313245730499467
0.025619001437826205 -0.008344316506667178
0.03718566423877711 -0.012111672372244479
0.04799562947331066 -0.01563256570455971
0.058098400720538276 -0.018923120220742173
0.0675402430076669 -0.02199840481530522
0.07636439467788056 -0.024872502567233303
0.08461126539770641 -0.02755857523258665
0.09231862121062777 -0.03006892351796361
0.09952175748438605 -0.03241504341083928
0.10625366054397323 -0.034607678824741764
0.11254515873050328 -0.036656870800351564
0.11842506357772764 -0.03857200348783736
0.12392030175270367 -0.04036184712100165
0.12905603836483082 -0.04203459818003371
0.13385579220794028 -0.043597916926792636
0.1383415434631828 -0.045058962484511265
0.1425338343559328 -0.04642442562256605
0.14645186322766177 -0.04770055939644903
0.1501135724535767 -0.04889320778325555
0.15353573060863737 -0.0500078324438224
0.1567340092582268 -0.05104953773407179
0.1597230547251328 -0.052023094080099246
0.16251655516149355 -0.05293295982405015
0.16512730323285874 -0.053783301640826696
0.1675672547014243 -0.054578013619122526
0.16984758317671927 -0.055320735094165366
0.17197873128447155 -0.05601486731383157
0.17397045848797837 -0.05666358901445419
0.1758318857809754 -0.0572698709776529
0.17757153745667353 -0.05783648963484795
0.17919738014424189 -0.05836603978175922
0.18071685929150205 -0.05886094646111554
0.18213693326090405 -0.05932347606799061
0.18346410519492462 -0.059755746728621516
0.18470445279681302 -0.06015973800023918
0.18586365616306383 -0.06053729993633047
0.18694702379507397 -0.06089016155884568
0.18795951690910212 -0.06121993877614962
0.18890577215585738 -0.06152814178297573
0.1897901228537595 -0.06181618197627116
0.1906166188331073 -0.062085378418603336
0.19138904498203047 -0.062336963878726864
0.1921109385791549 -0.06257209047697315
0.19278560549235535 -0.06279183496131549
0.1934161353177763 -0.06299720363827094
0.1940054155284501 -0.06318913698121996
0.19455614469730412 -0.06336851393724707
0.19507084485511159 -0.06353615595222568
0.25169356076049004 0.11030881254033567
0.24707965501178503 0.09614304379035803
0.24276759356439714 0.08290400757542563
0.23873762959487577 0.07053107653343274
0.23497130812803335 0.058967589578299215
0.23145138152350775 0.048160592423968814
0.22816173049124083 0.038060595083473106
0.2250872902741689 0.028621345232542533
0.22221398166008305 0.019799616399897135
0.21952864650673173 0.011555010014247247
0.2170189874849081 0.0038497704014903295
0.2146735117635776 -0.0033513881151049085
0.21248147837915657 -0.01008144280351167
0.21043284904792198 -0.016371213540340435
0.20851824219630083 -0.022249503948591598
0.20672888999852407 -0.02774323330209738
0.20505659822490094 -0.032877559800700895
0.20349370871684191 -0.037675995780704186
0.2020330643167868 -0.04216051538818388
0.2006679760924362 -0.0463516552082584
0.19939219270519262 -0.05026860831113175
0.1981998717825351 -0.05392931214559285
0.197085553163229 -0.05735053068247237
0.19604413389284947 -0.06054793118422894
0.19507084485511159 -0.0635361559522257
0.25630746650919506 0.12447458129031332
0.26061952795658294 0.1377136175052457
0.2646494919261043 0.15008654854723857
0.26841581339294673 0.1616500355023721
0.27193573999747234 0.17245703265670254
0.27522539102973925 0.18255702999719822
0.2782998312468111 0.19199627984812878
0.28117313986089704 0.2008180086807742
0.2838584750142483 0.2090626150664241
0.286368134036072 0.216767854679181
0.28871360975740246 0.22396901319577622
0.2909056431418235 0.23069906788418298
0.2929542724730581 0.23698883862101175
0.29486887932467926 0.24286712902926294
0.29665823152245596 0.2483608583827687
0.2983305232960791 0.25349518488137224
0.2998934128041381 0.25829362086137553
0.3013540572041933 0.26277814046885517
0.3027191454285439 0.26696928028892974
0.30399492881578744 0.27088623339180307
0.30518724973844497 0.27454693722626416
0.3063015683577511 0.2779681557631437
0.3073429876281306 0.28116555626490025
0.30831627666586847 0.284153781032897
1.0 0.05886678364476869
0.9530440294692961 0.07416072400137519
0.9091599448611618 0.08845412620381113
0.8681467816759895 0.10181244601917182
0.8298167226244266 0.11429685706156498
0.793994237529508 0.12596453093296045
0.7605152794968739 0.1368688990370684
0.7292265336719821 0.14705989726520663
0.6999847151440459 0.15658419467468163
0.6726559127814886 0.16548540720690125
0.647114975994052 0.17380429742392894
0.62324494161327 0.18157896117816041
0.6009364982667449 0.18884500206996555
0.580087485793357 0.1956356944922133
0.5606024274070132 0.2019821360083327
0.5423920924665048 0.20791338976171536
0.5253730878492073 0.213456617568615
0.5094674760573403 0.21863720430403527
0.49460241830793217 0.22347887415022238
0.4807098409720366 0.22800379924011693
0.46772612383568557 0.23223270119328937
0.45559180875498373 0.2361849460093384
0.44425132737115025 0.23987863275330945
0.43365274663859554 0.24333067643926368
0.42374753100069396 0.24655688549155738
0.41449032012415044 0.24957203413856083
0.4058387211741098 0.2523899300703397
0.39775311467874463 0.2550234776701331
0.3901964730942913 0.2574847371091924
0.38313419123966186 0.25978497957560287
0.37653392782412054 0.26193473889000524
0.3703654573423061 0.26394385974458684
0.36460053165836737 0.2658215427862519
0.35921275064534053 0.2675763867504249
0.3541774412873715 0.269216427838437
0.34947154469113884 0.27074917651882213
0.3450735104890522 0.27218165192105126
0.34096319815065346 0.27352041397920934
0.33712178475028076 0.274771593472815
0.3335316787686241 0.275940920102353
0.330176439533431 0.2770337487280894
0.32704070193044665 0.27805508389232914
0.32411010603980717 0.27900960273741293
0.32137123137565815 0.2799016764244071
0.31881153542785523 0.2807353901505699
0.3164192962243012 0.28151456185726415
0.3141835586508861 0.2822427597139877
0.3120940842832085 0.2829233184585892
0.3101413045003323 0.28355935466849713
