# CURVE 2D, normalized by CHORD
# COLUMN#1 = X-coordinate, COLUMN#2 = Y-coordinate
#-------------------------------------------------------------------------------
0.0 0.0
-0.013397103898971387 0.0027234787710572637
-0.02591776174847731 0.005268786033727594
-0.037619311140538916 0.0076475778679989306
-0.048555338609755375 0.009870747806570273
-0.058775925029583835 0.01194847672112293
-0.06832787495465716 0.013890279445003916
-0.0772549309593986 0.01570504834582727
-0.08559797395448404 0.01740109404753134
-0.09339521039848914 0.018986183488376263
-0.1006823472620453 0.02046757548916591
-0.10749275554574265 0.021852053994576796
-0.11385762310059998 0.023145959139820614
-0.11980609745093392 0.02435521628490829
-0.12536541927367592 0.025485363149476217
-0.13056104714539743 0.026541575172436896
-0.13541677412831474 0.02752868921258706
-0.13995483672917203 0.028451225698708716
-0.14419601672997323 0.029313409330598107
-0.14815973635689025 0.03011918842582184
-0.15186414722316782 0.03087225300079729
-0.1553262134533338 0.03157605166899865
-0.15856178936937676 0.03223380743367281
-0.16158569209465054 0.03284853244738698
-0.16441176940799054 0.03342304180599836
-0.16705296315877557 0.0339599664402146
-0.16952136853334102 0.034461765163781174
-0.17182828944414988 0.03493073593346957
-0.17398429029537307 0.03536902637243068
-0.17599924436193684 0.03577864360510462
-0.1778823790035852 0.03616146344872512
-0.17964231792101357 0.03651923900351064
-0.18128712064758215 0.03685360868088028
-0.1828243194574593 0.03716610370645938
-0.18426095385921368 0.037458155132234244
-0.1856036028328159 0.03773110038996776
-0.18685841495767777 0.03798618941588694
-0.18803113656969825 0.03822459037468991
-0.18912713807625942 0.0384473950090852
-0.19015143854968106 0.03865562363936118
-0.19110872871175738 0.03885022983588079
-0.19200339241463243 0.03903210478589911
-0.19283952671638482 0.03920208137470128
-0.1936209606432562 0.03936093799975004
-0.19435127272444444 0.039509402135309624
-0.19503380737976053 0.03964815366386999
-0.19567169023519615 0.03977782798962734
-0.1962678424365378 0.03989901894827906
-0.19682499402657677 0.04001228152645825
-0.19734569644717392 0.04011813440326122
-0.14733554607663943 0.2861237899777822
-0.15141062648560114 0.2660780028706079
-0.15521911284911674 0.24734362239661317
-0.15877844589913132 0.22983485559848726
-0.16210492538512628 0.21347152214229487
-0.16521378471783182 0.19817868713650755
-0.16811926072970618 0.18388631797222035
-0.1708346588716448 0.1705289636130734
-0.17337241414448465 0.15804545486620714
-0.175744148044335 0.14637862426165923
-0.17796072178251288 0.1354750442574088
-0.18003228602380061 0.1252847825711935
-0.1819683273707985 0.11576117351865584
-0.18377771180724511 0.10686060431067668
-0.1854687252992513 0.0985423153312569
-0.18704911174037858 0.0907682134813319
-0.1885261084143293 0.08350269773373845
-0.18990647913764774 0.07671249610047354
-0.191196545234207 0.07036651326564652
-0.19240221448332784 0.06443568818636891
-0.19352900817409496 0.05889286100947394
-0.19458208638976518 0.053712648694618864
-0.19556627163805512 0.048871328774193534
-0.19648607093552234 0.04434673071772127
-0.19734569644717392 0.04011813440326123
-0.14326046566767772 0.3061695770849565
-0.13945197930416212 0.32490395755895124
-0.13589264625414754 0.34241272435707715
-0.1325661667681526 0.3587760578132696
-0.12945730743544703 0.37406889281905686
-0.1265518314235727 0.3883612619833441
-0.12383643328163406 0.401718616342491
-0.12129867800879421 0.4142021250893573
-0.11892694410894387 0.42586895569390526
-0.116710370370766 0.43677253569815566
-0.11463880612947827 0.44696279738437095
-0.11270276478248038 0.45648640643690863
-0.11089338034603377 0.46538697564488773
-0.10920236685402757 0.4737052646243075
-0.1076219804129003 0.48147936647423256
-0.10614498373894957 0.488744882221826
-0.10476461301563114 0.49553508385509093
-0.10347454691907185 0.5018810666899179
-0.10226887766995102 0.5078118917691956
-0.1011420839791839 0.5133547189460905
-0.10008900576351368 0.5185349312609456
-0.09910482051522376 0.5233762511813709
-0.09818502121775655 0.5279008492378432
-0.09732539570610495 0.5321294455523032
1.0 0.30905567955896457
0.9255064457856583 0.3241993714354559
0.8558863016601055 0.33835235449759726
0.7908207464025796 0.3515794414715611
0.730011816255359 0.3639412049986302
0.6731810404168352 0.37549425502392836
0.6200681658013925 0.3862914980382257
0.5704299652262121 0.396382379359999
0.5240391235671653 0.4058131095672637
0.4806831967830092 0.4146268761161092
0.44016363904080735 0.42286404111503023
0.4022948934873476 0.43056232616075085
0.3669035425028059 0.437756985081985
0.3338275135452903 0.44448096538220394
0.30291533694948125 0.4507650591207263
0.2740254522805009 0.4566380439230836
0.24702556006650045 0.46212681476640816
0.2217920159412664 0.46725650714334704
0.1982092644223562 0.4720506121685235
0.1761693097317858 0.4765310841546698
0.1555712212359256 0.4807184411510682
0.13632067123979463 0.48463185890471155
0.11832950301911149 0.4882892586744717
0.10151532711193101 0.4917073893004158
0.08580114402110806 0.4949019039041018
0.0711149915997783 0.4978874315710981
0.057389615505077485 0.5006776443439918
0.04456216121096457 0.5032853198326775
0.032573886169737665 0.5057223997286455
0.021369890804104896 0.5080000444912325
0.010898867097906217 0.5101286844562669
0.001112863634168959 0.512118067601159
-0.008032933995491875 0.5139773041851702
-0.016580408415735715 0.5157149084692928
-0.02456870226643093 0.5173388377067907
-0.0320343974539965 0.5188565285829568
-0.03901168267602051 0.5202749312709626
-0.04553250998632308 0.5216005412597531
-0.05162674111744714 0.5228394290997441
-0.057322284230647336 0.5239972682025396
-0.06264522171961917 0.5250793608219745
-0.06761992965323782 0.5260906623354651
-0.07226918940428328 0.5270358039368581
-0.07661429197535385 0.5279191138447021
-0.08067513549971905 0.5287446371230611
-0.08447031636361158 0.5295161542056395
-0.08801721436724952 0.5302371982080492
-0.09133207231457452 0.5309110711074976
-0.0944300703961869 0.5315408588639913
-0.09732539570610488 0.5321294455523032
