# CURVE 2D, normalized by CHORD
# COLUMN#1 = X-coordinate, COLUMN#2 = Y-coordinate
#-------------------------------------------------------------------------------
0.0 0.0
-0.007347301923144364 0.0052914181695549465
-0.014213939234494212 0.010236668795307215
-0.020631357282484723 0.014858398352085035
-0.02662894424322352 0.0191777717696344
-0.03223416570185791 0.02321456935612913
-0.03747269042955359 0.026987277380890566
-0.04236850793207293 0.030513172731134897
-0.046944038308259224 0.03380840203042866
-0.05122023492151745 0.036888055581170504
-0.055216680354469055 0.03976623646971427
-0.058951676086199535 0.042456125150596304
-0.062442326302770065 0.044970039805626236
-0.06570461622479859 0.047319492754252346
-0.06875348531080658 0.049515243173529074
-0.0716028956715617 0.05156734636911481
-0.07426589600871601 0.05348519982293325
-0.07675468137054249 0.055277586228371055
-0.07908064899841769 0.05695271371008862
-0.08125445051979638 0.05851825341262841
-0.08328604072669235 0.05998137462995531
-0.08518472316304374 0.061348777636802874
-0.08695919272972727 0.06262672437217444
-0.0886175755023287 0.06382106711551234
-0.09016746594401227 0.06493727528685618
-0.09161596168390347 0.06598046049371958
-0.09296969602025038 0.06695539993938632
-0.09423486829721012 0.06786655829982251
-0.09541727229436874 0.06871810816938904
-0.09652232275900298 0.06951394916898394
-0.09755508020258637 0.07025772580411936
-0.09852027407509421 0.0709528441547132
-0.09942232442323239 0.07160248747302521
-0.10026536213177273 0.07220963076116726
-0.10105324784068895 0.0727770543949449
-0.10178958962472279 0.07330735685641931
-0.1024777595163432 0.07380296663349821
-0.10312090894776416 0.07426615334104858
-0.103721983182737 0.07469903811446015
-0.10428373480420695 0.075103603323256
-0.10480873631959943 0.07548170164923343
-0.10529939194146157 0.07583506457070767
-0.10575794859740748 0.07616531029171161
-0.10618650621978683 0.07647395115246299
-0.10658702736219745 0.07676240055503435
-0.10696134618688027 0.07703197943594217
-0.10731117686415395 0.07728392231529528
-0.10763812142235363 0.07751938295020472
-0.10794367708422249 0.07773943961834438
-0.10822924312335228 0.07794510005585809
0.13395051781851292 0.41421937781993595
0.11421648398839879 0.38681804606626197
0.09577346171726407 0.36120932480114604
0.07853699230498865 0.33727594044122466
0.06242814238697422 0.3149082915067187
0.04737314246359628 0.29400394670811497
0.033303049077261726 0.2744671758682984
0.020153429090033176 0.2562085115320213
0.00786406461598782 0.2391443392551267
-0.0036213227429330863 0.22319651469728136
-0.014355329620429264 0.20829200576471557
-0.02438711174893035 0.19436255816418685
-0.0337626090652865 0.1813443828365899
-0.04252475608991843 0.16917786383883573
-0.050713678542845475 0.15780728533626176
-0.058366877096982905 0.1471805764553515
-0.06551939911019541 0.13724907282833254
-0.07220399912254358 0.12796729373766064
-0.07845128885371008 0.11929273383983646
-0.08428987738751056 0.11118566851476708
-0.08974650218545493 0.1036089719492817
-0.09484615152932815 0.0965279471217253
-0.09961217895350877 0.08991016690905573
-0.10406641019106075 0.0837253255888038
0.15368455164862704 0.44162070957360994
0.17212757391976174 0.46722943083872587
0.18936404333203719 0.49116281519864724
0.20547289325005158 0.5135304641331533
0.22052789317342955 0.534434808931757
0.2345979865597641 0.5539715797715735
0.24774760654699263 0.5722302441078506
0.260036971021038 0.5892944163847452
0.27152235837995886 0.6052422409425906
0.2822563652574551 0.6201467498751563
0.29228814738595615 0.634076197475685
0.30166364470231233 0.647094372803282
0.31042579172694423 0.6592608918010362
0.3186147141798713 0.6706314703036101
0.3262679127340087 0.6812581791845205
0.3334204347472212 0.6911896828115394
0.3401050347595694 0.7004714619022112
0.3463523244907359 0.7091460218000354
0.35219091302453637 0.7172530871251048
0.3576475378224807 0.7248297836905901
0.362747187166354 0.7319108085181466
0.36751321459053454 0.7385285887308162
0.37196744582808655 0.744713430051068
0.3761302787603781 0.7504936555840138
1.0 0.30119191013597224
0.9576476830995561 0.33169342232561294
0.918066078519702 0.36019950848415555
0.8810739247067543 0.38684071050148505
0.8465018183395134 0.4117390301438491
0.8141914385570455 0.4350084877535351
0.7839948219379164 0.45675564439810146
0.755773684910693 0.47708008986031303
0.7293987904927272 0.4960748987035014
0.7047493564572451 0.5138270565008738
0.6817125022184769 0.530417858180661
0.6601827319018709 0.5459232803113032
0.6400614512321459 0.5604143290315295
0.6212565160267953 0.5739573652186571
0.6036818102274024 0.5866144083841968
0.5872568515363807 0.5984434206884395
0.5719064228531832 0.6094985723746476
0.5575602278221572 0.6198304898383935
0.5441525689146564 0.6294864874680626
0.5316220465711976 0.6385107843182207
0.5199112780259092 0.646944706608088
0.5089666345256394 0.6548268769724499
0.4987379957403407 0.6621933913316668
0.4891785202400616 0.6690779841907479
0.48024443098746417 0.6755121831244686
0.47189481486354135 0.6815254531559832
0.4640914353084734 0.687145331690109
0.4567985572196247 0.6923975546191986
0.449982783304813 0.6973061741790954
0.4436129011414375 0.7018936690948868
0.43765974024108656 0.7061810475208601
0.4320960384650576 0.7101879432460687
0.4268963171790493 0.7139327056060768
0.42203676457530326 0.7174324835126265
0.4174951266278769 0.7207033039860373
0.4132506051816842 0.7237601455499727
0.4092837627086068 0.7266170068246787
0.40557643329451587 0.7292869706328151
0.40211163944957096 0.7317822639114473
0.3988735143608375 0.7341143137045614
0.39584722923118 0.7362937994925185
0.39301892537168703 0.738330702098086
0.39037565073664693 0.7402343493930088
0.38790530061044115 0.742013459014432
0.3855965621747348 0.7436761782867902
0.383438862702112 0.7452301215319848
0.3814223211389133 0.7466824049387086
0.3795377028555499 0.7480396791506001
0.37777637735707936 0.7493081597224613
