# CURVE 2D, normalized by CHORD
# COLUMN#1 = X-coordinate, COLUMN#2 = Y-coordinate
#-------------------------------------------------------------------------------
0.0 0.0
-0.007713406099521085 -0.012296106037806344
-0.014922196846737025 -0.023787793923606623
-0.02165938446095753 -0.03452768914398072
-0.027955821483593515 -0.04456497439666678
-0.033840342065496305 -0.05394561481973787
-0.03933989401119985 -0.06271256848615944
-0.044479662184754555 -0.07090598312767495
-0.04928318384228233 -0.07856337998890438
-0.053772456419411085 -0.0857198256536048
-0.05796803826719497 -0.0924080926299603
-0.06188914279783411 -0.09865880943029258
-0.06555372647132864 -0.10450060083247226
-0.06897857102599642 -0.10996021896535045
-0.07217936032942424 -0.11506266581850765
-0.0751707522017867 -0.11983130773734615
-0.0779664455404432 -0.12428798242784943
-0.0805792430532063 -0.12845309896103008
-0.08302110988756432 -0.13234573123503066
-0.08530322842434752 -0.13598370532288168
-0.08743604948676173 -0.13938368110592003
-0.08942934019929838 -0.14256122856670353
-0.09129222871568776 -0.14553089909080025
-0.09303324602072457 -0.14830629210397475
-0.09466036499739448 -0.15090011734993222
-0.0961810369382075 -0.15332425309381773
-0.09760222566793927 -0.15558980051800977
-0.09893043943404374 -0.15770713455931076
-0.10017176071077688 -0.15968595142033973
-0.10133187405351815 -0.16153531297270324
-0.10241609213084643 -0.16326368825528595
-0.10342938005358314 -0.1648789922576997
-0.10437637811221558 -0.1663886221664976
-0.10526142302682533 -0.1677994912401405
-0.10608856780683444 -0.16911806046784417
-0.10686160031151587 -0.17035036815728682
-0.10758406059626485 -0.17150205758667247
-0.10825925712406764 -0.1725784028477806
-0.1088902819164067 -0.1735843329983489
-0.10948002471298528 -0.17452445463439406
-0.11003118620511476 -0.17540307298583813
-0.11054629040336662 -0.17622421163204754
-0.11102769619612537 -0.17699163092757034
-0.11147760815197467 -0.17770884522245148
-0.11189808661538524 -0.17837913895598526
-0.11229105714193717 -0.1790055816976056
-0.11265831931628477 -0.17959104220379285
-0.11300155499324514 -0.1801382015553697
-0.11332233599975017 -0.18064956543534808
-0.11362213133293242 -0.18112747560355216
0.23303084318678713 -0.3985845437075743
0.20478380264187562 -0.38086504013769373
0.17838469932887424 -0.3643047564275249
0.1537126401578449 -0.3488278557638158
0.13065464093258383 -0.3343634626201624
0.10910510894635854 -0.32084533818684147
0.08896535942652181 -0.3082115770342051
0.07014316361359027 -0.29640432362052627
0.05255232640524307 -0.28536950734606004
0.03611229163108681 -0.27505659494001683
0.020747773150566917 -0.2654183590465185
0.006388410084660484 -0.2564106619497911
-0.007031555397495032 -0.2479922534481767
-0.019573579212593673 -0.24012458195134084
-0.03129509679679804 -0.23277161793560638
-0.04224978612783009 -0.22589968894893864
-0.05248781354000959 -0.21947732540999687
-0.06205606345793441 -0.21347511649509798
-0.07099835310085473 -0.20786557545313644
-0.07935563314096722 -0.20262301373167702
-0.0871661752345303 -0.19772342333778972
-0.09446574728458923 -0.1931443668949044
-0.10128777723791538 -0.18886487489220782
-0.10766350616625753 -0.18486534965604282
0.26127788373169863 -0.41630404727745485
0.2876769870447 -0.43286433098762367
0.31234904621572934 -0.44834123165133277
0.3354070454409904 -0.46280562479498616
0.3569565774272157 -0.4763237492283071
0.3770963269470524 -0.4889575103809435
0.39591852275998396 -0.5007647637946223
0.41350935996833116 -0.5117995800690885
0.42994939474248745 -0.5221124924751318
0.44531391322300734 -0.5317507283686301
0.45967327628891375 -0.5407584254653575
0.47309324177106926 -0.5491768339669718
0.48563526558616793 -0.5570445054638078
0.4973567831703723 -0.5643974694795422
0.5083114725014044 -0.5712693984662099
0.5185494999135838 -0.5776917620051517
0.5281177498315086 -0.5836939709200506
0.5370600394744289 -0.5893035119620121
0.5454173195145415 -0.5945460736834716
0.5532278616081046 -0.5994456640773589
0.5605274336581635 -0.6040247205202443
0.5673494636114896 -0.6083042125229408
0.5737251925398318 -0.6123037377591058
0.5796838177065067 -0.6160416118115964
1.0 0.05399342591416594
0.9714662155497662 0.008507108360916865
0.9447991272785198 -0.034003468791652204
0.9198766148754858 -0.07373298014919338
0.8965845472090987 -0.11086336459549354
0.8748162596704194 -0.14556465847054043
0.8544720657090368 -0.17799577424161228
0.8354588003245671 -0.20830522823326825
0.8176893934231935 -0.23663182074883454
0.8010824710854612 -0.26310527169796194
0.7855619829193562 -0.28784681464107165
0.7710568537921553 -0.31096975197108073
0.7575006583461732 -0.33257997377482745
0.7448313168078721 -0.35277644275029174
0.7329908106973103 -0.37165164740025836
0.7219249171360377 -0.38929202557779724
0.7115829605367174 -0.40577836032316067
0.7019175805373528 -0.42118614980480884
0.6928845151173857 -0.4355859530586855
0.6844423979024632 -0.4490437131090376
0.6765525687296385 -0.46162105895048816
0.6691788966055032 -0.47337558777427374
0.6622876142464983 -0.48436112873108267
0.65584716344369 -0.49462798943838066
0.6498280505438692 -0.5042231863610892
0.6442027113851581 -0.5131906601206299
0.6389453850686055 -0.5215714767183314
0.6340319959877154 -0.5294040155946879
0.6294400435756686 -0.5367241453856754
0.6251484992653444 -0.5435653881809906
0.6211377101902752 -0.5499590730364255
0.6173893091855376 -0.5559344794433742
0.6138861306764369 -0.5615189714124849
0.6106121320698008 -0.5667381227854855
0.607552320287898 -0.5716158343490376
0.6046926831085495 -0.5761744432869368
0.6020201249970089 -0.5804348254718893
0.5995224071357559 -0.5844164910653028
0.5971880913775756 -0.5881376738628855
0.5950064878652574 -0.5916154147952059
0.5929676060780444 -0.5948656399655986
0.5910621090806489 -0.5979032335827882
0.5892812707653261 -0.6007421061222176
0.5876169358911926 -0.6033952580282265
0.5860614827377968 -0.6058748392487955
0.5846077882019128 -0.6081922048754955
0.5832491951777222 -0.6103579671434395
0.581979482071002 -0.6123820440293685
0.5807928343077122 -0.6142737046704235
