# CURVE 2D, normalized by CHORD
# COLUMN#1 = X-coordinate, COLUMN#2 = Y-coordinate
#-------------------------------------------------------------------------------
0.0 0.0
-0.08637092890994717 0.02689129284642597
-0.16709142321830872 0.05202334223560903
-0.24253113752518868 0.07551123886101375
-0.313035543419469 0.09746254411840134
-0.37892751154496457 0.1179777826767075
-0.4405087901669231 0.1371509028246572
-0.498061387009875 0.15506970670124567
-0.5518488606948768 0.17181625238030035
-0.6021175276902055 0.1874672296504449
-0.6490975903026623 0.20209431121132765
-0.6930041908750518 0.21576448089439565
-0.734038397017472 0.2285403404112816
-0.7723881223842196 0.2404803960345395
-0.8082289872129558 0.2516393265235656
-0.8417251225669149 0.2620682335226554
-0.8730299219631383 0.2718148755778795
-0.9022867438287677 0.28092388684444414
-0.9296295680022532 0.28943698148609326
-0.9551836092858844 0.2973931447025878
-0.9790658908593715 0.30482881126005934
-1.0013857801803876 0.3117780323418084
-1.0222454898261968 0.31827263148363
-1.0417405455699438 0.3243423503077623
-1.059960223835128 0.33001498472283924
-1.0769879605315618 0.33531651221356534
-1.0929017331450515 0.34027121080302897
-1.1077744178305557 0.3449017702324343
-1.121674123144111 0.3492293958673925
-1.1346645019418262 0.3532739058066058
-1.1468050428742704 0.3570538216376462
-1.158151342811134 0.36058645325544103
-1.1687553614437172 0.3638879781318848
-1.1786656592311777 0.36697351539958917
-1.1879276197802064 0.3698571950890326
-1.196583657676495 0.37255222283617595
-1.2046734127197551 0.37507094035687066
-1.212233931451774 0.3774248819649966
-1.219299836808801 0.3796248273931517
-1.2259034866751817 0.38168085115778255
-1.232075122064322 0.3836023686948208
-1.237843005605575 0.3853981794770995
-1.2432335509712318 0.38707650731100485
-1.2482714438363318 0.38864503799689765
-1.2529797549252102 0.3901109545257695
-1.2573800456624797 0.3914809699733133
-1.2614924669122645 0.3927613582420458
-1.2653358512578574 0.393957982792263
-1.268927799244393 0.39507632349340066
-1.272284759979473 0.3961215017187629
-1.6448965380943006 -0.8006534388673336
-1.6145342427223843 -0.7031341537185299
-1.586158265739285 -0.6119946348878723
-1.5596386610821829 -0.5268175144853885
-1.5348539838325546 -0.4472127290625064
-1.5116907340665469 -0.37281573334018675
-1.4900428370889696 -0.3032858307959628
-1.4698111576706732 -0.23830461346491227
-1.4509030460647885 -0.17757450380972495
-1.4332319137228402 -0.12081739198244701
-1.4167168367677485 -0.06777336223732744
-1.4012821854078497 -0.018199502662449518
-1.38685727759486 0.02813120722061413
-1.3733760553397296 0.07143093608329032
-1.3607767822040937 0.1118979724035486
-1.349001760582004 0.1497176325159394
-1.3379970674772474 0.1850631092564915
-1.3277123075662598 0.21809626508878321
-1.3181003824158042 0.2489683733432615
-1.3091172747985558 0.27782081096426925
-1.3007218471188846 0.3047857059371737
-1.2928756530257337 0.3299865423604489
-1.285542761349892 0.35353872593360314
-1.2786895915593854 0.3755501124505698
-1.6752588334662168 -0.8981727240161373
-1.7036348104493162 -0.989312242846795
-1.7301544151064183 -1.074489363249279
-1.7549390923560466 -1.154094148672161
-1.7781023421220543 -1.2284911443944806
-1.7997502390996316 -1.2980210469387046
-1.819981918517928 -1.363002264269755
-1.8388900301238127 -1.4237323739249423
-1.856561162465761 -1.4804894857522202
-1.8730762394208527 -1.5335335154973397
-1.8885108907807515 -1.5831073750722178
-1.9029357985937412 -1.6294380849552814
-1.9164170208488716 -1.6727378138179576
-1.9290162939845075 -1.713204850138216
-1.9407913156065972 -1.7510245102506068
-1.9517960087113537 -1.7863699869911587
-1.9620807686223414 -1.8194031428234505
-1.971692693772797 -1.8502752510779288
-1.9806758013900454 -1.8791276886989365
-1.9890712290697166 -1.906092583671841
-1.9969174231628675 -1.9312934200951162
-2.004250314838709 -1.9548456036682704
-2.0111034846292157 -1.976856990185237
-2.017508316209128 -1.9974283794534302
1.0 -2.936919257018371
0.7951519939068689 -2.873140532042514
0.6037052592403919 -2.813534247018348
0.4247830773091049 -2.757827438584549
0.25756608484995835 -2.7057650007959513
0.10128852180402692 -2.657108516881374
-0.04476527543516129 -2.6116351674284983
-0.18126415135963625 -2.5691367099959037
-0.30883319427970646 -2.5294185254794606
-0.4280565988779028 -2.492298726865962
-0.5394803414930396 -2.457607326292599
-0.6436146803856908 -2.4251854565978674
-0.7409364924348973 -2.3948846437990525
-0.8318914569668661 -2.3665661271646465
-0.9168960967163695 -2.340100223768005
-0.9963396852673077 -2.315365734612265
-1.0705860297074365 -2.2922493896069014
-1.1399751366608282 -2.2706453288542243
-1.2048247693275491 -2.2504546178704143
-1.2654319026609335 -2.2315847945210594
-1.322074083346339 -2.213949445596428
-1.375010700809335 -2.197467811087427
-1.4244841750738173 -2.182064414350043
-1.4707210669097819 -2.1676687164646378
-1.5139331153546092 -2.154214793207249
-1.55431820735912 -2.141641033153615
-1.59206128399885 -2.129889855533396
-1.6273351874004671 -2.1189074465425373
-1.6603014522617907 -2.108643512906221
-1.6911110455901315 -2.099051051563869
-1.7199050580465238 -2.090086134421484
-1.7468153500618442 -2.0817077071856103
-1.771965155683639 -2.073877401357691
-1.7954696469189613 -2.0665593585278597
-1.81743646115758 -2.0597200661635315
-1.837966194090869 -2.053328204140795
-1.8571528603836618 -2.0473545013158074
-1.8750843242087023 -2.04177160147937
-1.891842701615282 -2.0365539380808313
-1.9075047365747024 -2.0316776171476167
-1.9221421524246276 -2.027120307864239
-1.9358219803217547 -2.0228611403096806
-1.9486068662069194 -2.0188806098848593
-1.9605553576883823 -2.015160487992503
-1.971722172157039 -2.0116837385603943
-1.9821584473613911 -2.0084344400257135
-1.9919119755897579 -2.005397712423208
-2.0010274225321565 -2.002559649243296
-2.0095465318241175 -1.9999072537480513
