# CURVE 2D, normalized by CHORD
# COLUMN#1 = X-coordinate, COLUMN#2 = Y-coordinate
#-------------------------------------------------------------------------------
0.0 0.0
-0.016986842453855885 -0.018020426719194505
-0.03286239614904825 -0.03486194701750706
-0.04769936221932148 -0.05060168561406086
-0.06156568564948337 -0.06531172168560646
-0.07452486642533561 -0.07905941894873318
-0.08663625032800125 -0.09190773414791704
-0.09795530070432429 -0.10391550536210757
-0.10853385245789722 -0.1151377214501361
-0.11842034942385322 -0.12562577386885435
-0.12766006621446632 -0.13542769201718916
-0.1362953155514879 -0.1445883631838572
-0.14436564203468563 -0.15314973810597687
-0.15190800323393583 -0.16115102307992046
-0.15895693893416968 -0.16862885950416684
-0.16554472930822 -0.1756174916763597
-0.1717015427419119 -0.18214892361298854
-0.17745557398835296 -0.18825306560983796
-0.1828331732840922 -0.19395787121437008
-0.187858967018428 -0.19928946523729732
-0.19255597050846143 -0.20427226338956578
-0.19694569339634313 -0.2089290840926204
-0.20104823815137277 -0.21328125297397985
-0.20488239212803597 -0.21734870052665223
-0.208465713601553 -0.2211500533796171
-0.2118146121749334 -0.22470271959734125
-0.2149444239257562 -0.2280229683989526
-0.21786948163680553 -0.2311260046621408
-0.22060318043217875 -0.23402603855297088
-0.22315803911944343 -0.23673635060047565
-0.22554575751875622 -0.23926935251403147
-0.22777727004147846 -0.24163664402202759
-0.22986279576364876 -0.24384906599211742
-0.231811885223621 -0.2459167500763135
-0.23363346415817454 -0.24784916510827248
-0.23533587437738343 -0.2496551604652435
-0.23692691196542912 -0.25134300659325376
-0.23841386298229425 -0.2529204328811139
-0.23980353682983174 -0.254394663056684
-0.241102297435007 -0.2557724482674973
-0.2423160923931147 -0.25706009799722923
-0.2434504802044303 -0.2582635089595956
-0.2445106557290243 -0.25938819210199404
-0.24550147397630845 -0.2604392978425534
-0.24642747233825624 -0.2614216396561602
-0.247292891368114 -0.26233971611747503
-0.24810169419975678 -0.26319773150188136
-0.24885758469661917 -0.2639996150387097
-0.249564024413313 -0.2647490389049045
-0.25022424844760627 -0.26544943504153506
-0.6946619463402516 0.15349697906392534
-0.658446911147047 0.11935910281527069
-0.6246010838636783 0.08745454557353737
-0.5929694695801562 0.057637202356964165
-0.5634072132404158 0.029770526453624727
-0.5357789362873875 0.003726904114055185
-0.5099581167051179 -0.020612929848159378
-0.48582650961888474 -0.04336043822406083
-0.46327360579997523 -0.06461979184639863
-0.44219612559538696 -0.08448834663363022
-0.42249754596493055 -0.10305708942543546
-0.40408765845983113 -0.1204110546514216
-0.38688215611861676 -0.1366297137411283
-0.37080224738850986 -0.15178733905861125
-0.35577429530429777 -0.16595334402822143
-0.34172948027232386 -0.17919260100916556
-0.3286034849153389 -0.1915657383745339
-0.31633619953497916 -0.20312941815525193
-0.3048714468430542 -0.21393659552040895
-0.29415672470106813 -0.22403676128223798
-0.28414296568986624 -0.23347616853628383
-0.2747843124083692 -0.24229804447464443
-0.26603790747239064 -0.25054278834227117
-0.25786369725184993 -0.25824815644285687
-0.7308769815334561 0.18763485531258
-0.7647228088168249 0.2195394125543133
-0.796354423100347 0.2493567557708865
-0.8259166794400874 0.277223431674226
-0.8535449563931157 0.3032670540137955
-0.8793657759753852 0.32760688797601006
-0.9034973830616184 0.3503543963519115
-0.9260502868805279 0.37161374997424934
-0.9471277670851161 0.39148230476148094
-0.9668263467155727 0.41005104755328614
-0.985236234220672 0.4274050127792723
-1.0024417365618863 0.443623671868979
-1.0185216452919934 0.45878129718646193
-1.0335495973762054 0.4729473021560721
-1.0475944124081793 0.48618655913701625
-1.0607204077651642 0.4985596965023846
-1.072987693145524 0.5101233762831026
-1.084452445837449 0.5209305536482596
-1.095167167979435 0.5310307194100887
-1.105180926990637 0.5404701266641345
-1.114539580272134 0.5492920026024951
-1.1232859852081125 0.5575367464701219
-1.1314601954286532 0.5652421145707076
-1.139099644232897 0.5724433931693858
1.0 2.841699053170163
0.8547840631948513 2.6876472831154903
0.7190682344049933 2.543673666241965
0.5922310112369018 2.4091188841171745
0.4736915503321433 2.2833667512902682
0.36290700743049986 2.1658413935081122
0.25937005144765546 2.056004610534135
0.16260654118331497 1.9533534114930347
0.07217335402037983 1.857417711454623
-0.012343643328157627 1.767758178708444
-0.09133149131744478 1.6839642228708935
-0.16515190999902196 1.6056521146115006
-0.23414295549582276 1.5324632283877688
-0.2986205681096552 1.4640624001412907
-0.35888001915062007 1.4001363924343018
-0.41519726311413874 1.3403924599978636
-0.4678302013978013 1.2845570091226874
-0.5170198633451493 1.232374344753364
-0.5629915100249137 1.183605499548389
-0.6059556658003946 1.1380271395437394
-0.6461090824129934 1.0954305414085528
-0.6836356399948615 1.055620636609313
-0.7187071891367944 1.0184151181053505
-0.7514843378675726 0.983643605484825
-0.7821171871486741 0.9511468647179786
-0.810746018252507 0.9207760789545707
-0.837501935171977 0.8923921670261523
-0.8625074650032574 0.8658651465323031
-0.8858771190511829 0.8410735385941264
-0.9077179172268144 0.8179038115491015
-0.9281298781386194 0.7962498610397324
-0.9472064771216149 0.7760125241150884
-0.9650350743019844 0.757099125120094
-0.9816973146574699 0.7394230512929965
-0.9972695019055873 0.7229033561274845
-1.011822947931865 0.7074643886830807
-1.025424299358293 0.6930354471462552
-1.038135842747478 0.6795504550557641
-1.0500157898401743 0.6669476587095104
-1.0611185441324138 0.6551693443672173
-1.0714949500130113 0.6441615739538591
-1.0811925256023547 0.6338739380535245
-1.0902556803587506 0.6242593250625577
-1.09872591844884 0.6152737054448316
-1.1066420288134102 0.6068759301011624
-1.1140402627989894 0.5990275419295088
-1.1209545001686894 0.59169259971301
-1.1274164042525214 0.5848375135293664
-1.1334555669476916 0.5784308909278306
-1.1390996442328971 0.5724433931693858
