# CURVE 2D, normalized by CHORD
# COLUMN#1 = X-coordinate, COLUMN#2 = Y-coordinate
#-------------------------------------------------------------------------------
0.0 0.0
0.00931130778354609 -0.0034662235157193327
0.01801346459059848 -0.006705684745363557
0.026146321419619402 -0.00973321860484414
0.033747122194405316 -0.012562689501554966
0.040850674320373453 -0.015207054825583774
0.04748950808296049 -0.01767842428729294
0.05369402561808858 -0.019988115373002442
0.05949264013689987 -0.02214670517273095
0.06491190604233098 -0.02416407881733703
0.06997664053338809 -0.026049474746875422
0.07471003725400223 -0.027811527017472054
0.07913377250691261 -0.029458304840459557
0.0832681045189784 -0.030997349534840398
0.08713196621249783 -0.03243570906229913
0.0907430519073758 -0.03377997030291477
0.09411789835118699 -0.03503628921937798
0.0972719604482068 -0.036210419047848275
0.10021968203420661 -0.037307736644549484
0.10297456202112233 -0.038333267108756224
0.1055492162145015 -0.03929170679493074
0.1079554350868185 -0.04018744481939291
0.11020423777122688 -0.04102458316001176
0.11230592252301043 -0.04180695544096395
0.11427011387981749 -0.04253814448858283
0.11610580673664651 -0.04322149873869392
0.1178214075374213 -0.04386014757057345
0.11942477277179027 -0.044457015637750584
0.12092324495344349 -0.04501483626128061
0.1223236862447082 -0.0455361639468227
0.12363250988140419 -0.046023386082843336
0.12485570954186773 -0.04647873387351683
0.1259988867946374 -0.046904292556389254
0.12706727675049687 -0.047302010951597126
0.12806577203634686 -0.04767371038637084
0.12899894520069266 -0.04802109303569207
0.1298710696533523 -0.04834574971730069
0.13068613923527717 -0.048649167176748
0.13144788650810416 -0.04893273489585764
0.1321597998471948 -0.04919775145577319
0.1328251394164384 -0.049445430483731644
0.13344695209797444 -0.049676906210795624
0.13402808544520442 -0.0498932386659956
0.13457120072298942 -0.05009541853066848
0.13507878509475113 -0.050284371675222574
0.13555316301228543 -0.0504609633991049
0.13599650686044834 -0.05062600239338746
0.1364108469054604 -0.050780244444118806
0.13679808059238754 -0.05092439589340045
0.13715998123437553 -0.0510591168740375
0.11566626779236112 -0.10879762691596845
0.11741768445306759 -0.1040928006082847
0.11905452245372783 -0.09969576667586996
0.1205842775945318 -0.09558638916894031
0.12201395529621775 -0.09174584944283784
0.12335010268097098 -0.08815655997919067
0.12459883855457213 -0.08480208384494098
0.12576588142709658 -0.08166705942040856
0.1268565757004839 -0.07873713005168666
0.12787591614290195 -0.0759988783052176
0.12882857076198426 -0.07343976452347081
0.12971890218168733 -0.07104806940034297
0.13055098762066217 -0.06881284031330762
0.1313286375636293 -0.0667238411665456
0.13205541321126216 -0.06477150551536615
0.13273464278848912 -0.06294689275725451
0.1333694367858975 -0.06124164718892587
0.13396270220403614 -0.059647959741889765
0.13451715586584798 -0.05815853222129527
0.1350353368581955 -0.056766543884291074
0.13551961815945485 -0.05546562020484789
0.1359722175064262 -0.0542498036820038
0.13639520755032467 -0.05311352655785044
0.13679052534836061 -0.052051585320323945
0.11391485113165466 -0.1135024532236522
0.11227801313099442 -0.11789948715606693
0.11074825799019045 -0.12200886466299658
0.1093185802885045 -0.12584940438909906
0.10798243290375127 -0.12943869385274623
0.10673369703015012 -0.13279316998699592
0.10556665415762569 -0.13592819441152834
0.10447595988423836 -0.13885812378025025
0.1034566194418203 -0.1415963755267193
0.102503964822738 -0.14415548930846608
0.10161363340303492 -0.14654718443159392
0.10078154796406008 -0.14878241351862928
0.10000389802109294 -0.15087141266539128
0.09927712237346009 -0.15282374831657075
0.09859789279623313 -0.15464836107468238
0.09796309879882477 -0.156353606643011
0.0973698333806861 -0.15794729409004712
0.09681537971887427 -0.15943672161064162
0.09629719872652676 -0.1608287099476458
0.0958129174252674 -0.16212963362708901
0.09536031807829604 -0.1633454501499331
0.09493732803439757 -0.16448172727408644
0.09454201023636162 -0.16554366851161295
0.09417255435034672 -0.1665361369578994
0.9999999999999999 -0.503739080549036
0.9385065667892244 -0.4808475609888985
0.8810360684613971 -0.4594536174747514
0.8273253223606238 -0.4394592777419036
0.7771283633879387 -0.42077297892615795
0.730215317619074 -0.40330914825723685
0.6863713496107893 -0.3869878111834788
0.645395678575009 -0.3717342251332376
0.6071006589154014 -0.3574785372358159
0.5713109209157681 -0.3441554644344873
0.5378625676450828 -0.3317039945267035
0.5066024244014516 -0.32006710676241956
0.4773873372578712 -0.30919151072103274
0.45008351749751563 -0.29902740227113855
0.42456592893643563 -0.2895282354955364
0.40071771532794964 -0.2806505095370298
0.37842966522656085 -0.27235356938889277
0.357599711860777 -0.26459941971773665
0.33813246572453026 -0.2573525508661889
0.31993877774672974 -0.25057977623857414
0.3029353310385049 -0.24425008032491552
0.28704425934857514 -0.23833447666729063
0.27219279047948186 -0.23280587511810852
0.2583129130317312 -0.22763895778242427
0.2453410649497212 -0.2228100630761773
0.2332178424431698 -0.21829707736940446
0.2218877279510657 -0.21407933371821486
0.2112988359023702 -0.21013751722177598
0.20140267510919696 -0.20645357657089858
0.19215392670436215 -0.20301064138316266
0.18351023660638566 -0.19979294494602629
0.1754320215615478 -0.19678575201412313
0.16788228787478343 -0.19397529133010144
0.16082646199930273 -0.19134869255998777
0.15423223220913385 -0.18889392735427407
0.14806940062953677 -0.18659975426482195
0.14230974494767035 -0.18445566726533408
0.1369268891702251 -0.1824518476396444
0.1318961828361641 -0.18057911901750456
0.12719458813143414 -0.17882890535195328
0.12280057438869596 -0.17719319164583058
0.11869401948894065 -0.1756644872475851
0.11485611771346838 -0.17423579154829028
0.11126929362424198 -0.17290056192278103
0.10791712157823596 -0.1716526837680995
0.10478425050720219 -0.17048644250204203
0.10185633361838564 -0.1693964973935771
0.09911996269425805 -0.16837785710529207
0.09656260669040051 -0.16742585683586686
0.09417255435034677 -0.16653613695789937
