# CURVE 2D, normalized by CHORD
# COLUMN#1 = X-coordinate, COLUMN#2 = Y-coordinate
#-------------------------------------------------------------------------------
0.0 0.0
-0.06295332307996983 0.003772022929687694
-0.12178820446311898 0.007297278004162161
-0.17677407491466024 0.010591908914885961
-0.2281627388880633 0.013671003223973625
-0.27618952764825305 0.016548661456765833
-0.3210743769568416 0.019238061674328646
-0.3630228342545879 0.02175151982158361
-0.40222699995341626 0.024100546127429373
-0.438866407148583 0.026295897815135694
-0.47310884377957985 0.028347628364393935
-0.5051111210048106 0.030265133550616594
-0.5350197913087645 0.03205719447232001
-0.5629718196302168 0.03373201776363161
-0.589095210584845 0.03529727317607236
-0.6135095946545911 0.03676012870171792
-0.6363267760281857 0.038127283398582935
-0.6576512446016385 0.03940499806855024
-0.67758065448337 0.04059912392833276
-0.6962062711952687 0.041715129404765024
-0.7136133896176039 0.04275812517713163
-0.7298817245917489 0.04373288758121257
-0.7450857759694546 0.044643880482222786
-0.7592951697803944 0.04549527571681178
-0.7725749770803382 0.04629097219773607
-0.7849860119400988 0.047034613768693355
-0.796585109939875 0.04772960589108333
-0.8074253884443388 0.04837913123911136
-0.8175564898503795 0.048986164274651564
-0.8270248089214458 0.04955348486861438
-0.8358737052495451 0.05008369103119644
-0.8441437018178622 0.05057921080931052
-0.8518726705732987 0.05104231340567882
-0.8590960058587535 0.05147511957050901
-0.8658467864993653 0.051879611313340956
-0.8721559272849839 0.05225764097953904
-0.8780523205425714 0.052610939732995195
-0.8835629684468588 0.052941125483888796
-0.8887131066751647 0.05324971029780805
-0.8935263199726469 0.053538107320162495
-0.8980246501572097 0.053807637247596546
-0.9022286970586703 0.054059534376039595
-0.9061577128544277 0.05429495225308917
-0.9098296902336404 0.054514968960612135
-0.9132614447936521 0.05472059205175509
-0.9164686920459997 0.054912763164972817
-0.9194661193846422 0.055092362336204334
-0.9222674533459904 0.055260212028944065
-0.9248855224687457 0.05541708090066344
-0.9273323160414141 0.05556368732283108
-0.9023421907899811 0.47263735259151685
-0.9043785127981152 0.4386520774056285
-0.9062816174786144 0.40689013797956464
-0.9080602199837537 0.37720608244118714
-0.9097224653156597 0.34946397446139515
-0.9112759656258521 0.32353677074196335
-0.9127278350746302 0.2993057392284757
-0.9140847224099368 0.27665991538409473
-0.9153528414148961 0.2554955940342059
-0.9165379993634563 0.23571585445487064
-0.9176456236144471 0.2172301165302582
-0.9186807864658404 0.1999537259465083
-0.9196482283830304 0.1838075665224429
-0.920552379707507 0.16871769790182112
-0.9213973809453357 0.15461501694796892
-0.9221871017283532 0.14143494129016315
-0.9229251585349114 0.12911711357258765
-0.9236149312513211 0.11760512505148907
-0.9242595786498348 0.10684625727476149
-0.9248620528540532 0.09679124066099731
-0.9254251128579957 0.08739402887243264
-0.9259513371607456 0.0786115879485405
-0.9264431355745306 0.07040369923462253
-0.9269027602603109 0.06273277520292359
-0.9273323160414141 0.05556368732283107
-0.900305868781847 0.5066226277774052
-0.8984027641013479 0.538384567203469
-0.8966241615962085 0.5680686227418466
-0.8949619162643025 0.5958107307216385
-0.89340841595411 0.6217379344410703
-0.8919565465053321 0.645968965954558
-0.8905996591700255 0.668614789798939
-0.8893315401650661 0.6897791111488277
-0.8881463822165059 0.709558850728163
-0.887038757965515 0.7280445886527755
-0.8860035951141217 0.7453209792365254
-0.8850361531969317 0.7614671386605907
-0.8841320018724551 0.7765570072812125
-0.8832870006346265 0.7906596882350647
-0.8824972798516091 0.8038397638928705
-0.8817592230450507 0.816157591610446
-0.881069450328641 0.8276695801315446
-0.8804248029301274 0.8384284479082722
-0.8798223287259089 0.8484834645220363
-0.8792592687219665 0.857880676310601
-0.8787330444192165 0.8666631172344932
-0.8782412460054315 0.874871005948411
-0.8777816213196512 0.88254192998011
-0.877352065538548 0.8897110178602026
1.0 0.7772242627239819
0.8725531839317258 0.7848605921344969
0.7534440100361427 0.7919973485929219
0.6421270250869997 0.7986672144419174
0.5380924597139689 0.8049007339269598
0.4408638939447812 0.8107264530718593
0.3499960754689049 0.8161710504035411
0.26507288063163725 0.8212594591247391
0.18570540882110675 0.8260149812940829
0.11153020152154547 0.8304593945364603
0.042207577877095837 0.8346130517723271
-0.022579920856034885 0.8384949744226698
-0.08312898509260536 0.8421229395164481
-0.13971689559407308 0.8455135610994184
-0.19260279325899643 0.8486823663171478
-0.24202886584303673 0.8516438665206332
-0.28822145704307456 0.8544116237201521
-0.33139210302441824 0.8569983126916653
-0.3717385011378236 0.8594157790201822
-0.40944541526250156 0.8616750933458989
-0.444685521921079 0.863786602061522
-0.4776202010412449 0.8657599746929454
-0.5084002749853249 0.867604248180257
-0.5371666992321289 0.8693278682618568
-0.5640512078740019 0.8709387281512023
-0.589176916885098 0.8724442046833009
-0.6126588879235055 0.8738511920964771
-0.6346046552491202 0.8751661336041185
-0.6551147181702552 0.8763950509009796
-0.6742830012741199 0.8775435717391675
-0.6921972845487596 0.8786169557000908
-0.7089396053661801 0.8796201182803929
-0.7245866341675073 0.8805576534021706
-0.7392100255706171 0.881433854450561
-0.752876746508103 0.882252733935038
-0.7656493828982767 0.8830180418644558
-0.777586426253579 0.8837332829199864
-0.7887425415389084 0.8844017325045944
-0.7991688175065059 0.8850264517425459
-0.8089130006537935 0.8856103014976406
-0.8180197138755574 0.8861559554743648
-0.8265306608117853 0.8866659124619574
-0.8344848168269516 0.8871425077774645
-0.8419186074953313 0.8875879239601815
-0.848866075409705 0.888004200766459
-0.855359036077344 0.8883932445106436
-0.8614272236171936 0.8887568367949283
-0.867098426925464 0.8890966426680915
-0.8723986169331934 0.889414218250487
