# CURVE 2D, normalized by CHORD
# COLUMN#1 = X-coordinate, COLUMN#2 = Y-coordinate
#-------------------------------------------------------------------------------
0.0 0.0
0.0037520742855834087 -0.0023450653688633165
0.007258685767437049 -0.00453671524630566
0.010535892759823627 -0.006584986159803178
0.013598703033082112 -0.008499258041576559
0.016461142540800323 -0.01028829718342084
0.01913631965081734 -0.011960296381406148
0.021636485174197733 -0.013522912454289614
0.023973088467076603 -0.014983301307451733
0.026156829862290502 -0.016348150702930348
0.02819770967090162 -0.017623710885620644
0.030105073978014818 -0.018815823205891948
0.03188765744260659 -0.019929946869696902
0.03355362329736525 -0.020971183938673494
0.03511060073171914 -0.021944302694726386
0.03656571982924614 -0.02285375947608423
0.03792564421945829 -0.023703719084829877
0.039196601593488346 -0.02449807385935852
0.04038441222342297 -0.025240461499104916
0.041494515615885234 -0.025934281723166967
0.042531995421924734 -0.02658271183911281
0.043501602717288756 -0.027188721293267805
0.04440777775968503 -0.02775508526911359
0.045254670322672205 -0.02828439739607227
0.04604615869929574 -0.028779081626874776
0.0467858674624953 -0.029241403337905154
0.04747718406361638 -0.029673479703354107
0.048123274345037964 -0.030077289390689575
0.048727097037955316 -0.03045468162184422
0.04929141731170986 -0.030807384641614914
0.0498188194367141 -0.031137013632054816
0.05031171861896106 -0.03144507810910145
0.05077237206031336 -0.03173298883531327
0.05120288929522204 -0.03200206428037103
0.05160524185121147 -0.03225353665892969
0.051981272277369824 -0.032488557573470495
0.0523327025821907 -0.03270820328799461
0.05266114211940648 -0.03291347965670874
0.0529680949579259 -0.033105326730273346
0.053254966769626294 -0.033284623060707556
0.05352307126654254 -0.03345218972466476
0.05377363621693157 -0.03360879408350327
0.054007809067762425 -0.033755153297371034
0.054226662199380056 -0.03389193760939698
0.054431197836405876 -0.034019773415028716
0.05462235263736459 -0.034139246130572384
0.05480100198405497 -0.03425090287407115
0.05496796399030767 -0.03435525497079896
0.055124003248487756 -0.034452780294843645
0.055269834330899055 -0.03454392545750223
-0.777641925962312 -1.3671919784501436
-0.7097720561135605 -1.2586010637547351
-0.6463422712081852 -1.1571142275908017
-0.5870620983994234 -1.0622667171572193
-0.531660067737029 -0.9736241840417217
-0.47988246898712783 -0.8907806951487334
-0.4314921897816127 -0.813356873753417
-0.38626762977645834 -0.7409981621690093
-0.3440016858464075 -0.6733731980714318
-0.30450080366879 -0.6101722970456587
-0.26758409135325956 -0.5511060344047491
-0.2330824910583713 -0.4959039197870767
-0.2008380048014664 -0.44431315846214914
-0.17070297091650855 -0.39609749367249736
-0.14253938784645448 -0.35103612471020584
-0.11621828217350672 -0.30892269577348475
-0.09161911799318179 -0.26956435097281095
-0.06862924492745759 -0.23278085115909697
-0.047143382249210664 -0.19840374852945808
-0.027063136755521855 -0.16627561523072987
-0.008296552181980887 -0.13624932242818022
0.009242311905440448 -0.1081873665379467
0.025633773669385795 -0.08196123953772871
0.040952896813259754 -0.05745084047210436
0.05526983433089905 -0.03454392545750218
-0.8455117958110634 -1.475782893145552
-0.9089415807164387 -1.5772697293094855
-0.9682217535252006 -1.672117239743068
-1.0236237841875948 -1.7607597728585653
-1.0754013829374962 -1.8436032617515539
-1.1237916621430113 -1.92102708314687
-1.1690162221481657 -1.993385794731278
-1.2112821660782165 -2.0610107588288553
-1.250783048255834 -2.1242116598546286
-1.2876997605713645 -2.183277922495538
-1.3222013608662526 -2.2384800371132103
-1.3544458471231575 -2.290070798438138
-1.3845808810081155 -2.3382864632277895
-1.4127444640781694 -2.3833478321900814
-1.4390655697511172 -2.4254612611268023
-1.4636647339314421 -2.464819605927476
-1.4866546069971665 -2.5016031057411903
-1.5081404696754133 -2.535980208370829
-1.528220715169102 -2.568108341669557
-1.546987299742643 -2.598134634472107
-1.5645261638300645 -2.6261965903623405
-1.5809176255940098 -2.6524227173625583
-1.5962367487378837 -2.6769331164281827
-1.610553686255523 -2.699840031442785
1.0 -4.331449263359792
0.8227787096539503 -4.220685062285034
0.6571513354987644 -4.117167117355352
0.5023593970359737 -4.020421374430418
0.3576940339866367 -3.930004792257581
0.22249276010875163 -3.845503313591379
0.09613642938175626 -3.766529969043526
-0.021953599335061913 -3.6927231049801126
-0.13231811215451805 -3.6237447273507537
-0.23546251665868279 -3.559278953865372
-0.3318591563822011 -3.4990305674304354
-0.4219494738808165 -3.442723664220215
-0.5061460322907372 -3.390100390191971
-0.5848344046364575 -3.340919760259033
-0.658374939539 -3.294956554714231
-0.727104411410535 -3.2520002878499303
-0.7913375626923433 -3.2118542440515183
-0.8513685451987063 -3.1743345769501983
-0.9074722671672699 -3.1392694675097124
-0.959905652184619 -3.1064983371915016
-1.008908815752235 -3.075871112595043
-1.054706164880848 -3.047247538205829
-1.0975074257487107 -3.02049653410376
-1.1375086041298905 -2.9954955956906115
-1.1748928829908065 -2.972130232687669
-1.2098314613654946 -2.9502934448344513
-1.242484338351184 -2.9298852318875195
-1.2730010458144454 -2.910812135675433
-1.3015213331632873 -2.892986812112736
-1.328175807321084 -2.8763276312130186
-1.3530865308330435 -2.8607583032693578
-1.3763675808442204 -2.8462075294902354
-1.3981255715088716 -2.8326086754910555
-1.4184601422234993 -2.819899466146028
-1.4374644139194128 -2.8080217004030112
-1.455225415504379 -2.7969209847553325
-1.471824482406216 -2.786546484150025
-1.4873376290434472 -2.7768506891917935
-1.5018358969287098 -2.767789198576624
-1.5153856799990488 -2.7593205157587084
-1.5280490286629171 -2.7514058589195356
-1.539883933956252 -2.7440089833689063
-1.550944593108901 -2.73709601556458
-1.5612816577375455 -2.7306352979904434
-1.5709424658016986 -2.7245972441828386
-1.57997125838502 -2.718954203241152
-1.5884093822946657 -2.7136803332021926
-1.5962954794064843 -2.708751482698492
-1.6036656636231372 -2.7041450803585856
