# CURVE 2D, normalized by CHORD
# COLUMN#1 = X-coordinate, COLUMN#2 = Y-coordinate
#-------------------------------------------------------------------------------
0.0 0.0
0.008734869195783609 0.0014395784117094497
0.01689829835072153 0.0027849787964846313
0.02452767139271959 0.004042362333657698
0.031657926572157026 0.005217487134754022
0.03832171645948173 0.0063157346124141376
0.044549557475673046 0.007342134124246022
0.050369969640337825 0.008301386004462737
0.05580960717740772 0.009197883088777422
0.06089338057653845 0.010035730831127595
0.065644570669184 0.010818766104352057
0.07008493524174994 0.011550574770916975
0.07423480867405455 0.012234508104155216
0.07811319505938595 0.01287369813521899
0.08173785523259287 0.013471071996026256
0.08512538810474887 0.014029365323883516
0.08829130667685729 0.014551134789170674
0.09125010908069693 0.015038769803457738
0.09401534497213586 0.015494503461669947
0.09659967758095728 0.01592042276841033
0.09901494170135111 0.0163184781952705
0.10127219788863509 0.016690492612896828
0.10338178311039581 0.017038169638715826
0.10535335808400395 0.017363101438546663
0.1071959515172826 0.01766677601782782
0.1089180014549262 0.017950584035847594
0.11052739392001366 0.018215825174183832
0.11203149902757205 0.018463714088516762
0.11343720473557053 0.018695385971070906
0.11475094838790557 0.01891190174915889
0.11597874619382616 0.019114252943633638
0.11712622077879868 0.01930336620949789
0.11819862693297861 0.019480107579464483
0.11920087567520282 0.019645286429900547
0.1201375567427021 0.019799659187317433
0.12101295960952387 0.019943932792379944
0.12183109312991802 0.020078767937298174
0.12259570389664154 0.020204782091427363
0.12331029339825231 0.020322552328931282
0.12397813405396331 0.020432617971458306
0.1246022841994876 0.02053548305793216
0.12518560209250096 0.020631618652767535
0.12573075900185923 0.02072146500308097
0.12624025144051182 0.020805433554775772
0.12671641259813107 0.020883908836733533
0.12716142302581263 0.020957250221740782
0.12757732062177668 0.02102579357221485
0.12796600996379917 0.02108985277826538
0.12832927103110991 0.021149721195135033
0.12866876735569938 0.021205672986601996
0.2253449833644045 -0.5653925243124258
0.21746731551196502 -0.5175935314272947
0.210105009107816 -0.47292157545988234
0.20322434891702248 -0.43117208390155304
0.19679382537422482 -0.39215386749189957
0.19078399028749804 -0.3556882446791393
0.18516732198214592 -0.32160822335880257
0.17991809926686353 -0.28975773614353456
0.1750122836451043 -0.25999092566197574
0.17042740923224522 -0.2321714766137899
0.16614247987443298 -0.20617199152202742
0.16213787299797294 -0.1818734073241186
0.1583952497489449 -0.15916445012981129
0.1548974710115355 -0.13794112564915023
0.15162851892049867 -0.11810624295694361
0.1485734235083147 -0.09956896941282534
0.14571819415113346 -0.08224441469869609
0.14304975549956217 -0.06605324206866875
0.14055588760089743 -0.05092130503126002
0.13822516993859393 -0.03677930780003691
0.13604692913270283 -0.02356248795777227
0.13401119006177653 -0.011210319880889497
0.13210863018240618 0.0003337624339542211
0.13033053683720025 0.011122624410443649
0.12866876735569938 0.02120567298660203
0.233222651216844 -0.6131915171975569
0.24058495762099302 -0.6578634731649693
0.24746561781178653 -0.6996129647232985
0.25389614135458416 -0.738631181132952
0.25990597644131097 -0.7750968039457123
0.2655226447466631 -0.8091768252660491
0.2707718674619455 -0.841027312481317
0.2756776830837047 -0.8707941229628758
0.2802625574965638 -0.8986135720110617
0.28454748685437603 -0.9246130571028242
0.28855209373083607 -0.948911641300733
0.2922947169798641 -0.9716205984950403
0.2957924957172735 -0.9928439229757013
0.29906144780831034 -1.012678805667908
0.3021165432204943 -1.0312160792120262
0.30497177257767555 -1.0485406339261554
0.30764021122924684 -1.0647318065561828
0.3101340791279116 -1.0798637435935916
0.3124647967902151 -1.0940057408248145
0.3146430375961062 -1.1072225606670791
0.3166787766670325 -1.1195747287439621
0.31858133654640286 -1.1311188110588057
0.32035942989160876 -1.1419076730352953
0.32202119937310963 -1.1519907216114535
1.0 -1.0402542292721908
0.9539744083766741 -1.0478396259852953
0.9109598367660894 -1.054928781791935
0.8707593025505896 -1.0615541610504768
0.8331887098258235 -1.067746104282759
0.7980760063447336 -1.0735329671166676
0.7652603956147431 -1.0789412501390119
0.7345916005399856 -1.0839957202533523
0.705929175236474 -1.0887195240985306
0.679141861868706 -1.093134294047295
0.6541069895623809 -1.0972602472704396
0.6307099126405816 -1.1011162783201072
0.6088434856108628 -1.1047200456562452
0.588407572498976 -1.108088052512449
0.5693085882822594 -1.111235722471518
0.5514590703227111 -1.1141774700968161
0.534777277837152 -1.116926766942889
0.5191868175702743 -1.11949620324763
0.5046162939563699 -1.1218975455885096
0.49099898216767424 -1.1241417907669018
0.47827252255207076 -1.126239216167268
0.46637863506085264 -1.1281994268218163
0.4552628523587796 -1.1300313993961602
0.44487427039422534 -1.1317435232974162
0.4351653152871653 -1.1333436390929827
0.42609152546748297 -1.134839074415942
0.4176113480659107 -1.1362366775215114
0.40968594862518903 -1.1375428486482118
0.40227903326002856 -1.138763569327371
0.3953566824514674 -1.1399044297751835
0.38888719571449426 -1.140970654492765
0.3828409464276036 -1.1419671261914395
0.3771902461594814 -1.1428984081528175
0.37190921787151676 -1.143768765126068
0.36697367741547504 -1.1445821828580776
0.3623610227836602 -1.1453423863459373
0.35805013060439417 -1.1460528568953388
0.35402125940881846 -1.1467168480630037
0.35025595922603736 -1.1473374005561485
0.34673698709259704 -1.1479173561572185
0.3434482280893819 -1.1484593707376576
0.34037462154432085 -1.148965926420311
0.33750209206295556 -1.1494393429461554
0.33481748507102527 -1.1498817882974117
0.3323085065738942 -1.1502952886256887
0.3299636668569492 -1.1506817375306204
0.3277722278691503 -1.1510429047314914
0.3257241540487773 -1.1513804441715574
0.3238100663661858 -1.1516959015921802
0.3220211993731097 -1.1519907216114535
