# CURVE 2D, normalized by CHORD
# COLUMN#1 = X-coordinate, COLUMN#2 = Y-coordinate
#-------------------------------------------------------------------------------
0.0 0.0
-0.2342777291093551 -0.12719917352920632
-0.4532288778096861 -0.24607690579949215
-0.6578561195856965 -0.3571775901642453
-0.8490965324604725 -0.46101000545840704
-1.0278258902873658 -0.5580496459202404
-1.194862673303154 -0.6487408986883091
-1.3509718163085638 -0.7334990788453826
-1.4968682116407221 -0.8127123313286289
-1.633219982979188 -0.8867434084157749
-1.7606515449777542 -0.9559313309271263
-1.8797464627334237 -1.0205929407508192
-1.9910501241873202 -1.0810243518009994
-2.0950722376956348 -1.1375023060535043
-2.192289166208078 -1.1902854408689294
-2.2831461087430722 -1.23961547340671
-2.3680591391496084 -1.2857183075541685
-2.447417111492166 -1.3288050684396437
-2.5215834407842754 -1.3690730692671906
-2.5908977672254996 -1.406706714900412
-2.655677511563092 -1.4418783463333291
-2.7162193287010292 -1.4747490299154948
-2.77280046621312 -1.5054692949455561
-2.8256800339814285 -1.534179823011034
-2.875100190774241 -1.5610120922311068
-2.9212872531974297 -1.58608897935267
-2.964452732097606 -1.6095253224569348
-3.004794301163192 -1.6314284468534441
-3.0424967021590663 -1.6518986565698077
-3.0777325909402573 -1.6710296936879045
-3.11066332811894 -1.6889091676300512
-3.14143971800556 -1.7056189563610293
-3.1702026992080086 -1.721235581343252
-3.197083990051418 -1.7358305579621516
-3.2222066917742307 -1.7494707230265438
-3.245685852262841 -1.7622185408437328
-3.2676289929064017 -1.7741323892710121
-3.288136600984496 -1.7852668270535161
-3.307302589842528 -1.795672843672679
-3.3252147289621843 -1.8053980928494666
-3.341955045896442 -1.8144871107716978
-3.3576002019097677 -1.8229815200448114
-3.3722218430437163 -1.8309202203000574
-3.3858869282156308 -1.8383395663329978
-3.3986580358529346 -1.8452735345880824
-3.410593650467237 -1.8517538787517127
-3.421748430480604 -1.8578102751663206
-3.4321734585304795 -1.8634704587313746
-3.441916475399522 -1.868760349913668
-3.4510220986416176 -1.8737041734485218
-4.884519756513997 0.7665376351416
-4.767711105098103 0.5513973568302909
-4.658544141158015 0.35033167616551597
-4.556518941214008 0.1624198250769413
-4.46116828706073 -0.01319872734228733
-4.372055526169816 -0.17732821558455703
-4.288772572066158 -0.3307202606707904
-4.210938035520683 -0.4740773121532518
-4.138195478001547 -0.6080558649405987
-4.070211779385533 -0.7332694656764367
-4.0066756124546785 -0.8502915224389025
-3.9472960171921976 -0.9596579306281225
-3.891801068348758 -1.0618695270666458
-3.8399366301773186 -1.1573943835512472
-3.7914651926339173 -1.246669950359286
-3.7461647837148506 -1.3301050595256776
-3.703827952949368 -1.4080817970643607
-3.6642608213928423 -1.48095725270799
-3.627282193769921 -1.5490651551786716
-3.5927227287017702 -1.6127174004783742
-3.560424163217517 -1.6722054801977222
-3.5302385879985887 -1.727801816384029
-3.5020277700369737 -1.779761009081512
-3.4756625196055575 -1.8283210022567296
-3.4510220986416176 -1.8737041734485216
-5.001328407929892 0.9816779134529091
-5.1104953718699795 1.182743594117684
-5.212520571813987 1.3706554452062587
-5.307871225967265 1.5462739976254873
-5.39698398685818 1.710403485867757
-5.480266940961838 1.8637955309539904
-5.5581014775073125 2.0071525824364516
-5.630844035026447 2.141131135223799
-5.698827733642462 2.2663447359596365
-5.762363900573317 2.3833667927221027
-5.821743495835797 2.4927332009113226
-5.877238444679238 2.5949447973498456
-5.929102882850676 2.6904696538344473
-5.977574320394078 2.7797452206424857
-6.022874729313145 2.863180329808878
-6.065211560078627 2.941157067347561
-6.104778691635153 3.01403252299119
-6.141757319258074 3.082140425461872
-6.176316784326225 3.1457926707615744
-6.208615349810478 3.205280750480922
-6.238800925029406 3.2608770866672288
-6.267011742991022 3.3128362793647117
-6.293376993422438 3.3613962725399293
-6.318017414386378 3.406779443731722
0.9999999999999999 7.380037040691741
0.5032055859335145 7.1103065839239665
0.03891174101156736 6.858222044888665
-0.3950077402238973 6.622629017752868
-0.8005399656776025 6.402448618560536
-1.1795420455408783 6.196672544549009
-1.533749596814968 6.00435845668777
-1.8647846914636497 5.8246256642940875
-2.1741632845932592 5.656651091963544
-2.463302156677006 5.4996655103462135
-2.733525401615087 5.352950013507587
-2.9860704903422666 5.215832726742516
-3.222093937750844 5.087685729765813
-3.4426765988803565 4.967922181189456
-3.6488286186275642 4.855993631118094
-3.8414940576436463 4.751387509556073
-4.021555215602601 4.653624779124279
-4.189836671639008 4.562257741337554
-4.34710906045808 4.47686798639669
-4.494092601410483 4.397064477106163
-4.631460396693104 4.322481758143054
-4.759841513779664 4.252778282476596
-4.879823866197011 4.1876348472743
-4.99195690583939 4.126753132131967
-5.096754139150026 4.069854332933525
-5.194695478692676 4.016677885084513
-5.286229440882068 3.966980270272353
-5.371775199937575 3.9205339012890255
-5.4517245074660865 3.8771260798092806
-5.526443486464696 3.8365580223515745
-5.596274307958722 3.7986439499611957
-5.661536757953139 3.7632102374468226
-5.722529701873156 3.730094618274511
-5.779532453200273 3.6991454414779588
-5.832806052571412 3.6702209771821153
-5.882594463198645 3.643188767559831
-5.929125688083908 3.617925020249286
-5.972612814144902 3.5943140414543833
-6.013254988033681 3.572247706132045
-6.0512383281166535 3.5516249628401395
-6.0867367767923275 3.532351370978546
-6.119912897049967 3.514338668304159
-6.15091861691692 3.497504366739312
-6.179895925203792 3.481771374622632
-6.206977521733578 3.4670676436724643
-6.232287425032445 3.4533258390461388
-6.25594154026503 3.4404830309841525
-6.2780481900151095 3.428480406627156
-6.298708610342287 3.4172630006860376
