# CURVE 2D, normalized by CHORD
# COLUMN#1 = X-coordinate, COLUMN#2 = Y-coordinate
#-------------------------------------------------------------------------------
0.0 0.0
0.005053924789468637 0.0016169478330071325
0.0097772189852337 0.003128114032079213
0.014191512626135628 0.004540418891025083
0.018317020701744905 0.005860329974152064
0.02217263572567881 0.007093891734083821
0.02577601425271984 0.00824675319196397
0.02914365773593576 0.009324193806805228
0.03229098809408148 0.010331147652451265
0.03523241833533916 0.011272226012868123
0.03798141856081363 0.012151738499239017
0.0405505776500421 0.012973712785566957
0.04295166091100329 0.01374191305316316
0.04519566395863057 0.014459857228486713
0.047292863068562604 0.015130833093275082
0.049252862236723385 0.015757913340740847
0.05108463716023814 0.01634396964678362
0.05279657634109305 0.01689168582065537
0.054396519500770533 0.017403570095301864
0.05589179348177752 0.017881966613663074
0.05728924580047565 0.018329066163533365
0.05859527600486642 0.01874691621014111
0.05981586498093256 0.019137430272391343
0.060956602341742036 0.019502396685709314
0.06202271202474155 0.019843486791613962
0.06301907621446072 0.02016226259152485
0.06395025770017956 0.02046018389985278
0.06482052077094486 0.02073861502913122
0.06563385074362268 0.020998831037802656
0.06639397221341505 0.021242023569271292
0.06710436611041726 0.021469306308961603
0.06776828564032587 0.02168172008437311
0.06838877118229654 0.02188023763148667
0.06896866421217565 0.02206576804934981
0.06951062031486642 0.022239160963240592
0.07001712134541854 0.022401210415474968
0.07049048679453268 0.022552658501675323
0.0709328844105272 0.022694198769152286
0.07134634012640992 0.022826479392962534
0.07173274733751528 0.022950106144187066
0.07209387557219317 0.023065645164023072
0.07243137859525663 0.023173625556393178
0.07274680198129724 0.023274541810944675
0.07304159019255015 0.02336885606753486
0.0733170931937211 0.023457000232572415
0.07357457263406778 0.023539377956906582
0.07381520762504598 0.023616366484321687
0.07404010013997887 0.023688318379102163
0.07425028006047692 0.02375556314057924
0.07444670989271807 0.023818408712053145
-0.1503810802666629 0.7265391266308088
-0.1320609729228454 0.669277882476473
-0.11493937727441786 0.6157627010238227
-0.0989378860142052 0.5657485127503178
-0.08398322128503448 0.5190062807190048
-0.07000689910823943 0.4753219517177777
-0.05694491576544031 0.43449547601569627
-0.04473745469740374 0.3963398912473958
-0.0333286125777434 0.36068046623029265
-0.022666143307032816 0.32735390079374765
-0.012701218754966825 0.2962075779558551
-0.0033882051549051773 0.2670988650232453
0.005315545873189831 0.23989446041332957
0.013449892628418808 0.21446978320780086
0.021052085857604763 0.19070840264188615
0.028156939342825288 0.16850150491673221
0.034796989329012706 0.14774739489322386
0.04100264352171121 0.12835103038527218
0.046802320337317266 0.11022358691989675
0.052222579043491174 0.09328205097094777
0.05728824138570979 0.07744883980370565
0.06202250525694214 0.06265144618946084
0.06644705093099107 0.04882210636306361
0.07058214034599006 0.035897489702879426
0.07444670989271807 0.023818408712053096
-0.16870118761048036 0.7838003707851445
-0.18582278325890791 0.8373155522377949
-0.20182427451912058 0.8873297405112998
-0.21677893924829128 0.9340719725426128
-0.23075526142508634 0.9777563015438399
-0.24381724476788547 1.0185827772459213
-0.256024705835922 1.0567383620142217
-0.2674335479555824 1.0923977870313248
-0.27809601722629296 1.12572435246787
-0.28806094177835895 1.1568706753057625
-0.2973739553784206 1.1859793882383722
-0.3060777064065156 1.2131837928482878
-0.3142120531617446 1.2386084700538165
-0.32181424639093054 1.2623698506197314
-0.3289190998761511 1.284576748344885
-0.3355591498623385 1.3053308583683936
-0.34176480405503695 1.3247272228763451
-0.34756448087064307 1.3428546663417207
-0.352984739576817 1.3597962022906698
-0.3580504019190356 1.375629413457912
-0.3627846657902679 1.3904268070721568
-0.36720921146431684 1.404256146898554
-0.3713443008793158 1.4171807635587381
-0.37520887042604384 1.4292598445495643
1.0 1.8692428469878273
0.906641915929408 1.8393739514225032
0.8193913700690421 1.811459095753976
0.7378488038444009 1.785370445596474
0.6616407980269793 1.7609885295614256
0.5904183626835946 1.7382016921454924
0.5238553389981884 1.7169055824109754
0.46164690564734134 1.6970026761170343
0.4035081828895405 1.678401829113351
0.34917292797570787 1.66101785995103
0.29839231590670545 1.6447711597993282
0.2509337999543666 1.62958732788185
0.20658004672788188 1.6153968307627113
0.16512794090873728 1.602134683922395
0.12638765509645267 1.58974015416509
0.09018178050553227 1.5781564814947115
0.05634451453270961 1.5673306191859464
0.024720901473996748 1.5572129908599979
-0.004833877085547833 1.5477572634525691
-0.032455165458954216 1.5389201350344117
-0.058269453658399195 1.530661136512769
-0.08239495664853491 1.5229424463056265
-0.1049421557047363 1.5157287171400726
-0.12601430435539185 1.508986914181611
-0.14570790122516364 1.5026861637531423
-0.16411313194457633 1.496797611950835
-0.18131428214963474 1.4912942925094266
-0.19739012346277374 1.4861510033118484
-0.21241427422271664 1.4813441909776632
-0.22645553661518658 1.4768518430017892
-0.23957821174833605 1.4726533869495704
-0.2518423941157655 1.4687295962465625
-0.26330424679560616 1.4650625021316015
-0.2740162586459245 1.4616353113699558
-0.2840274846742594 1.4584323293497263
-0.293383770682049 1.4554388882093248
-0.3021279632126934 1.4526412796668935
-0.3103001057646977 1.4500266922440606
-0.3179376221684398 1.447583152596553
-0.3250754879663298 1.4452994706829947
-0.33174639058118016 1.4431651885207906
-0.33798087900627416 1.4411705322944317
-0.34380750370262336 1.4393063675968998
-0.34925294734407153 1.4375641575992066
-0.35434214700897626 1.4359359239565026
-0.35909840837804596 1.4344142102717325
-0.3635435124612889 1.4329920479495177
-0.3676978153428243 1.431662924283896
-0.371580341400334 1.4304207526337827
-0.3752088704260439 1.4292598445495643
