# CURVE 2D, normalized by CHORD
# COLUMN#1 = X-coordinate, COLUMN#2 = Y-coordinate
#-------------------------------------------------------------------------------
0.0 0.0
-0.008772499763881074 0.0050794482865603304
-0.01697109767405027 0.009826596217925107
-0.02463333871159158 0.01426318306966789
-0.031794311643873176 0.018409525921763946
-0.03848680971142606 0.022284612699423813
-0.04474148080259699 0.025906189127143313
-0.05058696780369132 0.029290839994170887
-0.056050039767330875 0.03245406510354245
-0.06115571449970429 0.035410350252487836
-0.06592737312809066 0.038173233569259224
-0.07038686717331157 0.04075536751016707
-0.07455461861744325 0.04316857680073514
-0.07844971342504295 0.04542391258631277
-0.08208998894616418 0.04753170304012365
-0.08549211560141765 0.04950160066050765
-0.08867167322314988 0.05134262647395063
-0.09164322240233887 0.053063211346327264
-0.09442037116793606 0.05467123459153906
-0.0970158373040082 0.056174060054353825
-0.09944150659005693 0.05757856983268538
-0.10170848723122397 0.05889119579374291
-0.10382716072764175 0.06011794902837612
-0.10580722941588268 0.061264447378500606
-0.10765776090022 0.06233594116366368
-0.10938722957717076 0.06333733722456375
-0.11100355544347988 0.06427322139362923
-0.11251414036526411 0.0651478794955596
-0.11392590197440824 0.06596531697399918
-0.11524530534744015 0.0667292772342231
-0.11647839261195594 0.06744325878583424
-0.11763081061617632 0.06811053126397548
-0.11870783678834489 0.06873415040242525
-0.11971440330439027 0.06931697202714465
-0.12065511967452616 0.06986166513435906
-0.12153429385222325 0.0703707241130641
-0.12235595196222053 0.07084648016792863
-0.12312385673791891 0.07129111199490483
-0.1238415247525903 0.07170665575843398
-0.12451224252331124 0.07209501441593787
-0.1251390815613682 0.07245796643229663
-0.12572491243805692 0.0727971739242207
-0.12627241793028937 0.0731141902718133
-0.12678410530620754 0.07341046723218023
-0.12726231780706568 0.07368736158766333
-0.1277092453779611 0.07394614135914286
-0.12812693469655498 0.07418799161286205
-0.12851729854570812 0.07441401988736597
-0.12888212457295406 0.07462526126540701
-0.1292230834769222 0.0748226831140435
0.0074323499877591015 0.3108344879736191
-0.0037030270419848715 0.29160305045261514
-0.014109921462306343 0.2736297443582189
-0.023835991014008656 0.25683226202700743
-0.03292577564176782 0.2411336804090528
-0.04142090146210349 0.22646210880348777
-0.049360271387650846 0.21275035963940825
-0.05678024328068576 0.19993564079447412
-0.06371479645174642 0.18795926804219926
-0.07019568726582182 0.17676639631110128
-0.07625259456869601 0.16630576852502835
-0.08191325559941955 0.15652948087449292
-0.08720359301131071 0.147392763444086
-0.0921478335831716 0.13885377519136924
-0.09676861916435002 0.13087341233836292
-0.10108711036171303 0.12341512929817008
-0.10512308344336069 0.11644477131668146
-0.10889502090284447 0.10993041806295378
-0.11242019609862372 0.10384223745199334
-0.11571475235636133 0.09815234903053499
-0.11879377689630305 0.09283469630020005
-0.12167136992428593 0.087864927393345
-0.12436070920277462 0.08322028355516267
-0.12687411039762386 0.07887949492134744
0.018567727017503075 0.3300659254946231
0.028974621437824546 0.34803923158901934
0.03870069098952686 0.3648367139202308
0.04779047561728602 0.38053529553818544
0.05628560143762169 0.3952068671437505
0.06422497136316904 0.40891861630783
0.07164494325620396 0.4217333351527641
0.07857949642726463 0.433709707905039
0.08506038724134002 0.444902579636137
0.09111729454421422 0.4553632074222099
0.09677795557493775 0.4651394950727453
0.10206829298682892 0.4742762125031522
0.10701253355868981 0.48281520075586903
0.11163331913986822 0.49079556360887533
0.11595181033723123 0.49825384664906813
0.11998778341887889 0.5052242046305568
0.12375972087836268 0.5117385578842845
0.12728489607414192 0.5178267384952449
0.13057945233187954 0.5235166269167033
0.13365847687182125 0.5288342796470382
0.13653606989980413 0.5338040485538933
0.13922540917829282 0.5384486923920756
0.14173881037314207 0.5427894810258909
0.14408778345244042 0.5468462928331947
1.0 0.05125644286947876
0.9418951357950894 0.08490029135855294
0.8875915243886311 0.11634314041376234
0.8368404856910064 0.14572898065227577
0.7894096084035069 0.17319238274434443
0.7450816857049092 0.19885911367151138
0.7036537205660327 0.22284671266886366
0.6649359961371761 0.2452650294888191
0.628751206951329 0.26621672745139424
0.594933646964556 0.28579775358464204
0.5633284507152354 0.3040977780082382
0.5337908841270853 0.32120060457234667
0.5061856817082534 0.3371845546322611
0.4803864271112144 0.35212282571629333
0.4562749742167853 0.36608382672940754
0.43374090609115057 0.3791314912276451
0.41268102933822104 0.3913255701979606
0.39299890153174477 0.4027219056842368
0.3746043895630753 0.4133726865125323
0.3574132568820759 0.42332668728664025
0.3413467777409549 0.43262949174842336
0.32633137667448675 0.44132370152579076
0.31229829156563793 0.44944913122426494
0.29918325875362983 0.4570429907555492
0.2869262187424071 0.46414005573805794
0.2754710411618253 0.4707728267497483
0.26476526772202913 0.476971678162543
0.2547598719839018 0.4827649972399213
0.24540903484546517 0.4881793141346673
0.2366699347160851 0.49323942338209353
0.228502551417599 0.4979684974451086
0.22086948291434105 0.502388192831104
0.21373577403279154 0.5065187492666139
0.2070687563864836 0.5103790823839127
0.20083789877311164 0.513986870344005
0.1950146673587454 0.5173586347926896
0.18957239500887035 0.520509816520432
0.1844861591678656 0.5234548461725278
0.17973266772767427 0.526207210333365
0.1752901523630095 0.5287795132874185
0.17113826884463124 0.5311835347398048
0.1672580038741842 0.5334302837607268
0.1636315880139534 0.5355300492008407
0.16024241431280306 0.5374924468084237
0.1570749622556532 0.5393264632641088
0.15411472668822346 0.5410404973348426
0.1513481513915601 0.5426423983355284
0.14876256700215507 0.544139502074487
0.1463461329933654 0.5455386644473457
0.14408778345244044 0.5468462928331947
