# CURVE 2D, normalized by CHORD
# COLUMN#1 = X-coordinate, COLUMN#2 = Y-coordinate
#-------------------------------------------------------------------------------
0.0 0.0
-0.028561408939872242 -0.01809098913359911
-0.05525431449115461 -0.03499845561359822
-0.08020095519328767 -0.050799826155653455
-0.10351557267191669 -0.06556746217626583
-0.1253049348014765 -0.07936899116749234
-0.14566882464218664 -0.09226761639293768
-0.16470049739051387 -0.10432240632326042
-0.1824871074356795 -0.11558856513664617
-0.19911010747789035 -0.126117685522988
-0.21464562153603134 -0.13595798494947567
-0.22916479355298555 -0.14515452646955762
-0.24273411319499882 -0.15374942508645664
-0.2554157203370673 -0.16178204061626877
-0.26726768962872005 -0.16928915793385022
-0.2783442964433488 -0.17630515542691702
-0.2886962654289832 -0.18286216242978318
-0.2983710027987349 -0.18899020635769548
-0.30741281342467114 -0.19471735021555742
-0.3158631037292844 -0.20006982111075552
-0.32376057130368935 -0.2050721303586042
-0.3311413821208902 -0.2097471857304254
-0.33803933615565734 -0.21411639635829566
-0.34448602216945845 -0.218199770776866
-0.35051096236927254 -0.22201600855123083
-0.3561417476027437 -0.2255825859104503
-0.36140416370879147 -0.22891583577887967
-0.36632230960229406 -0.23203102257180436
-0.3709187076336049 -0.23494241209790218
-0.37521440672828793 -0.2376633368886478
-0.37922907877939355 -0.24020625725383063
-0.3829811087336979 -0.24258281834278655
-0.3864876787844496 -0.24480390347265188
-0.38976484705618014 -0.24687968396785312
-0.39282762114190967 -0.24881966573906925
-0.3956900268295073 -0.25063273281497217
-0.398365172331935 -0.2523271880260964
-0.40086530831551237 -0.2539107910271471
-0.40320188400109863 -0.25539079383186736
-0.4053855995951045 -0.2567739740231947
-0.4074264552904371 -0.25806666579079035
-0.409333797061776 -0.259274788938076
-0.4111163594648964 -0.26040387599161396
-0.41278230563603696 -0.2614590975369766
-0.4143392646744861 -0.26244528589712857
-0.4157943665795788 -0.2633669572617566
-0.41715427490209533 -0.2642283323688856
-0.4184252172595874 -0.26503335583349213
-0.41961301385537436 -0.26578571421162905
-0.4207231041318108 -0.26648885288278507
-0.19984452037011532 -0.6152040895284745
-0.21784282636954738 -0.5867890054178985
-0.23466367309798858 -0.5602328520435284
-0.25038409060120465 -0.5354140171142105
-0.2650760695761729 -0.5122188442830723
-0.2788068910481059 -0.4905411126651862
-0.291639434479819 -0.4702815504054795
-0.3036324657244106 -0.45134738006930497
-0.31484090613991683 -0.43365189377381486
-0.32531608409833385 -0.41711405611447827
-0.3351059700407797 -0.4016581330683693
-0.344255396155215 -0.3872133451748095
-0.35280626168272466 -0.37371354340512747
-0.3607977247925468 -0.3610969062372003
-0.3682663819045301 -0.3493056565475488
-0.3752464352802154 -0.33828579702450995
-0.3817698496500147 -0.32798686289082885
-0.38786649859375244 -0.31836169080327636
-0.39356430134490916 -0.3093662028709844
-0.39888935064505565 -0.30095920480342175
-0.4038660322339776 -0.29310219726364356
-0.40851713652268973 -0.28575919956291634
-0.4128639629607384 -0.27889658488933944
-0.4169264175757372 -0.2724829263159031
-0.18184621437068327 -0.6436191736390505
-0.16502536764224207 -0.6701753270134206
-0.149304950139026 -0.6949941619427384
-0.1346129711640577 -0.7181893347738767
-0.12088214969212473 -0.7398670663917628
-0.10804960626041167 -0.7601266286514695
-0.09605657501582002 -0.779060798987644
-0.0848481346003138 -0.7967562852831342
-0.07437295664189678 -0.8132941229424708
-0.06458307069945096 -0.8287500459885797
-0.05543364458501562 -0.8431948338821396
-0.046882779057505986 -0.8566946356518216
-0.03889131594768386 -0.8693112728197487
-0.031422658835700584 -0.8811025225094002
-0.024442605460015254 -0.8921223820324391
-0.01791919109021592 -0.9024213161661202
-0.01182254214647821 -0.9120464882536726
-0.00612473939532146 -0.9210419761859647
-0.0007996900951749708 -0.9294489742535272
0.004176991493746979 -0.9373059817933055
0.008828095782459078 -0.9446489794940327
0.013174922220507784 -0.9515115941676096
0.01723737683550655 -0.957925252741046
0.021034063391580177 -0.963919326174164
1.0 -0.34383569659444546
0.9335414523731072 -0.3859309890740284
0.8714306601984413 -0.42527238391475997
0.8133831908763236 -0.4620400426444156
0.7591332195472417 -0.49640234052259846
0.7084323117630529 -0.5285166376050123
0.6610482857965214 -0.5585299993642776
0.6167641493792022 -0.5865798701673294
0.57537710599853 -0.6127947026935459
0.5366976262035094 -0.6372945461759913
0.5005485796661069 -0.660191596159585
0.4667644240236746 -0.6815907082937849
0.43519044678775665 -0.7015898785126632
0.40568205684764636 -0.7202806918013345
0.3781041223241789 -0.7377487416038311
0.35233035174149896 -0.7540740217930801
0.3282427156829195 -0.7693312929979859
0.305730906282378 -0.7835904249651875
0.2846918320762645 -0.79691671652332
0.2650291459023266 -0.8093711946150324
0.24665280368369313 -0.8210108937661655
0.22947865207749352 -0.8318891172718974
0.21342804309973695 -0.842055681295946
0.19842747396164662 -0.8515571430006642
0.18440825046810427 -0.8604370137527374
0.1713061724367564 -0.868735958380843
0.1590612396971789 -0.8764919813977643
0.1476173773237418 -0.8837406010397468
0.13692217884389424 -0.8905150119201042
0.12692666624590587 -0.8968462370419337
0.11758506568703819 -0.9027632698660732
0.10885459787501228 -0.9082932070848954
0.10069528216283863 -0.9134613727099626
0.09306975345987256 -0.9182914340418012
0.0859430911206519 -0.9228055100528655
0.07928265902792231 -0.9270242726800283
0.07305795613752086 -0.9309670414904607
0.067240476800697 -0.9346518721544164
0.06180358022422616 -0.9380956391300758
0.05672236847051504 -0.9413141129391033
0.05197357243900946 -0.9443220323867926
0.047535445306761126 -0.9471331720575302
0.04338766294017393 -0.9497604053946681
0.03951123082186825 -0.9522157636536756
0.0358883970664422 -0.9545104909985423
0.03250257112679178 -0.956655095993745
0.029338247818707197 -0.9586593997275792
0.0263809363158245 -0.9605325807872374
0.02361709378976584 -0.9622832172915907
0.021034063391580204 -0.963919326174164
