# CURVE 2D, normalized by CHORD
# COLUMN#1 = X-coordinate, COLUMN#2 = Y-coordinate
#-------------------------------------------------------------------------------
0.0 0.0
-0.06651780053594494 0.00014869800181558163
-0.1286839692611269 0.00028766809697033024
-0.18678319236877358 0.0004175466905728991
-0.2410815317217144 0.00053892855375287
-0.2918276432665189 0.0006523695473790109
-0.3392539157382988 0.0007583891675903575
-0.3835775348708034 0.0008574729247972237
-0.4250014779852937 0.0009500745670466313
-0.4637154435128547 0.001036618157933928
-0.4998967197068369 0.0011175000185762614
-0.5337109965236428 0.0011930905425410591
-0.5653131243898164 0.00126373589204087
-0.5948478233301656 0.0013297595831621883
-0.6224503457043238 0.0013914639673877197
-0.6482470955867146 0.0014491316161966276
-0.6723562076263321 0.0015030266150834572
-0.6948880880371897 0.001553395772921616
-0.7159459201968696 0.0016004697522096147
-0.7356261371685331 0.0016444641253759685
-0.7540188633102747 0.0016855803619800376
-0.7712083269941453 0.001724006751329635
-0.7872732463248656 0.0017599192647404734
-0.8022871896246041 0.0017934823613861169
-0.81631891233464 0.0018248497414287744
-0.8294326718767299 0.0018541650498798562
-0.841688521916066 0.0018815625344135774
-0.8531425873733895 0.0019071676601460274
-0.8638473214456546 0.0019310976841950458
-0.8738517458122573 0.0019534621926520727
-0.8832016751268393 0.0019743636024249947
-0.8919399268227105 0.0019938976302501556
-0.9001065171926834 0.0020121537310213338
-0.9077388446412563 0.0020292155074429956
-0.9148718609483337 0.002045161092883801
-0.92153823132878 0.0020600635091836197
-0.9277684840207857 0.002073991001052609
-0.9335911500880809 0.00208700734859372
-0.9390328940762073 0.002099172159379805
-0.9441186361211851 0.0021105411414228756
-0.9488716660697625 0.002121166358285558
-0.9533137501338536 0.002131096467503019
-0.9574652305675835 0.0021403769434071873
-0.9613451188234059 0.0021490502853737
-0.9649711826138941 0.002157156212445207
-0.9683600272779018 0.002164731845222317
-0.9715271718237035 0.00217181187585513
-0.9744871199973498 0.002178428726913833
-0.9772534267016921 0.002184612699865892
-0.9798387600702364 0.0021903921138397794
-0.9786142974816231 0.549935198625213
-0.9787140728966017 0.5053021768568932
-0.9788073209479836 0.4635890724005195
-0.9788944686595555 0.4246048626282076
-0.9789759151189685 0.388171021719505
-0.9790520333053357 0.35412070311324084
-0.9791231717972678 0.3222979754438351
-0.9791896563691669 0.292557108463082
-0.9792517914830913 0.2647619056773315
-0.9793098616830206 0.23878508064391984
-0.9793641328979078 0.21450767407063787
-0.9794148536594847 0.19181850904887904
-0.9794622562403976 0.17061368192573995
-0.9795065577178863 0.15079608648355391
-0.9795479609678758 0.13227496924786597
-0.9795866555940341 0.11496551388740994
-0.9796228187960513 0.09878845280287168
-0.9796566161811141 0.08366970412573305
-0.9796882025222943 0.0695400324648559
-0.9797177224673225 0.05633473184721366
-0.9797453112009937 0.043993329400819015
-0.9797710950642378 0.03245930842288014
-0.9797951921326903 0.021679849564993248
-0.9798177127574121 0.01160558895014574
-0.9798387600702364 0.0021903921138397564
-0.9785145220666445 0.5945682203935329
-0.9784212740152626 0.6362813248499065
-0.9783341263036907 0.6752655346222184
-0.9782526798442777 0.711699375530921
-0.9781765616579104 0.7457496941371852
-0.9781054231659784 0.7775724218065909
-0.9780389385940793 0.807313288787344
-0.9779768034801549 0.8351084915730945
-0.9779187332802256 0.8610853166065062
-0.9778644620653384 0.8853627231797881
-0.9778137413037615 0.9080518882015469
-0.9777663387228486 0.929256715324686
-0.9777220372453599 0.9490743107668721
-0.9776806339953704 0.96759542800256
-0.9776419393692121 0.9849048833630161
-0.9776057761671949 1.0010819444475543
-0.9775719787821321 1.016200693124693
-0.9775403924409519 1.0303303647855702
-0.9775108724959237 1.0435356654032124
-0.9774832837622525 1.055877067849607
-0.9774574998990084 1.0674110888275459
-0.9774334028305559 1.0781905476854328
-0.977410882205834 1.0882648083002802
-0.9773898348930098 1.0976800051365863
1.0 1.0932596257059684
0.8657619722965543 1.0935597096883962
0.7403058716391288 1.0938401620084222
0.6230571794359274 1.0941022669804092
0.5134789624235897 1.0943472248981538
0.41106941381392825 1.0945761575315602
0.3153595553002261 1.0947901132637157
0.22591108939956972 1.0949900718918986
0.14231439229615261 1.0951769491144991
0.06418663799389357 1.0953516007244062
-0.00882995481195592 1.0955148265280579
-0.07706976117256303 1.095667374008106
-0.140845281135747 1.0958099417464686
-0.2004485708209658 1.0959431826234431
-0.2561525798725721 1.0960677068075315
-0.3082124014161294 1.0961840845496702
-0.35686644024188396 1.0962928487946597
-0.40233750456501904 1.0963944976217526
-0.4448338263623417 1.0964894965255776
-0.48455001495797023 1.0965782805478441
-0.5216679482249127 1.0966612562695885
-0.5563576054837374 1.096738803673088
-0.5887778459125457 1.0968112778819659
-0.619077136032927 1.0968790107874593
-0.6473942296033772 1.0969423125682942
-0.6738588030337043 1.0970014731111308
-0.6985920492302715 1.0970567633380808
-0.7217072325915497 1.0971084364473798
-0.7433102076955476 1.0971567290728927
-0.7634999040544244 1.0972018623677648
-0.7823687791561782 1.097244043017178
-0.8000032418680978 1.0972834641848537
-0.8164840481409199 1.097320306397635
-0.8318866708258001 1.0973547383721967
-0.8462816452976509 1.097386917787675
-0.8597348924676051 1.0974169920077481
-0.8723080206638238 1.0974450987554802
-0.8840586077630936 1.0974713667440148
-0.895040464865215 1.0974959162660096
-0.9053038827176649 1.0975188597445096
-0.9148958620190197 1.0975403022477805
-0.9238603286558003 1.0975603419704636
-0.9322383348583987 1.0975790706832516
-0.9400682471972757 1.0975965741531468
-0.9473859222803385 1.0976129325362265
-0.9542248709560981 1.0976282207447123
-0.960616411774565 1.0976425087900261
-0.9665898144086462 1.0976558621034034
-0.9721724336928341 1.0976683418355317
-0.9773898348930099 1.0976800051365863
