# CURVE 2D, normalized by CHORD
# COLUMN#1 = X-coordinate, COLUMN#2 = Y-coordinate
#-------------------------------------------------------------------------------
0.0 0.0
0.1765392905945251 -0.12006631899045045
0.34152928180436104 -0.23227783206563735
0.49572553527149743 -0.3371484050331018
0.6398341833716249 -0.43515828631110587
0.7745151629044542 -0.526756306197091
0.9003852372342013 -0.6123619322587593
1.0180208207199464 -0.6923671902603186
1.1279606183701751 -0.7671384594206543
1.2307080928096414 -0.8370181502247064
1.3267337698558717 -0.902326272471484
1.4164773932635635 -0.9633619007395006
1.5003499385043968 -1.0204045439806373
1.578735494804241 -1.0737154255144101
1.6519930240564318 -1.1235386792842912
1.720458004665956 -1.1701024678542735
1.7844439678524273 -1.213620027265472
1.8442439334472602 -1.25429064353762
1.9001317517601883 -1.2923005652872912
1.952363357660121 -1.327823856642124
2.001177942613329 -1.361023194356921
2.046799050046234 -1.392050612781965
2.0894355990489486 -1.4210482000950901
2.1292828411075604 -1.4481487489858613
2.1665232542464503 -1.4734763647716287
2.201327378675319 -1.49714703373029
2.2338545977677198 -1.5192691542524033
2.2642538679475335 -1.5399440332450325
2.292664400825864 -1.5592663500605737
2.3192163007121547 -1.5773245900750983
2.3440311604189676 -1.594201449901757
2.3672226180888867 -1.6099742160948955
2.388896877593484 -1.6247151190791376
2.4091531948875002 -1.6384916639242233
2.4280843325454593 -1.6513669394803783
2.4457769845622432 -1.663399907289869
2.4623121733629763 -1.6746456715978042
2.4777656208402963 -1.685155731698678
2.492208095118166 -1.6949782177742614
2.505705734630194 -1.704158111302844
2.5183203509965746 -1.7127374510491824
2.53010971208665 -1.720755525578471
2.5411278065633565 -1.728249053175937
2.5514250911210254 -1.7352523499959984
2.561048721548754 -1.7417974872110094
2.5700427686774723 -1.7479144378792437
2.578448420199639 -1.7536312142046966
2.5863041692857753 -1.7589739958172692
2.5936459908616043 -1.763967249660795
2.600507506353033 -1.768633842037922
0.3648476333681179 -5.055832211289122
0.5470205259109575 -4.7879746348640175
0.7172755656706207 -4.537640451289153
0.876392425259091 -4.303683270378065
1.0250997706688763 -4.085031699433124
1.1640785981546569 -3.8806844368677575
1.293965352814265 -3.689705686806667
1.4153548431503473 -3.5112208736654615
1.52880296495977 -3.3444126370848952
1.634829247024651 -3.188517088878759
1.7339192302628579 -3.0428203148543322
1.8265266912331442 -2.9066551054857097
1.9130757201773372 -2.779397900468305
1.9939626631158354 -2.6604659331623197
2.0695579368901327 -2.5493145618483144
2.1402077254642426 -2.445434775573543
2.20623556525313 -2.348350863167215
2.2679438267380716 -2.2576182347500855
2.3256150991539046 -2.1728213857621146
2.3795134845892623 -2.0935719941845714
2.4298858074260465 -2.0195071422429423
2.476962744656685 -1.9502876544470271
2.5209598822554122 -1.8855965443573868
2.5620787024411396 -1.8251375629651996
2.6005075063530336 -1.768633842037922
0.18267474082527826 -5.323689787714226
0.012419701065615019 -5.57402397128909
-0.14669715852285525 -5.8079811522001785
-0.2954045039326405 -6.02663272314512
-0.4343833314184211 -6.230979985710487
-0.5642700860780292 -6.421958735771577
-0.6856595764141116 -6.600443548912782
-0.7991076982235343 -6.7672517854933485
-0.9051339802884153 -6.923147333699485
-1.0042239635266221 -7.068844107723912
-1.0968314244969084 -7.205009317092534
-1.1833804534411014 -7.332266522109939
-1.2642673963795996 -7.451198489415924
-1.339862670153897 -7.562349860729929
-1.4105124587280067 -7.666229647004702
-1.476540298516894 -7.76331355941103
-1.5382485600018356 -7.854046187828159
-1.5959198324176687 -7.938843036816129
-1.6498182178530267 -8.018092428393672
-1.7001905406898106 -8.092157280335302
-1.7472674779204491 -8.161376768131216
-1.7912646155191767 -8.226067878220856
-1.8323834357049036 -8.286526859613044
-1.8708122396167977 -8.343030580540322
1.0 -10.295501653482367
0.8051106735997143 -10.162955272715747
0.6229711162162704 -10.039080150503954
0.45274723081118273 -9.923309008249943
0.2936594874419419 -9.815111679040585
0.1449793534519972 -9.713992679779505
0.0060259571997124395 -9.619488942152326
-0.12383702995195556 -9.531167692033467
-0.24520430766379486 -9.448624467623318
-0.35863167001130836 -9.371481267240002
-0.4646385507099189 -9.299384818283631
-0.5637104018301158 -9.232004959445902
-0.6563009168957201 -9.169033128756436
-0.7428341085458177 -9.11018095054198
-0.8237062502748809 -9.055178914827538
-0.8992876911431642 -9.003775143131795
-0.9699245517677282 -8.955734235004934
-1.0359403093607784 -8.91083619002656
-1.09763727907391 -8.868875400327143
-1.1552979984319762 -8.829659709019278
-1.2091865211965245 -8.79300953022688
-1.2595496265839525 -8.758757026682582
-1.3066179493759416 -8.726745341127165
-1.3506070360974265 -8.696827877991261
-1.3917183320988147 -8.668867632069855
-1.4301401040627284 -8.64273656111527
-1.466048302159844 -8.618314999475471
-1.4996073658020084 -8.595491110092482
-1.5309709766825357 -8.57416037235137
-1.5602827625521876 -8.554225103434442
-1.5876769549537313 -8.535594010988717
-1.6132790039271363 -8.518181775058132
-1.6372061525004127 -8.501908657365995
-1.659567973596932 -8.486700136158392
-1.6804668718179783 -8.472486564936332
-1.6999985523983958 -8.459202853513847
-1.7182524594828976 -8.446788169941431
-1.7353121857300957 -8.435185661929827
-1.7512558551200006 -8.424342196498422
-1.7661564807180428 -8.414208116655987
-1.7800822990339693 -8.404737013999505
-1.7930970825067987 -8.39588551618971
-1.8052604315468255 -8.387613088330088
-1.8166280474720842 -8.379881847339787
-1.8272519875891486 -8.372656388470347
-1.8371809035864053 -8.365903623171803
-1.8464602643315051 -8.35959262756569
-1.8551325640932803 -8.353694500831002
-1.8632375171416684 -8.348182232854661
-1.8708122396167974 -8.343030580540322
