# CURVE 2D, normalized by CHORD
# COLUMN#1 = X-coordinate, COLUMN#2 = Y-coordinate
#-------------------------------------------------------------------------------
0.0 0.0
1.4696119408034622 1.1468105861874356
2.8430810443580943 2.2185961807551284
4.126697028988592 3.2202649607249345
5.326338136119898 4.156404007425688
6.447498049326725 5.031300312753495
7.495311052323761 5.848960411190697
8.474575541106038 6.613128727487149
9.389775997911903 7.327304724025889
10.245103527637012 7.994758926398543
11.04447505074459 8.618547900578593
11.791551240564756 9.201528250279575
12.489753287125657 9.746369698598247
13.142278564285379 10.255567313849344
13.752115271911286 10.731452935579341
14.322056120159798 11.176205853084012
14.854711118522895 11.591862785331367
15.352519528208031 11.980327207992449
15.817761032586663 12.343378070292523
16.25256617686576 12.682677941601003
16.65892612479015 12.999780625066874
17.03870177705593 13.296138273165818
17.393632293192177 13.573108037744271
17.72534305593633 13.831958285013853
18.03535311457573 14.073874403957387
18.32508214134152 14.299964234745737
18.59585693271142 14.511263142024568
18.84891748539357 14.70873875630385
19.085422674816137 14.893295405162991
19.30645556212695 15.065778254564059
19.513028354006213 15.226977179237954
19.706087038005524 15.377630379867762
19.886515714640396 15.518427763633937
20.055140646074854 15.650014103602325
20.212734039938834 15.772991991423249
20.360017585606105 15.887924596863366
20.497665759126917 15.995338246807398
20.626308911950108 16.09572483554014
20.74653615757926 16.18954407734644
20.858898069382203 16.277225611744853
20.96390920190832 16.359170970995702
21.062050447259832 16.435755418893695
21.15377123730797 16.50732966926565
21.239491601838942 16.57422149204318
21.319604092054803 16.63673721426517
21.394475578237856 16.69516312288385
21.464448929810796 16.74976677579851
21.529844585486444 16.800798227120616
21.59096202069733 16.848491172281467
21.64808111902526 16.893064018226184
-67.46583083942743 131.09053540819275
-60.204377832443654 121.78514690273437
-53.41797315301957 113.08852213127793
-47.07553887318397 104.9608354289822
-41.14803020044043 97.36486654833199
-35.608302468904405 90.26583021127571
-30.430986831954847 83.6312168121577
-25.592374087142176 77.43064354195394
-21.070306101335945 71.6357152520439
-16.844074338900214 66.21989442035226
-12.894325028212613 61.15837962437877
-9.202970532242901 56.42799196459046
-5.753106517317931 52.00706891805933
-2.5289345407525445 47.875365136254544
0.48431029715904117 44.01395973269865
3.3004269681044462 40.40516963591746
5.932311707305757 37.032468610888316
8.392017071045302 33.880411578150785
10.690807130614957 30.934563884003566
12.839209055446418 28.181435197884667
14.847061321644063 25.60841773422213
16.72355876668857 23.203728515845953
18.47729469663672 20.95635541455978
20.116300238644328 18.856006721768978
21.648081119025264 16.893064018226184
-74.7272838464112 140.39592391365113
-81.51368852583528 149.09254868510757
-87.85612280567088 157.2202353874033
-93.78363147841442 164.81620426805353
-99.32335920995044 171.9152406051098
-104.5006748469 178.54985400422783
-109.33928759171266 184.75042727443156
-113.8613555775189 190.5453555643416
-118.08758733995462 195.96117639603324
-122.03733665064223 201.02269119200673
-125.72869114661194 205.75307885179507
-129.1785551615369 210.1740018983262
-132.4027271381023 214.30570568013098
-135.41597197601388 218.16711108368685
-138.23208864695928 221.77590118046805
-140.86397338616058 225.14860220549718
-143.32367874990013 228.30065923823474
-145.6224688094698 231.24650693238195
-147.77087073430127 233.99963561850086
-149.7787230004989 236.57265308216338
-151.65522044554342 238.97734230053956
-153.40895637549156 241.22471540182573
-155.04796191749915 243.32506409461655
-156.5797427978801 245.28800679815933
1.0 368.2552420197939
-9.697533438239919 359.9074297487801
-19.695228240333265 352.1057360375522
-29.03886824228966 344.8144335036944
-37.77124207589377 338.0001320701824
-45.93233911664527 331.6316260575544
-53.55953261267471 325.67975127939735
-60.687750833262974 320.11725148672724
-67.34963702072864 314.9186535496524
-73.5756988781732 310.0601508047226
-79.39444827765408 305.51949403376017
-84.8325318285708 301.27588957491673
-89.91485290419389 297.3099040993622
-94.66468568515005 293.6033756175355
-99.10378174211843 290.13933030741714
-103.25246964582719 286.901904783942
-107.12974806050828 283.87627345359135
-110.75337274712612 281.048580621488
-114.13993787480635 278.40587704008294
-117.30495201282525 275.93606060886333
-120.26290915116067 273.62782095351787
-123.02735507483864 271.4705876307651
-125.61094939603299 269.4544817216504
-128.02552352799034 267.5702705916366
-130.28213486626825 265.80932561031534
-132.39111742540646 264.1635826371179
-134.3621291629188 262.6255050920735
-136.20419620732287 261.18804944249933
-137.92575419274723 259.84463294757023
-139.53468688940552 258.589103513057
-141.03836230684317 257.4157115181849
-142.44366643528957 256.3190834855941
-143.757034779632 255.29419747382698
-144.9844818304193 254.33636007965214
-146.13162860685605 253.44118494490925
-147.20372839791844 252.60457266944866
-148.20569081947207 251.82269203817705
-149.14210429755954 251.09196247624098
-150.0172570808189 250.40903765200164
-150.83515687825755 249.77079015271255
-151.59954921231235 249.17429716272278
-152.31393457124207 248.61682707862013
-152.98158443940068 248.09582700001957
-153.60555627880126 247.60891103871063
-154.18870753057752 247.15384939262748
-154.73370870046185 246.72855813460586
-155.24305558820424 246.3310896691651
-155.71908071693542 245.95962381361298
-156.16396401481504 245.6124594626297
