# CURVE 2D, normalized by CHORD
# COLUMN#1 = X-coordinate, COLUMN#2 = Y-coordinate
#-------------------------------------------------------------------------------
0.0 0.0
0.025408732301819118 0.00649120806829242
0.04915521108856587 0.01255775766482737
0.07134818191730115 0.01822743018495349
0.09208927614976402 0.02352618954955734
0.11147347636701904 0.028478301105261873
0.12958955133641625 0.03310644274610723
0.1465204625227688 0.037431808765588874
0.16234374400534127 0.04147420691463714
0.17713185754045574 0.045252149110009354
0.1909525243957029 0.04878293620848805
0.20386903547537313 0.05208273723510366
0.21594054115730793 0.05516666342820236
0.22722232216846192 0.058048837440444125
0.2377660427396339 0.0607424580126327
0.24761998719867312 0.06325986041654726
0.2568292810856257 0.0656125729435702
0.2654360978024038 0.06781136969779726
0.2734798517433179 0.06986631993539263
0.28099737879090114 0.07178683417613599
0.2880231050035958 0.07358170729832603
0.2945892042677964 0.07525915881439149
0.3007257456362082 0.07682687051164892
0.3064608310272472 0.0782920216305811
0.31182072391606874 0.07966132174173268
0.3168299696065562 0.08094104147178088
0.3215115076350491 0.08213704121948948
0.3258867768205565 0.08325479799304893
0.329975813442526 0.0842994304917026
0.3337973429957686 0.08527572254651912
0.33736886594272425 0.08618814502765607
0.3407067378557669 0.08704087631843825
0.34382624431655445 0.08783782145001039
0.3467416709154213 0.08858262998418995
0.3494663686713716 0.08927871272641384
0.3520128151722598 0.08992925734531468
0.35439267171514593 0.09053724297045565
0.3566168367084975 0.09110545383507337
0.3586954955807886 0.09163649202630489
0.36063816742405136 0.09213278940128762
0.3624537485859792 0.09259661872370138
0.36415055341021074 0.09303010407175163
0.36573635231136176 0.09343523056525654
0.36721840735916644 0.09381385345638261
0.3686035055346849 0.09416770662565932
0.36989798981087035 0.09449841052217962
0.3711077881998287 0.09480747958434813
0.37223844089978975 0.0950963291751598
0.3732951256661085 0.09536628206376883
0.3742826815224812 0.09561857448302963
0.23379365754484704 0.6455390151831512
0.24524141495096596 0.6007287117191367
0.2559402536482734 0.5588499234350109
0.2659391683186541 0.5197108689638654
0.27528394838443054 0.4831323133833555
0.28401738769824025 0.4489467474202622
0.29217948051488485 0.4169976203519507
0.2998076046425901 0.3871386230918465
0.3069366926124081 0.35923301817586123
0.31359939164962114 0.33315301358148247
0.3198262131797268 0.30877917751196965
0.32564567255365734 0.285999891465696
0.33108441963209706 0.26471083908600096
0.3361673608269006 0.244814528450772
0.34091777315849264 0.22621984561410935
0.34535741085156935 0.20884163735554617
0.34950660495724845 0.19260032122604792
0.3533843564578832 0.17742152110502146
0.35700842328090626 0.16323572659938929
0.3603954016201802 0.14997797472496666
0.3635608019372586 0.13758755241242215
0.36651911999060294 0.12600771847546466
0.36928390321802756 0.11518544376802775
0.3718678127763683 0.10507116834051666
0.3742826815224812 0.09561857448302968
0.22234590013872813 0.6903493186471656
0.2116470614414207 0.7322281069312915
0.20164814677103995 0.771367161402437
0.19230336670526355 0.8079457169829468
0.18356992739145384 0.8421312829460401
0.17540783457480924 0.8740804100143517
0.167779710447104 0.9039394072744559
0.160650622477286 0.9318450121904411
0.15398792344007295 0.9579250167848199
0.14776110190996727 0.9822988528543327
0.14194164253603675 1.0050781389006063
0.13650289545759703 1.0263671912803014
0.13141995426279351 1.0462635019155304
0.12666954193120145 1.064858184752193
0.12222990423812477 1.0822363930107564
0.11808071013244563 1.0984777091402544
0.11420295863181092 1.113656509261281
0.11057889180878783 1.1278423037669132
0.1071919134695139 1.1411000556413358
0.10402651315243547 1.1534904779538802
0.10106819509909112 1.1650703118908377
0.09830341187166652 1.1758925865982746
0.09571950231332577 1.1860068620257858
0.09330463356721291 1.1954594558832727
1.0 1.4270943209430493
0.9384476467057514 1.411369446219669
0.8809220828793511 1.3966733016183792
0.8271598736957995 1.3829385870377344
0.776914818384069 1.3701024051866644
0.7299568227656292 1.3581059735501504
0.686070845552134 1.3468943551982684
0.645055913576905 1.336416207205855
0.6067242014505227 1.3266235455307025
0.5709001714258664 1.3174715252735505
0.5374197695336641 1.3089182353135955
0.5061296743073069 1.300924506379058
0.47688659465650585 1.2934537316738828
0.44955661367444877 1.2864716992391396
0.42401457537346077 1.2799464352814358
0.4001435115407618 1.2738480577508715
0.3778341060896412 1.2681486394980075
0.35698419445307983 1.2628220803831813
0.3374982957273216 1.2578439877525027
0.31928717542287466 1.253191564733177
0.3022674368205879 1.248843505836611
0.28636113906144123 1.244779899391222
0.2714954402211174 1.2409821363581481
0.2576022637348333 1.2374328251122848
0.24461798664484824 1.2341157117983939
0.232483148242993 1.2310156058975612
0.2211421777739695 1.2281183106631381
0.2105431399524521 1.2254105581076027
0.20063749712860413 1.222879948242616
0.19137988701285835 1.2205148922940305
0.18272791494206786 1.2183045596318012
0.17464195973572172 1.2162388281717735
0.1670849922531551 1.2143082380222152
0.16002240582084992 1.2125039481628148
0.153421857753275 1.2108176959577677
0.14725312124152268 1.2092417593175366
0.14148794693147382 1.2077689213360123
0.13609993355759642 1.2063924372411299
0.13106440703995392 1.205106003507595
0.12635830749075527 1.2039037289902723
0.1219600836129997 1.2027801079460458
0.11784959400762052 1.2017299948206004
0.11400801493717272 1.20074858068467
0.11041775412367016 1.199831371211838
0.10706237018581721 1.1989741660970417
0.10392649734670234 1.1981730398215311
0.10099577506715574 1.1974243236761941
0.09825678228253276 1.196724588960926
0.09569697594176352 1.196070631283105
0.09330463356721297 1.1954594558832727
