# CURVE 2D, normalized by CHORD
# COLUMN#1 = X-coordinate, COLUMN#2 = Y-coordinate
#-------------------------------------------------------------------------------
0.0 0.0
-0.07224457869792508 0.07849415107911042
-0.13976287654645295 0.15185317077921337
-0.20286408948900236 0.22041300227463664
-0.26183718569699244 0.284487611148864
-0.3169522288820299 0.3443704231808522
-0.3684616150362705 0.4003356680705608
-0.41660122826453283 0.45263963525720435
-0.4615915210012265 0.5015218475811704
-0.5036385235588842 0.5472061581643161
-0.5429347876314614 0.589901775531742
-0.5796602680731224 0.6298042216695232
-0.6139831469905627 0.6670962274057674
-0.6460606039227497 0.7019485692153412
-0.676039535635074 0.7345208512803636
-0.7040572288241622 0.7649622363878611
-0.7302419888139642 0.7934121290116907
-0.7547137271221905 0.8200008137068584
-0.7775845105878224 0.8448500517397255
-0.7989590745743944 0.8680736386863303
-0.818935302599228 0.8897779255523159
-0.8376046745850538 0.9100623058009008
-0.8550526857867601 0.9290196705192043
-0.8713592383117192 0.9467368338073384
-0.8865990070266344 0.9632949303383049
-0.9008417815265551 0.9787697869093016
-0.9141527857320885 0.993232269685934
-0.9265929765783814 1.0067486087295159
-0.9382193231637017 1.019380701293611
-0.9490850676359638 1.0311863952787466
-0.9592399690119097 1.042219754143359
-0.968730531045504 1.0525313044841187
-0.97760021518905 1.062168267419408
-0.9858896396222706 1.071174774835566
-0.9936367652607945 1.0795920714861813
-1.0008770695958635 1.0874587038699337
-1.0076437091613488 1.0948106967519453
-1.0139676713720824 1.101681718137003
-1.019877916428843 1.108103233450141
-1.0254015099398341 1.1141046496306437
-1.030563746865994 1.119713449799338
-1.0353882673577324 1.1249553191158745
-1.0398971650135624 1.1298542624023573
-1.0441110880563944 1.1344327140719674
-1.0480493338908168 1.1387116408659956
-1.0517299374743891 1.1427106378697602
-1.0551697539076343 1.1464480182471104
-1.0583845356209476 1.149940897104447
-1.0613890045118946 1.1532052698683128
-1.0641969193632468 1.1562560855354773
-1.879115095610695 0.4062203248207368
-1.8127114341474135 0.4673370383651567
-1.7506519374527578 0.5244554622384464
-1.6926524078315845 0.5778371667929227
-1.6384472399613288 0.6277266103017791
-1.5877882045685667 0.6743522584408972
-1.5404433116781346 0.717927630533531
-1.4961957482291328 0.7586522773490767
-1.4548428851926825 0.7967126949336987
-1.4161953496445983 0.8322831786576445
-1.3800761575435847 0.8655266213903041
-1.3463199032435722 0.8965952594582103
-1.3147720020286071 0.9256313698020479
-1.2852879822015368 0.9527679215252605
-1.257732823484649 0.9781291848179827
-1.2319803387025106 1.0018313000448258
-1.2079125959154657 1.0239828096026231
-1.1854193783574796 1.0446851549837421
-1.1643976797051563 1.0640331413212363
-1.144751232366536 1.0821153715431937
-1.126390066629508 1.0990146521244624
-1.109230098650977 1.1148083722938722
-1.0931927454000134 1.1295688584335075
-1.0782045647916365 1.14336370529298
-1.9455187570739765 0.34510361127631684
-2.007578253768632 0.28798518740302714
-2.0655777833898057 0.2346034828485508
-2.119782951260061 0.1847140393396944
-2.1704419866528233 0.1380883912005763
-2.2177868795432554 0.09451301910794252
-2.262034442992257 0.05378837229239691
-2.3033873060287076 0.015727954707774883
-2.3420348415767918 -0.019842529016170896
-2.3781540336778053 -0.05308597174883056
-2.411910287977818 -0.08415460981673673
-2.443458189192783 -0.1131907201605743
-2.472942209019853 -0.1403272718837869
-2.500497367736741 -0.16568853517650917
-2.5262498525188795 -0.18939065040335223
-2.5503175953059243 -0.21154215996114956
-2.5728108128639104 -0.23224450534226848
-2.5938325115162337 -0.25159249167976283
-2.613478958854854 -0.26967472190172015
-2.631840124591882 -0.2865740024829887
-2.6490000925704127 -0.30236772265239864
-2.6650374458213766 -0.31712820879203396
-2.6800256264297535 -0.33092305565150626
-2.6940332718581432 -0.34381543589400376
1.0 -4.357403873372449
0.74922509869584 -4.08493549796502
0.514856032056439 -3.830292156462752
0.2958195211784942 -3.592307725152221
0.09111250166639617 -3.3698923687872386
-0.10020246984023728 -3.162027549754545
-0.27900150863148365 -2.9677613637426816
-0.44610341404386356 -2.786204180554024
-0.6022734191021624 -2.6165245700973347
-0.748226694857582 -2.4579454949041675
-0.8846316254701234 -2.309740751732983
-1.0121128690332464 -2.1712316459655208
-1.1312542181576606 -2.0417838835660236
-1.2426012734141216 -1.9208046663702318
-1.3466639418781048 -1.807739977402202
-1.4439187722182756 -1.7020720437872212
-1.5348111370221735 -1.603316965642379
-1.6197572723529197 -1.5110225000864514
-1.699146183876981 -1.4247659902210992
-1.773341428291992 -1.3441524295992742
-1.8426827782125628 -1.268812653317195
-1.9074877781383295 -1.1984016474460928
-1.968053198629701 -1.1325969690618853
-2.024656395350608 -1.0710972696373924
-2.0775565792019237 -1.013620915035062
-2.1269960033620317 -0.9599046957805482
-2.173201072670544 -0.9097026217109088
-2.2163833804355084 -0.8627847954776011
-2.2567406774121106 -0.8189363597455381
-2.294457777390244 -0.7779565132669739
-2.329707403538032 -0.739657591324391
-2.362650979377086 -0.703864206331323
-2.393439368011716 -0.6704124446555584
-2.4222135629973516 -0.6391491159866196
-2.449105334011964 -0.6099310518100407
-2.4742378302873034 -0.5826244497758553
-2.4977261445633205 -0.5571042609588597
-2.519677840148384 -0.5332536172046578
-2.5401934434989104 -0.5109632959390487
-2.559366904574169 -0.4901312199898813
-2.5772860270744102 -0.47066199013084686
-2.5940328705325797 -0.4524664482065148
-2.6096841261009627 -0.43546126883798086
-2.6243114677536568 -0.419568577839351
-2.637981880513184 -0.4047155955976405
-2.6507579672043313 -0.39083430378295736
-2.662698235139983 -0.37786113386269315
-2.6738573640518064 -0.36573667599328763
-2.6842864564927633 -0.3544054069564595
