# CURVE 2D, normalized by CHORD
# COLUMN#1 = X-coordinate, COLUMN#2 = Y-coordinate
#-------------------------------------------------------------------------------
0.0 0.0
0.5756896061986496 0.550624598640811
1.11371727554318 1.065227027277081
1.6165468730614325 1.5461638764698566
2.086481076349519 1.9956375673042266
2.525671920543992 2.4157064372428896
2.9361306534360234 2.8082941661575282
3.3197369458584824 3.1751985857039196
3.678247499524332 3.51809991238279
4.013304091735407 3.838568441989211
4.326441093801831 4.138071740686801
4.619092497602228 4.417981365637819
4.892598482462412 4.6795791459658735
5.148211552425201 4.924063052814522
5.387102272016591 5.152552685383353
5.610364626774901 5.366094398064503
5.8190210330910785 5.565666092159036
6.014027020302459 5.752181694116544
6.196275606481319 5.926495340805803
6.36660138795689 6.089405290982681
6.525784361298545 6.241657580867614
6.674553495262708 6.383949440573158
6.813590069060991 6.516932487026938
6.943530792236956 6.641215708011779
7.064970720438794 6.757368250988265
7.178465980440511 6.865922029470964
7.284536316890713 6.967374158894046
7.383667472451651 7.0621892331212255
7.476313412228227 7.1508014520251315
7.562898402673627 7.23361660987925
7.643818954491755 7.311013953668145
7.719445638433933 7.383347919825991
7.790124782305127 7.450949757356689
7.856180056951102 7.514129044768555
7.917913958489397 7.573175107770299
7.975609193571916 7.628358344220528
8.029529974022868 7.6799314623983115
8.079923226780767 7.728130638265399
8.127019724685345 7.773176597019686
8.171035143287755 7.815275623892853
8.212171048523652 7.854620508821045
8.250615819772154 7.891391429314683
8.286545512527763 7.925756775570418
8.32012466463581 7.957873921603817
8.351507049783516 7.9878899459340955
8.38083638169726 8.015942305121273
8.408246972270854 8.042159463240129
8.433864346638698 8.06666148017364
8.457805818010515 8.089560561419912
8.480181024900062 8.110961571930446
15.043806410272538 1.2485530949611094
14.508968961844182 1.8077369033598754
14.009120879200859 2.33033859345218
13.541973138412706 2.81875138793097
13.105386464778919 3.2752119435186233
12.697361536149211 3.7018105936005425
12.316029827149485 4.100500920779906
11.959645052383383 4.473108703190527
11.626575169424413 4.821340275536901
11.315294904976774 5.146790343150335
11.024378769978984 5.450949284845133
10.75249453166329 5.735209978017841
10.49839711267666 6.000874177244671
10.260922889324672 6.249158475587503
10.038984362827485 6.481199875907907
9.831565179185253 6.698060997702677
9.63771547484672 6.900734943305265
9.456547526866782 7.090149845737591
9.287231687633195 7.26717311903883
9.128992585545731 7.432615430535315
8.981105574249035 7.58723441324231
8.842893414158667 7.7317381353983805
8.713723171083554 7.866788343020876
8.59300331774233 7.9930034903316205
15.578643858700893 0.6893692865623435
16.078491941344218 0.16676759647003858
16.545639682132368 -0.3216451980087507
16.982226355766155 -0.7781057535964044
17.390251284395866 -1.2047044036783237
17.77158299339559 -1.6033947308576875
18.127967768161692 -1.9760025132683081
18.461037651120662 -2.3242340856146826
18.7723179155683 -2.649684153228116
19.06323405056609 -2.953843094922914
19.335118288881787 -3.2381037880956223
19.589215707868416 -3.503767987322452
19.826689931220404 -3.7520522856652843
20.04862845771759 -3.9840936859856884
20.25604764135982 -4.200954807780458
20.449897345698353 -4.403628753383046
20.631065293678294 -4.593043655815372
20.80038113291188 -4.770066929116611
20.958620234999344 -4.935509240613096
21.10650724629604 -5.090128223320091
21.24471940638641 -5.234631945476162
21.37388964946152 -5.369682153098657
21.494609502802746 -5.495897300409402
21.607431795645013 -5.613855382008227
0.9999999999999999 -25.324058135919852
2.3989659254166944 -23.98600192837225
3.7064107155257497 -22.735482108234308
4.928321734319259 -21.566771995955857
6.070294649079549 -20.47451955457413
7.137559055397576 -19.453722880385598
8.135002425788254 -18.49970729703183
9.067192491573937 -17.60810394810307
9.938398160532518 -16.77482979022573
10.752609066101286 -15.996068895013263
11.513553837660883 -15.268254974253946
12.224717175567047 -14.58805504831066
12.88935580912421 -13.952354182943102
13.5105134105795 -13.358241224655668
14.091034533434913 -12.802995469246849
14.633577638907262 -12.284074202509634
15.140627270189832 -11.799101056026256
15.614505430267 -11.34585512473338
16.057382215385847 -10.922260796422279
16.471285752880096 -10.526378246598822
16.858111488856032 -10.15639455517503
17.219630868272795 -9.810615404311672
17.557499447166965 -9.487457319392648
17.87326447417086 -9.185440417599168
18.168371976043662 -8.903181630876286
18.444173379663102 -8.639388372256771
18.701931700802767 -8.392852616537603
18.942827328036095 -8.162445368201926
19.16796342825416 -7.947111491252699
19.37837099855142 -7.745864877281456
19.57501358761428 -7.557783929644781
19.758791708233773 -7.382007343068452
19.930546961149187 -7.217730159352254
20.091065889107515 -7.064200081112816
20.2410835787882 -6.920714026683434
20.381287027087904 -6.786614910394295
20.512318287181085 -6.661288633488557
20.634777408763497 -6.54416127189441
20.74922518594332 -6.434696447974645
20.85618572536372 -6.332392874217852
20.95614884631736 -6.236782057622722
21.049572323844128 -6.147426154262789
21.136883985084097 -6.063915964206775
21.218483668485938 -5.985869057612369
21.2947450548428 -5.91292802341199
21.366017378540803 -5.844758832570513
21.432627026856693 -5.7810493084196
21.49487903462855 -5.721507697063608
21.55305848114431 -5.665861331310346
21.607431795645013 -5.613855382008229
