# CURVE 2D, normalized by CHORD
# COLUMN#1 = X-coordinate, COLUMN#2 = Y-coordinate
#-------------------------------------------------------------------------------
0.0 -1.0638436070480624
0.0 -1.055250959808507
0.0 -1.0463617573478246
0.0 -1.0371657647527546
0.0 -1.0276523938758255
0.0 -1.0178106911442983
0.0 -1.007629324948364
0.0 -0.9970965725940749
0.0 -0.9862003068059836
0.0 -0.974927981763956
0.0 -0.963266618658075
0.0 -0.9512027907450055
0.0 -0.9387226078886156
0.0 -0.9258117005670525
0.0 -0.9124552033278596
0.0 -0.8986377376720867
0.0 -0.8843433943476836
0.0 -0.8695557150317925
0.0 -0.8542576733808471
0.0 -0.8384316554266595
0.0 -0.8220594392959244
0.0 -0.8051221742297883
0.0 -0.7876003588793288
0.0 -0.7694738188519524
0.0 -0.7507216834828592
0.0 -0.7313223618048268
0.0 -0.7112535176886503
0.0 -0.6904920441256094
0.0 -0.6690140366223569
0.0 -0.6467947656775923
0.0 -0.6238086483088329
0.0 -0.6000292185964966
0.0 -0.5754290972113832
0.0 -0.5499799598904677
0.0 -0.5236525048247074
0.0 -0.49641641892131727
0.0 -0.46824034290166494
0.0 -0.43909183519460065
0.0 -0.4089373345836506
0.0 -0.3777421215650638
0.0 -0.3454702783722229
0.0 -0.3120846476203898
0.0 -0.27754678952417167
0.0 -0.24181693763844675
0.0 -0.20485395307179147
0.0 -0.16661527711969062
0.0 -0.12705688226299275
0.0 -0.08613322147519176
0.0 -0.0437971757801668
0.0 0.0
0.008927359676365432 -1.0638436070480624
0.018271749432516304 -1.0638436070480624
0.028052650290137704 -1.0638436070480624
0.03829045330168779 -1.0638436070480624
0.04900650206131024 -1.0638436070480624
0.060223137201589116 -1.0638436070480624
0.07196374296891223 -1.0638436070480624
0.08425279597454238 -1.0638436070480624
0.09711591622303195 -1.0638436070480624
0.11057992052436405 -1.0638436070480624
0.12467287840117275 -1.0638436070480624
0.1394241706075972 -1.0638436070480624
0.15486455038176802 -1.0638436070480624
0.1710262075596248 -1.0638436070480624
0.1879428356837279 -1.0638436070480624
0.20564970224697135 -1.0638436070480624
0.2241837222176404 -1.0638436070480624
0.24358353499909713 -1.0638436070480624
0.2638895849845384 -1.0638436070480624
0.28514420587476513 -1.0638436070480624
0.30739170893474776 -1.0638436070480624
0.3306784753729825 -1.0638436070480624
0.35505305303623064 -1.0638436070480624
0.38056625762122726 -1.0638436070480624
0.4060794622062239 -1.0638436070480624
0.430454039869472 -1.0638436070480624
0.45374080630770675 -1.0638436070480624
0.4759883093676894 -1.0638436070480624
0.4972429302579161 -1.0638436070480624
0.5175489802433574 -1.0638436070480624
0.5369487930248141 -1.0638436070480624
0.5554828129954832 -1.0638436070480624
0.5731896795587266 -1.0638436070480624
0.5901063076828297 -1.0638436070480624
0.6062679648606865 -1.0638436070480624
0.6217083446348572 -1.0638436070480624
0.6364596368412818 -1.0638436070480624
0.6505525947180905 -1.0638436070480624
0.6640165990194226 -1.0638436070480624
0.6768797192679121 -1.0638436070480624
0.6891687722735422 -1.0638436070480624
0.7009093780408654 -1.0638436070480624
0.7121260131811442 -1.0638436070480624
0.7228420619407667 -1.0638436070480624
0.7330798649523168 -1.0638436070480624
0.7428607658099382 -1.0638436070480624
0.7522051555660891 -1.0638436070480624
0.7611325152424545 -1.0638436070480624
0.7611325152424545 -1.0635960982406898
0.7611325152424545 -1.0633248411583462
0.7611325152424545 -1.0630275571727672
0.7611325152424545 -1.0627017490231028
0.7611325152424545 -1.0623446798382932
0.7611325152424545 -1.061953350146657
0.7611325152424545 -1.0615244726795696
0.7611325152424545 -1.0610544447575736
0.7611325152424545 -1.0605393180269567
0.7611325152424545 -1.0599747652925802
0.7611325152424545 -1.0593560441683432
0.7611325152424545 -1.0586779572399359
0.7611325152424545 -1.057934808405243
0.7611325152424545 -1.0571203550256405
0.7611325152424545 -1.0562277554862494
0.7611325152424545 -1.055249511724636
0.7611325152424545 -1.0541774062451863
0.7611325152424545 -1.0530024330900591
0.7611325152424545 -1.051714722186858
0.7611325152424545 -1.050303456437519
0.7611325152424545 -1.0487567808519467
0.7611325152424545 -1.0470617029630893
0.7611325152424545 -1.0452039836869236
0.7611325152424545 -1.0431680177105374
0.7611325152424545 -1.0411320517341511
0.7611325152424545 -1.0392743324579854
0.7611325152424545 -1.037579254569128
0.7611325152424545 -1.0360325789835556
0.7611325152424545 -1.0346213132342168
0.7611325152424545 -1.0333336023310156
0.7611325152424545 -1.0321586291758884
0.7611325152424545 -1.0310865236964386
0.7611325152424545 -1.0301082799348253
0.7611325152424545 -1.0292156803954342
0.7611325152424545 -1.0284012270158318
0.7611325152424545 -1.0276580781811389
0.7611325152424545 -1.0269799912527315
0.7611325152424545 -1.0263612701284945
0.7611325152424545 -1.025796717394118
0.7611325152424545 -1.025281590663501
0.7611325152424545 -1.024811562741505
0.7611325152424545 -1.0243826852744178
0.7611325152424545 -1.0239913555827815
0.7611325152424545 -1.023634286397972
0.7611325152424545 -1.0233084782483075
0.7611325152424545 -1.0230111942627285
0.7611325152424545 -1.022739937180385
0.7611325152424545 -1.0224924283730124
0.7629526233328523 -1.0224924283730124
0.7649160684361211 -1.0224924283730124
0.7670341386177157 -1.0224924283730124
0.7693190108999565 -1.0224924283730124
0.7717838212690924 -1.0224924283730124
0.7744427401955549 -1.0224924283730124
0.7773110541015774 -1.0224924283730124
0.7804052532445455 -1.0224924283730124
0.7837431265213308 -1.0224924283730124
0.7873438637386487 -1.0224924283730124
0.7912281659374021 -1.0224924283730124
0.7954183644052811 -1.0224924283730124
0.7999385490618331 -1.0224924283730124
0.8048147069541036 -1.0224924283730124
0.8100748716590758 -1.0224924283730124
0.8157492844518395 -1.0224924283730124
0.821870568166063 -1.0224924283730124
0.828473914746312 -1.0224924283730124
0.8355972875704747 -1.0224924283730124
0.8432816397054649 -1.0224924283730124
0.8515711493509845 -1.0224924283730124
0.8605134738249333 -1.0224924283730124
0.8701600235506584 -1.0224924283730124
0.8805662576212272 -1.0224924283730124
0.890972491691796 -1.0224924283730124
0.9006190414175211 -1.0224924283730124
0.90956136589147 -1.0224924283730124
0.9178508755369895 -1.0224924283730124
0.9255352276719797 -1.0224924283730124
0.9326586004961424 -1.0224924283730124
0.9392619470763915 -1.0224924283730124
0.945383230790615 -1.0224924283730124
0.9510576435833786 -1.0224924283730124
0.9563178082883508 -1.0224924283730124
0.9611939661806213 -1.0224924283730124
0.9657141508371733 -1.0224924283730124
0.9699043493050524 -1.0224924283730124
0.9737886515038058 -1.0224924283730124
0.9773893887211236 -1.0224924283730124
0.980727261997909 -1.0224924283730124
0.9838214611408771 -1.0224924283730124
0.9866897750468996 -1.0224924283730124
0.9893486939733622 -1.0224924283730124
0.991813504342498 -1.0224924283730124
0.9940983766247387 -1.0224924283730124
0.9962164468063334 -1.0224924283730124
0.9981798919096023 -1.0224924283730124
1.0 -1.0224924283730124
1.0 -1.0145820798461125
1.0 -1.0063871982167327
1.0 -0.9978975489059372
1.0 -0.9891025291997473
1.0 -0.9799911550074225
1.0 -0.9705520471434419
1.0 -0.9607734171160509
1.0 -0.9506430524046273
1.0 -0.9401483012074764
1.0 -0.9292760566410098
1.0 -0.9180127403705721
1.0 -0.9063442856524742
1.0 -0.8942561197660506
1.0 -0.8817331458138052
1.0 -0.8687597238669119
1.0 -0.8553196514325238
1.0 -0.8413961432184973
1.0 -0.826971810170259
1.0 -0.8120286377536333
1.0 -0.7965479634565106
1.0 -0.7805104534812549
1.0 -0.7638960785987459
1.0 -0.7466840891338943
1.0 -0.7288529890513962
1.0 -0.710380509109357
1.0 -0.6912435790472587
1.0 -0.6714182987735363
1.0 -0.650879908516779
1.0 -0.6296027579032779
1.0 -0.6075602739223017
1.0 -0.5847249277390919
1.0 -0.5610682003141304
1.0 -0.5365605467857413
1.0 -0.511171359571545
1.0 -0.4848689301426809
1.0 -0.45762040942305926
1.0 -0.4293917667641856
1.0 -0.40014774744431963
1.0 -0.36985182863889104
1.0 -0.33846617380718275
1.0 -0.3059515854383156
1.0 -0.2722674560975185
1.0 -0.23737171771154697
1.0 -0.20122078902991059
1.0 -0.16376952119629612
1.0 -0.12497114136220903
1.0 -0.08477719427241252
1.0 -0.043137481749211094
1.0 0.0
