# CURVE 2D, normalized by CHORD
# COLUMN#1 = X-coordinate, COLUMN#2 = Y-coordinate
#-------------------------------------------------------------------------------
0.0 -1.091231845075372
0.0 -1.082172925071213
0.0 -1.072809804194243
0.0 -1.063132267300606
0.0 -1.0531297562192783
0.0 -1.0427913582331267
0.0 -1.032105794173159
0.0 -1.021061406112976
0.0 -1.0096461446499994
0.0 -0.9978475557596022
0.0 -0.9856527672077934
0.0 -0.9730484745076419
0.0 -0.9600209264041095
0.0 -0.9465559098714635
0.0 -0.9326387346068972
0.0 -0.9182542170034422
0.0 -0.9033866635846879
0.0 -0.8880198538832335
0.0 -0.8721370227441948
0.0 -0.8557208420344576
0.0 -0.8387534017377237
0.0 -0.8212161904147227
0.0 -0.8030900750072744
0.0 -0.7843552799641638
0.0 -0.7649913656660605
0.0 -0.7449772061259393
0.0 -0.7242909659406757
0.0 -0.70291007646867
0.0 -0.6808112112075108
0.0 -0.6579702603448122
0.0 -0.6343623044544632
0.0 -0.6099615873095896
0.0 -0.5847414877825686
0.0 -0.5586744908014377
0.0 -0.5317321573310135
0.0 -0.5038850933459681
0.0 -0.47510291776201313
0.0 -0.44535422929020546
0.0 -0.41460657217821106
0.0 -0.3828264008011523
0.0 -0.3499790430634066
0.0 -0.31602866257142753
0.0 -0.2809382195363204
0.0 -0.24466943036351552
0.0 -0.2071827258854523
0.0 -0.16843720819170668
0.0 -0.1283906060094623
0.0 -0.08699922858564695
0.0 -0.04421791802041903
0.0 0.0
0.0016334656700620898 -1.091231845075372
0.003398138078488405 -1.091231845075372
0.0053045562947602876 -1.091231845075372
0.0073641059301366996 -1.091231845075372
0.00958908713540138 -1.091231845075372
0.01199278806047098 -1.091231845075372
0.01458956421458378 -1.091231845075372
0.017394924201027853 -1.091231845075372
0.020425622338438268 -1.091231845075372
0.023699758721821132 -1.091231845075372
0.027236887320894076 -1.091231845075372
0.031058132761333818 -1.091231845075372
0.035186316486378086 -1.091231845075372
0.0396460930522506 -1.091231845075372
0.044464097371400016 -1.091231845075372
0.0496691037829266 -1.091231845075372
0.055292197900205384 -1.091231845075372
0.061366962262023275 -1.091231845075372
0.06792967689598556 -1.091231845075372
0.07501953599200717 -1.091231845075372
0.08267888197991771 -1.091231845075372
0.09095345840915033 -1.091231845075372
0.09989268314077658 -1.091231845075372
0.10954994348345846 -1.091231845075372
0.11920720382614035 -1.091231845075372
0.1281464285577666 -1.091231845075372
0.13642100498699922 -1.091231845075372
0.14408035097490976 -1.091231845075372
0.15117021007093137 -1.091231845075372
0.15773292470489364 -1.091231845075372
0.16380768906671156 -1.091231845075372
0.16943078318399032 -1.091231845075372
0.1746357895955169 -1.091231845075372
0.17945379391466632 -1.091231845075372
0.18391357048053886 -1.091231845075372
0.1880417542055831 -1.091231845075372
0.19186299964602285 -1.091231845075372
0.19540012824509578 -1.091231845075372
0.19867426462847865 -1.091231845075372
0.20170496276588906 -1.091231845075372
0.20451032275233316 -1.091231845075372
0.20710709890644596 -1.091231845075372
0.20951079983151555 -1.091231845075372
0.21173578103678023 -1.091231845075372
0.21379533067215664 -1.091231845075372
0.21570174888842852 -1.091231845075372
0.21746642129685484 -1.091231845075372
0.21909988696691693 -1.091231845075372
0.21909988696691693 -1.0879193604523691
0.21909988696691693 -1.0843798498214883
0.21909988696691693 -1.0805977536212164
0.21909988696691693 -1.0765564458925962
0.21909988696691693 -1.072238161192109
0.21909988696691693 -1.067623916495423
0.21909988696691693 -1.0626934277487012
0.21909988696691693 -1.0574250207006282
0.21909988696691693 -1.051795535623183
0.21909988696691693 -1.0457802255023045
0.21909988696691693 -1.0393526472509094
0.21909988696691693 -1.0324845454660299
0.21909988696691693 -1.025145728219079
0.21909988696691693 -1.0173039343332173
0.21909988696691693 -1.008924691564379
0.21909988696691693 -0.9999711650625268
0.21909988696691693 -0.9904039954469737
0.21909988696691693 -0.9801811257839613
0.21909988696691693 -0.9692576167058905
0.21909988696691693 -0.9575854488594763
0.21909988696691693 -0.9451133118143971
0.21909988696691693 -0.9317863785044871
0.21909988696691693 -0.9175460642099245
0.21909988696691693 -0.902329769020908
0.21909988696691693 -0.8871134738318915
0.21909988696691693 -0.8728731595373289
0.21909988696691693 -0.8595462262274189
0.21909988696691693 -0.8470740891823397
0.21909988696691693 -0.8354019213359255
0.21909988696691693 -0.8244784122578547
0.21909988696691693 -0.8142555425948423
0.21909988696691693 -0.8046883729792892
0.21909988696691693 -0.7957348464774369
0.21909988696691693 -0.7873556037085987
0.21909988696691693 -0.779513809822737
0.21909988696691693 -0.7721749925757861
0.21909988696691693 -0.7653068907909065
0.21909988696691693 -0.7588793125395114
0.21909988696691693 -0.752864002418633
0.21909988696691693 -0.7472345173411877
0.21909988696691693 -0.7419661102931149
0.21909988696691693 -0.7370356215463929
0.21909988696691693 -0.732421376849707
0.21909988696691693 -0.7281030921492199
0.21909988696691693 -0.7240617844205997
0.21909988696691693 -0.7202796882203276
0.21909988696691693 -0.7167401775894469
0.21909988696691693 -0.713427692966444
0.21909988696691696 -0.713427692966444
0.22836881682454663 -0.713427692966444
0.23806225771874823 -0.713427692966444
0.24819965198244898 -0.713427692966444
0.25880133239494174 -0.713427692966444
0.2698885629637567 -0.713427692966444
0.2814835815743168 -0.713427692966444
0.2936096445929202 -0.713427692966444
0.30629107351251017 -0.713427692966444
0.31955330373479174 -0.713427692966444
0.33342293558653774 -0.713427692966444
0.34792778767240923 -0.713427692966444
0.36309695267130015 -0.713427692966444
0.3789608556881199 -0.713427692966444
0.39555131527804843 -0.713427692966444
0.4129016072656651 -0.713427692966444
0.43104653148695066 -0.713427692966444
0.45002248158803143 -0.713427692966444
0.4698675180206606 -0.713427692966444
0.4906214443808458 -0.713427692966444
0.5123258872437368 -0.713427692966444
0.5350243796548998 -0.713427692966444
0.5587624484454385 -0.713427692966444
0.583587705546092 -0.713427692966444
0.6095499434834585 -0.713427692966444
0.635512181420825 -0.713427692966444
0.6603374385214784 -0.713427692966444
0.6840755073120172 -0.713427692966444
0.7067739997231801 -0.713427692966444
0.7284784425860712 -0.713427692966444
0.7492323689462563 -0.713427692966444
0.7690774053788856 -0.713427692966444
0.7880533554799662 -0.713427692966444
0.8061982797012519 -0.713427692966444
0.8235485716888685 -0.713427692966444
0.8401390312787971 -0.713427692966444
0.8560029342956168 -0.713427692966444
0.8711720992945078 -0.713427692966444
0.8856769513803793 -0.713427692966444
0.8995465832321252 -0.713427692966444
0.9128088134544068 -0.713427692966444
0.9254902423739968 -0.713427692966444
0.9376163053926001 -0.713427692966444
0.9492113240031603 -0.713427692966444
0.9602985545719752 -0.713427692966444
0.970900234984468 -0.713427692966444
0.9810376292481687 -0.713427692966444
0.9907310701423704 -0.713427692966444
1.0 -0.713427692966444
1.0 -0.7097174549767442
1.0 -0.7058254294700933
1.0 -0.7017427095511893
1.0 -0.6974599519208166
1.0 -0.6929673554937169
1.0 -0.6882546389688194
1.0 -0.6833110173004963
1.0 -0.6781251770169993
1.0 -0.6726852503295953
1.0 -0.6669787879731467
1.0 -0.6609927307159846
1.0 -0.654713379473874
1.0 -0.648126363959677
1.0 -0.6412166097969708
1.0 -0.6339683040223549
1.0 -0.6263648588975067
1.0 -0.6183888739481626
1.0 -0.6100220961431565
1.0 -0.601245378122381
1.0 -0.5920386343780787
1.0 -0.5823807952891845
1.0 -0.5722497589035245
1.0 -0.5616223403575279
1.0 -0.5504742188176963
1.0 -0.5387798818224084
1.0 -0.5265125668966846
1.0 -0.5136442003062979
1.0 -0.5001453328110697
1.0 -0.48598507227032206
1.0 -0.4711310129462539
1.0 -0.45554916134345236
1.0 -0.43920385841482273
1.0 -0.4220576979559058
1.0 -0.40407144100082754
1.0 -0.38520392602397663
1.0 -0.3654119747419072
1.0 -0.344650293299893
1.0 -0.32287136861700005
1.0 -0.30002535965246274
1.0 -0.27605998334452714
1.0 -0.2509203949607319
1.0 -0.2245490625858099
1.0 -0.19688563545997484
1.0 -0.1678668058662861
1.0 -0.13742616425102117
1.0 -0.10549404724549823
1.0 -0.07199737824154784
1.0 -0.0368595001557903
1.0 0.0
