# CURVE 2D, normalized by CHORD
# COLUMN#1 = X-coordinate, COLUMN#2 = Y-coordinate
#-------------------------------------------------------------------------------
0.0 0.0
0.0 0.034639391084621836
0.0 0.06753076664615071
0.0 0.0987623371921416
0.0 0.1284178618431108
0.0 0.1565768729638991
0.0 0.18331488945941118
0.0 0.2087036193067632
0.0 0.2328111518670044
0.0 0.25570214049216816
0.0 0.27743797591738145
0.0 0.29807695090304925
0.0 0.3176744165686616
0.0 0.3362829308374931
0.0 0.35395239939030293
0.0 0.3707302095060558
0.0 0.3866613571486087
0.0 0.4017885676401927
0.0 0.41615241024532085
0.0 0.42979140697242263
0.0 0.44274213588499656
0.0 0.45503932919934803
0.0 0.46671596643199903
0.0 0.4778033628465786
0.0 0.4883312534373974
0.0 0.4983278726749404
0.0 0.5078200302271441
0.0 0.5168331828595336
0.0 0.5253915027070474
0.0 0.5335179421006436
0.0 0.5412342951225487
0.0 0.548561256055228
0.0 0.5555184748808323
0.0 0.5621246099799644
0.0 0.5683973781710953
0.0 0.5743536022248283
0.0 0.5800092559804431
0.0 0.5853795071857097
0.0 0.5904787581748703
0.0 0.5953206844938764
0.0 0.5999182715764734
0.0 0.6042838495694902
0.0 0.6084291264007337
0.0 0.6123652191781688
0.0 0.6161026840045963
0.0 0.6196515442877844
0.0 0.6230213176219799
0.0 0.6262210413128925
0.0 0.6292592966146043
0.0 0.6321442317434086
0.0007614957811314799 0.6321442317434086
0.0015908369063533656 0.6321442317434086
0.0024940680456806558 0.6321442317434086
0.0034777724180306974 0.6321442317434086
0.004549119773150999 0.6321442317434086
0.005715918648489159 0.6321442317434086
0.00698667328188024 0.6321442317434086
0.00837064559486083 0.6321442317434086
0.009877922698376507 0.6321442317434086
0.011519490412899486 0.6321442317434086
0.013307313338809225 0.6321442317434086
0.015254422060630865 0.6321442317434086
0.01737500812072107 0.6321442317434086
0.019684527454619273 0.6321442317434086
0.02219981304195484 0.6321442317434086
0.024939197593968676 0.6321442317434086
0.027922647171859855 0.6321442317434086
0.031171906709837303 0.6321442317434086
0.0347106585035244 0.6321442317434086
0.03856469481886246 0.6321442317434086
0.0427621058795767 0.6321442317434086
0.047333484603355236 0.6321442317434086
0.05231214957896501 0.6321442317434086
0.05773438790947797 0.6321442317434086
0.06315662623999094 0.6321442317434086
0.0681352912156007 0.6321442317434086
0.07270666993937924 0.6321442317434086
0.07690408100009348 0.6321442317434086
0.08075811731543153 0.6321442317434086
0.08429686910911864 0.6321442317434086
0.08754612864709609 0.6321442317434086
0.09052957822498726 0.6321442317434086
0.0932689627770011 0.6321442317434086
0.09578424836433666 0.6321442317434086
0.09809376769823487 0.6321442317434086
0.10021435375832508 0.6321442317434086
0.10216146248014671 0.6321442317434086
0.10394928540605645 0.6321442317434086
0.10559085312057943 0.6321442317434086
0.10709813022409512 0.6321442317434086
0.1084821025370757 0.6321442317434086
0.10975285717046679 0.6321442317434086
0.11091965604580495 0.6321442317434086
0.11199100340092524 0.6321442317434086
0.11297470777327528 0.6321442317434086
0.11387793891260257 0.6321442317434086
0.11470728003782446 0.6321442317434086
0.11546877581895593 0.10358432021055652
0.11546877581895594 0.10358432021055652
0.11546877581895594 0.10885903743152825
0.11546877581895594 0.11444467455941665
0.11546877581895594 0.12035955886836122
0.11546877581895594 0.1266230979395835
0.11546877581895594 0.13325584334043628
0.11546877581895594 0.14027955805703468
0.11546877581895594 0.14771728790172592
0.11546877581895594 0.15559343712969495
0.11546877581895594 0.16393384851281526
0.11546877581895594 0.1727658881334791
0.11546877581895594 0.18211853517662677
0.11546877581895594 0.19202247701459654
0.11546877581895594 0.20251020989678128
0.11546877581895594 0.2136161455744697
0.11546877581895594 0.2253767242107229
0.11546877581895594 0.23783053394576034
0.11546877581895594 0.2510184375101657
0.11546877581895594 0.26498370630134915
0.11546877581895594 0.2797721623631901
0.11546877581895594 0.29543232873471503
0.11546877581895594 0.3120155886611277
0.11546877581895594 0.329576354189584
0.11546877581895594 0.3481722447028992
0.11546877581895594 0.36786427597698257
0.11546877581895594 0.38755630725106593
0.11546877581895594 0.40615219776438116
0.11546877581895594 0.4237129632928374
0.11546877581895594 0.4402962232192501
0.11546877581895594 0.45595638959077506
0.11546877581895594 0.470744845652616
0.11546877581895594 0.4847101144437994
0.11546877581895594 0.49789801800820477
0.11546877581895594 0.5103518277432422
0.11546877581895594 0.5221124063794954
0.11546877581895594 0.5332183420571839
0.11546877581895594 0.5437060749393686
0.11546877581895594 0.5536100167773383
0.11546877581895594 0.5629626638204861
0.11546877581895594 0.5717947034411499
0.11546877581895594 0.5801351148242702
0.11546877581895594 0.5880112640522392
0.11546877581895594 0.5954489938969305
0.11546877581895594 0.6024727086135289
0.11546877581895594 0.6091054540143817
0.11546877581895594 0.6153689930856039
0.11546877581895594 0.6212838773945485
0.11546877581895594 0.6268695145224369
0.11546877581895594 0.6321442317434086
0.12659869152764136 0.10358432021055652
0.1381881700137949 0.10358432021055652
0.1502561869778588 0.10358432021055652
0.16282250164153694 0.10358432021055652
0.17590768909999044 0.10358432021055652
0.18953317400987973 0.10358432021055652
0.20372126566841253 0.10358432021055652
0.21849519454083183 0.10358432021055652
0.23387915029615275 0.10358432021055652
0.24989832141342344 0.10358432021055652
0.2665789364233595 0.10358432021055652
0.2839483068528772 0.10358432021055652
0.3020348719428391 0.10358432021055652
0.32086824521223 0.10358432021055652
0.34047926294500375 0.10358432021055652
0.3609000346789887 0.10358432021055652
0.3821639957795193 0.10358432021055652
0.4043059621838736 0.10358432021055652
0.4273621874061496 0.10358432021055652
0.4513704218959184 0.10358432021055652
0.47636997484784016 0.10358432021055652
0.5024017785634475 0.10358432021055652
0.5295084554704768 0.10358432021055652
0.5577343879094779 0.10358432021055652
0.5859603203484791 0.10358432021055652
0.6130669972555084 0.10358432021055652
0.6390988009711157 0.10358432021055652
0.6640983539230374 0.10358432021055652
0.6881065884128063 0.10358432021055652
0.7111628136350823 0.10358432021055652
0.7333047800394366 0.10358432021055652
0.7545687411399672 0.10358432021055652
0.7749895128739521 0.10358432021055652
0.7946005306067259 0.10358432021055652
0.8134339038761168 0.10358432021055652
0.8315204689660787 0.10358432021055652
0.8488898393955964 0.10358432021055652
0.8655704544055325 0.10358432021055652
0.8815896255228032 0.10358432021055652
0.8969735812781241 0.10358432021055652
0.9117475101505434 0.10358432021055652
0.9259356018090762 0.10358432021055652
0.9395610867189654 0.10358432021055652
0.952646274177419 0.10358432021055652
0.9652125888410972 0.10358432021055652
0.9772806058051611 0.10358432021055652
0.9888700842913145 0.10358432021055652
1.0 0.0
1.0 0.008693302356040607
1.0 0.01666763856254557
1.0 0.023982469604881228
1.0 0.03069233883942264
1.0 0.03684727869846681
1.0 0.042493183759244026
1.0 0.04767215295883259
1.0 0.05242280350671742
1.0 0.056780558835695126
1.0 0.060777912738244046
1.0 0.06444467165790362
1.0 0.06780817694231933
1.0 0.07089350871519269
1.0 0.07372367288731631
1.0 0.07631977270115015
1.0 0.07870116608806837
1.0 0.0808856100116181
1.0 0.0828893928730917
1.0 0.08472745596670077
1.0 0.08641350488998738
1.0 0.08796011174020932
1.0 0.0893788088587311
1.0 0.09068017482242972
1.0 0.09187391332331418
1.0 0.0929689255245276
1.0 0.0939733764322581
1.0 0.09489475577846321
1.0 0.0957399338683825
1.0 0.09651521280926795
1.0 0.09722637350232123
1.0 0.09787871874823544
1.0 0.09847711278775949
1.0 0.09902601757212116
1.0 0.09952952603376089
1.0 0.0999913926054608
1.0 0.10041506121543636
1.0 0.10080369096713714
1.0 0.10116017969523929
1.0 0.10148718557347619
1.0 0.10178714693542656
1.0 0.10206230045605516
1.0 0.102314697829577
1.0 0.10254622106800473
1.0 0.10275859653445318
1.0 0.10295340781584114
1.0 0.10313210753097622
1.0 0.10329602816207031
1.0 0.10344639199045118
1.0 0.10358432021055652
