# CURVE 2D, normalized by CHORD
# COLUMN#1 = X-coordinate, COLUMN#2 = Y-coordinate
#-------------------------------------------------------------------------------
0.0 -0.6631201720703747
0.0 -0.6599347066176139
0.0 -0.6565851128661281
0.0 -0.6530629342500426
0.0 -0.6493592784863828
0.0 -0.6454647951251339
0.0 -0.6413696519425893
0.0 -0.637063510118385
0.0 -0.6325354981335538
0.0 -0.6277741843236995
0.0 -0.6227675480179975
0.0 -0.6175029491911583
0.0 -0.6119670965517341
0.0 -0.6061460139862047
0.0 -0.6000250052741243
0.0 -0.5935886169852461
0.0 -0.5868205994649563
0.0 -0.5797038658095147
0.0 -0.5722204487275317
0.0 -0.5643514551787718
0.0 -0.5560770186757593
0.0 -0.5473762491277688
0.0 -0.5382271801005694
0.0 -0.5286067133587751
0.0 -0.5184905605507881
0.0 -0.5078531818891103
0.0 -0.49666772167121215
0.0 -0.48490594047817065
0.0 -0.4725381438799024
0.0 -0.4595331074669967
0.0 -0.44585799801987935
0.0 -0.4314782906162879
0.0 -0.41635768146778174
0.0 -0.4004579962652314
0.0 -0.383739093801889
0.0 -0.3661587646307225
0.0 -0.3476726245001594
0.0 -0.3282340022991997
0.0 -0.3077938222290006
0.0 -0.2863004799034557
0.0 -0.26369971206596565
0.0 -0.23993445959348056
0.0 -0.21494472344194626
0.0 -0.18866741316946686
0.0 -0.16103618765475658
0.0 -0.13198128760875052
0.0 -0.10142935945652384
0.0 -0.06930327014488184
0.0 -0.03552191240807469
0.0 0.0
0.0011539512584930883 -0.6631201720703747
0.0024057681524292246 -0.6631201720703747
0.0037637505840184687 -0.6631201720703747
0.005236902363194809 -0.6631201720703747
0.006834990905438099 -0.6631201720703747
0.008568611992517919 -0.6631201720703747
0.010449260025541779 -0.6631201720703747
0.012489404236105187 -0.6631201720703747
0.014702571360845199 -0.6631201720703747
0.01710343532755336 -0.6631201720703747
0.019707914547492447 -0.6631201720703747
0.022533277458992654 -0.6631201720703747
0.025598257022111437 -0.6631201720703747
0.028923174923489225 -0.6631201720703747
0.03253007631491425 -0.6631201720703747
0.036442875978951905 -0.6631201720703747
0.040687516890758064 -0.6631201720703747
0.045292142227386395 -0.6631201720703747
0.050287281965060354 -0.6631201720703747
0.0557060553016028 -0.6631201720703747
0.061584390246141665 -0.6631201720703747
0.06796126183203365 -0.6631201720703747
0.07487895053242574 -0.6631201720703747
0.0823833225918231 -0.6631201720703747
0.08988769465122046 -0.6631201720703747
0.09680538335161255 -0.6631201720703747
0.10318225493750453 -0.6631201720703747
0.1090605898820434 -0.6631201720703747
0.11447936321858584 -0.6631201720703747
0.1194745029562598 -0.6631201720703747
0.12407912829288814 -0.6631201720703747
0.1283237692046943 -0.6631201720703747
0.13223656886873195 -0.6631201720703747
0.13584347026015697 -0.6631201720703747
0.13916838816153476 -0.6631201720703747
0.14223336772465356 -0.6631201720703747
0.14505873063615377 -0.6631201720703747
0.14766320985609283 -0.6631201720703747
0.15006407382280101 -0.6631201720703747
0.15227724094754103 -0.6631201720703747
0.15431738515810442 -0.6631201720703747
0.1561980331911283 -0.6631201720703747
0.1579316542782081 -0.6631201720703747
0.1595297428204514 -0.6631201720703747
0.16100289459962774 -0.6631201720703747
0.162360877031217 -0.6631201720703747
0.1636126939251531 -0.6631201720703747
0.1647666451836462 -0.6631201720703747
0.1647666451836462 -0.6627534069037244
0.1647666451836462 -0.662352093188801
0.1647666451836462 -0.6619129765211615
0.1647666451836462 -0.6614324959379463
0.1647666451836462 -0.6609067550406853
0.1647666451836462 -0.6603314903979332
0.1647666451836462 -0.6597020369714928
0.1647666451836462 -0.6590132902858595
0.1647666451836462 -0.6582596650341018
0.1647666451836462 -0.6574350497844987
0.1647666451836462 -0.6565327574206322
0.1647666451836462 -0.6555454709130352
0.1647666451836462 -0.654465183982637
0.1647666451836462 -0.6532831361748231
0.1647666451836462 -0.6519897418176014
0.1647666451836462 -0.650574512287768
0.1647666451836462 -0.6490259709547017
0.1647666451836462 -0.647331560112033
0.1647666451836462 -0.6454775391424613
0.1647666451836462 -0.6434488730899015
0.1647666451836462 -0.6412291107353475
0.1647666451836462 -0.6388002511877262
0.1647666451836462 -0.6361425979078749
0.1647666451836462 -0.633234598981868
0.1647666451836462 -0.630326600055861
0.1647666451836462 -0.6276689467760097
0.1647666451836462 -0.6252400872283885
0.1647666451836462 -0.6230203248738345
0.1647666451836462 -0.6209916588212746
0.1647666451836462 -0.619137637851703
0.1647666451836462 -0.6174432270090342
0.1647666451836462 -0.615894685675968
0.1647666451836462 -0.6144794561461345
0.1647666451836462 -0.6131860617889129
0.1647666451836462 -0.612004013981099
0.1647666451836462 -0.6109237270507009
0.1647666451836462 -0.6099364405431038
0.1647666451836462 -0.6090341481792373
0.1647666451836462 -0.6082095329296342
0.1647666451836462 -0.6074559076778765
0.1647666451836462 -0.6067671609922431
0.1647666451836462 -0.6061377075658028
0.1647666451836462 -0.6055624429230507
0.1647666451836462 -0.6050367020257897
0.1647666451836462 -0.6045562214425744
0.1647666451836462 -0.604117104774935
0.1647666451836462 -0.6037157910600116
0.1647666451836462 -0.6033490258933614
0.17499696997853786 -0.6033490258933614
0.18567105889337893 -0.6033490258933614
0.1968081612284704 -0.6033490258933614
0.20842836126726189 -0.6033490258933614
0.2205526144956867 -0.6033490258933614
0.23320278539259465 -0.6033490258933614
0.2464016868594331 -0.6033490258933614
0.2601731213602818 -0.6033490258933614
0.2745419238464325 -0.6033490258933614
0.2895340065429218 -0.6033490258933614
0.30517640567778426 -0.6033490258933614
0.3214973302382956 -0.6033490258933614
0.33852621284213025 -0.6033490258933614
0.3562937628151755 -0.6033490258933614
0.37483202157171713 -0.6033490258933614
0.39417442039687106 -0.6033490258933614
0.41435584073546117 -0.6033490258933614
0.4354126770960679 -0.6033490258933614
0.45738290268368603 -0.6033490258933614
0.48030613787935167 -0.6033490258933614
0.5042237216902319 -0.6033490258933614
0.5291787862990287 -0.6033490258933614
0.5552163348471362 -0.6033490258933614
0.5823833225918231 -0.6033490258933614
0.6095503103365101 -0.6033490258933614
0.6355878588846176 -0.6033490258933614
0.6605429234934144 -0.6033490258933614
0.6844605073042946 -0.6033490258933614
0.7073837424999602 -0.6033490258933614
0.7293539680875784 -0.6033490258933614
0.7504108044481851 -0.6033490258933614
0.7705922247867751 -0.6033490258933614
0.7899346236119291 -0.6033490258933614
0.8084728823684707 -0.6033490258933614
0.826240432341516 -0.6033490258933614
0.8432693149453507 -0.6033490258933614
0.8595902395058619 -0.6033490258933614
0.8752326386407244 -0.6033490258933614
0.8902247213372138 -0.6033490258933614
0.9045935238233644 -0.6033490258933614
0.918364958324213 -0.6033490258933614
0.9315638597910516 -0.6033490258933614
0.9442140306879595 -0.6033490258933614
0.9563382839163843 -0.6033490258933614
0.9679584839551758 -0.6033490258933614
0.9790955862902673 -0.6033490258933614
0.9897696752051084 -0.6033490258933614
1.0 -0.6033490258933614
1.0 -0.600728094397917
1.0 -0.597963804049625
1.0 -0.5950483134528882
1.0 -0.5919733523060198
1.0 -0.5887301979410792
1.0 -0.5853096505804907
1.0 -0.5817020072402564
1.0 -0.5778970342057369
1.0 -0.5738839380019196
1.0 -0.5696513347758297
1.0 -0.5651872180042292
1.0 -0.5604789244350032
1.0 -0.5555130981656183
1.0 -0.5502756527567572
1.0 -0.5447517312736566
1.0 -0.5389256641417999
1.0 -0.5327809246974134
1.0 -0.5263000823066796
1.0 -0.5194647529206788
1.0 -0.5122555469258026
1.0 -0.5046520141417056
1.0 -0.4966325858107731
1.0 -0.4881745134145482
1.0 -0.4792538041435591
1.0 -0.46984515283749684
1.0 -0.4599218702026788
1.0 -0.4494558071031743
1.0 -0.4384172747108318
1.0 -0.4267749602876976
1.0 -0.41449583836192905
1.0 -0.40154507704523723
1.0 -0.3878859392261114
1.0 -0.37347967835854323
1.0 -0.35828542855063644
1.0 -0.34226008864131907
1.0 -0.32535819993632237
1.0 -0.30753181725660134
1.0 -0.288730372933405
1.0 -0.2689005333641928
1.0 -0.24798604772249366
1.0 -0.22592758839254679
1.0 -0.20266258267608825
1.0 -0.17812503529389073
1.0 -0.15224534117855054
1.0 -0.12495008802747574
1.0 -0.09616184805598235
1.0 -0.06579895835976952
1.0 -0.033775289263733306
1.0 0.0
