# CURVE 2D, normalized by CHORD
# COLUMN#1 = X-coordinate, COLUMN#2 = Y-coordinate
#-------------------------------------------------------------------------------
0.0 -0.8258006212018655
0.0 -0.8207545258941331
0.0 -0.8154874700090439
0.0 -0.8099897780304274
0.0 -0.8042513507664777
0.0 -0.7982616467976625
0.0 -0.7920096631122676
0.0 -0.7854839148940003
0.0 -0.7786724144245248
0.0 -0.7715626490621734
0.0 -0.7641415582563784
0.0 -0.7563955095556039
0.0 -0.748310273564701
0.0 -0.7398709978056869
0.0 -0.7310621794339263
0.0 -0.7218676367595996
0.0 -0.7122704795221395
0.0 -0.7022530778630319
0.0 -0.6917970299399862
0.0 -0.6808831281229782
0.0 -0.6694913237100745
0.0 -0.6576006900982144
0.0 -0.6451893843413016
0.0 -0.6322346070249834
0.0 -0.6187125603844099
0.0 -0.6045984045880362
0.0 -0.5898662121071601
0.0 -0.574488920087375
0.0 -0.5584382806344425
0.0 -0.5416848089232618
0.0 -0.5241977290346128
0.0 -0.5059449174201753
0.0 -0.4868928438919696
0.0 -0.4670065100278186
0.0 -0.44624938487968147
0.0 -0.42458333786675595
0.0 -0.4019685687300758
0.0 -0.37836353441993
0.0 -0.35372487278179665
0.0 -0.3280073229006047
0.0 -0.3011636419569954
0.0 -0.2731445184428508
0.0 -0.24389848157666633
0.0 -0.21337180675236525
0.0 -0.1815084168478652
0.0 -0.1482497792121023
0.0 -0.11353479814127894
0.0 -0.07729970264681547
0.0 -0.03947792930883725
0.0 0.0
0.0023553610719494744 -0.8258006212018655
0.004886586215262251 -0.8258006212018655
0.00760680639824915 -0.8258006212018655
0.010530133018750831 -0.8258006212018655
0.01367173110834008 -0.8258006212018655
0.01704789800234835 -0.8258006212018655
0.020676147883824297 -0.8258006212018655
0.024575302640004487 -0.8258006212018655
0.028765589502622077 -0.8258006212018655
0.03326874597857246 -0.8258006212018655
0.03810813261527314 -0.8258006212018655
0.04330885418569877 -0.8258006212018655
0.048897889921750315 -0.8258006212018655
0.054904233471556 -0.8258006212018655
0.06135904330674574 -0.8258006212018655
0.0682958043599509 -0.8258006212018655
0.07575050173103923 -0.8258006212018655
0.08376180736320217 -0.8258006212018655
0.09237128065729458 -0.8258006212018655
0.10162358406513226 -0.8258006212018655
0.11156671478015809 -0.8258006212018655
0.12225225372739364 -0.8258006212018655
0.13373563314433531 -0.8258006212018655
0.14607642414089567 -0.8258006212018655
0.15841721513745602 -0.8258006212018655
0.16990059455439768 -0.8258006212018655
0.18058613350163324 -0.8258006212018655
0.19052926421665906 -0.8258006212018655
0.19978156762449675 -0.8258006212018655
0.20839104091858918 -0.8258006212018655
0.2164023465507521 -0.8258006212018655
0.22385704392184042 -0.8258006212018655
0.2307938049750456 -0.8258006212018655
0.23724861481023535 -0.8258006212018655
0.24325495836004102 -0.8258006212018655
0.24884399409609256 -0.8258006212018655
0.2540447156665182 -0.8258006212018655
0.2588841023032189 -0.8258006212018655
0.26338725877916924 -0.8258006212018655
0.2675775456417868 -0.8258006212018655
0.271476700397967 -0.8258006212018655
0.275104950279443 -0.8258006212018655
0.27848111717345125 -0.8258006212018655
0.2816227152630405 -0.8258006212018655
0.28454604188354216 -0.8258006212018655
0.28726626206652905 -0.8258006212018655
0.2897974872098419 -0.8258006212018655
0.29215284828179133 -0.8258006212018655
0.29215284828179133 -0.8211687308243169
0.29215284828179133 -0.8162507921060452
0.29215284828179133 -0.8110291397642913
0.29215284828179133 -0.8054850175740644
0.29215284828179133 -0.7995985109956047
0.29215284828179133 -0.7933484756411652
0.29215284828179133 -0.78671246132417
0.29215284828179133 -0.7796666314179307
0.29215284828179133 -0.7721856772342549
0.29215284828179133 -0.7642427271143979
0.29215284828179133 -0.7558092499058078
0.29215284828179133 -0.7468549524779535
0.29215284828179133 -0.7373476709091119
0.29215284828179133 -0.727253254953253
0.29215284828179133 -0.716535445372032
0.29215284828179133 -0.7051557436912586
0.29215284828179133 -0.6930732739140109
0.29215284828179133 -0.6802446356936651
0.29215284828179133 -0.6666237484394365
0.29215284828179133 -0.6521616857944579
0.29215284828179133 -0.6368064998918392
0.29215284828179133 -0.6205030347574354
0.29215284828179133 -0.6031927281890599
0.29215284828179133 -0.5848134014004975
0.29215284828179133 -0.5664340746119352
0.29215284828179133 -0.5491237680435597
0.29215284828179133 -0.5328203029091558
0.29215284828179133 -0.5174651170065372
0.29215284828179133 -0.5030030543615586
0.29215284828179133 -0.48938216710732996
0.29215284828179133 -0.4765535288869842
0.29215284828179133 -0.4644710591097366
0.29215284828179133 -0.4530913574289631
0.29215284828179133 -0.4423735478477421
0.29215284828179133 -0.43227913189188316
0.29215284828179133 -0.42277185032304154
0.29215284828179133 -0.41381755289518735
0.29215284828179133 -0.4053840756865972
0.29215284828179133 -0.39744112556674016
0.29215284828179133 -0.3899601713830644
0.29215284828179133 -0.382914341476825
0.29215284828179133 -0.3762783271598299
0.29215284828179133 -0.3700282918053903
0.29215284828179133 -0.3641417852269306
0.29215284828179133 -0.3585976630367038
0.29215284828179133 -0.35337601069494984
0.29215284828179133 -0.3484580719766782
0.29215284828179133 -0.3438261815991296
0.3001823222482143 -0.3438261815991296
0.3086074114264594 -0.3438261815991296
0.3174476079272777 -0.3438261815991296
0.3267233642450711 -0.3438261815991296
0.33645614057635725 -0.3438261815991296
0.3466684544696334 -0.3438261815991296
0.3573839329215068 -0.3438261815991296
0.3686273670396219 -0.3438261815991296
0.3804247693988507 -0.3438261815991296
0.39280343422344344 -0.3438261815991296
0.40579200053437714 -0.3438261815991296
0.4194205184079978 -0.3438261815991296
0.43372051849925086 -0.3438261815991296
0.4487250849903473 -0.3438261815991296
0.46446893213363816 -0.3438261815991296
0.48098848456578547 -0.3438261815991296
0.4983219615790425 -0.3438261815991296
0.5165094655446119 -0.3438261815991296
0.5355930746926557 -0.3438261815991296
0.5556169404636124 -0.3438261815991296
0.576627389656049 -0.3438261815991296
0.5986730316073767 -0.3438261815991296
0.6218048706554011 -0.3438261815991296
0.6460764241408956 -0.3438261815991296
0.6703479776263901 -0.3438261815991296
0.6934798166744146 -0.3438261815991296
0.7155254586257422 -0.3438261815991296
0.7365359078181788 -0.3438261815991296
0.7565597735891355 -0.3438261815991296
0.7756433827371794 -0.3438261815991296
0.7938308867027487 -0.3438261815991296
0.8111643637160058 -0.3438261815991296
0.8276839161481531 -0.3438261815991296
0.843427763291444 -0.3438261815991296
0.8584323297825405 -0.3438261815991296
0.8727323298737935 -0.3438261815991296
0.8863608477474142 -0.3438261815991296
0.8993494140583478 -0.3438261815991296
0.9117280788829405 -0.3438261815991296
0.9235254812421694 -0.3438261815991296
0.9347689153602845 -0.3438261815991296
0.945484393812158 -0.3438261815991296
0.955696707705434 -0.3438261815991296
0.9654294840367202 -0.3438261815991296
0.9747052403545136 -0.3438261815991296
0.9835454368553319 -0.3438261815991296
0.991970526033577 -0.3438261815991296
1.0 -0.3438261815991296
1.0 -0.3429459002011351
1.0 -0.34200320226015346
1.0 -0.34099366211769955
1.0 -0.33991254031301554
1.0 -0.3387547613328533
1.0 -0.33751488978359956
1.0 -0.3361871048738809
1.0 -0.3347651730878522
1.0 -0.3332424189208785
1.0 -0.33161169354022463
1.0 -0.3298653412236231
1.0 -0.32799516341816315
1.0 -0.3259923802507656
1.0 -0.3238475893095511
1.0 -0.3215507215025917
1.0 -0.31909099378681754
1.0 -0.31645685854515687
1.0 -0.31363594937425104
1.0 -0.31061502302823557
1.0 -0.3073798972460325
1.0 -0.3039153841702736
1.0 -0.3002052190452779
1.0 -0.29623198385934374
1.0 -0.2919770255728811
1.0 -0.2874203685484918
1.0 -0.28254062077188613
1.0 -0.27731487342337263
1.0 -0.2717185933284428
1.0 -0.26572550778254167
1.0 -0.2593074812093132
1.0 -0.25243438307327226
1.0 -0.24507394642679603
1.0 -0.237191616427359
1.0 -0.22875038811384985
1.0 -0.2197106326803832
1.0 -0.210029911432018
1.0 -0.1996627765489662
1.0 -0.18856055772394426
1.0 -0.1766711336710002
1.0 -0.16393868743312442
1.0 -0.15030344433989362
1.0 -0.13570139138494505
1.0 -0.12006397670584955
1.0 -0.10331778775554026
1.0 -0.0853842066544166
1.0 -0.06617904110511469
1.0 -0.045612129137209835
1.0 -0.02358691582625642
1.0 0.0
