# CURVE 2D, normalized by CHORD
# COLUMN#1 = X-coordinate, COLUMN#2 = Y-coordinate
#-------------------------------------------------------------------------------
0.0 0.0
0.0 0.027873138704372243
0.0 0.05405739341814121
0.0 0.07865509668318413
0.0 0.10176238052720125
0.0 0.12346955216410746
0.0 0.14386144693005623
0.0 0.1630177598344303
0.0 0.18101335702155683
0.0 0.19791856836039293
0.0 0.21379946230567162
0.0 0.2287181041047131
0.0 0.242732798359017
0.0 0.2558983168886085
0.0 0.26826611278967055
0.0 0.2798845215220362
0.0 0.2907989498124252
0.0 0.30105205311169175
0.0 0.31068390229961496
0.0 0.3197321402887449
0.0 0.3282321291393373
0.0 0.3362170882603277
0.0 0.34371822423645826
0.0 0.35076485278894376
0.0 0.35738451334631954
0.0 0.3636030766732343
0.0 0.3694448459778192
0.0 0.37493265189277825
0.0 0.38008794170140225
0.0 0.3849308631572172
0.0 0.3894803432248474
0.0 0.3937541620498281
0.0 0.39776902244645224
0.0 0.401540615175223
0.0 0.4050836802650272
0.0 0.4084120646196871
0.0 0.41153877613402645
0.0 0.4144760345309465
0.0 0.41723531911819134
0.0 0.4198274136514439
0.0 0.4222624484790863
0.0 0.42454994013333214
0.0 0.4266988285224606
0.0 0.4287175118695059
0.0 0.43061387953394786
0.0 0.43239534284467707
0.0 0.4340688640647343
0.0 0.43564098360102477
0.0 0.4371178455653454
0.0 0.4385052217866241
0.007183148300094755 0.4385052217866241
0.01473918949800651 0.4385052217866241
0.022687481277501864 0.4385052217866241
0.03104838622193934 0.4385052217866241
0.039843323980799206 0.4385052217866241
0.04909482614429178 0.4385052217866241
0.05882659396662626 0.4385052217866241
0.06906355908582079 0.4385052217866241
0.07983194739560945 0.4385052217866241
0.09115934623308031 0.4385052217866241
0.10307477505416951 0.4385052217866241
0.11560875977807492 0.4385052217866241
0.12879341099105016 0.4385052217866241
0.1426625062099284 0.4385052217866241
0.15725157641612503 0.4385052217866241
0.1725979970818092 0.4385052217866241
0.1887410839214424 0.4385052217866241
0.20572219361398847 0.4385052217866241
0.2235848297538331 0.4385052217866241
0.24237475430184668 0.4385052217866241
0.26214010482211514 0.4385052217866241
0.28293151780468495 0.4385052217866241
0.304802258390261 0.4385052217866241
0.32780835682919657 0.4385052217866241
0.35081445526813215 0.4385052217866241
0.3726851958537082 0.4385052217866241
0.393476608836278 0.4385052217866241
0.41324195935654645 0.4385052217866241
0.43203188390456004 0.4385052217866241
0.44989452004440467 0.4385052217866241
0.46687562973695074 0.4385052217866241
0.4830187165765839 0.4385052217866241
0.4983651372422681 0.4385052217866241
0.5129542074484648 0.4385052217866241
0.526823302667343 0.4385052217866241
0.5400079538803182 0.4385052217866241
0.5525419386042236 0.4385052217866241
0.5644573674253128 0.4385052217866241
0.5757847662627837 0.4385052217866241
0.5865531545725724 0.4385052217866241
0.5967901196917669 0.4385052217866241
0.6065218875141014 0.4385052217866241
0.6157733896775939 0.4385052217866241
0.6245683274364537 0.4385052217866241
0.6329292323808913 0.4385052217866241
0.6408775241603866 0.4385052217866241
0.6484335653582984 0.4385052217866241
0.6556167136583931 0.14130198639705227
0.6556167136583931 0.14371049563184143
0.6556167136583931 0.14629793133530739
0.6556167136583931 0.1490775858298256
0.6556167136583931 0.152063738915116
0.6556167136583931 0.15527173122724502
0.6556167136583931 0.15871804304741685
0.6556167136583931 0.16242037896541464
0.6556167136583931 0.1663977588326297
0.6556167136583931 0.17067061547192747
0.6556167136583931 0.17526089964631156
0.6556167136583931 0.18019219282563614
0.6556167136583931 0.185489828330679
0.6556167136583931 0.19118102147692267
0.6556167136583931 0.1972950093866268
0.6556167136583931 0.20386320118744106
0.6556167136583931 0.2109193393691686
0.6556167136583931 0.2184996731276104
0.6556167136583931 0.22664314458600301
0.6556167136583931 0.23539158885071665
0.6556167136583931 0.24478994892895128
0.6556167136583931 0.2548865066125186
0.6556167136583931 0.2657331305138185
0.6556167136583931 0.2773855425282351
0.6556167136583931 0.2899036040918382
0.6556167136583931 0.30242166565544126
0.6556167136583931 0.31407407766985784
0.6556167136583931 0.32492070157115777
0.6556167136583931 0.3350172592547251
0.6556167136583931 0.3444156193329597
0.6556167136583931 0.3531640635976734
0.6556167136583931 0.36130753505606594
0.6556167136583931 0.36888786881450775
0.6556167136583931 0.3759440069962353
0.6556167136583931 0.38251219879704956
0.6556167136583931 0.3886261867067537
0.6556167136583931 0.39431737985299736
0.6556167136583931 0.3996150153580402
0.6556167136583931 0.40454630853736484
0.6556167136583931 0.4091365927117489
0.6556167136583931 0.4134094493510467
0.6556167136583931 0.41738682921826176
0.6556167136583931 0.4210891651362595
0.6556167136583931 0.42453547695643135
0.6556167136583931 0.4277434692685604
0.6556167136583931 0.43072962235385076
0.6556167136583931 0.433509276848369
0.6556167136583931 0.4360967125518349
0.6556167136583931 0.4385052217866241
0.658541717277297 0.14130198639705227
0.6616740034004296 0.14130198639705227
0.6650282612528848 0.14130198639705227
0.6686202210223537 0.14130198639705227
0.6724667276276939 0.14130198639705227
0.6765858197151627 0.14130198639705227
0.6809968142527757 0.14130198639705227
0.6857203971195059 0.14130198639705227
0.6907787201141524 0.14130198639705227
0.6961955048388121 0.14130198639705227
0.7019961539441304 0.14130198639705227
0.7082078702580262 0.14130198639705227
0.7148597843565608 0.14130198639705227
0.7219830911752092 0.14130198639705227
0.7296111963011881 0.14130198639705227
0.7377798726328957 0.14130198639705227
0.7465274281411372 0.14130198639705227
0.7558948855188697 0.14130198639705227
0.7659261745619589 0.14130198639705227
0.7766683381831355 0.14130198639705227
0.7881717530252816 0.14130198639705227
0.8004903657086374 0.14130198639705227
0.8136819458198369 0.14130198639705227
0.8278083568291965 0.14130198639705227
0.8419347678385561 0.14130198639705227
0.8551263479497556 0.14130198639705227
0.8674449606331114 0.14130198639705227
0.8789483754752575 0.14130198639705227
0.8896905390964341 0.14130198639705227
0.8997218281395234 0.14130198639705227
0.909089285517256 0.14130198639705227
0.9178368410254973 0.14130198639705227
0.926005517357205 0.14130198639705227
0.9336336224831838 0.14130198639705227
0.9407569293018323 0.14130198639705227
0.9474088434003669 0.14130198639705227
0.9536205597142626 0.14130198639705227
0.959421208819581 0.14130198639705227
0.9648379935442407 0.14130198639705227
0.9698963165388872 0.14130198639705227
0.9746198994056174 0.14130198639705227
0.9790308939432304 0.14130198639705227
0.9831499860306991 0.14130198639705227
0.9869964926360394 0.14130198639705227
0.9905884524055083 0.14130198639705227
0.9939427102579635 0.14130198639705227
0.9970749963810961 0.14130198639705227
1.0 0.0
1.0 0.011482355433245581
1.0 0.02204742308358595
1.0 0.03176848206884321
1.0 0.04071295747802872
1.0 0.04894288803053912
1.0 0.056515356375590076
1.0 0.06348288501643719
1.0 0.069893800605507
1.0 0.0757925691371827
1.0 0.08122010436313569
1.0 0.08621405156936593
1.0 0.09080904868322359
1.0 0.09503696652144566
1.0 0.09892712984556352
1.0 0.10250652075791758
1.0 0.10579996584903033
1.0 0.10883030839438843
1.0 0.11161856679498768
1.0 0.11418408036058145
1.0 0.11654464344678292
1.0 0.11871662887639313
1.0 0.12071510150100334
1.0 0.12255392269053277
1.0 0.12424584647543921
1.0 0.12580260800844323
1.0 0.1272350049593349
1.0 0.12855297240741576
1.0 0.12976565175102886
1.0 0.13088145411213217
1.0 0.13190811867568802
1.0 0.13285276636850976
1.0 0.13372194924988123
1.0 0.1345216959565212
1.0 0.13525755351709834
1.0 0.13593462582632182
1.0 0.13655760904546227
1.0 0.13713082417484146
1.0 0.1376582470242122
1.0 0.1381435357889027
1.0 0.13859005642299319
1.0 0.1390009059855124
1.0 0.13937893412158286
1.0 0.13972676282750782
1.0 0.14004680463689023
1.0 0.14034127935392193
1.0 0.14061222944990545
1.0 0.1408615342297979
1.0 0.14109092286703612
1.0 0.14130198639705227
