# CURVE 2D, normalized by CHORD
# COLUMN#1 = X-coordinate, COLUMN#2 = Y-coordinate
#-------------------------------------------------------------------------------
0.0 -0.8899213224533405
0.0 -0.8840132213959645
0.0 -0.8778624816804197
0.0 -0.8714591384266429
0.0 -0.8647928175088414
0.0 -0.8578527187482595
0.0 -0.8506275984156914
0.0 -0.8431057510153942
0.0 -0.8352749903208874
0.0 -0.8271226296319146
0.0 -0.8186354612205841
0.0 -0.8097997349333846
0.0 -0.8006011359144137
0.0 -0.7910247614137237
0.0 -0.7810550966432153
0.0 -0.7706759896409617
0.0 -0.7598706251032395
0.0 -0.7486214971418732
0.0 -0.7369103809227557
0.0 -0.7247183031395977
0.0 -0.7120255112750682
0.0 -0.698811441599527
0.0 -0.6850546858555038
0.0 -0.670732956573948
0.0 -0.6558230509660592
0.0 -0.6403008133321965
0.0 -0.6241410959269689
0.0 -0.6073177182170998
0.0 -0.5898034244660616
0.0 -0.5715698395767619
0.0 -0.5525874231207402
0.0 -0.532825421479401
0.0 -0.5122518180197421
0.0 -0.4908332812238607
0.0 -0.46853511068820064
0.0 -0.4453211809050517
0.0 -0.42115388273522386
0.0 -0.3959940624770728
0.0 -0.369800958433164
0.0 -0.3425321348718049
0.0 -0.31414341327645595
0.0 -0.2845888007716375
0.0 -0.2538204156093738
0.0 -0.22178840959545415
0.0 -0.18844088732983336
0.0 -0.15372382213033178
0.0 -0.11758096850342216
0.0 -0.07995377102029592
0.0 -0.0407812694505786
0.0 0.0
0.0022149183623250412 -0.8899213224533405
0.004597469196972681 -0.8899213224533405
0.007160339493339413 -0.8899213224533405
0.009917176434856484 -0.8899213224533405
0.012882660069704344 -0.8899213224533405
0.016072581481491238 -0.8899213224533405
0.019503926876151823 -0.8899213224533405
0.023194968032825003 -0.8899213224533405
0.02716535960035847 -0.8899213224533405
0.031436243757540144 -0.8899213224533405
0.03603036279436776 -0.8899213224533405
0.04097218021384784 -0.8899213224533405
0.0462880109991861 -0.8899213224533405
0.052006161740036985 -0.8899213224533405
0.05815708136397929 -0.8899213224533405
0.06477352327585666 -0.8899213224533405
0.071890719768369 -0.8899213224533405
0.07954656963264403 -0.8899213224533405
0.08778183996780801 -0.8899213224533405
0.09664038326418364 -0.8899213224533405
0.1061693709160746 -0.8899213224533405
0.11641954440758318 -0.8899213224533405
0.12744548550901547 -0.8899213224533405
0.13930590692265937 -0.8899213224533405
0.15116632833630328 -0.8899213224533405
0.16219226943773557 -0.8899213224533405
0.17244244292924416 -0.8899213224533405
0.1819714305811351 -0.8899213224533405
0.19082997387751072 -0.8899213224533405
0.1990652442126747 -0.8899213224533405
0.20672109407694975 -0.8899213224533405
0.21383829056946208 -0.8899213224533405
0.22045473248133945 -0.8899213224533405
0.22660565210528177 -0.8899213224533405
0.23232380284613263 -0.8899213224533405
0.2376396336314709 -0.8899213224533405
0.24258145105095097 -0.8899213224533405
0.2471755700877786 -0.8899213224533405
0.25144645424496026 -0.8899213224533405
0.25541684581249374 -0.8899213224533405
0.2591078869691669 -0.8899213224533405
0.2625392323638275 -0.8899213224533405
0.2657291537756144 -0.8899213224533405
0.2686946374104623 -0.8899213224533405
0.27145147435197936 -0.8899213224533405
0.27401434464834606 -0.8899213224533405
0.27639689548299373 -0.8899213224533405
0.27861181384531875 -0.8899213224533405
0.27861181384531875 -0.8860774658508705
0.27861181384531875 -0.881981392797555
0.27861181384531875 -0.8776165539928722
0.27861181384531875 -0.8729653142461973
0.27861181384531875 -0.868008881225615
0.27861181384531875 -0.8627272295315522
0.27861181384531875 -0.8570990197884658
0.27861181384531875 -0.8511015124276942
0.27861181384531875 -0.8447104758131304
0.27861181384531875 -0.8379000883385181
0.27861181384531875 -0.8306428341008155
0.27861181384531875 -0.8229093917281183
0.27861181384531875 -0.814668515912975
0.27861181384531875 -0.8058869111724554
0.27861181384531875 -0.7965290973249262
0.27861181384531875 -0.7865572661400229
0.27861181384531875 -0.7759311285826417
0.27861181384531875 -0.7646077520337755
0.27861181384531875 -0.7525413868305181
0.27861181384531875 -0.7396832814244091
0.27861181384531875 -0.7259814854113086
0.27861181384531875 -0.7113806396369832
0.27861181384531875 -0.6958217525303726
0.27861181384531875 -0.679241961760859
0.27861181384531875 -0.6626621709913455
0.27861181384531875 -0.6471032838847349
0.27861181384531875 -0.6325024381104095
0.27861181384531875 -0.618800642097309
0.27861181384531875 -0.6059425366912
0.27861181384531875 -0.5938761714879426
0.27861181384531875 -0.5825527949390764
0.27861181384531875 -0.5719266573816952
0.27861181384531875 -0.5619548261967919
0.27861181384531875 -0.5525970123492627
0.27861181384531875 -0.5438154076087431
0.27861181384531875 -0.5355745317935998
0.27861181384531875 -0.5278410894209026
0.27861181384531875 -0.5205838351832
0.27861181384531875 -0.5137734477085877
0.27861181384531875 -0.5073824110940239
0.27861181384531875 -0.5013849037332523
0.27861181384531875 -0.49575669399016586
0.27861181384531875 -0.49047504229610306
0.27861181384531875 -0.4855186092755208
0.27861181384531875 -0.4808673695288459
0.27861181384531875 -0.47650253072416304
0.27861181384531875 -0.47240645767084755
0.27861181384531875 -0.46856260106837755
0.28686623540777123 -0.46856260106837755
0.2955218854353656 -0.46856260106837755
0.3045982667218497 -0.46856260106837755
0.3141158300469619 -0.46856260106837755
0.3240960202558519 -0.46856260106837755
0.3345613245783161 -0.46856260106837755
0.3455353232967202 -0.46856260106837755
0.35704274287677296 -0.46856260106837755
0.36910951168086464 -0.46856260106837755
0.38176281838950327 -0.46856260106837755
0.39503117326248205 -0.46856260106837755
0.40894447237781206 -0.46856260106837755
0.42353406499316115 -0.46856260106837755
0.4388328241815781 -0.46856260106837755
0.4548752209006569 -0.46856260106837755
0.4716974016620327 -0.46856260106837755
0.48933726997621396 -0.46856260106837755
0.5078345717562602 -0.46856260106837755
0.5272309848727366 -0.46856260106837755
0.5475702130617289 -0.46856260106837755
0.5688980843975121 -0.46856260106837755
0.5912626545517473 -0.46856260106837755
0.6147143150718731 -0.46856260106837755
0.6393059069226594 -0.46856260106837755
0.6638974987734457 -0.46856260106837755
0.6873491592935715 -0.46856260106837755
0.7097137294478068 -0.46856260106837755
0.7310416007835898 -0.46856260106837755
0.7513808289725823 -0.46856260106837755
0.7707772420890586 -0.46856260106837755
0.7892745438691049 -0.46856260106837755
0.8069144121832861 -0.46856260106837755
0.823736592944662 -0.46856260106837755
0.8397789896637406 -0.46856260106837755
0.8550777488521576 -0.46856260106837755
0.8696673414675067 -0.46856260106837755
0.8835806405828367 -0.46856260106837755
0.8968489954558155 -0.46856260106837755
0.9095023021644542 -0.46856260106837755
0.9215690709685458 -0.46856260106837755
0.9330764905485985 -0.46856260106837755
0.9440504892670026 -0.46856260106837755
0.9545157935894668 -0.46856260106837755
0.9644959837983569 -0.46856260106837755
0.974013547123469 -0.46856260106837755
0.9830899284099531 -0.46856260106837755
0.9917455784375475 -0.46856260106837755
1.0 -0.46856260106837755
1.0 -0.4669845850012466
1.0 -0.4653078007046183
1.0 -0.46352606626224885
1.0 -0.46163281283095847
1.0 -0.45962106042282397
1.0 -0.45748339217157635
1.0 -0.4552119269883289
1.0 -0.45279829050582315
1.0 -0.4502335842040721
1.0 -0.4475083526035733
1.0 -0.4446125484051407
1.0 -0.44153549544783416
1.0 -0.4382658493484212
1.0 -0.4347915556772574
1.0 -0.4310998055163893
1.0 -0.42717698823603434
1.0 -0.4230086413153335
1.0 -0.41857939702237873
1.0 -0.4138729257569368
1.0 -0.4088718758469861
1.0 -0.40355780957711174
1.0 -0.39791113521290916
1.0 -0.3919110347707865
1.0 -0.38553538726686937
1.0 -0.3787606871620451
1.0 -0.3715619577024713
1.0 -0.36391265883605617
1.0 -0.3557845893654187
1.0 -0.34714778297659066
1.0 -0.33797039776014143
1.0 -0.3282185988174157
1.0 -0.31785643351908016
1.0 -0.30684569895608726
1.0 -0.2951458010943766
1.0 -0.2827136051140522
1.0 -0.269503276381268
1.0 -0.2554661114665247
1.0 -0.24055035858637883
1.0 -0.2247010268065755
1.0 -0.20785968330318094
1.0 -0.18996423793426276
1.0 -0.17094871432788378
1.0 -0.15074300664246423
1.0 -0.1292726211027433
1.0 -0.10645840135844295
1.0 -0.08221623665309565
1.0 -0.05645675172712057
1.0 -0.029084977311893887
1.0 0.0
