# CURVE 2D, normalized by CHORD
# COLUMN#1 = X-coordinate, COLUMN#2 = Y-coordinate
#-------------------------------------------------------------------------------
0.0 0.0
0.0 0.042192412456379766
0.0 0.0828386903865787
0.0 0.12199549165474535
0.0 0.1597173979062286
0.0 0.19605699065029938
0.0 0.23106492455483257
0.0 0.26478999805511627
0.0 0.29727922137521223
0.0 0.3285778820566838
0.0 0.35872960808603355
0.0 0.38777642870884566
0.0 0.4157588330154033
0.0 0.44271582637944507
0.0 0.46868498482873144
0.0 0.49370250742321076
0.0 0.5178032667137946
0.0 0.5410208573520795
0.0 0.5633876429187725
0.0 0.5849348010360966
0.0 0.6056923668270584
0.0 0.6256892747821581
0.0 0.6449533990918996
0.0 0.663511592501323
0.0 0.6813897237407172
0.0 0.6986127135846911
0.0 0.7152045695898651
0.0 0.7311884195596047
0.0 0.7465865437824446
0.0 0.7614204060891412
0.0 0.7757106837716423
0.0 0.7894772964056832
0.0 0.802739433617181
0.0 0.8155155818311348
0.0 0.8278235500403159
0.0 0.8396804946296691
0.0 0.8511029432910265
0.0 0.8621068180614715
0.0 0.872707457517464
0.0 0.8829196381556669
0.0 0.8927575949902736
0.0 0.9022350413955518
0.0 0.9113651882212579
0.0 0.9201607622075721
0.0 0.9286340237252196
0.0 0.9367967838655086
0.0 0.9446604209041052
0.0 0.9522358961614977
0.0 0.9595337692822551
0.0 0.9665642129543799
0.00692298133471253 0.9665642129543799
0.014211329799006134 0.9665642129543799
0.02188432800147455 0.9665642129543799
0.02996227620929115 0.9665642129543799
0.038466546056138695 0.9665642129543799
0.047419637084627486 0.9665642129543799
0.05684523627279531 0.9665642129543799
0.06676828070217672 0.9665642129543799
0.077215023533241 0.9665642129543799
0.08821310346274874 0.9665642129543799
0.0997916178467883 0.9665642129543799
0.11198119968295273 0.9665642129543799
0.12481409865532586 0.9665642129543799
0.1383242664566977 0.9665642129543799
0.15254744661374303 0.9665642129543799
0.16752126905281192 0.9665642129543799
0.1832853496565227 0.9665642129543799
0.19988139507455188 0.9665642129543799
0.21735331306591585 0.9665642129543799
0.2357473286646753 0.9665642129543799
0.25511210647639804 0.9665642129543799
0.2754988794289382 0.9665642129543799
0.29696158431816344 0.9665642129543799
0.31955700450724145 0.9665642129543799
0.34215242469631946 0.9665642129543799
0.3636151295855447 0.9665642129543799
0.38400190253808486 0.9665642129543799
0.4033666803498076 0.9665642129543799
0.421760695948567 0.9665642129543799
0.439232613939931 0.9665642129543799
0.4558286593579602 0.9665642129543799
0.47159273996167095 0.9665642129543799
0.48656656240073987 0.9665642129543799
0.5007897425577852 0.9665642129543799
0.514299910359157 0.9665642129543799
0.5271328093315302 0.9665642129543799
0.5393223911676945 0.9665642129543799
0.5509009055517342 0.9665642129543799
0.561898985481242 0.9665642129543799
0.5723457283123061 0.9665642129543799
0.5822687727416875 0.9665642129543799
0.5916943719298554 0.9665642129543799
0.6006474629583443 0.9665642129543799
0.6091517328051917 0.9665642129543799
0.6172296810130083 0.9665642129543799
0.6249026792154768 0.9665642129543799
0.6321910276797704 0.9665642129543799
0.6391140090144829 0.7779430005281351
0.6391140090144829 0.7793014190958292
0.6391140090144829 0.7807723283215957
0.6391140090144829 0.7823650435581946
0.6391140090144829 0.7840896515628606
0.6391140090144829 0.7859570743773177
0.6391140090144829 0.7879791384976973
0.6391140090144829 0.7901686497724194
0.6391140090144829 0.7925394745023666
0.6391140090144829 0.795106627256966
0.6391140090144829 0.797886365962321
0.6391140090144829 0.800896294863593
0.6391140090144829 0.804155476013699
0.6391140090144829 0.8076845499943888
0.6391140090144829 0.8115058666342378
0.6391140090144829 0.8156436265513969
0.6391140090144829 0.8201240344174994
0.6391140090144829 0.8249754649133547
0.6391140090144829 0.8302286424274341
0.6391140090144829 0.8359168356351915
0.6391140090144829 0.8420760681914979
0.6391140090144829 0.8487453468705224
0.6391140090144829 0.8559669085978752
0.6391140090144829 0.8637864879394893
0.6391140090144829 0.8722536067412575
0.6391140090144829 0.8807207255430257
0.6391140090144829 0.8885403048846399
0.6391140090144829 0.8957618666119926
0.6391140090144829 0.9024311452910171
0.6391140090144829 0.9085903778473235
0.6391140090144829 0.9142785710550809
0.6391140090144829 0.9195317485691603
0.6391140090144829 0.9243831790650157
0.6391140090144829 0.9288635869311181
0.6391140090144829 0.9330013468482772
0.6391140090144829 0.9368226634881263
0.6391140090144829 0.9403517374688161
0.6391140090144829 0.943610918618922
0.6391140090144829 0.946620847520194
0.6391140090144829 0.949400586225549
0.6391140090144829 0.9519677389801484
0.6391140090144829 0.9543385637100956
0.6391140090144829 0.9565280749848177
0.6391140090144829 0.9585501391051974
0.6391140090144829 0.9604175619196544
0.6391140090144829 0.9621421699243204
0.6391140090144829 0.9637348851609193
0.6391140090144829 0.9652057943866859
0.6391140090144829 0.9665642129543799
0.6422281247290229 0.7779430005281351
0.6455593125155081 0.7779430005281351
0.6491227035664626 0.7779430005281351
0.6529344838069937 0.7779430005281351
0.6570119674158192 0.7779430005281351
0.6613736754711412 0.7779430005281351
0.6660394200785953 0.7779430005281351
0.6710303943634113 0.7779430005281351
0.6763692687355529 0.7779430005281351
0.6820802938651007 0.7779430005281351
0.688189410835621 0.7779430005281351
0.694724368975869 0.7779430005281351
0.7017148519050501 0.7779430005281351
0.7091926123641736 0.7779430005281351
0.7171916164459389 0.7779430005281351
0.7257481978782888 0.7779430005281351
0.734901223062429 0.7779430005281351
0.7446922676149607 0.7779430005281351
0.7551658052160336 0.7779430005281351
0.7663694096213189 0.7779430005281351
0.7783539707553975 0.7779430005281351
0.7911739258681207 0.7779430005281351
0.8048875068039215 0.7779430005281351
0.8195570045072414 0.7779430005281351
0.8342265022105614 0.7779430005281351
0.8479400831463622 0.7779430005281351
0.8607600382590854 0.7779430005281351
0.872744599393164 0.7779430005281351
0.8839482037984493 0.7779430005281351
0.8944217413995222 0.7779430005281351
0.9042127859520539 0.7779430005281351
0.9133658111361941 0.7779430005281351
0.921922392568544 0.7779430005281351
0.9299213966503093 0.7779430005281351
0.9373991571094328 0.7779430005281351
0.9443896400386139 0.7779430005281351
0.9509245981788619 0.7779430005281351
0.9570337151493822 0.7779430005281351
0.96274474027893 0.7779430005281351
0.9680836146510716 0.7779430005281351
0.9730745889358876 0.7779430005281351
0.9777403335433417 0.7779430005281351
0.9821020415986637 0.7779430005281351
0.9861795252074892 0.7779430005281351
0.9899913054480203 0.7779430005281351
0.9935546964989748 0.7779430005281351
0.99688588428546 0.7779430005281351
1.0 0.0
1.0 0.03841967467208395
1.0 0.07515204805665886
1.0 0.11027122243749264
1.0 0.1438480457012281
1.0 0.17595025426281108
1.0 0.20664260971397178
1.0 0.23598702947042802
1.0 0.26404271168137206
1.0 0.29086625465322785
1.0 0.31651177102859984
1.0 0.34103099695075134
1.0 0.36447339643383786
1.0 0.386886261149446
1.0 0.40831480583074387
1.0 0.42880225948670636
1.0 0.4483899526104276
1.0 0.4671174005574501
1.0 0.48502238326231556
1.0 0.5021410214541521
1.0 0.5185078495250539
1.0 0.5341558851982539
1.0 0.549116696136634
1.0 0.563420463625949
1.0 0.5770960434612313
1.0 0.5901710241592109
1.0 0.6026717826141819
1.0 0.6146235373095964
1.0 0.6260503991927294
1.0 0.6369754203150502
1.0 0.6474206403364222
1.0 0.6574071309869497
1.0 0.6669550385761641
1.0 0.6760836246353081
1.0 0.6848113047747069
1.0 0.693155685834614
1.0 0.7011336014044819
1.0 0.7087611457823091
1.0 0.7160537064425726
1.0 0.7230259950782465
1.0 0.7296920772795278
1.0 0.7360654009091434
1.0 0.7421588232314795
1.0 0.7479846368502656
1.0 0.7535545945071346
1.0 0.7588799327910907
1.0 0.763971394806712
1.0 0.7688392518468203
1.0 0.7734933241133384
1.0 0.7779430005281351
