# CURVE 2D, normalized by CHORD
# COLUMN#1 = X-coordinate, COLUMN#2 = Y-coordinate
#-------------------------------------------------------------------------------
0.0 -0.9822182191471732
0.0 -0.9749465694711038
0.0 -0.9674026114220844
0.0 -0.9595761476098
0.0 -0.951456598772574
0.0 -0.9430329894770685
0.0 -0.934293933282467
0.0 -0.9252276173490881
0.0 -0.9158217864706211
0.0 -0.906063726508403
0.0 -0.8959402472053429
0.0 -0.8854376643562634
0.0 -0.8745417813105557
0.0 -0.8632378697821509
0.0 -0.8515106499408603
0.0 -0.8393442697581799
0.0 -0.8267222835796354
0.0 -0.8136276298947078
0.0 -0.8000426082742864
0.0 -0.7859488554444772
0.0 -0.7713273204644254
0.0 -0.7561582389745967
0.0 -0.7404211064807106
0.0 -0.7240946506372118
0.0 -0.7071568024928135
0.0 -0.6895846666592467
0.0 -0.6713544903628882
0.0 -0.6524416313374383
0.0 -0.6328205245142422
0.0 -0.6124646474652348
0.0 -0.5913464845517926
0.0 -0.5694374897310349
0.0 -0.5467080479692965
0.0 -0.5231274352106143
0.0 -0.4986637768461163
0.0 -0.4732840046281733
0.0 -0.44695381197107487
0.0 -0.4196376075778066
0.0 -0.39129846733024587
0.0 -0.36189808437774335
0.0 -0.33139671735662485
0.0 -0.2997531366706194
0.0 -0.26692456875959925
0.0 -0.2328666382812989
0.0 -0.1975333081278577
0.0 -0.1608768171961051
0.0 -0.12284761582747061
0.0 -0.08339429883025076
0.0 -0.04246353599369717
0.0 0.0
0.0015127548936236107 -0.9822182191471732
0.0031486309275089858 -0.9822182191471732
0.004917648770069283 -0.9822182191471732
0.006830644658800511 -0.9822182191471732
0.008899336778381478 -0.9822182191471732
0.011136397041200272 -0.9822182191471732
0.013555528710003956 -0.9822182191471732
0.016171550338153942 -0.9822182191471732
0.019000486541668984 -0.9822182191471732
0.02205966615908586 -0.9822182191471732
0.025367828400422565 -0.9822182191471732
0.028945237635466664 -0.9822182191471732
0.03281380752453224 -0.9822182191471732
0.036997235252056504 -0.9822182191471732
0.041521146685293164 -0.9822182191471732
0.04641325334728177 -0.9822182191471732
0.05170352216564158 -0.9822182191471732
0.05742435903699745 -0.9822182191471732
0.06361080733147406 -0.9822182191471732
0.07030076255321101 -0.9822182191471732
0.07753520447181626 -0.9822182191471732
0.08535844814669459 -0.9822182191471732
0.09381841538191753 -0.9822182191471732
0.10296692827444978 -0.9822182191471732
0.11211544116698204 -0.9822182191471732
0.12057540840220497 -0.9822182191471732
0.1283986520770833 -0.9822182191471732
0.13563309399568857 -0.9822182191471732
0.1423230492174255 -0.9822182191471732
0.14850949751190212 -0.9822182191471732
0.15423033438325798 -0.9822182191471732
0.1595206032016178 -0.9822182191471732
0.1644127098636064 -0.9822182191471732
0.16893662129684306 -0.9822182191471732
0.17312004902436734 -0.9822182191471732
0.1769886189134329 -0.9822182191471732
0.180566028148477 -0.9822182191471732
0.1838741903898137 -0.9822182191471732
0.1869333700072306 -0.9822182191471732
0.18976230621074563 -0.9822182191471732
0.1923783278388956 -0.9822182191471732
0.19479745950769928 -0.9822182191471732
0.19703451977051809 -0.9822182191471732
0.19910321189009905 -0.9822182191471732
0.20101620777883028 -0.9822182191471732
0.20278522562139056 -0.9822182191471732
0.20442110165527594 -0.9822182191471732
0.20593385654889956 -0.9822182191471732
0.20593385654889956 -0.9726235255403696
0.20593385654889956 -0.9625975067722023
0.20593385654889956 -0.9521207728128853
0.20593385654889956 -0.9411730619625126
0.20593385654889956 -0.9297332016655175
0.20593385654889956 -0.9177790675635644
0.20593385654889956 -0.9052875407076801
0.20593385654889956 -0.8922344628468766
0.20593385654889956 -0.878594589706794
0.20593385654889956 -0.864341542168005
0.20593385654889956 -0.8494477552495623
0.20593385654889956 -0.8338844247991242
0.20593385654889956 -0.817621451786559
0.20593385654889956 -0.8006273840932923
0.20593385654889956 -0.782869355684821
0.20593385654889956 -0.7643130230487555
0.20593385654889956 -0.7449224987754614
0.20593385654889956 -0.7246602821528491
0.20593385654889956 -0.7034871866410835
0.20593385654889956 -0.6813622640869512
0.20593385654889956 -0.658242725531319
0.20593385654889956 -0.634083858456526
0.20593385654889956 -0.6088389403136713
0.20593385654889956 -0.5824591481625568
0.20593385654889956 -0.5560793560114424
0.20593385654889956 -0.5308344378685876
0.20593385654889956 -0.5066755707937947
0.20593385654889956 -0.48355603223816235
0.20593385654889956 -0.4614311096840301
0.20593385654889956 -0.44025801417226457
0.20593385654889956 -0.4199957975496523
0.20593385654889956 -0.4006052732763582
0.20593385654889956 -0.38204894064029266
0.20593385654889956 -0.3642909122318214
0.20593385654889956 -0.3472968445385546
0.20593385654889956 -0.33103387152598934
0.20593385654889956 -0.31547054107555134
0.20593385654889956 -0.3005767541571086
0.20593385654889956 -0.2863237066183196
0.20593385654889956 -0.27268383347823694
0.20593385654889956 -0.25963075561743354
0.20593385654889956 -0.2471392287615492
0.20593385654889956 -0.23518509465959603
0.20593385654889956 -0.22374523436260102
0.20593385654889956 -0.2127975235122282
0.20593385654889956 -0.20232078955291122
0.20593385654889956 -0.192294770784744
0.20593385654889956 -0.18270007717794037
0.20593385654889956 -0.18270007717794035
0.21543275279193275 -0.18270007717794037
0.22536100213159144 -0.18270007717794037
0.23573801146283124 -0.18270007717794037
0.2465840648783611 -0.18270007717794037
0.2579203633182578 -0.18270007717794037
0.26976906601175504 -0.18270007717794037
0.28215333379221486 -0.18270007717794037
0.2950973743699489 -0.18270007717794037
0.3086264896513858 -0.18270007717794037
0.32276712519707956 -0.18270007717794037
0.3375469219152359 -0.18270007717794037
0.3529947700918014 -0.18270007717794037
0.36914086586273076 -0.18270007717794037
0.38601677023881736 -0.18270007717794037
0.4036554707984651 -0.18270007717794037
0.4220914461689931 -0.18270007717794037
0.44136073342251525 -0.18270007717794037
0.46150099851813503 -0.18270007717794037
0.4825516099281496 -0.18270007717794037
0.5045537155921812 -0.18270007717794037
0.5275503233496601 -0.18270007717794037
0.5515863850078802 -0.18270007717794037
0.5767088842099577 -0.18270007717794037
0.6029669282744498 -0.18270007717794037
0.6292249723389418 -0.18270007717794037
0.6543474715410194 -0.18270007717794037
0.6783835331992394 -0.18270007717794037
0.7013801409567183 -0.18270007717794037
0.7233822466207499 -0.18270007717794037
0.7444328580307645 -0.18270007717794037
0.7645731231263844 -0.18270007717794037
0.7838424103799064 -0.18270007717794037
0.8022783857504344 -0.18270007717794037
0.8199170863100822 -0.18270007717794037
0.8367929906861687 -0.18270007717794037
0.8529390864570982 -0.18270007717794037
0.8683869346336637 -0.18270007717794037
0.88316673135182 -0.18270007717794037
0.8973073668975138 -0.18270007717794037
0.9108364821789507 -0.18270007717794037
0.9237805227566847 -0.18270007717794037
0.9361647905371445 -0.18270007717794037
0.9480134932306418 -0.18270007717794037
0.9593497916705385 -0.18270007717794037
0.9701958450860684 -0.18270007717794037
0.9805728544173081 -0.18270007717794037
0.9905011037569669 -0.18270007717794037
1.0 -0.18270007717794037
1.0 -0.18239220740103915
1.0 -0.18205869151880727
1.0 -0.1816973931646119
1.0 -0.18130599800864292
1.0 -0.18088199893326065
1.0 -0.18042267997342332
1.0 -0.17992509891932357
1.0 -0.179386068469793
1.0 -0.17880213581575172
1.0 -0.17816956052292246
1.0 -0.17748429057213508
1.0 -0.1767419364037453
1.0 -0.17593774279990726
1.0 -0.17506655842458832
1.0 -0.17412280282621292
1.0 -0.1731004306915671
1.0 -0.17199289312198923
1.0 -0.17079309568379764
1.0 -0.16949335296424387
1.0 -0.16808533934189504
1.0 -0.1665600356561006
1.0 -0.16490767143392993
1.0 -0.16311766230451014
1.0 -0.16117854219986577
1.0 -0.1590778899079667
1.0 -0.15680224950751293
1.0 -0.15433704417479424
1.0 -0.15166648281050624
1.0 -0.14877345888841267
1.0 -0.14563944087791955
1.0 -0.142244353538653
1.0 -0.13856644932666207
1.0 -0.1345821690885275
1.0 -0.13026599115103937
1.0 -0.1255902678397742
1.0 -0.12052504837937542
1.0 -0.11503788704110961
1.0 -0.10909363530876935
1.0 -0.10265421673162264
1.0 -0.09567838302220855
1.0 -0.08812144983664134
1.0 -0.07993501054493933
1.0 -0.07106662615790808
1.0 -0.06145948942437613
1.0 -0.051052060947127186
1.0 -0.03977767498663596
1.0 -0.027564112427547208
1.0 -0.01433313817249561
1.0 0.0
