# CURVE 2D, normalized by CHORD
# COLUMN#1 = X-coordinate, COLUMN#2 = Y-coordinate
#-------------------------------------------------------------------------------
0.0 -0.7590624872709917
0.0 -0.7548369168876582
0.0 -0.7504135454098552
0.0 -0.7457831136679499
0.0 -0.7409359290658797
0.0 -0.7358618452922403
0.0 -0.7305502410816406
0.0 -0.7249899979818651
0.0 -0.7191694770803067
0.0 -0.7130764946409516
0.0 -0.7066982966009187
0.0 -0.7000215318731698
0.0 -0.6930322243995058
0.0 -0.6857157438953491
0.0 -0.6780567752250751
0.0 -0.6700392863437866
0.0 -0.6616464947384277
0.0 -0.6528608322979874
0.0 -0.6436639085392611
0.0 -0.634036472111191
0.0 -0.6239583704972042
0.0 -0.6134085078311982
0.0 -0.6023648007388702
0.0 -0.5908041321119575
0.0 -0.5787023027186253
0.0 -0.566033980548714
0.0 -0.5527726477878099
0.0 -0.5388905453091467
0.0 -0.5243586145671445
0.0 -0.5091464367709547
0.0 -0.4932221692106893
0.0 -0.4765524786030476
0.0 -0.4591024713168182
0.0 -0.44083562033220136
0.0 -0.42171368878105975
0.0 -0.4016966499080506
0.0 -0.3807426032850963
0.0 -0.35880768710381317
0.0 -0.3358459863623036
0.0 -0.3118094367541255
0.0 -0.2866477240582555
0.0 -0.2603081788194457
0.0 -0.2327356660985137
0.0 -0.20387247006178869
0.0 -0.1736581731681301
0.0 -0.14202952970062957
0.0 -0.108920333378268
0.0 -0.07426127877040652
0.0 -0.03797981622401988
0.0 0.0
0.0028263651017164104 -0.7590624872709917
0.005854785324743872 -0.7590624872709917
0.009099705466756647 -0.7590624872709917
0.012576602975225282 -0.7590624872709917
0.016302061770922194 -0.7590624872709917
0.020293851349024616 -0.7590624872709917
0.02457101153510749 -0.7590624872709917
0.029153943300290613 -0.7590624872709917
0.03406450606870537 -0.7590624872709917
0.03932612198141311 -0.7590624872709917
0.0449638876140875 -0.7590624872709917
0.051004693681326194 -0.7590624872709917
0.05747735329855072 -0.7590624872709917
0.06441273941327164 -0.7590624872709917
0.0718439320612312 -0.7590624872709917
0.07980637614979809 -0.7590624872709917
0.0883380505212009 -0.7590624872709917
0.0974796491019895 -0.7590624872709917
0.10727477500276102 -0.7590624872709917
0.11777014849395714 -0.7590624872709917
0.12901582984972476 -0.7590624872709917
0.14106545812274832 -0.7590624872709917
0.15397650698895002 -0.7590624872709917
0.16781055888237165 -0.7590624872709917
0.18164461077579327 -0.7590624872709917
0.19455565964199498 -0.7590624872709917
0.20660528791501853 -0.7590624872709917
0.21785096927078615 -0.7590624872709917
0.2283463427619823 -0.7590624872709917
0.2381414686627538 -0.7590624872709917
0.24728306724354238 -0.7590624872709917
0.2558147416149452 -0.7590624872709917
0.2637771857035121 -0.7590624872709917
0.27120837835147166 -0.7590624872709917
0.2781437644661926 -0.7590624872709917
0.2846164240834171 -0.7590624872709917
0.2906572301506558 -0.7590624872709917
0.2962949957833302 -0.7590624872709917
0.3015566116960379 -0.7590624872709917
0.3064671744644527 -0.7590624872709917
0.3110501062296358 -0.7590624872709917
0.3153272664157187 -0.7590624872709917
0.3193190559938211 -0.7590624872709917
0.323044514789518 -0.7590624872709917
0.32652141229798665 -0.7590624872709917
0.3297663324399994 -0.7590624872709917
0.3327947526630269 -0.7590624872709917
0.3356211177647433 -0.7590624872709917
0.3356211177647433 -0.7577880566453985
0.3356211177647433 -0.7564070654444935
0.3356211177647433 -0.7549106036844905
0.3356211177647433 -0.7532890163798909
0.3356211177647433 -0.7515318412507158
0.3356211177647433 -0.749627741221175
0.3356211177647433 -0.7475644312742606
0.3356211177647433 -0.7453285991903431
0.3356211177647433 -0.7429058196583824
0.3356211177647433 -0.7402804612056121
0.3356211177647433 -0.7374355853452178
0.3356211177647433 -0.734352837291323
0.3356211177647433 -0.7310123275361888
0.3356211177647433 -0.7273925035255802
0.3356211177647433 -0.7234700106043603
0.3356211177647433 -0.7192195413351561
0.3356211177647433 -0.7146136722179133
0.3356211177647433 -0.7096226867568793
0.3356211177647433 -0.7042143837334611
0.3356211177647433 -0.6983538694479605
0.3356211177647433 -0.6920033325897562
0.3356211177647433 -0.6851218002834207
0.3356211177647433 -0.6776648737368156
0.3356211177647433 -0.6695844417855958
0.3356211177647433 -0.6615040098343761
0.3356211177647433 -0.654047083287771
0.3356211177647433 -0.6471655509814355
0.3356211177647433 -0.640815014123231
0.3356211177647433 -0.6349544998377306
0.3356211177647433 -0.6295461968143123
0.3356211177647433 -0.6245552113532783
0.3356211177647433 -0.6199493422360356
0.3356211177647433 -0.6156988729668313
0.3356211177647433 -0.6117763800456114
0.3356211177647433 -0.6081565560350027
0.3356211177647433 -0.6048160462798686
0.3356211177647433 -0.6017332982259738
0.3356211177647433 -0.5988884223655795
0.3356211177647433 -0.5962630639128093
0.3356211177647433 -0.5938402843808485
0.3356211177647433 -0.5916044522969309
0.3356211177647433 -0.5895411423500165
0.3356211177647433 -0.5876370423204758
0.3356211177647433 -0.5858798671913007
0.3356211177647433 -0.5842582798867011
0.3356211177647433 -0.582761818126698
0.3356211177647433 -0.5813808269257931
0.3356211177647433 -0.5801063963001999
0.3429438347433542 -0.5801063963001999
0.3506433736493856 -0.5801063963001999
0.35873912547738224 -0.5801063963001999
0.367251479068994 -0.5801063963001999
0.3762018724614946 -0.5801063963001999
0.3856128468786593 -0.5801063963001999
0.3955081034999758 -0.5801063963001999
0.405912563151159 -0.5801063963001999
0.4168524290662985 -0.5801063963001999
0.42835525287970255 -0.5801063963001999
0.4404500040136361 -0.5801063963001999
0.4531671426367042 -0.5801063963001999
0.4665386963766225 -0.5801063963001999
0.48059834098057397 -0.5801063963001999
0.4953814851262916 -0.5801063963001999
0.5109253595974602 -0.5801063963001999
0.5272691110480229 -0.5801063963001999
0.5444539005915326 -0.5801063963001999
0.5625230074638448 -0.5801063963001999
0.5815219380202186 -0.5801063963001999
0.6014985403413338 -0.5801063963001999
0.6225031247368542 -0.5801063963001999
0.6445885904500204 -0.5801063963001999
0.6678105588823716 -0.5801063963001999
0.6910325273147229 -0.5801063963001999
0.713117993027889 -0.5801063963001999
0.7341225774234095 -0.5801063963001999
0.7540991797445247 -0.5801063963001999
0.7730981103008985 -0.5801063963001999
0.7911672171732106 -0.5801063963001999
0.8083520067167204 -0.5801063963001999
0.824695758167283 -0.5801063963001999
0.8402396326384517 -0.5801063963001999
0.8550227767841693 -0.5801063963001999
0.8690824213881208 -0.5801063963001999
0.882453975128039 -0.5801063963001999
0.8951711137511071 -0.5801063963001999
0.9072658648850408 -0.5801063963001999
0.9187686886984447 -0.5801063963001999
0.9297085546135844 -0.5801063963001999
0.9401130142647676 -0.5801063963001999
0.950008270886084 -0.5801063963001999
0.9594192453032486 -0.5801063963001999
0.9683696386957492 -0.5801063963001999
0.9768819922873611 -0.5801063963001999
0.9849777441153578 -0.5801063963001999
0.992677283021389 -0.5801063963001999
1.0 -0.5801063963001999
1.0 -0.5776878286696427
1.0 -0.5751338602394185
1.0 -0.5724369107474253
1.0 -0.5695889755590786
1.0 -0.5665816019092927
1.0 -0.5634058638143973
1.0 -0.5600523355795242
1.0 -0.5565110638228361
1.0 -0.5527715379335632
1.0 -0.5488226588761643
1.0 -0.5446527062480268
1.0 -0.5402493034929253
1.0 -0.5355993811669985
1.0 -0.5306891381482094
1.0 -0.5255040006741635
1.0 -0.5200285790867027
1.0 -0.5142466221548959
1.0 -0.5081409688408518
1.0 -0.5016934973651954
1.0 -0.4948850714210325
1.0 -0.48769548337676244
1.0 -0.48010339429916493
1.0 -0.47208627061874586
1.0 -0.4636203172493636
1.0 -0.4546804069636329
1.0 -0.445240005814489
1.0 -0.4352710943815627
1.0 -0.4247440846086209
1.0 -0.4136277319852449
1.0 -0.4018890428120986
1.0 -0.3894931762745459
1.0 -0.37640334103396983
1.0 -0.3625806860298725
1.0 -0.34798418516865226
1.0 -0.33257051555681244
1.0 -0.3162939289171913
1.0 -0.29910611580657476
1.0 -0.28095606223168346
1.0 -0.2617898982379672
1.0 -0.24155073802181198
1.0 -0.22017851109160838
1.0 -0.1976097839765616
1.0 -0.1737775719540685
1.0 -0.14861114023686323
1.0 -0.12203579402984752
1.0 -0.09397265683348806
1.0 -0.06433843633577772
1.0 -0.033045177197920515
1.0 0.0
