# CURVE 2D, normalized by CHORD
# COLUMN#1 = X-coordinate, COLUMN#2 = Y-coordinate
#-------------------------------------------------------------------------------
0.0 0.0
0.0 0.03964159601916326
0.0 0.07763243575338605
0.0 0.11404126003517533
0.0 0.1489339471896549
0.0 0.18237363223516587
0.0 0.21442082112011282
0.0 0.2451335002027568
0.0 0.274567241172048
0.0 0.3027753015993427
0.0 0.3298087213029432
0.0 0.35571641469982324
0.0 0.3805452593116406
0.0 0.40434018058518073
0.0 0.42714423318070455
0.0 0.44899867887528566
0.0 0.4699430612220948
0.0 0.49001527710072024
0.0 0.5092516452879887
0.0 0.5276869721733576
0.0 0.5453546147377861
0.0 0.5622865409100388
0.0 0.5785133874096293
0.0 0.5940645151810682
0.0 0.608968062519716
0.0 0.6232509959853682
0.0 0.6369391591956951
0.0 0.6500573195878252
0.0 0.6626292132326806
0.0 0.674677587783153
0.0 0.6862242436338309
0.0 0.6972900733667526
0.0 0.707895099554558
0.0 0.7180585109894401
0.0 0.7277986974034513
0.0 0.7371332827429837
0.0 0.7460791570576347
0.0 0.7546525070611539
0.0 0.7628688454197721
0.0 0.7707430388209034
0.0 0.7782893348730109
0.0 0.7855213878853068
0.0 0.7924522835739346
0.0 0.7990945627393341
0.0 0.8054602439576348
0.0 0.8115608453271335
0.0 0.8174074053092029
0.0 0.8230105027013447
0.0 0.8283802757785235
0.0 0.8335264406374163
0.003004603315941601 0.8335264406374163
0.006220646347654651 0.8335264406374163
0.009663008514717908 0.8335264406374163
0.013347616330091738 0.8335264406374163
0.01729151708609386 0.8335264406374163
0.021512957725798948 0.8335264406374163
0.026031469264770374 0.8335264406374163
0.0308679571537116 0.8335264406374163
0.03604479800011118 0.8335264406374163
0.04158594309637606 0.8335264406374163
0.04751702923343873 0.8335264406374163
0.05386549731253111 0.8335264406374163
0.060660719303897256 0.8335264406374163
0.06793413413983472 0.8335264406374163
0.07571939317079088 0.8335264406374163
0.08405251585748451 0.8335264406374163
0.09297205641938147 0.8335264406374163
0.10251928221054424 0.8335264406374163
0.11273836464813321 0.8335264406374163
0.12367658357691384 0.8335264406374163
0.13538454601528743 0.8335264406374163
0.1479164202949009 0.8335264406374163
0.16133018667711127 0.8335264406374163
0.175687905605813 0.8335264406374163
0.1900456245345147 0.8335264406374163
0.20345939091672507 0.8335264406374163
0.21599126519633854 0.8335264406374163
0.22769922763471212 0.8335264406374163
0.23863744656349278 0.8335264406374163
0.24885652900108174 0.8335264406374163
0.25840375479224453 0.8335264406374163
0.26732329535414145 0.8335264406374163
0.27565641804083507 0.8335264406374163
0.28344167707179124 0.8335264406374163
0.2907150919077287 0.8335264406374163
0.2975103138990949 0.8335264406374163
0.3038587819781873 0.8335264406374163
0.3097898681152499 0.8335264406374163
0.3153310132115148 0.8335264406374163
0.3205078540579144 0.8335264406374163
0.3253443419468556 0.8335264406374163
0.329862853485827 0.8335264406374163
0.3340842941255321 0.8335264406374163
0.33802819488153424 0.8335264406374163
0.34171280269690807 0.8335264406374163
0.34515516486397135 0.8335264406374163
0.3483712078956844 0.8335264406374163
0.351375811211626 0.1585140536981066
0.351375811211626 0.15851405369810662
0.351375811211626 0.16600746628572532
0.351375811211626 0.17388240606048538
0.351375811211626 0.1821582984834602
0.351375811211626 0.19085555806329485
0.351375811211626 0.19999563871357418
0.351375811211626 0.20960108667413718
0.351375811211626 0.21969559612688083
0.351375811211626 0.23030406764324307
0.351375811211626 0.24145266960753953
0.351375811211626 0.25316890276767123
0.351375811211626 0.26548166807243134
0.351375811211626 0.2784213379627495
0.351375811211626 0.2920198312927309
0.351375811211626 0.3063106920653007
0.351375811211626 0.3213291721766742
0.351375811211626 0.33711231837376404
0.351375811211626 0.3536990636390228
0.351375811211626 0.37113032322814804
0.351375811211626 0.3894490955975462
0.351375811211626 0.408700568470521
0.351375811211626 0.4289322303038221
0.351375811211626 0.450193987429515
0.351375811211626 0.47253828716112967
0.351375811211626 0.49602024716776144
0.351375811211626 0.5195022071743932
0.351375811211626 0.5418465069060079
0.351375811211626 0.5631082640317008
0.351375811211626 0.5833399258650019
0.351375811211626 0.6025913987379767
0.351375811211626 0.6209101711073749
0.351375811211626 0.6383414306965001
0.351375811211626 0.6549281759617589
0.351375811211626 0.6707113221588487
0.351375811211626 0.6857298022702223
0.351375811211626 0.700020663042792
0.351375811211626 0.7136191563727734
0.351375811211626 0.7265588262630915
0.351375811211626 0.7388715915678516
0.351375811211626 0.7505878247279834
0.351375811211626 0.7617364266922799
0.351375811211626 0.772344898208642
0.351375811211626 0.7824394076613858
0.351375811211626 0.7920448556219488
0.351375811211626 0.8011849362722281
0.351375811211626 0.8098821958520628
0.351375811211626 0.8181580882750376
0.351375811211626 0.8260330280497976
0.351375811211626 0.8335264406374163
0.3584482892676954 0.1585140536981066
0.3658904913745429 0.1585140536981066
0.3737217453932999 0.1585140536981066
0.3819623895770785 0.1585140536981066
0.3906338253906781 0.1585140536981066
0.39975857309151835 0.1585140536981066
0.4093603302161471 0.1585140536981066
0.4194640331242142 0.1585140536981066
0.43009592175974665 0.1585140536981066
0.44128360779791315 0.1585140536981066
0.4530561463542594 0.1585140536981066
0.4654441114426481 0.1585140536981066
0.4784796753778716 0.1585140536981066
0.4921966923291523 0.1585140536981066
0.5066307862415225 0.1585140536981066
0.5218194433534222 0.1585140536981066
0.5378021095507898 0.1585140536981066
0.5546202928104763 0.1585140536981066
0.5723176709990411 0.1585140536981066
0.5909402053068831 0.1585140536981066
0.6105362596123075 0.1585140536981066
0.6311567260855223 0.1585140536981066
0.6528551573587645 0.1585140536981066
0.6756879056058129 0.1585140536981066
0.6985206538528613 0.1585140536981066
0.7202190851261036 0.1585140536981066
0.7408395515993184 0.1585140536981066
0.7604356059047429 0.1585140536981066
0.7790581402125848 0.1585140536981066
0.7967555184011496 0.1585140536981066
0.8135737016608362 0.1585140536981066
0.8295563678582036 0.1585140536981066
0.8447450249701035 0.1585140536981066
0.8591791188824736 0.1585140536981066
0.8728961358337544 0.1585140536981066
0.8859316997689779 0.1585140536981066
0.8983196648573666 0.1585140536981066
0.9100922034137128 0.1585140536981066
0.9212798894518793 0.1585140536981066
0.9319117780874118 0.1585140536981066
0.9420154809954788 0.1585140536981066
0.9516172381201076 0.1585140536981066
0.9607419858209478 0.1585140536981066
0.9694134216345475 0.1585140536981066
0.9776540658183261 0.1585140536981066
0.9854853198370831 0.1585140536981066
0.9929275219439306 0.1585140536981066
1.0 0.0
1.0 0.012693595651274217
1.0 0.024389085379077476
1.0 0.03516495092032946
1.0 0.04509350294043817
1.0 0.05424136626878405
1.0 0.06266992697981297
1.0 0.07043574431984378
1.0 0.07759093024379511
1.0 0.08418349910868525
1.0 0.09025768987049815
1.0 0.09585426294649409
1.0 0.1010107737350381
1.0 0.10576182462838128
1.0 0.11013929720950827
1.0 0.11417256619119132
1.0 0.11788869653287325
1.0 0.12131262505811787
1.0 0.1244673277913589
1.0 0.12737397413684806
1.0 0.13005206893440943
1.0 0.13251958334525477
1.0 0.13479307544615932
1.0 0.1368878013412371
1.0 0.13881781753692288
1.0 0.14059607526714063
1.0 0.14223450740162108
1.0 0.14374410852055974
1.0 0.14513500869295143
1.0 0.1464165414536845
1.0 0.14759730643555094
1.0 0.14868522707645956
1.0 0.14968760378909216
1.0 0.15061116294979435
1.0 0.15146210203543686
1.0 0.15224613121113537
1.0 0.15296851164789987
1.0 0.15363409082734203
1.0 0.15424733507034924
1.0 0.15481235950800773
1.0 0.15533295569589162
1.0 0.155812617057022
1.0 0.1562545623242294
1.0 0.15666175713922703
1.0 0.15703693395333498
1.0 0.15738261036339685
1.0 0.1577011060059311
1.0 0.1579945581228839
1.0 0.15826493590343652
1.0 0.1585140536981066
