# CURVE 2D, normalized by CHORD
# COLUMN#1 = X-coordinate, COLUMN#2 = Y-coordinate
#-------------------------------------------------------------------------------
0.0 0.0
0.0 -0.042754763956091256
0.0 -0.083991571102265
0.0 -0.12376431468136864
0.0 -0.16212497452105526
0.0 -0.19912368496730382
0.0 -0.23480880040604085
0.0 -0.26922695845849554
0.0 -0.302423140932879
0.0 -0.33444073261204693
0.0 -0.3653215779539771
0.0 -0.3951060357791631
0.0 -0.42383303201639894
0.0 -0.451540110575886
0.0 -0.4782634824161525
0.0 -0.5040380728689098
0.0 -0.5288975672836961
0.0 -0.5528744550519624
0.0 -0.5760000720681356
0.0 -0.5983046416831513
0.0 -0.6198173142039821
0.0 -0.6405662049907805
0.0 -0.6605784312014301
0.0 -0.6798801472315238
0.0 -0.6984965788960888
0.0 -0.7164520563977304
0.0 -0.73377004612428
0.0 -0.7504731813175082
0.0 -0.7665832916529783
0.0 -0.7821214317697059
0.0 -0.7971079087869046
0.0 -0.811562308843784
0.0 -0.8255035226970827
0.0 -0.8389497704097926
0.0 -0.8519186251633386
0.0 -0.8644270362243363
0.0 -0.876491351095941
0.0 -0.8881273368827414
0.0 -0.8993502008971161
0.0 -0.9101746105339882
0.0 -0.9206147124399486
0.0 -0.9306841510018039
0.0 -0.9403960861787098
0.0 -0.949763210701196
0.0 -0.9587977666595601
0.0 -0.9675115615033109
0.0 -0.9759159834725704
0.0 -0.9840220164816016
0.0 -0.9918402544739159
0.0 -0.9993809152677178
0.3707687151888459 -0.9993809152677178
0.3457066650033544 -0.9993809152677178
0.32178423386432925 -0.9993809152677178
0.2989496011281497 -0.9993809152677178
0.27715330253433335 -0.9993809152677178
0.25634812305631716 -0.9993809152677178
0.23648899462451684 -0.9993809152677178
0.21753289850011348 -0.9993809152677178
0.1994387720880892 -0.9993809152677178
0.1821674199876514 -0.9993809152677178
0.1656814290873632 -0.9993809152677178
0.1499450875210595 -0.9993809152677178
0.13492430730899183 -0.9993809152677178
0.12058655051662698 -0.9993809152677178
0.10690075877114569 -0.9993809152677178
0.09383728598295998 -0.9993809152677178
0.08136783412651072 -0.9993809152677178
0.06946539194123486 -0.9993809152677178
0.0581041764199155 -0.9993809152677178
0.04725957695766869 -0.9993809152677178
0.03690810204058098 -0.9993809152677178
0.02702732835851679 -0.9993809152677178
0.017595852231862663 -0.9993809152677178
0.008593243246989679 -0.9993809152677178
0.3958307653743374 -0.9993809152677178
0.41975319651336257 -0.9993809152677178
0.4425878292495421 -0.9993809152677178
0.4643841278433585 -0.9993809152677178
0.48518930732137466 -0.9993809152677178
0.505048435753175 -0.9993809152677178
0.5240045318775783 -0.9993809152677178
0.5420986582896026 -0.9993809152677178
0.5593700103900404 -0.9993809152677178
0.5758560012903287 -0.9993809152677178
0.5915923428566323 -0.9993809152677178
0.6066131230687 -0.9993809152677178
0.6209508798610648 -0.9993809152677178
0.6346366716065461 -0.9993809152677178
0.6477001443947319 -0.9993809152677178
0.6601695962511811 -0.9993809152677178
0.6720720384364569 -0.9993809152677178
0.6834332539577763 -0.9993809152677178
0.6942778534200231 -0.9993809152677178
0.7046293283371108 -0.9993809152677178
0.7145101020191751 -0.9993809152677178
0.7239415781458292 -0.9993809152677178
0.7329441871307021 -0.9993809152677178
0.7415374303776918 -0.9993809152677178
0.7415374303776918 -0.9648234657181459
0.7415374303776918 -0.9681659072956526
0.7415374303776918 -0.9712230503388811
0.7415374303776918 -0.9740192468826461
0.7415374303776918 -0.9765767703615298
0.7415374303776918 -0.9789159930315623
0.7415374303776918 -0.9810555482478384
0.7415374303776918 -0.9830124788907131
0.7415374303776918 -0.9848023731228834
0.7415374303776918 -0.9864394885587427
0.7415374303776918 -0.9879368658350967
0.7415374303776918 -0.9893064324878993
0.7415374303776918 -0.9905590979624523
0.7415374303776918 -0.9917048405138835
0.7415374303776918 -0.9927527866901191
0.7415374303776918 -0.9937112840304814
0.7415374303776918 -0.9945879675590017
0.7415374303776918 -0.995389820602108
0.7415374303776918 -0.9961232304151383
0.7415374303776918 -0.9967940390607792
0.7415374303776918 -0.9974075899447078
0.7415374303776918 -0.9979687703791219
0.7415374303776918 -0.9984820505132043
0.7415374303776918 -0.9989515189406248
0.7415374303776918 -0.9614810241406393
0.7415374303776918 -0.9584238810974107
0.7415374303776918 -0.9556276845536458
0.7415374303776918 -0.9530701610747621
0.7415374303776918 -0.9507309384047296
0.7415374303776918 -0.9485913831884535
0.7415374303776918 -0.9466344525455788
0.7415374303776918 -0.9448445583134084
0.7415374303776918 -0.9432074428775491
0.7415374303776918 -0.9417100656011952
0.7415374303776918 -0.9403404989483926
0.7415374303776918 -0.9390878334738395
0.7415374303776918 -0.9379420909224083
0.7415374303776918 -0.9368941447461727
0.7415374303776918 -0.9359356474058105
0.7415374303776918 -0.9350589638772902
0.7415374303776918 -0.9342571108341838
0.7415374303776918 -0.9335237010211536
0.7415374303776918 -0.9328528923755126
0.7415374303776918 -0.932239341491584
0.7415374303776918 -0.9316781610571699
0.7415374303776918 -0.9311648809230876
0.7415374303776918 -0.930695412495667
0.7415374303776918 -0.9302660161685741
0.8707687151888459 -0.9302660161685741
0.8596371037221779 -0.9302660161685741
0.8493034928855548 -0.9302660161685741
0.8397106757770416 -0.9302660161685741
0.8308055465311006 -0.9302660161685741
0.822538806324354 -0.9302660161685741
0.8148646904571429 -0.9302660161685741
0.8077407150000071 -0.9302660161685741
0.8011274416025184 -0.9302660161685741
0.7949882591624491 -0.9302660161685741
0.7892891811465959 -0.9302660161685741
0.7839986574412253 -0.9302660161685741
0.7790873996905456 -0.9302660161685741
0.774528219156277 -0.9302660161685741
0.7702958762007119 -0.9302660161685741
0.7663669405600014 -0.9302660161685741
0.7627196616341414 -0.9302660161685741
0.7593338480755824 -0.9302660161685741
0.756190756009867 -0.9302660161685741
0.7532729852694816 -0.9302660161685741
0.7505643830664753 -0.9302660161685741
0.7480499545705743 -0.9302660161685741
0.7457157798977555 -0.9302660161685741
0.7435489370497242 -0.9302660161685741
0.8819003266555139 -0.9302660161685741
0.892233937492137 -0.9302660161685741
0.9018267546006502 -0.9302660161685741
0.9107318838465912 -0.9302660161685741
0.9189986240533378 -0.9302660161685741
0.9266727399205489 -0.9302660161685741
0.9337967153776847 -0.9302660161685741
0.9404099887751735 -0.9302660161685741
0.9465491712152427 -0.9302660161685741
0.952248249231096 -0.9302660161685741
0.9575387729364665 -0.9302660161685741
0.9624500306871462 -0.9302660161685741
0.9670092112214148 -0.9302660161685741
0.9712415541769799 -0.9302660161685741
0.9751704898176904 -0.9302660161685741
0.9788177687435504 -0.9302660161685741
0.9822035823021095 -0.9302660161685741
0.9853466743678249 -0.9302660161685741
0.9882644451082102 -0.9302660161685741
0.9909730473112165 -0.9302660161685741
0.9934874758071175 -0.9302660161685741
0.9958216504799363 -0.9302660161685741
0.9979884933279676 -0.9302660161685741
1.0 -0.9302660161685741
1.0 0.0
1.0 -0.04154223786967324
1.0 -0.08150802999796988
1.0 -0.11995719938198747
1.0 -0.15694729885443556
1.0 -0.19253369723188293
1.0 -0.2267696621938495
1.0 -0.2597064400168003
1.0 -0.2913933322823925
1.0 -0.32187776967479603
1.0 -0.3512053829775517
1.0 -0.3794200713762395
1.0 -0.4065640681691953
1.0 -0.43267800398463613
1.0 -0.4578009675988204
1.0 -0.4819705644462794
1.0 -0.5052229729097013
1.0 -0.5275929984737256
1.0 -0.5491141258237073
1.0 -0.5698185689674378
1.0 -0.5897373194548431
1.0 -0.6089001927678428
1.0 -0.6273358729498034
1.0 -0.6450719555413932
1.0 -0.6621349888871062
1.0 -0.6785505138742853
1.0 -0.6943431021641281
1.0 -0.7095363929719011
1.0 -0.7241531284514187
1.0 -0.7382151877367504
1.0 -0.7517436196921128
1.0 -0.7647586744189676
1.0 -0.7772798335674883
1.0 -0.7893258394977661
1.0 -0.8009147233344062
1.0 -0.812063831956507
1.0 -0.8227898539634235
1.0 -0.8331088446551816
1.0 -0.8430362500649345
1.0 -0.852586930079435
1.0 -0.8617751806821318
1.0 -0.8706147553521847
1.0 -0.8791188856514287
1.0 -0.887300301030104
1.0 -0.8951712478809979
1.0 -0.902743507870519
1.0 -0.9100284155741444
1.0 -0.9170368754426355
1.0 -0.9237793781244205
