# CURVE 2D, normalized by CHORD
# COLUMN#1 = X-coordinate, COLUMN#2 = Y-coordinate
#-------------------------------------------------------------------------------
0.0 0.0
0.0 0.022640903874833782
0.0 0.04375614907420864
0.0 0.06344854220014338
0.0 0.08181396222556858
0.0 0.0989418273130313
0.0 0.11491553017679319
0.0 0.12981284410802718
0.0 0.14370630163998185
0.0 0.15666354769677074
0.0 0.16874766894520926
0.0 0.180017500953258
0.0 0.19052791465057603
0.0 0.20033008348591227
0.0 0.20947173258208018
0.0 0.21799737110160886
0.0 0.2259485089544216
0.0 0.2333638589026535
0.0 0.2402795250466245
0.0 0.24672917860967317
0.0 0.25274422187771917
0.0 0.25835394109174825
0.0 0.2635856490376281
0.0 0.26846481802750055
0.0 0.2730152039202148
0.0 0.2772589617846363
0.0 0.2812167537689767
0.0 0.28490784970134175
0.0 0.2883502209113064
0.0 0.29156062772931624
0.0 0.29455470108993737
0.0 0.2973470186362657
0.0 0.29995117569603647
0.0 0.3023798514750041
0.0 0.3046448707898773
0.0 0.3067572616413763
0.0 0.30872730890772665
0.0 0.3105646044200134
0.0 0.3122780936632042
0.0 0.3138761193302219
0.0 0.3153664619411227
0.0 0.31675637772514875
0.0 0.31805263395009625
0.0 0.3192615418710122
0.0 0.3203889874586408
0.0 0.32144046005723237
0.0 0.32242107911124296
0.0 0.32333561909105485
0.0 0.32418853273907505
0.0 0.3249839727493945
0.43157979274157093 0.3249839727493945
0.40380918484431927 0.3249839727493945
0.37716260221584264 0.3249839727493945
0.35159454953210934 0.3249839727493945
0.3270613729085697 0.3249839727493945
0.3035211853672355 0.3249839727493945
0.28093379532050655 0.3249839727493945
0.25926063794963894 0.3249839727493945
0.2384647093606953 0.3249839727493945
0.21851050340555575 0.3249839727493945
0.19936395106012128 0.3249839727493945
0.18099236225620596 0.3249839727493945
0.16336437006780402 0.3249839727493945
0.14644987715643792 0.3249839727493945
0.1302200043841496 0.3249839727493945
0.11464704150639993 0.3249839727493945
0.09970439986068996 0.3249839727493945
0.08536656697012757 0.3249839727493945
0.07160906298443087 0.3249839727493945
0.05840839888399746 0.3249839727493945
0.04574203637567892 0.3249839727493945
0.03358834941178823 0.3249839727493945
0.021926587266638986 0.3249839727493945
0.010736839107574947 0.3249839727493945
0.4593504006388226 0.3249839727493945
0.48599698326729923 0.3249839727493945
0.5115650359510325 0.3249839727493945
0.5360982125745721 0.3249839727493945
0.5596384001159064 0.3249839727493945
0.5822257901626353 0.3249839727493945
0.6038989475335029 0.3249839727493945
0.6246948761224466 0.3249839727493945
0.6446490820775861 0.3249839727493945
0.6637956344230206 0.3249839727493945
0.6821672232269359 0.3249839727493945
0.6997952154153378 0.3249839727493945
0.716709708326704 0.3249839727493945
0.7329395810989923 0.3249839727493945
0.7485125439767419 0.3249839727493945
0.7634551856224518 0.3249839727493945
0.7777930185130143 0.3249839727493945
0.7915505224987109 0.3249839727493945
0.8047511865991444 0.3249839727493945
0.8174175491074629 0.3249839727493945
0.8295712360713536 0.3249839727493945
0.8412329982165029 0.3249839727493945
0.8524227463755669 0.3249839727493945
0.8631595854831419 0.3249839727493945
0.8631595854831419 0.3015425431639735
0.8631595854831419 0.30384258877010756
0.8631595854831419 0.3059422818386074
0.8631595854831419 0.30785907469269197
0.8631595854831419 0.3096088994173574
0.8631595854831419 0.3112063002843973
0.8631595854831419 0.3126645546421345
0.8631595854831419 0.31399578327468186
0.8631595854831419 0.3152110511480205
0.8631595854831419 0.31632045938028097
0.8631595854831419 0.31733322920067136
0.8631595854831419 0.31825777859490434
0.8631595854831419 0.3191017922741895
0.8631595854831419 0.319872285549361
0.8631595854831419 0.3205756626410538
0.8631595854831419 0.3212177699105924
0.8631595854831419 0.3218039444540397
0.8631595854831419 0.3223390584633119
0.8631595854831419 0.3228275597230824
0.8631595854831419 0.32327350858007814
0.8631595854831419 0.3236806116920522
0.8631595854831419 0.32405225283694816
0.8631595854831419 0.3243915210383379
0.8631595854831419 0.3247012362409063
0.8631595854831419 0.29924249755783944
0.8631595854831419 0.2971428044893396
0.8631595854831419 0.295226011635255
0.8631595854831419 0.2934761869105896
0.8631595854831419 0.2918787860435497
0.8631595854831419 0.2904205316858125
0.8631595854831419 0.28908930305326513
0.8631595854831419 0.2878740351799265
0.8631595854831419 0.286764626947666
0.8631595854831419 0.28575185712727563
0.8631595854831419 0.28482730773304266
0.8631595854831419 0.2839832940537575
0.8631595854831419 0.283212800778586
0.8631595854831419 0.2825094236868932
0.8631595854831419 0.2818673164173546
0.8631595854831419 0.2812811418739073
0.8631595854831419 0.2807460278646351
0.8631595854831419 0.2802575266048646
0.8631595854831419 0.27981157774786886
0.8631595854831419 0.2794044746358948
0.8631595854831419 0.27903283349099883
0.8631595854831419 0.2786935652896091
0.8631595854831419 0.2783838500870407
0.8631595854831419 0.2781011135785525
0.931579792741571 0.2781011135785525
0.9252391244469946 0.2781011135785525
0.9194070746887297 0.2781011135785525
0.9140428444841672 0.2781011135785525
0.9091089075528572 0.2781011135785525
0.9045707477957612 0.2781011135785525
0.9003966178326815 0.2781011135785525
0.8965573169086816 0.2781011135785525
0.8930259866158047 0.2781011135785525
0.8897779230010368 0.2781011135785525
0.8867904037460808 0.2781011135785525
0.8840425292099562 0.2781011135785525
0.8815150762224129 0.2781011135785525
0.8791903636053475 0.2781011135785525
0.8770521284814587 0.2781011135785525
0.8750854125048391 0.2781011135785525
0.8732764572176129 0.2781011135785525
0.8716126078005723 0.2781011135785525
0.870082224544482 0.2781011135785525
0.8686746014227414 0.2781011135785525
0.8673798911957614 0.2781011135785525
0.8661890365231175 0.2781011135785525
0.8650937066015597 0.2781011135785525
0.8640862388856242 0.2781011135785525
0.9379204610361473 0.2781011135785525
0.9437525107944122 0.2781011135785525
0.9491167409989748 0.2781011135785525
0.9540506779302848 0.2781011135785525
0.9585888376873808 0.2781011135785525
0.9627629676504603 0.2781011135785525
0.9666022685744604 0.2781011135785525
0.9701335988673372 0.2781011135785525
0.9733816624821051 0.2781011135785525
0.9763691817370612 0.2781011135785525
0.9791170562731858 0.2781011135785525
0.981644509260729 0.2781011135785525
0.9839692218777943 0.2781011135785525
0.9861074570016831 0.2781011135785525
0.9880741729783028 0.2781011135785525
0.9898831282655289 0.2781011135785525
0.9915469776825696 0.2781011135785525
0.9930773609386598 0.2781011135785525
0.9944849840604004 0.2781011135785525
0.9957796942873804 0.2781011135785525
0.9969705489600245 0.2781011135785525
0.9980658788815822 0.2781011135785525
0.9990733465975177 0.2781011135785525
1.0 0.2781011135785525
1.0 0.0
1.0 0.020139345391598677
1.0 0.038861045718518346
1.0 0.05626489158915901
1.0 0.0724436491699269
1.0 0.08748355464845196
1.0 0.1014647738906425
1.0 0.1144618297416457
1.0 0.12654399924831813
1.0 0.1377756829204859
1.0 0.1482167479992346
1.0 0.15792284756192157
1.0 0.16694571716480713
1.0 0.1753334506044731
1.0 0.18313075626789432
1.0 0.19037919543756368
1.0 0.19711740382188708
1.0 0.20338129749165174
1.0 0.20920426432025296
1.0 0.2146173419480959
1.0 0.21964938321976024
1.0 0.22432720997574265
1.0 0.22867575601851928
1.0 0.232718200014968
1.0 0.23647608904354783
1.0 0.2399694534447681
1.0 0.24321691358712494
1.0 0.2462357791175896
1.0 0.249042141225675
1.0 0.2516509584128669
1.0 0.2540761362245895
1.0 0.25633060136969327
1.0 0.2584263706225373
1.0 0.2603746148749292
1.0 0.2621857186793329
1.0 0.26386933560072173
1.0 0.26543443967211433
1.0 0.26688937322806183
1.0 0.2682418913710493
1.0 0.26949920330782634
1.0 0.2706680107759985
1.0 0.27175454376570096
1.0 0.27276459372675915
1.0 0.2737035444383368
1.0 0.27457640070561323
1.0 0.2753878150364505
1.0 0.27614211244024
1.0 0.2768433134811145
1.0 0.2774951557084023
