# CURVE 2D, normalized by CHORD
# COLUMN#1 = X-coordinate, COLUMN#2 = Y-coordinate
#-------------------------------------------------------------------------------
0.0 0.0
0.0 -0.04493743008424578
0.0 -0.08848209714504514
0.0 -0.13067716762150808
0.0 -0.17156447007872408
0.0 -0.21118453667300557
0.0 -0.24957664333198282
0.0 -0.28677884868938186
0.0 -0.3228280318130818
0.0 -0.3577599287638519
0.0 -0.39160916802100987
0.0 -0.4244093048101191
0.0 -0.45619285436675416
0.0 -0.48699132416930985
0.0 -0.5168352451728062
0.0 -0.5457542020746531
0.0 -0.5737768626423746
0.0 -0.6009310061323696
0.0 -0.6272435508278782
0.0 -0.6527405807234534
0.0 -0.6774473713823905
0.0 -0.7013884149927473
0.0 -0.7245874446467939
0.0 -0.7470674578679602
0.0 -0.7688507394086027
0.0 -0.7899588833411921
0.0 -0.8104128144648209
0.0 -0.8302328090482493
0.0 -0.8494385149300552
0.0 -0.8680489709958121
0.0 -0.8860826260516035
0.0 -0.9035573571125823
0.0 -0.9204904871247079
0.0 -0.9368988021372245
0.0 -0.9527985679429074
0.0 -0.9682055462025714
0.0 -0.9831350100698265
0.0 -0.9976017593315687
0.0 -1.011620135079217
0.0 -1.0252040339252382
0.0 -1.038366921779053
0.0 -1.0511218471959818
0.0 -1.0634814543124602
0.0 -1.075457995380349
0.0 -1.0870633429127625
0.0 -1.0983090014534582
0.0 -1.109206118981452
0.0 -1.119765497962166
0.0 -1.1299976060560644
0.0 -1.1399125864953914
0.1788806855272695 -1.1399125864953914
0.16431326998176293 -1.1399125864953914
0.1506978957471236 -1.1399125864953914
0.13797234295636362 -1.1399125864953914
0.12607845807008392 -1.1399125864953914
0.11496188812502108 -1.1399125864953914
0.10457183235055927 -1.1399125864953914
0.09486081001813812 -1.1399125864953914
0.08578444346266917 -1.1399125864953914
0.07730125528440694 -1.1399125864953914
0.06937247880452295 -1.1399125864953914
0.06196188090819767 -1.1399125864953914
0.05503559646565474 -1.1399125864953914
0.04856197357447062 -1.1399125864953914
0.0425114289159442 -1.1399125864953914
0.03685631256453026 -1.1399125864953914
0.031570781632540124 -1.1399125864953914
0.026630682172687326 -1.1399125864953914
0.022013438798794333 -1.1399125864953914
0.017697951520245947 -1.1399125864953914
0.01366449931874092 -1.1399125864953914
0.009894650026705032 -1.1399125864953914
0.006371176095524983 -1.1399125864953914
0.0030779758686796665 -1.1399125864953914
0.19344810107277605 -1.1399125864953914
0.20706347530741537 -1.1399125864953914
0.21978902809817535 -1.1399125864953914
0.23168291298445506 -1.1399125864953914
0.24279948292951792 -1.1399125864953914
0.2531895387039797 -1.1399125864953914
0.26290056103640086 -1.1399125864953914
0.2719769275918698 -1.1399125864953914
0.280460115770132 -1.1399125864953914
0.288388892250016 -1.1399125864953914
0.2957994901463413 -1.1399125864953914
0.3027257745888842 -1.1399125864953914
0.30919939748006836 -1.1399125864953914
0.3152499421385948 -1.1399125864953914
0.3209050584900087 -1.1399125864953914
0.32619058942199886 -1.1399125864953914
0.33113068888185165 -1.1399125864953914
0.3357479322557446 -1.1399125864953914
0.34006341953429303 -1.1399125864953914
0.34409687173579806 -1.1399125864953914
0.34786672102783395 -1.1399125864953914
0.351390194959014 -1.1399125864953914
0.35468339518585934 -1.1399125864953914
0.357761371054539 -1.1399125864953914
0.357761371054539 -1.089716461988297
0.357761371054539 -1.094475712287135
0.357761371054539 -1.0988402020921397
0.357761371054539 -1.1028426751838873
0.357761371054539 -1.1065131593792665
0.357761371054539 -1.1098791918096422
0.357761371054539 -1.1129660255131095
0.357761371054539 -1.1157968188907592
0.357761371054539 -1.118392809448315
0.357761371054539 -1.1207734731266064
0.357761371054539 -1.1229566704162266
0.357761371054539 -1.1249587803525727
0.357761371054539 -1.1267948233965404
0.357761371054539 -1.1284785741227634
0.357761371054539 -1.1300226645608233
0.357761371054539 -1.131438678964723
0.357761371054539 -1.1327372407216176
0.357761371054539 -1.1339280920518198
0.357761371054539 -1.1350201670980118
0.357761371054539 -1.136021658952006
0.357761371054539 -1.1369400811219053
0.357761371054539 -1.1377823239008142
0.357761371054539 -1.1385547060599925
0.357761371054539 -1.139263022254273
0.357761371054539 -1.084957211689459
0.357761371054539 -1.0805927218844544
0.357761371054539 -1.0765902487927068
0.357761371054539 -1.0729197645973276
0.357761371054539 -1.069553732166952
0.357761371054539 -1.0664668984634846
0.357761371054539 -1.0636361050858347
0.357761371054539 -1.061040114528279
0.357761371054539 -1.0586594508499876
0.357761371054539 -1.0564762535603673
0.357761371054539 -1.0544741436240213
0.357761371054539 -1.0526381005800538
0.357761371054539 -1.0509543498538305
0.357761371054539 -1.0494102594157706
0.357761371054539 -1.0479942450118709
0.357761371054539 -1.0466956832549763
0.357761371054539 -1.0455048319247742
0.357761371054539 -1.0444127568785821
0.357761371054539 -1.043411265024588
0.357761371054539 -1.0424928428546887
0.357761371054539 -1.0416506000757797
0.357761371054539 -1.0408782179166014
0.357761371054539 -1.040169901722321
0.357761371054539 -1.0395203374812025
0.6788806855272695 -1.0395203374812025
0.6562070893646362 -1.0395203374812025
0.6346667587155108 -1.0395203374812025
0.614203051011379 -1.0395203374812025
0.5947621547771726 -1.0395203374812025
0.5762929481283272 -1.0395203374812025
0.5587468643404014 -1.0395203374812025
0.5420777641377592 -1.0395203374812025
0.5262418143654837 -1.0395203374812025
0.5111973727254797 -1.0395203374812025
0.4969048782736635 -1.0395203374812025
0.4833267473902934 -1.0395203374812025
0.47042727494988257 -1.0395203374812025
0.45817254043081024 -1.0395203374812025
0.4465303187177367 -1.0395203374812025
0.43546999536226827 -1.0395203374812025
0.4249624860790402 -1.0395203374812025
0.4149801602655244 -1.0395203374812025
0.40549676834444953 -1.0395203374812025
0.3964873727377725 -1.0395203374812025
0.38792828229069004 -1.0395203374812025
0.37979698997325134 -1.0395203374812025
0.37207211369575216 -1.0395203374812025
0.36473334008227726 -1.0395203374812025
0.7015542816899029 -1.0395203374812025
0.7230946123390283 -1.0395203374812025
0.74355832004316 -1.0395203374812025
0.7629992162773664 -1.0395203374812025
0.7814684229262119 -1.0395203374812025
0.7990145067141377 -1.0395203374812025
0.8156836069167799 -1.0395203374812025
0.8315195566890553 -1.0395203374812025
0.8465639983290594 -1.0395203374812025
0.8608564927808756 -1.0395203374812025
0.8744346236642456 -1.0395203374812025
0.8873340961046564 -1.0395203374812025
0.8995888306237287 -1.0395203374812025
0.9112310523368023 -1.0395203374812025
0.9222913756922707 -1.0395203374812025
0.9327988849754988 -1.0395203374812025
0.9427812107890146 -1.0395203374812025
0.9522646027100894 -1.0395203374812025
0.9612739983167664 -1.0395203374812025
0.9698330887638489 -1.0395203374812025
0.9779643810812877 -1.0395203374812025
0.9856892573587868 -1.0395203374812025
0.9930280309722617 -1.0395203374812025
1.0 -1.0395203374812025
1.0 0.0
1.0 -0.04341288137651477
1.0 -0.08534301161851368
1.0 -0.12584103355036574
1.0 -0.16495586030923878
1.0 -0.20273473442193501
1.0 -0.23922328486397898
1.0 -0.27446558216987305
1.0 -0.30850419166108245
1.0 -0.34138022485603753
1.0 -0.37313338912424643
1.0 -0.4038020356444897
1.0 -0.4334232057250198
1.0 -0.46203267554171173
1.0 -0.4896649993481979
1.0 -0.5163535512101767
1.0 -0.5421305653143013
1.0 -0.5670271749003327
1.0 -0.5910734498635797
1.0 -0.6142984330730402
1.0 -0.6367301754491114
1.0 -0.6583957698432316
1.0 -0.679321383760377
1.0 -0.6995322909639322
1.0 -0.7190529020011087
1.0 -0.7379067936857779
1.0 -0.7561167375743304
1.0 -0.7737047274689508
1.0 -0.7906920059815294
1.0 -0.8070990901902927
1.0 -0.8229457964201411
1.0 -0.8382512641766233
1.0 -0.8530339792624548
1.0 -0.8673117961044992
1.0 -0.8811019593181804
1.0 -0.8944211245353705
1.0 -0.9072853785209076
1.0 -0.9197102586020423
1.0 -0.931710771434278
1.0 -0.9433014111262713
1.0 -0.9544961767456819
1.0 -0.9653085892271179
1.0 -0.9757517077025962
1.0 -0.985838145274241
1.0 -0.9955800842482717
1.0 -1.0049892908486817
1.0 -1.0140771294283735
1.0 -1.0228545761949195
1.0 -1.0313322324675247
