# CURVE 2D, normalized by CHORD
# COLUMN#1 = X-coordinate, COLUMN#2 = Y-coordinate
#-------------------------------------------------------------------------------
0.0 0.0
0.0 -0.04705514974126817
0.0 -0.09285734497161098
0.0 -0.13743994856448793
0.0 -0.1808354350280464
0.0 -0.22307541415994625
0.0 -0.2641906540723191
0.0 -0.30421110360363374
0.0 -0.34316591413379227
0.0 -0.3810834608183486
0.0 -0.4179913632573149
0.0 -0.45391650561361274
0.0 -0.4888850561958227
0.0 -0.5229224865194971
0.0 -0.5560535898609208
0.0 -0.5883024993168329
0.0 -0.619692705383267
0.0 -0.6502470730663131
0.0 -0.6799878585372644
0.0 -0.7089367253442821
0.0 -0.7371147601923861
0.0 -0.7645424883032663
0.0 -0.7912398883661023
0.0 -0.8172264070902824
0.0 -0.8425209733706229
0.0 -0.867142012075403
0.0 -0.8911074574672632
0.0 -0.9144347662667379
0.0 -0.9371409303679434
0.0 -0.9592424892156782
0.0 -0.9807555418529551
0.0 -1.0016957586477393
0.0 -1.0220783927074342
0.0 -1.0419182909894282
0.0 -1.0612299051158005
0.0 -1.0800273019000552
0.0 -1.0983241735935603
0.0 -1.116133847859148
0.0 -1.133469297479147
0.0 -1.1503431498049128
0.0 -1.1667676959547442
0.0 -1.1827548997668829
0.0 -1.198316406514117
0.0 -1.2134635513863392
0.0 -1.2282073677472372
0.0 -1.2425585951711278
0.0 -1.2565276872657938
0.0 -1.2701248192870187
0.0 -1.2833598955503656
0.0 -1.2962425566456002
0.2754921800522717 -1.2962425566456002
0.2551882508569657 -1.2962425566456002
0.235990826934917 -1.2962425566456002
0.2178396069568621 -1.2962425566456002
0.20067757584114887 -1.2962425566456002
0.18445082566276924 -1.2962425566456002
0.1691083863223311 -1.2962425566456002
0.1546020654430797 -1.2962425566456002
0.14088629699306765 -1.2962425566456002
0.12791799815697755 -1.2962425566456002
0.11565643400801523 -1.2962425566456002
0.10406308955479268 -1.2962425566456002
0.09310154876128462 -1.2962425566456002
0.08273738015984694 -1.2962425566456002
0.07293802869799365 -1.2962425566456002
0.06367271347921141 -1.2962425566456002
0.05491233107660268 -1.2962425566456002
0.04662936411565524 -1.2962425566456002
0.03879779483898571 -1.2962425566456002
0.03139302338155395 -1.2962425566456002
0.024391790499641186 -1.2962425566456002
0.017772104510875075 -1.2962425566456002
0.011513172215811274 -1.2962425566456002
0.005595333584088702 -1.2962425566456002
0.2957961092475777 -1.2962425566456002
0.31499353316962647 -1.2962425566456002
0.3331447531476813 -1.2962425566456002
0.35030678426339457 -1.2962425566456002
0.36653353444177417 -1.2962425566456002
0.38187597378221233 -1.2962425566456002
0.39638229466146374 -1.2962425566456002
0.4100980631114758 -1.2962425566456002
0.42306636194756586 -1.2962425566456002
0.4353279260965282 -1.2962425566456002
0.4469212705497507 -1.2962425566456002
0.4578828113432588 -1.2962425566456002
0.4682469799446965 -1.2962425566456002
0.4780463314065498 -1.2962425566456002
0.487311646625332 -1.2962425566456002
0.4960720290279408 -1.2962425566456002
0.5043549959888882 -1.2962425566456002
0.5121865652655577 -1.2962425566456002
0.5195913367229895 -1.2962425566456002
0.5265925696049023 -1.2962425566456002
0.5332122555936684 -1.2962425566456002
0.5394711878887322 -1.2962425566456002
0.5453890265204547 -1.2962425566456002
0.5509843601045434 -1.2962425566456002
0.5509843601045434 -1.1606583888260191
0.5509843601045434 -1.1722515528987263
0.5509843601045434 -1.1830233780853097
0.5509843601045434 -1.1930320536395078
0.5509843601045434 -1.2023316462910827
0.5509843601045434 -1.2109723923135625
0.5509843601045434 -1.2190009688999095
0.5509843601045434 -1.2264607463120851
0.5509843601045434 -1.2333920221666168
0.5509843601045434 -1.2398322391217766
0.5509843601045434 -1.245816187142315
0.5509843601045434 -1.2513761914343777
0.5509843601045434 -1.256542287065833
0.5509843601045434 -1.261342381215299
0.5509843601045434 -1.2658024039263482
0.5509843601045434 -1.269946448181248
0.5509843601045434 -1.2737969000509264
0.5509843601045434 -1.2773745596242239
0.5509843601045434 -1.280698753369691
0.5509843601045434 -1.2837874385369097
0.5509843601045434 -1.286657300161313
0.5509843601045434 -1.2893238411965195
0.5509843601045434 -1.2918014662610797
0.5509843601045434 -1.294103559452029
0.5509843601045434 -1.149065224753312
0.5509843601045434 -1.1382933995667284
0.5509843601045434 -1.1282847240125304
0.5509843601045434 -1.1189851313609556
0.5509843601045434 -1.1103443853384756
0.5509843601045434 -1.1023158087521285
0.5509843601045434 -1.094856031339953
0.5509843601045434 -1.0879247554854214
0.5509843601045434 -1.0814845385302614
0.5509843601045434 -1.075500590509723
0.5509843601045434 -1.0699405862176603
0.5509843601045434 -1.0647744905862053
0.5509843601045434 -1.059974396436739
0.5509843601045434 -1.0555143737256898
0.5509843601045434 -1.0513703294707901
0.5509843601045434 -1.0475198776011116
0.5509843601045434 -1.0439422180278142
0.5509843601045434 -1.040618024282347
0.5509843601045434 -1.0375293391151283
0.5509843601045434 -1.034659477490725
0.5509843601045434 -1.0319929364555185
0.5509843601045434 -1.0295153113909583
0.5509843601045434 -1.0272132182000089
0.5509843601045434 -1.0250742210064379
0.7754921800522717 -1.0250742210064379
0.7580778103239613 -1.0250742210064379
0.7417082385277577 -1.0250742210064379
0.7263207806425931 -1.0250742210064379
0.711856513457386 -1.0250742210064379
0.6982600489363189 -1.0250742210064379
0.6854793221213648 -1.0250742210064379
0.6734653917598807 -1.0250742210064379
0.6621722528938103 -1.0250742210064379
0.6515566606928417 -1.0250742210064379
0.6415779648569266 -1.0250742210064379
0.6321979539540379 -1.0250742210064379
0.6233807090970857 -1.0250742210064379
0.6150924663996802 -1.0250742210064379
0.607301487684041 -1.0250742210064379
0.5999779389459539 -1.0250742210064379
0.5930937761113828 -1.0250742210064379
0.5866226376472634 -1.0250742210064379
0.5805397436152521 -1.0250742210064379
0.5748218007818786 -1.0250742210064379
0.569446913421739 -1.0250742210064379
0.5643944994721675 -1.0250742210064379
0.559645211718319 -1.0250742210064379
0.5551808637068567 -1.0250742210064379
0.7929065497805822 -1.0250742210064379
0.8092761215767857 -1.0250742210064379
0.8246635794619503 -1.0250742210064379
0.8391278466471574 -1.0250742210064379
0.8527243111682246 -1.0250742210064379
0.8655050379831787 -1.0250742210064379
0.8775189683446627 -1.0250742210064379
0.8888121072107331 -1.0250742210064379
0.8994276994117018 -1.0250742210064379
0.9094063952476168 -1.0250742210064379
0.9187864061505056 -1.0250742210064379
0.9276036510074578 -1.0250742210064379
0.9358918937048633 -1.0250742210064379
0.9436828724205024 -1.0250742210064379
0.9510064211585896 -1.0250742210064379
0.9578905839931606 -1.0250742210064379
0.96436172245728 -1.0250742210064379
0.9704446164892914 -1.0250742210064379
0.9761625593226648 -1.0250742210064379
0.9815374466828044 -1.0250742210064379
0.986589860632376 -1.0250742210064379
0.9913391483862244 -1.0250742210064379
0.9958034963976867 -1.0250742210064379
1.0 -1.0250742210064379
1.0 0.0
1.0 -0.04317958826691997
1.0 -0.08486367715959248
1.0 -0.1251040624099391
1.0 -0.16395074583549343
1.0 -0.20145199747055917
1.0 -0.23765441554549305
1.0 -0.27260298438864067
1.0 -0.3063411303228736
1.0 -0.33891077562618266
1.0 -0.37035239062337855
1.0 -0.4007050439736272
1.0 -0.4300064512163062
1.0 -0.4582930216355044
1.0 -0.48559990350139753
1.0 -0.5119610277447153
1.0 -0.5374091501185698
1.0 -0.5619758919000336
1.0 -0.5856917791820434
1.0 -0.6085862808044508
1.0 -0.6306878449713555
1.0 -0.6520239346002173
1.0 -0.6726210614466732
1.0 -0.6925048190474623
1.0 -0.711699914522391
1.0 -0.7302301992748567
1.0 -0.7481186986290772
1.0 -0.7653876404408521
1.0 -0.782058482717407
1.0 -0.7981519402806418
1.0 -0.8136880105069126
1.0 -0.8286859981753316
1.0 -0.8431645394554605
1.0 -0.8571416250642059
1.0 -0.8706346226206875
1.0 -0.8836602982268597
1.0 -0.8962348373007017
1.0 -0.9083738646878612
1.0 -0.9200924640767439
1.0 -0.9314051967411734
1.0 -0.9423261196339092
1.0 -0.9528688028535075
1.0 -0.9630463465062266
1.0 -0.9728713969839312
1.0 -0.9823561626782209
1.0 -0.9915124291503081
1.0 -1.0003515737754987
1.0 -1.0088845798804664
1.0 -1.0171220503908946
