# CURVE 2D, normalized by CHORD
# COLUMN#1 = X-coordinate, COLUMN#2 = Y-coordinate
#-------------------------------------------------------------------------------
0.0 0.0
0.0 -0.040403206972142086
0.0 -0.07918286403404315
0.0 -0.11640421141064028
0.0 -0.15212986773395065
0.0 -0.18641993538834659
0.0 -0.2193321016226686
0.0 -0.2509217355992811
0.0 -0.28124198154333874
0.0 -0.3103438481489714
0.0 -0.3382762943927997
0.0 -0.3650863118991456
0.0 -0.3908190039955061
0.0 -0.41551766159128567
0.0 -0.43922383600744164
0.0 -0.4619774088795655
0.0 -0.483816659252001
0.0 -0.5047783279758721
0.0 -0.5248976795193617
0.0 -0.5442085612942247
0.0 -0.5627434605983429
0.0 -0.5805335592701184
0.0 -0.597608786146651
0.0 -0.6139978674139539
0.0 -0.6297283749339101
0.0 -0.6448267726292755
0.0 -0.6593184610047594
0.0 -0.6732278198790858
0.0 -0.6865782493999205
0.0 -0.6993922094106697
0.0 -0.7116912572353732
0.0 -0.7234960839452623
0.0 -0.7348265491679935
0.0 -0.7457017144981187
0.0 -0.7561398755649993
0.0 -0.7661585928121133
0.0 -0.7757747210395364
0.0 -0.7850044377592972
0.0 -0.7938632704113093
0.0 -0.8023661224856675
0.0 -0.8105272985952531
0.0 -0.8183605285408295
0.0 -0.8258789904091143
0.0 -0.8330953327426843
0.0 -0.8400216958190133
0.0 -0.8466697320744387
0.0 -0.8530506257074179
0.0 -0.8591751114940539
0.0 -0.8650534928475438
0.0 -0.8706956591519314
0.2064593680085936 -0.8706956591519314
0.19013898540676835 -0.8706956591519314
0.17483152221916573 -0.8706956591519314
0.16047411192085545 -0.8706956591519314
0.14700778977800863 -0.8706956591519314
0.13437725068445994 -0.8706956591519314
0.12253062202806746 -0.8706956591519314
0.11141925065405044 -0.8706956591519314
0.1009975030503806 -0.8706956591519314
0.09122257793460421 -0.8706956591519314
0.0820543304724041 -0.8706956591519314
0.07345510740598138 -0.8706956591519314
0.06538959241514239 -0.8706956591519314
0.057824661076001066 -0.8706956591519314
0.050729244821623776 -0.8706956591519314
0.04407420334591408 -0.8706956591519314
0.037832204926710244 -0.8706956591519314
0.031977614176592034 -0.8706956591519314
0.02648638676039833 -0.8706956591519314
0.021335970647069075 -0.8706956591519314
0.016505213490260406 -0.8706956591519314
0.011974275757352937 -0.8706956591519314
0.007724549250080759 -0.8706956591519314
0.0037385806821519096 -0.8706956591519314
0.22277975061041885 -0.8706956591519314
0.23808721379802147 -0.8706956591519314
0.2524446240963317 -0.8706956591519314
0.26591094623917855 -0.8706956591519314
0.27854148533272727 -0.8706956591519314
0.29038811398911973 -0.8706956591519314
0.30149948536313675 -0.8706956591519314
0.3119212329668066 -0.8706956591519314
0.321696158082583 -0.8706956591519314
0.33086440554478314 -0.8706956591519314
0.3394636286112058 -0.8706956591519314
0.3475291436020448 -0.8706956591519314
0.35509407494118617 -0.8706956591519314
0.36218949119556343 -0.8706956591519314
0.36884453267127315 -0.8706956591519314
0.37508653109047696 -0.8706956591519314
0.38094112184059514 -0.8706956591519314
0.3864323492567889 -0.8706956591519314
0.39158276537011816 -0.8706956591519314
0.3964135225269268 -0.8706956591519314
0.40094446025983427 -0.8706956591519314
0.40519418676710645 -0.8706956591519314
0.40918015533503527 -0.8706956591519314
0.4129187360171872 -0.8706956591519314
0.4129187360171872 -0.6018479840523336
0.4129187360171872 -0.6217908050948802
0.4129187360171872 -0.6406330633398192
0.4129187360171872 -0.6584354943505343
0.4129187360171872 -0.6752554819428599
0.4129187360171872 -0.691147243154332
0.4129187360171872 -0.7061620030057408
0.4129187360171872 -0.7203481596183091
0.4129187360171872 -0.7337514402187266
0.4129187360171872 -0.7464150485349048
0.4129187360171872 -0.7583798040575628
0.4129187360171872 -0.7696842736165341
0.4129187360171872 -0.7803648956959163
0.4129187360171872 -0.790456097888774
0.4129187360171872 -0.7999904078699982
0.4129187360171872 -0.808998558245026
0.4129187360171872 -0.817509585612388
0.4129187360171872 -0.8255509241593993
0.4129187360171872 -0.8331484940926861
0.4129187360171872 -0.8403267851885927
0.4129187360171872 -0.8471089357327842
0.4129187360171872 -0.8535168071034933
0.4129187360171872 -0.8595710542388242
0.4129187360171872 -0.8652911922152525
0.4129187360171872 -0.5819051630097871
0.4129187360171872 -0.5630629047648481
0.4129187360171872 -0.545260473754133
0.4129187360171872 -0.5284404861618074
0.4129187360171872 -0.5125487249503353
0.4129187360171872 -0.49753396509892645
0.4129187360171872 -0.48334780848635817
0.4129187360171872 -0.4699445278859407
0.4129187360171872 -0.45728091956976247
0.4129187360171872 -0.4453161640471046
0.4129187360171872 -0.43401169448813326
0.4129187360171872 -0.4233310724087511
0.4129187360171872 -0.41323987021589337
0.4129187360171872 -0.4037055602346691
0.4129187360171872 -0.3946974098596414
0.4129187360171872 -0.3861863824922794
0.4129187360171872 -0.37814504394526804
0.4129187360171872 -0.3705474740119813
0.4129187360171872 -0.3633691829160746
0.4129187360171872 -0.35658703237188316
0.4129187360171872 -0.350179161001174
0.4129187360171872 -0.3441249138658432
0.4129187360171872 -0.33840477588941487
0.4129187360171872 -0.333000308952736
0.7064593680085935 -0.333000308952736
0.6851958864986634 -0.333000308952736
0.6650522837170839 -0.333000308952736
0.645969579276959 -0.333000308952736
0.627891899097415 -0.333000308952736
0.6107663118045202 -0.333000308952736
0.5945426737484363 -0.333000308952736
0.5791734821830167 -0.333000308952736
0.5646137361779594 -0.333000308952736
0.550820804856266 -0.333000308952736
0.5377543025712077 -0.333000308952736
0.5253759706573159 -0.333000308952736
0.513649565409166 -0.333000308952736
0.5025407519599547 -0.333000308952736
0.4920170037491514 -0.333000308952736
0.4820475072848597 -0.333000308952736
0.47260307192203965 -0.333000308952736
0.4636560443924178 -0.333000308952736
0.45518022783583023 -0.333000308952736
0.44715080509592275 -0.333000308952736
0.43954426605561814 -0.333000308952736
0.4323383387995892 -0.333000308952736
0.42551192440218133 -0.333000308952736
0.419045035149844 -0.333000308952736
0.7277228495185237 -0.333000308952736
0.7478664523001032 -0.333000308952736
0.7669491567402282 -0.333000308952736
0.785026836919772 -0.333000308952736
0.802152424212667 -0.333000308952736
0.8183760622687509 -0.333000308952736
0.8337452538341705 -0.333000308952736
0.8483049998392277 -0.333000308952736
0.8620979311609211 -0.333000308952736
0.8751644334459794 -0.333000308952736
0.8875427653598712 -0.333000308952736
0.8992691706080213 -0.333000308952736
0.9103779840572324 -0.333000308952736
0.9209017322680357 -0.333000308952736
0.9308712287323275 -0.333000308952736
0.9403156640951476 -0.333000308952736
0.9492626916247694 -0.333000308952736
0.957738508181357 -0.333000308952736
0.9657679309212645 -0.333000308952736
0.973374469961569 -0.333000308952736
0.9805803972175979 -0.333000308952736
0.9874068116150059 -0.333000308952736
0.9938737008673433 -0.333000308952736
1.0 -0.333000308952736
1.0 0.0
1.0 -0.02304740427097436
1.0 -0.04455332847170756
1.0 -0.06462087144921132
1.0 -0.0833462364879401
1.0 -0.10081919250586026
1.0 -0.11712350440433202
1.0 -0.1323373346348902
1.0 -0.14653361790802494
1.0 -0.15978041084030623
1.0 -0.17214121821605177
1.0 -0.18367529742762836
1.0 -0.19443794255386554
1.0 -0.20448074943844582
1.0 -0.2138518630390515
1.0 -0.22259620823305215
1.0 -0.23075570518621052
1.0 -0.23836947031687786
1.0 -0.2454740038190966
1.0 -0.2521033646435911
1.0 -0.2582893337755008
1.0 -0.26406156659160435
1.0 -0.26944773502743313
1.0 -0.2744736602358175
1.0 -0.27916343637282887
1.0 -0.2835395461045435
1.0 -0.2876229683883653
1.0 -0.2914332790456073
1.0 -0.29498874460747493
1.0 -0.2983064098843469
1.0 -0.3014021796781571
1.0 -0.30429089502960543
1.0 -0.30698640436572544
1.0 -0.30950162988888646
1.0 -0.3118486295254995
1.0 -0.31403865473140585
1.0 -0.316082204431067
1.0 -0.31798907534913784
1.0 -0.3197684089757129
1.0 -0.3214287353903943
1.0 -0.3229780141552737
1.0 -0.3244236724728685
1.0 -0.3257726407919389
1.0 -0.32703138603188137
1.0 -0.3282059425849735
1.0 -0.3293019412450953
1.0 -0.3303246362016102
1.0 -0.3312789302278134
1.0 -0.3321693981847011
