# CURVE 2D, normalized by CHORD
# COLUMN#1 = X-coordinate, COLUMN#2 = Y-coordinate
#-------------------------------------------------------------------------------
0.0 0.0
0.0 0.04207346098683021
0.0 0.08259505842018326
0.0 0.12162203219504583
0.0 0.15920951093472044
0.0 0.1954105898642759
0.0 0.2302764058116652
0.0 0.2638562094424559
0.0 0.2961974348302099
0.0 0.3273457664607862
0.0 0.3573452037652163
0.0 0.3862381232723075
0.0 0.41406533846877314
0.0 0.44086615745144314
0.0 0.4666784384529957
0.0 0.49153864331964325
0.0 0.5154818890163143
0.0 0.5385419972320863
0.0 0.5607515421559415
0.0 0.5821418964903313
0.0 0.6027432757675495
0.0 0.6225847810315105
0.0 0.6416944399452296
0.0 0.6600992463820662
0.0 0.6778251985566622
0.0 0.6948973357494328
0.0 0.7113397736764902
0.0 0.72717573855496
0.0 0.7424275999118124
0.0 0.7571169021825512
0.0 0.7712643951443982
0.0 0.7848900632269599
0.0 0.7980131537417829
0.0 0.8106522040706725
0.0 0.8228250678511793
0.0 0.8345489401962459
0.0 0.8458403819836359
0.0 0.8567153432494555
0.0 0.8671891857188162
0.0 0.8772767045054604
0.0 0.8869921490110058
0.0 0.8963492430533292
0.0 0.9053612042525218
0.0 0.9140407627018015
0.0 0.9224001789497555
0.0 0.930451261319315
0.0 0.9382053825879262
0.0 0.9456734960524785
0.0 0.9528661510016856
0.0 0.9597935076177722
0.292131703139132 0.9597935076177722
0.2709420408841231 0.9597935076177722
0.2508713523764859 0.9597935076177722
0.2318605473753172 0.9597935076177722
0.2138536560494447 0.9597935076177722
0.19679766419629335 0.9597935076177722
0.18064235716243643 0.9597935076177722
0.16534017200631698 0.9597935076177722
0.15084605746789093 0.9597935076177722
0.13711734133292758 0.9597935076177722
0.12411360480147401 0.9597935076177722
0.11179656349061068 0.9597935076177722
0.10012995472115754 0.9597935076177722
0.08907943075649119 0.9597935076177722
0.07861245767915631 0.9597935076177722
0.06869821960755354 0.9597935076177722
0.059307527970707874 0.9597935076177722
0.050412735574012185 0.9597935076177722
0.041987655202946894 0.9597935076177722
0.03400748252513619 0.9597935076177722
0.02644872306375612 0.9597935076177722
0.01928912302729724 0.9597935076177722
0.01250760379203586 0.9597935076177722
0.006084199844325178 0.9597935076177722
0.3133213653941409 0.9597935076177722
0.3333920539017781 0.9597935076177722
0.3524028589029468 0.9597935076177722
0.3704097502288193 0.9597935076177722
0.38746574208197065 0.9597935076177722
0.4036210491158276 0.9597935076177722
0.418923234271947 0.9597935076177722
0.4334173488103731 0.9597935076177722
0.44714606494533643 0.9597935076177722
0.46014980147678997 0.9597935076177722
0.47246684278765333 0.9597935076177722
0.48413345155710646 0.9597935076177722
0.49518397552177285 0.9597935076177722
0.5056509485991076 0.9597935076177722
0.5155651866707105 0.9597935076177722
0.5249558783075561 0.9597935076177722
0.5338506707042519 0.9597935076177722
0.5422757510753171 0.9597935076177722
0.5502559237531278 0.9597935076177722
0.5578146832145079 0.9597935076177722
0.5649742832509668 0.9597935076177722
0.5717558024862281 0.9597935076177722
0.5781792064339388 0.9597935076177722
0.584263406278264 0.9597935076177722
0.584263406278264 0.8871693086653756
0.584263406278264 0.893864607102497
0.584263406278264 0.9000269790247702
0.584263406278264 0.9056988438512689
0.584263406278264 0.9109192445372122
0.584263406278264 0.9157241163307842
0.584263406278264 0.9201465341376834
0.584263406278264 0.9242169401961643
0.584263406278264 0.9279633536298001
0.584263406278264 0.9314115633204483
0.584263406278264 0.9345853054290818
0.584263406278264 0.9375064267864723
0.584263406278264 0.940195035278445
0.584263406278264 0.9426696382608986
0.584263406278264 0.9449472699573881
0.584263406278264 0.9470436087162263
0.584263406278264 0.948973084934256
0.584263406278264 0.9507489803902011
0.584263406278264 0.9523835196713677
0.584263406278264 0.9538879543230431
0.584263406278264 0.9552726402998439
0.584263406278264 0.9565471092521602
0.584263406278264 0.9577201341384025
0.584263406278264 0.9587997896147035
0.584263406278264 0.880474010228254
0.584263406278264 0.8743116383059809
0.584263406278264 0.8686397734794822
0.584263406278264 0.863419372793539
0.584263406278264 0.858614500999967
0.584263406278264 0.8541920831930677
0.584263406278264 0.8501216771345869
0.584263406278264 0.8463752637009511
0.584263406278264 0.8429270540103029
0.584263406278264 0.8397533119016694
0.584263406278264 0.8368321905442787
0.584263406278264 0.8341435820523061
0.584263406278264 0.8316689790698526
0.584263406278264 0.829391347373363
0.584263406278264 0.8272950086145248
0.584263406278264 0.825365532396495
0.584263406278264 0.82358963694055
0.584263406278264 0.8219550976593833
0.584263406278264 0.820450663007708
0.584263406278264 0.8190659770309071
0.584263406278264 0.8177915080785908
0.584263406278264 0.8166184831923485
0.584263406278264 0.8155388277160476
0.584263406278264 0.8145451097129789
0.792131703139132 0.8145451097129789
0.7757244610806413 0.8145451097129789
0.7603328412983235 0.8145451097129789
0.74589397590712 0.8145451097129789
0.732348888597674 0.8145451097129789
0.7196422537444749 0.8145451097129789
0.7077221704254153 0.8145451097129789
0.6965399504297292 0.8145451097129789
0.6860499193884205 0.8145451097129789
0.6762092302148869 0.8145451097129789
0.6669776880937284 0.8145451097129789
0.6583175863028978 0.8145451097129789
0.6501935521986009 0.8145451097129789
0.6425724027338611 0.8145451097129789
0.6354230089206099 0.8145451097129789
0.6287161686816878 0.8145451097129789
0.6224244875734166 0.8145451097129789
0.6165222668915448 0.8145451097129789
0.6109853987035306 0.8145451097129789
0.6057912673784172 0.8145451097129789
0.6009186572120913 0.8145451097129789
0.5963476657706177 0.8145451097129789
0.5920596225976956 0.8145451097129789
0.5880370129541922 0.8145451097129789
0.8085389451976226 0.8145451097129789
0.8239305649799404 0.8145451097129789
0.8383694303711439 0.8145451097129789
0.8519145176805899 0.8145451097129789
0.864621152533789 0.8145451097129789
0.8765412358528487 0.8145451097129789
0.8877234558485347 0.8145451097129789
0.8982134868898435 0.8145451097129789
0.9080541760633771 0.8145451097129789
0.9172857181845356 0.8145451097129789
0.9259458199753662 0.8145451097129789
0.9340698540796631 0.8145451097129789
0.9416910035444028 0.8145451097129789
0.9488403973576541 0.8145451097129789
0.9555472375965761 0.8145451097129789
0.9618389187048473 0.8145451097129789
0.9677411393867192 0.8145451097129789
0.9732780075747334 0.8145451097129789
0.9784721388998467 0.8145451097129789
0.9833447490661728 0.8145451097129789
0.9879157405076464 0.8145451097129789
0.9922037836805684 0.8145451097129789
0.9962263933240718 0.8145451097129789
1.0 0.8145451097129789
1.0 0.0
1.0 0.03923602791965125
1.0 0.0768082067462982
1.0 0.11278709392296142
1.0 0.1472402548227757
1.0 0.18023238963117025
1.0 0.21182545484746354
1.0 0.24207877963404265
1.0 0.2710491772316211
1.0 0.29879105164980396
1.0 0.32535649983331666
1.0 0.35079540949575627
1.0 0.37515555280458984
1.0 0.3984826760933322
1.0 0.4208205857693753
1.0 0.4422112305787962
1.0 0.4626947803826315
1.0 0.4823097015925529
1.0 0.5010928294076048
1.0 0.5190794369876611
1.0 0.5363033016935003
1.0 0.5527967685178942
1.0 0.5685908108268285
1.0 0.5837150885249209
1.0 0.5981980037542678
1.0 0.6120667542313174
1.0 0.6253473843219303
1.0 0.6380648339505443
1.0 0.6502429854352885
1.0 0.6619047083370003
1.0 0.6730719024063693
1.0 0.6837655387098561
1.0 0.6940056990116205
1.0 0.7038116134854127
1.0 0.7132016968272487
1.0 0.7221935828366853
1.0 0.7308041575316373
1.0 0.7390495908589213
1.0 0.7469453670600782
1.0 0.7545063137494976
1.0 0.7617466297594505
1.0 0.7686799118043217
1.0 0.7753191800141146
1.0 0.7816769023851773
1.0 0.787765018194069
1.0 0.7935949604185327
1.0 0.7991776772076821
1.0 0.8045236524417193
1.0 0.8096429254197944
