# CURVE 2D, normalized by CHORD
# COLUMN#1 = X-coordinate, COLUMN#2 = Y-coordinate
#-------------------------------------------------------------------------------
0.0 0.0
0.0 0.037397773304870804
0.0 0.07308423986148484
0.0 0.1071377083638588
0.0 0.13963290413233007
0.0 0.17064113308726486
0.0 0.20023043821939673
0.0 0.22846574890014654
0.0 0.25540902335956356
0.0 0.2811193846445343
0.0 0.3056532503556
0.0 0.32906445644707016
0.0 0.3514043753620939
0.0 0.37272202876191907
0.0 0.3930641950967065
0.0 0.4124755122539482
0.0 0.43099857550973614
0.0 0.4486740309978209
0.0 0.46554066490156465
0.0 0.48163548856450755
0.0 0.4969938197063086
0.0 0.5116493599222794
0.0 0.5256342686365703
0.0 0.538979233671289
0.0 0.5517135385864068
0.0 0.5638651269382162
0.0 0.5754606635973497
0.0 0.5865255932609098
0.0 0.5970841962871092
0.0 0.6071596419749399
0.0 0.616774039405787
0.0 0.625948485958551
0.0 0.6347031136047381
0.0 0.6430571330851058
0.0 0.651028876064804
0.0 0.6586358353595133
0.0 0.6658947033208531
0.0 0.6728214084652872
0.0 0.6794311504269076
0.0 0.6857384333107925
0.0 0.6917570975201279
0.0 0.6975003501269339
0.0 0.7029807938530387
0.0 0.7082104547248954
0.0 0.7132008084629249
0.0 0.717962805663295
0.0 0.7225068958273894
0.0 0.7268430502917
0.0 0.7309807841084559
0.0 0.7349291769250037
0.1927008798236723 0.7349291769250037
0.17724222593820496 0.7349291769250037
0.16276807121989423 0.7349291769250037
0.1492157168970803 0.7349291769250037
0.13652645722938145 0.7349291769250037
0.12464532520767559 0.7349291769250037
0.11352085444942185 0.7349291769250037
0.10310485625790655 0.7349291769250037
0.09335221087968448 0.7349291769250037
0.08422067205598974 0.7349291769250037
0.075670684021477 0.7349291769250037
0.06766521015757326 0.7349291769250037
0.06016957255820454 0.7349291769250037
0.05315130181293323 0.7349291769250037
0.046579996356799686 0.7349291769250037
0.04042719077760415 0.7349291769250037
0.03466623251016507 0.7349291769250037
0.029272166383422005 0.7349291769250037
0.02422162652026638 0.7349291769250037
0.01949273512183522 0.7349291769250037
0.015065007697823984 0.7349291769250037
0.010919264332297507 0.7349291769250037
0.007037546600622807 0.7349291769250037
0.00340303977762646 0.7349291769250037
0.20815953370913962 0.7349291769250037
0.22263368842745035 0.7349291769250037
0.23618604275026428 0.7349291769250037
0.24887530241796313 0.7349291769250037
0.260756434439669 0.7349291769250037
0.27188090519792274 0.7349291769250037
0.282296903389438 0.7349291769250037
0.2920495487676601 0.7349291769250037
0.30118108759135487 0.7349291769250037
0.30973107562586755 0.7349291769250037
0.3177365494897713 0.7349291769250037
0.32523218708914003 0.7349291769250037
0.3322504578344113 0.7349291769250037
0.3388217632905449 0.7349291769250037
0.34497456886974043 0.7349291769250037
0.3507355271371795 0.7349291769250037
0.3561295932639226 0.7349291769250037
0.3611801331270782 0.7349291769250037
0.36590902452550933 0.7349291769250037
0.3703367519495206 0.7349291769250037
0.37448249531504707 0.7349291769250037
0.37836421304672174 0.7349291769250037
0.3819987198697181 0.7349291769250037
0.3854017596473446 0.7349291769250037
0.3854017596473446 0.562679337171194
0.3854017596473446 0.576809612872233
0.3854017596473446 0.5900049035549672
0.3854017596473446 0.6023270761640301
0.3854017596473446 0.6138339039754263
0.3854017596473446 0.624579337470144
0.3854017596473446 0.6346137572843563
0.3854017596473446 0.6439842104221803
0.3854017596473446 0.6527346308384949
0.3854017596473446 0.6609060454260327
0.3854017596473446 0.6685367663725298
0.3854017596473446 0.6756625707898104
0.3854017596473446 0.6823168684570112
0.3854017596473446 0.6885308584644176
0.3854017596473446 0.6943336754923476
0.3854017596473446 0.6997525264109199
0.3854017596473446 0.7048128178411645
0.3854017596473446 0.7095382752755525
0.3854017596473446 0.7139510543164491
0.3854017596473446 0.7180718445540399
0.3854017596473446 0.7219199665707665
0.3854017596473446 0.725513462527084
0.3854017596473446 0.7288691807532579
0.3854017596473446 0.7320028547438128
0.3854017596473446 0.548549061470155
0.3854017596473446 0.5353537707874209
0.3854017596473446 0.5230315981783579
0.3854017596473446 0.5115247703669618
0.3854017596473446 0.5007793368722441
0.3854017596473446 0.4907449170580317
0.3854017596473446 0.4813744639202078
0.3854017596473446 0.4726240435038932
0.3854017596473446 0.4644526289163553
0.3854017596473446 0.4568219079698583
0.3854017596473446 0.4496961035525777
0.3854017596473446 0.4430418058853769
0.3854017596473446 0.4368278158779704
0.3854017596473446 0.43102499885004053
0.3854017596473446 0.4256061479314683
0.3854017596473446 0.4205458565012236
0.3854017596473446 0.41582039906683566
0.3854017596473446 0.411407620025939
0.3854017596473446 0.4072868297883482
0.3854017596473446 0.4034387077716216
0.3854017596473446 0.3998452118153041
0.3854017596473446 0.39648949358913016
0.3854017596473446 0.39335581959857535
0.3854017596473446 0.3904294974173844
0.6927008798236722 0.3904294974173844
0.6707258031574685 0.3904294974173844
0.6498782816744082 0.3904294974173844
0.630100459799726 0.3904294974173844
0.6113374505650551 0.3904294974173844
0.5935371832873421 0.3904294974173844
0.5766502590634528 0.3904294974173844
0.560629813679443 0.3904294974173844
0.5454313875540411 0.3904294974173844
0.5310128023554139 0.3904294974173844
0.5173340439488048 0.3904294974173844
0.5043571513502024 0.3904294974173844
0.4920461113778688 0.3904294974173844
0.4803667587093632 0.3904294974173844
0.4692866810667048 0.3904294974173844
0.4587751292665443 0.3904294974173844
0.4488029318857192 0.3904294974173844
0.43934241430537324 0.3904294974173844
0.43036732190897414 0.3904294974173844
0.4218527472210895 0.3904294974173844
0.41377506078471893 0.3904294974173844
0.406111845585354 0.3904294974173844
0.3988418348397818 0.3904294974173844
0.39194485297698406 0.3904294974173844
0.7146759564898759 0.3904294974173844
0.7355234779729363 0.3904294974173844
0.7553012998476185 0.3904294974173844
0.7740643090822894 0.3904294974173844
0.7918645763600024 0.3904294974173844
0.8087515005838917 0.3904294974173844
0.8247719459679015 0.3904294974173844
0.8399703720933034 0.3904294974173844
0.8543889572919305 0.3904294974173844
0.8680677156985397 0.3904294974173844
0.8810446082971422 0.3904294974173844
0.8933556482694758 0.3904294974173844
0.9050350009379813 0.3904294974173844
0.9161150785806398 0.3904294974173844
0.9266266303808003 0.3904294974173844
0.9365988277616254 0.3904294974173844
0.9460593453419713 0.3904294974173844
0.9550344377383704 0.3904294974173844
0.9635490124262551 0.3904294974173844
0.9716266988626256 0.3904294974173844
0.9792899140619906 0.3904294974173844
0.9865599248075627 0.3904294974173844
0.9934569066703605 0.3904294974173844
1.0 0.3904294974173844
1.0 0.0
1.0 0.025790175708005972
1.0 0.04994559445856045
1.0 0.07256987827968663
1.0 0.09376008092964573
1.0 0.11360710423860204
1.0 0.1321960880597178
1.0 0.1496067755024926
1.0 0.1659138550151263
1.0 0.18118728078337248
1.0 0.19549257282033095
1.0 0.20889109803450534
1.0 0.2214403334818535
1.0 0.23319411293113024
1.0 0.24420285780023968
1.0 0.25451379345426894
1.0 0.26417115179307943
1.0 0.27321636099751745
1.0 0.2816882232482172
1.0 0.2896230811793767
1.0 0.29705497378155915
1.0 0.30401578242231375
1.0 0.31053536761101447
1.0 0.3166416970946129
1.0 0.3223609658338091
1.0 0.32771770837431663
1.0 0.33273490409527107
1.0 0.3374340757862775
1.0 0.34183538197597424
1.0 0.3459577034081826
1.0 0.34981872403661
1.0 0.35343500688555707
1.0 0.3568220651020565
1.0 0.35999442850424346
1.0 0.36296570591143734
1.0 0.36574864352331843
1.0 0.36835517959863445
1.0 0.37079649566799877
1.0 0.37308306450047274
1.0 0.37522469502969896
1.0 0.3772305744323109
1.0 0.37910930753912575
1.0 0.3808689537481881
1.0 0.3825170615980129
1.0 0.3840607011493416
1.0 0.3855064943143214
1.0 0.38686064326321495
1.0 0.3881289570304993
1.0 0.38931687643448915
