# CURVE 2D, normalized by CHORD
# COLUMN#1 = X-coordinate, COLUMN#2 = Y-coordinate
#-------------------------------------------------------------------------------
0.0 0.0
0.0 0.04561464368373244
0.0 0.08987973649391572
0.0 0.13283520612510624
0.0 0.1745197989745681
0.0 0.214971115092032
0.0 0.2542256420954334
0.0 0.2923187880832228
0.0 0.32928491357293505
0.0 0.36515736249482716
0.0 0.3999684922685408
0.0 0.4337497029899196
0.0 0.4665314657543074
0.0 0.49834335014187614
0.0 0.5292140508897754
0.0 0.5591714137751614
0.0 0.5882424607324542
0.0 0.6164534142274759
0.0 0.6438297209104601
0.0 0.6703960745692635
0.0 0.6961764384034871
0.0 0.7211940666395962
0.0 0.7454715255065383
0.0 0.7690307135907773
0.0 0.7918928815891065
0.0 0.8140786514770549
0.0 0.8356080351101806
0.0 0.8565004522750267
0.0 0.8767747482060239
0.0 0.8964492105841388
0.0 0.9155415860326027
0.0 0.934069096124598
0.0 0.9520484529173435
0.0 0.9694958740265893
0.0 0.9864270972551191
0.0 1.0028573947884547
0.0 1.0188015869705673
0.0 1.0342740556720234
0.0 1.0492887572626195
0.0 1.0638592352002114
0.0 1.0779986322470914
0.0 1.0917197023249308
0.0 1.1050348220189863
0.0 1.1179560017419414
0.0 1.1304948965674566
0.0 1.1426628167431983
0.0 1.154470737892831
0.0 1.1659293109161741
0.0 1.1770488715964527
0.0 1.1878394499233098
0.06751107208467455 1.1878394499233098
0.06124758603689462 1.1878394499233098
0.05548736823901366 1.1878394499233098
0.050189981316473106 1.1878394499233098
0.04531823701933438 1.1878394499233098
0.0408379351565961 1.1878394499233098
0.03671762350702014 1.1878394499233098
0.03292837702101317 1.1878394499233098
0.02944359476353666 1.1878394499233098
0.02623881317256132 1.1878394499233098
0.023291534322119792 1.1878394499233098
0.020581067984344704 1.1878394499233098
0.01808838638175006 1.1878394499233098
0.015795990610100605 1.1878394499233098
0.013687787794142772 1.1878394499233098
0.011748978113816692 1.1878394499233098
0.009965950907860573 1.1878394499233098
0.00832618912544314 1.1878394499233098
0.0068181814550638264 1.1878394499233098
0.005431341513855881 1.1878394499233098
0.004155933529992051 1.1878394499233098
0.002983003996475192 1.1878394499233098
0.0019043188165155794 1.1878394499233098
0.0009123054992485752 1.1878394499233098
0.07377455813245448 1.1878394499233098
0.07953477593033545 1.1878394499233098
0.084832162852876 1.1878394499233098
0.08970390715001472 1.1878394499233098
0.094184209012753 1.1878394499233098
0.09830452066232896 1.1878394499233098
0.10209376714833593 1.1878394499233098
0.10557854940581243 1.1878394499233098
0.10878333099678777 1.1878394499233098
0.11173060984722931 1.1878394499233098
0.1144410761850044 1.1878394499233098
0.11693375778759904 1.1878394499233098
0.1192261535592485 1.1878394499233098
0.12133435637520633 1.1878394499233098
0.1232731660555324 1.1878394499233098
0.12505619326148854 1.1878394499233098
0.12669595504390596 1.1878394499233098
0.12820396271428527 1.1878394499233098
0.12959080265549322 1.1878394499233098
0.13086621063935705 1.1878394499233098
0.1320391401728739 1.1878394499233098
0.1331178253528335 1.1878394499233098
0.1341098386701005 1.1878394499233098
0.1350221441693491 1.1878394499233098
0.1350221441693491 0.6542748230214624
0.1350221441693491 0.6861941709991746
0.1350221441693491 0.7170520253797978
0.1350221441693491 0.7468836866543525
0.1350221441693491 0.775723281378689
0.1350221441693491 0.8036038012132783
0.1350221441693491 0.8305571406647161
0.1350221441693491 0.8566141335721128
0.1350221441693491 0.8818045883801128
0.1350221441693491 0.9061573222388903
0.1350221441693491 0.9297001939701346
0.1350221441693491 0.9524601359367342
0.1350221441693491 0.9744631848526197
0.1350221441693491 0.9957345115680092
0.1350221441693491 1.016298449864132
0.1350221441693491 1.0361785242903696
0.1350221441693491 1.0553974770756562
0.1350221441693491 1.073977294144932
0.1350221441693491 1.0919392302704023
0.1350221441693491 1.1093038333863823
0.1350221441693491 1.1260909680955362
0.1350221441693491 1.14231983839341
0.1350221441693491 1.1580090096372424
0.1350221441693491 1.1731764297841984
0.1350221441693491 0.6223554750437503
0.1350221441693491 0.591497620663127
0.1350221441693491 0.5616659593885724
0.1350221441693491 0.5328263646642359
0.1350221441693491 0.5049458448296466
0.1350221441693491 0.4779925053782088
0.1350221441693491 0.4519355124708121
0.1350221441693491 0.4267450576628121
0.1350221441693491 0.4023923238040346
0.1350221441693491 0.3788494520727903
0.1350221441693491 0.35608951010619067
0.1350221441693491 0.3340864611903052
0.1350221441693491 0.31281513447491566
0.1350221441693491 0.2922511961787927
0.1350221441693491 0.27237112175255535
0.1350221441693491 0.2531521689672687
0.1350221441693491 0.23457235189799291
0.1350221441693491 0.2166104157725225
0.1350221441693491 0.19924581265654268
0.1350221441693491 0.18245867794738857
0.1350221441693491 0.16622980764951495
0.1350221441693491 0.15054063640568238
0.1350221441693491 0.13537321625872645
0.1350221441693491 0.12071019611961509
0.5675110720846746 0.12071019611961509
0.5397015073927561 0.12071019611961509
0.5130155825897926 0.12071019611961509
0.4874078972312233 0.12071019611961509
0.46283488526835287 0.12071019611961509
0.43925474092995376 0.12071019611961509
0.416627347598608 0.12071019611961509
0.39491420956078566 0.12071019611961509
0.3740783865145486 0.12071019611961509
0.3540844307234564 0.12071019611961509
0.3348983267097564 0.12071019611961509
0.31648743338425883 0.12071019611961509
0.2988204285144419 0.12071019611961509
0.28186725543631264 0.12071019611961509
0.265599071919364 0.12071019611961509
0.2499882010976332 0.12071019611961509
0.23500808438338106 0.12071019611961509
0.2206332362832839 0.12071019611961509
0.20683920104026943 0.12071019611961509
0.19360251102722914 0.12071019611961509
0.1809006468218256 0.12071019611961509
0.16871199889446858 0.12071019611961509
0.15701583084428078 0.12071019611961509
0.14579224412050723 0.12071019611961509
0.595320636776593 0.12071019611961509
0.6220065615795565 0.12071019611961509
0.6476142469381257 0.12071019611961509
0.6721872589009962 0.12071019611961509
0.6957674032393953 0.12071019611961509
0.7183947965707411 0.12071019611961509
0.7401079346085635 0.12071019611961509
0.7609437576548005 0.12071019611961509
0.7809377134458927 0.12071019611961509
0.8001238174595927 0.12071019611961509
0.8185347107850902 0.12071019611961509
0.8362017156549072 0.12071019611961509
0.8531548887330365 0.12071019611961509
0.8694230722499852 0.12071019611961509
0.8850339430717159 0.12071019611961509
0.900014059785968 0.12071019611961509
0.9143889078860652 0.12071019611961509
0.9281829431290797 0.12071019611961509
0.94141963314212 0.12071019611961509
0.9541214973475235 0.12071019611961509
0.9663101452748806 0.12071019611961509
0.9780063133250683 0.12071019611961509
0.9892299000488418 0.12071019611961509
1.0 0.12071019611961509
1.0 0.0
1.0 0.009983086344764238
1.0 0.019153414928703018
1.0 0.02757715518629474
1.0 0.03531508946835004
1.0 0.04242305162321883
1.0 0.04895232987157677
1.0 0.05495003688177501
1.0 0.060459449716069175
1.0 0.06552032210064436
1.0 0.07016917127265183
1.0 0.07443954147403138
1.0 0.07836224599338573
1.0 0.08196558950238456
1.0 0.08527557229098906
1.0 0.08831607787517692
1.0 0.09110904533087032
1.0 0.09367462759755966
1.0 0.09603133689387935
1.0 0.09819617829439566
1.0 0.10018477243144433
1.0 0.10201146820738487
1.0 0.10368944633055849
1.0 0.10523081442202384
1.0 0.10664669437932273
1.0 0.10794730262765805
1.0 0.10914202383754432
1.0 0.11023947864084811
1.0 0.11124758583383017
1.0 0.11217361951602166
1.0 0.11302426157722596
1.0 0.1138056499113711
1.0 0.11452342270510492
1.0 0.11518275912070179
1.0 0.11578841666683239
1.0 0.11634476552684926
1.0 0.11685582009228736
1.0 0.11732526792911262
1.0 0.11775649638572762
1.0 0.11815261703472694
1.0 0.11851648812476435
1.0 0.11885073520453535
1.0 0.11915777006768961
1.0 0.11943980815537238
1.0 0.1196988845419643
1.0 0.11993686861936674
1.0 0.12015547758578826
1.0 0.1203562888363623
1.0 0.12054075134500138
