# CURVE 2D, normalized by CHORD
# COLUMN#1 = X-coordinate, COLUMN#2 = Y-coordinate
#-------------------------------------------------------------------------------
0.0 0.0
0.0 -0.04480808346718664
0.0 -0.08821535515829919
0.0 -0.13026560792230918
0.0 -0.17100126553515946
0.0 -0.21046342550038113
0.0 -0.2486919005116572
0.0 -0.2857252586191637
0.0 -0.3216008621402113
0.0 -0.35635490535344394
0.0 -0.3900224510146235
0.0 -0.42263746573084016
0.0 -0.4542328542288373
0.0 -0.48484049255202405
0.0 -0.5144912602196663
0.0 -0.543215071380702
0.0 -0.5710409049936113
0.0 -0.597996834062788
0.0 -0.6241100539609116
0.0 -0.6494069098658887
0.0 -0.673912923340051
0.0 -0.6976528180784192
0.0 -0.7206505448520132
0.0 -0.7429293056713732
0.0 -0.7645115771946678
0.0 -0.7854191334040077
0.0 -0.8056730675728421
0.0 -0.8252938135465974
0.0 -0.8443011663580335
0.0 -0.8627143021981111
0.0 -0.88055179776252
0.0 -0.8978316489933881
0.0 -0.9145712892350776
0.0 -0.9307876068223854
0.0 -0.9464969621188937
0.0 -0.9617152040226589
0.0 -0.9764576859558922
0.0 -0.9907392813547626
0.0 -1.0045743986749507
0.0 -1.0179769959280915
0.0 -1.030960594763772
0.0 -1.043538294111291
0.0 -1.0557227833949419
0.0 -1.0675263553361565
0.0 -1.0789609183554183
0.0 -1.0900380085864638
0.0 -1.1007688015148887
0.0 -1.1111641232529033
0.0 -1.1212344614616097
0.0 -1.130989975931824
0.13031636563525872 -1.130989975931824
0.11910543697886192 -1.130989975931824
0.10869657743355167 -1.130989975931824
0.09903240416524915 -1.130989975931824
0.09005963970885364 -1.130989975931824
0.0817288182557635 -1.130989975931824
0.07399401295461704 -1.130989975931824
0.06681258272189346 -1.130989975931824
0.0601449371665707 -1.130989975931824
0.05395431833289657 -1.130989975931824
0.048206598058046765 -1.130989975931824
0.04287008982752588 -1.130989975931824
0.03791537409109225 -1.130989975931824
0.03331513607619331 -1.130989975931824
0.029044015204796242 -1.130989975931824
0.0250784652834658 -1.130989975931824
0.021396624695934036 -1.130989975931824
0.017978195882548093 -1.130989975931824
0.014804333442180725 -1.130989975931824
0.01185754023972202 -1.130989975931824
0.009121570946405144 -1.130989975931824
0.006581342481195199 -1.130989975931824
0.00422285085951471 -1.130989975931824
0.0020330939909027623 -1.130989975931824
0.14152729429165553 -1.130989975931824
0.15193615383696576 -1.130989975931824
0.16160032710526828 -1.130989975931824
0.1705730915616638 -1.130989975931824
0.17890391301475395 -1.130989975931824
0.1866387183159004 -1.130989975931824
0.193820148548624 -1.130989975931824
0.20048779410394674 -1.130989975931824
0.20667841293762088 -1.130989975931824
0.21242613321247067 -1.130989975931824
0.21776264144299157 -1.130989975931824
0.2227173571794252 -1.130989975931824
0.22731759519432415 -1.130989975931824
0.2315887160657212 -1.130989975931824
0.23555426598705165 -1.130989975931824
0.2392361065745834 -1.130989975931824
0.24265453538796936 -1.130989975931824
0.2458283978283367 -1.130989975931824
0.24877519103079543 -1.130989975931824
0.2515111603241123 -1.130989975931824
0.25405138878932226 -1.130989975931824
0.25640988041100277 -1.130989975931824
0.25859963727961466 -1.130989975931824
0.26063273127051745 -1.130989975931824
0.26063273127051745 -0.7066893415354432
0.26063273127051745 -0.7341465300751245
0.26063273127051745 -0.7604767504559597
0.26063273127051745 -0.785726258587552
0.26063273127051745 -0.8099394118261547
0.26063273127051745 -0.833158746899954
0.26063273127051745 -0.8554250546359419
0.26063273127051745 -0.8767774516196594
0.26063273127051745 -0.8972534489136957
0.26063273127051745 -0.9168890179556679
0.26063273127051745 -0.9357186537514466
0.26063273127051745 -0.9537754354746445
0.26063273127051745 -0.9710910845788244
0.26063273127051745 -0.9876960205245191
0.26063273127051745 -1.0036194142189583
0.26063273127051745 -1.0188892392623874
0.26063273127051745 -1.033532321091003
0.26063273127051745 -1.0475743841028387
0.26063273127051745 -1.0610400968493883
0.26063273127051745 -1.0739531153723614
0.26063273127051745 -1.086336124761699
0.26063273127051745 -1.0982108790078595
0.26063273127051745 -1.109598239218385
0.26063273127051745 -1.1205182102658857
0.26063273127051745 -0.6792321529957617
0.26063273127051745 -0.6529019326149266
0.26063273127051745 -0.6276524244833344
0.26063273127051745 -0.6034392712447316
0.26063273127051745 -0.5802199361709324
0.26063273127051745 -0.5579536284349444
0.26063273127051745 -0.5366012314512268
0.26063273127051745 -0.5161252341571905
0.26063273127051745 -0.49648966511521836
0.26063273127051745 -0.4776600293194396
0.26063273127051745 -0.4596032475962418
0.26063273127051745 -0.4422875984920618
0.26063273127051745 -0.4256826625463672
0.26063273127051745 -0.40975926885192804
0.26063273127051745 -0.3944894438084989
0.26063273127051745 -0.37984636197988314
0.26063273127051745 -0.3658042989680476
0.26063273127051745 -0.352338586221498
0.26063273127051745 -0.33942556769852483
0.26063273127051745 -0.3270425583091872
0.26063273127051745 -0.3151678040630267
0.26063273127051745 -0.3037804438525012
0.26063273127051745 -0.29286047280500055
0.26063273127051745 -0.28238870713906217
0.6303163656352587 -0.28238870713906217
0.6053046620018486 -0.28238870713906217
0.5814326463428162 -0.28238870713906217
0.5586483874223699 -0.28238870713906217
0.5369023203131384 -0.28238870713906217
0.5161471385725189 -0.28238870713906217
0.49633769133213596 -0.28238870713906217
0.47743088507654297 -0.28238870713906217
0.45938558989749284 -0.28238870713906217
0.4421625500198444 -0.28238870713906217
0.42572429840446235 -0.28238870713906217
0.41003507524233695 -0.28238870713906217
0.39506075016261644 -0.28238870713906217
0.38076874798532245 -0.28238870713906217
0.36712797785723145 -0.28238870713906217
0.3541087656167635 -0.28238870713906217
0.3416827892407455 -0.28238870713906217
0.3298230172326193 -0.28238870713906217
0.3185036498180638 -0.28238870713906217
0.3077000628201089 -0.28238870713906217
0.2973887540916465 -0.28238870713906217
0.2875472923888072 -0.28238870713906217
0.278154268573983 -0.28238870713906217
0.26918924904234165 -0.28238870713906217
0.6553280692686688 -0.28238870713906217
0.6792000849277012 -0.28238870713906217
0.7019843438481476 -0.28238870713906217
0.723730410957379 -0.28238870713906217
0.7444855926979985 -0.28238870713906217
0.7642950399383814 -0.28238870713906217
0.7832018461939745 -0.28238870713906217
0.8012471413730247 -0.28238870713906217
0.8184701812506731 -0.28238870713906217
0.8349084328660551 -0.28238870713906217
0.8505976560281805 -0.28238870713906217
0.865571981107901 -0.28238870713906217
0.879863983285195 -0.28238870713906217
0.8935047534132861 -0.28238870713906217
0.9065239656537539 -0.28238870713906217
0.918949942029772 -0.28238870713906217
0.9308097140378981 -0.28238870713906217
0.9421290814524537 -0.28238870713906217
0.9529326684504085 -0.28238870713906217
0.963243977178871 -0.28238870713906217
0.9730854388817103 -0.28238870713906217
0.9824784626965344 -0.28238870713906217
0.9914434822281758 -0.28238870713906217
1.0 -0.28238870713906217
1.0 0.0
1.0 -0.02037720133832808
1.0 -0.039325721138688916
1.0 -0.05694572678437707
1.0 -0.07333036274671595
1.0 -0.08856624297380676
1.0 -0.1027339087570336
1.0 -0.11590825449574012
1.0 -0.12815892361079342
1.0 -0.13955067669994956
1.0 -0.15014373388119673
1.0 -0.15999409313380278
1.0 -0.16915382631990997
1.0 -0.17767135445153387
1.0 -0.1855917036581069
1.0 -0.19295674320768588
1.0 -0.199805406840073
1.0 -0.20617389858188084
1.0 -0.21209588413154026
1.0 -0.21760266882596774
1.0 -0.22272336312967547
1.0 -0.22748503652114827
1.0 -0.2319128605899748
1.0 -0.23603024210118664
1.0 -0.23985894673022173
1.0 -0.24341921412261117
1.0 -0.24672986488662849
1.0 -0.24980840008449529
1.0 -0.25267109374808316
1.0 -0.25533307890817647
1.0 -0.25780842759207145
1.0 -0.26011022521240307
1.0 -0.26225063974043933
1.0 -0.26424098602951424
1.0 -0.2660917856286316
1.0 -0.2678128224024309
1.0 -0.2694131942515398
1.0 -0.27090136120672137
1.0 -0.2722851901510553
1.0 -0.2735719964065691
1.0 -0.27476858240515606
1.0 -0.2758812736482078
1.0 -0.27691595214505305
1.0 -0.2778780875069687
1.0 -0.2787727658611347
1.0 -0.27960471673738096
1.0 -0.2803783380698565
1.0 -0.28109771944578776
1.0 -0.2817666637242253
