# CURVE 2D, normalized by CHORD
# COLUMN#1 = X-coordinate, COLUMN#2 = Y-coordinate
#-------------------------------------------------------------------------------
0.0 0.0
0.0 0.02884064424025533
0.0 0.05597254644428225
0.0 0.08149694565937966
0.0 0.10550908275144726
0.0 0.12809855578347873
0.0 0.14934965433869432
0.0 0.1693416740357946
0.0 0.1881492124099061
0.0 0.2058424472632603
0.0 0.22248739852423233
0.0 0.23814617459183265
0.0 0.2528772040848522
0.0 0.2667354538604024
0.0 0.27977263411535624
0.0 0.2920373913359995
0.0 0.30357548981585786
0.0 0.3144299824190083
0.0 0.3246413712260568
0.0 0.3342477586622093
0.0 0.34328498967135174
0.0 0.3517867854666415
0.0 0.35978486935668313
0.0 0.3673090851167916
0.0 0.37438750834702994
0.0 0.3810465512325378
0.0 0.3873110610970518
0.0 0.3932044131173551
0.0 0.39874859754460823
0.0 0.4039643017580169
0.0 0.40887098745700745
0.0 0.4134869632799431
0.0 0.4178294531203481
0.0 0.42191466039555164
0.0 0.42575782850756255
0.0 0.4293732977217756
0.0 0.4327745586757449
0.0 0.4359743027176849
0.0 0.43898446926253126
0.0 0.4418162903422633
0.0 0.44448033251672164
0.0 0.44698653630130697
0.0 0.44934425325867716
0.0 0.45156228089284683
0.0 0.45364889547589154
0.0 0.4556118829297448
0.0 0.4574585678783195
0.0 0.459195840978358
0.0 0.46083018463099185
0.0 0.4623676971699503
0.28626418805403236 0.4623676971699503
0.2653838982792861 0.4623676971699503
0.24561856574193125 0.4623676971699503
0.22690865440800356 0.4623676971699503
0.2091978073245129 0.4623676971699503
0.1924326768641676 0.4623676971699503
0.17656276403462268 0.4623676971699503
0.16154026636822705 0.4623676971699503
0.14731993393409276 0.4623676971699503
0.13385893303877294 0.4623676971699503
0.12111671720499576 0.4623676971699503
0.10905490503982354 0.4623676971699503
0.09763716462435856 0.4623676971699503
0.08682910407675998 0.4623676971699503
0.07659816795893268 0.4623676971699503
0.0669135392148496 0.4623676971699503
0.057746046345131835 0.4623676971699503
0.049068075538282574 0.4623676971699503
0.04085348749390194 0.4623676971699503
0.03307753868734209 0.4623676971699503
0.025716806838640027 0.4623676971699503
0.01874912036123033 0.4623676971699503
0.012153491577926834 0.4623676971699503
0.005910053503010271 0.4623676971699503
0.30714447782877863 0.4623676971699503
0.3269098103661335 0.4623676971699503
0.34561972170006117 0.4623676971699503
0.36333056878355185 0.4623676971699503
0.38009569924389713 0.4623676971699503
0.39596561207344205 0.4623676971699503
0.4109881097398377 0.4623676971699503
0.42520844217397197 0.4623676971699503
0.4386694430692918 0.4623676971699503
0.451411658903069 0.4623676971699503
0.4634734710682412 0.4623676971699503
0.47489121148370617 0.4623676971699503
0.48569927203130475 0.4623676971699503
0.495930208149132 0.4623676971699503
0.5056148368932152 0.4623676971699503
0.5147823297629329 0.4623676971699503
0.5234603005697822 0.4623676971699503
0.5316748886141628 0.4623676971699503
0.5394508374207226 0.4623676971699503
0.5468115692694246 0.4623676971699503
0.5537792557468344 0.4623676971699503
0.560374884530138 0.4623676971699503
0.5666183226050545 0.4623676971699503
0.5725283761080647 0.4623676971699503
0.5725283761080647 0.3828968433375018
0.5725283761080647 0.39016180481504786
0.5725283761080647 0.3968557425552972
0.5725283761080647 0.40302353884834363
0.5725283761080647 0.40870654825008645
0.5725283761080647 0.41394287486105247
0.5725283761080647 0.4187676278111888
0.5725283761080647 0.4232131566636289
0.5725283761080647 0.4273092683157952
0.5725283761080647 0.43108342685214196
0.5725283761080647 0.4345609376885338
0.5725283761080647 0.43776511724293277
0.5725283761080647 0.4407174492700217
0.5725283761080647 0.4434377289079741
0.5725283761080647 0.44594419540319247
0.5725283761080647 0.44825365440292275
0.5725283761080647 0.45038159063570715
0.5725283761080647 0.4523422717351877
0.5725283761080647 0.45414884390339144
0.5725283761080647 0.45581342005490977
0.5725283761080647 0.4573471610329736
0.5725283761080647 0.4587603504419691
0.5725283761080647 0.4600624635981411
0.5725283761080647 0.46126223106079245
0.5725283761080647 0.3756318818599557
0.5725283761080647 0.3689379441197064
0.5725283761080647 0.36277014782665995
0.5725283761080647 0.3570871384249171
0.5725283761080647 0.3518508118139511
0.5725283761080647 0.34702605886381477
0.5725283761080647 0.3425805300113747
0.5725283761080647 0.3384844183592084
0.5725283761080647 0.3347102598228616
0.5725283761080647 0.33123274898646976
0.5725283761080647 0.3280285694320708
0.5725283761080647 0.32507623740498187
0.5725283761080647 0.32235595776702947
0.5725283761080647 0.3198494912718111
0.5725283761080647 0.31754003227208083
0.5725283761080647 0.31541209603929643
0.5725283761080647 0.3134514149398159
0.5725283761080647 0.31164484277161214
0.5725283761080647 0.3099802666200938
0.5725283761080647 0.30844652564202996
0.5725283761080647 0.30703333623303447
0.5725283761080647 0.30573122307686246
0.5725283761080647 0.30453145561421113
0.5725283761080647 0.3034259895050533
0.7862641880540324 0.3034259895050533
0.7694979114960808 0.3034259895050533
0.7537581150607551 0.3034259895050533
0.7389819546551223 0.3034259895050533
0.7251104336840525 0.3034259895050533
0.712088167495234 0.3034259895050533
0.699863162245549 0.3034259895050533
0.6883866073058911 0.3034259895050533
0.6776126803755625 0.3034259895050533
0.6674983645281349 0.3034259895050533
0.6580032764582915 0.3034259895050533
0.6490895052438982 0.3034259895050533
0.6407214609795276 0.3034259895050533
0.6328657326770786 0.3034259895050533
0.6254909548661319 0.3034259895050533
0.6185676823614203 0.3034259895050533
0.6120682726973963 0.3034259895050533
0.6059667757604983 0.3034259895050533
0.6002388301784487 0.3034259895050533
0.5948615660529011 0.3034259895050533
0.5898135136470758 0.3034259895050533
0.5850745176638046 0.3034259895050533
0.5806256567717218 0.3034259895050533
0.5764491680582957 0.3034259895050533
0.803030464611984 0.3034259895050533
0.8187702610473098 0.3034259895050533
0.8335464214529426 0.3034259895050533
0.8474179424240124 0.3034259895050533
0.8604402086128308 0.3034259895050533
0.8726652138625158 0.3034259895050533
0.8841417688021738 0.3034259895050533
0.8949156957325022 0.3034259895050533
0.9050300115799299 0.3034259895050533
0.9145250996497734 0.3034259895050533
0.9234388708641665 0.3034259895050533
0.9318069151285371 0.3034259895050533
0.9396626434309863 0.3034259895050533
0.9470374212419328 0.3034259895050533
0.9539606937466445 0.3034259895050533
0.9604601034106685 0.3034259895050533
0.9665616003475664 0.3034259895050533
0.9722895459296159 0.3034259895050533
0.9776668100551635 0.3034259895050533
0.9827148624609889 0.3034259895050533
0.9874538584442601 0.3034259895050533
0.991902719336343 0.3034259895050533
0.996079208049769 0.3034259895050533
1.0 0.3034259895050533
1.0 0.0
1.0 0.021517427796995302
1.0 0.0415554773951995
1.0 0.06021585982976541
1.0 0.0775932932420204
1.0 0.09377598365880342
1.0 0.10884607271699293
1.0 0.12288005460582836
1.0 0.13594916434338036
1.0 0.1481197393580208
1.0 0.15945355621024163
1.0 0.1700081441639875
1.0 0.17983707719915734
1.0 0.18899024594749925
1.0 0.19751411093221732
1.0 0.20545193839670764
1.0 0.2128440199194655
1.0 0.21972787692990586
1.0 0.22613845116319833
1.0 0.23210828202084494
1.0 0.2376676717372643
1.0 0.24284483919075117
1.0 0.24766606313953862
1.0 0.2521558156100148
1.0 0.25633688611415867
1.0 0.260230497326709
1.0 0.2638564128092325
1.0 0.26723303732788656
1.0 0.2703775102740791
1.0 0.27330579266221916
1.0 0.2760327481461498
1.0 0.27857221846549385
1.0 0.28093709370487024
1.0 0.28313937772260983
1.0 0.2851902490810796
1.0 0.2871001177878909
1.0 0.288878678136005
1.0 0.2905349579109457
1.0 0.2920773642148905
1.0 0.2935137261402385
1.0 0.29485133450926093
1.0 0.29609697888154907
1.0 0.297256982017106
1.0 0.29833723197001194
1.0 0.2993432119755687
1.0 0.3002800282826257
1.0 0.3011524360723633
1.0 0.3019648635950927
1.0 0.30272143464758955
