# CURVE 2D, normalized by CHORD
# COLUMN#1 = X-coordinate, COLUMN#2 = Y-coordinate
#-------------------------------------------------------------------------------
0.0 0.0
0.0 -0.04692731627889868
0.0 -0.09259291857668354
0.0 -0.13703073003868668
0.0 -0.1802737617336464
0.0 -0.22235413717630775
0.0 -0.2633031161906938
0.0 -0.3031511181317758
0.0 -0.34192774448279256
0.0 -0.3796618008450057
0.0 -0.4163813183362262
0.0 -0.45211357441400785
0.0 -0.48688511313897714
0.0 -0.520721764893352
0.0 -0.5536486655692969
0.0 -0.5856902752413701
0.0 -0.6168703963369314
0.0 -0.6472121913180128
0.0 -0.6767381998877814
0.0 -0.7054703557343828
0.0 -0.7334300028245975
0.0 -0.7606379112594188
0.0 -0.7871142927033287
0.0 -0.8128788153987321
0.0 -0.8379506187767065
0.0 -0.8623483276749176
0.0 -0.8860900661732651
0.0 -0.9091934710575347
0.0 -0.9316757049210588
0.0 -0.9535534689141205
0.0 -0.9748430151505671
0.0 -0.995560158780855
0.0 -1.0157202897404904
0.0 -1.0353383841825958
0.0 -1.0544290156030938
0.0 -1.0730063656667723
0.0 -1.0910842347422764
0.0 -1.1086760521538468
0.0 -1.1257948861574283
0.0 -1.1424534536485524
0.0 -1.1586641296092093
0.0 -1.1744389563007265
0.0 -1.189789652209481
0.0 -1.2047276207520938
0.0 -1.2192639587465708
0.0 -1.2334094646556837
0.0 -1.2471746466087157
0.0 -1.2605697302075294
0.0 -1.2736046661227562
0.0 -1.2862891374857504
0.366519139867029 -1.2862891374857504
0.34165470805883935 -1.2862891374857504
0.3179301171912025 -1.2862891374857504
0.29529311441636474 -1.2862891374857504
0.27369384227350824 -1.2862891374857504
0.2530847288788788 -1.2862891374857504
0.2334203831498413 -1.2862891374857504
0.2146574948320993 -1.2862891374857504
0.1967547391098884 -1.2862891374857504
0.17967268558905142 -1.2862891374857504
0.16337371145253213 -1.2862891374857504
0.14782191859701435 -1.2862891374857504
0.13298305456820225 -1.2862891374857504
0.1188244371206037 -1.2862891374857504
0.10531488223566071 -1.2862891374857504
0.09242463543968982 -1.2862891374857504
0.08012530627036007 -1.2862891374857504
0.06838980574737497 -1.2862891374857504
0.057192286709636275 -1.2862891374857504
0.04650808688748609 -1.2862891374857504
0.03631367458464391 -1.2862891374857504
0.026586596850204258 -1.2862891374857504
0.01730543002654611 -1.2862891374857504
0.008449732564235812 -1.2862891374857504
0.39138357167521864 -1.2862891374857504
0.4151081625428555 -1.2862891374857504
0.43774516531769325 -1.2862891374857504
0.45934443746054976 -1.2862891374857504
0.4799535508551792 -1.2862891374857504
0.49961789658421674 -1.2862891374857504
0.5183807849019587 -1.2862891374857504
0.5362835406241696 -1.2862891374857504
0.5533655941450066 -1.2862891374857504
0.5696645682815259 -1.2862891374857504
0.5852163611370437 -1.2862891374857504
0.6000552251658557 -1.2862891374857504
0.6142138426134542 -1.2862891374857504
0.6277233974983973 -1.2862891374857504
0.6406136442943682 -1.2862891374857504
0.6529129734636979 -1.2862891374857504
0.664648473986683 -1.2862891374857504
0.6758459930244217 -1.2862891374857504
0.6865301928465719 -1.2862891374857504
0.696724605149414 -1.2862891374857504
0.7064516828838537 -1.2862891374857504
0.7157328497075119 -1.2862891374857504
0.7245885471698221 -1.2862891374857504
0.733038279734058 -1.2862891374857504
0.733038279734058 -0.9703352043673901
0.733038279734058 -0.9927495744062798
0.733038279734058 -1.014032589069224
0.733038279734058 -1.034241353016513
0.733038279734058 -1.0534300885760621
0.733038279734058 -1.0716502812278597
0.733038279734058 -1.0889508177451501
0.733038279734058 -1.1053781173630046
0.733038279734058 -1.1209762563262131
0.733038279734058 -1.1357870861506794
0.733038279734058 -1.1498503459156237
0.733038279734058 -1.1632037688878865
0.733038279734058 -1.1758831837644173
0.733038279734058 -1.187922610804595
0.733038279734058 -1.1993543531103112
0.733038279734058 -1.2102090832987318
0.733038279734058 -1.220515925800289
0.733038279734058 -1.2303025350027204
0.733038279734058 -1.2395951694508205
0.733038279734058 -1.2484187623009946
0.733038279734058 -1.2567969882196475
0.733038279734058 -1.2647523269049092
0.733038279734058 -1.2723061234021276
0.733038279734058 -1.2794786453749625
0.733038279734058 -0.9479208343285004
0.733038279734058 -0.9266378196655559
0.733038279734058 -0.906429055718267
0.733038279734058 -0.887240320158718
0.733038279734058 -0.8690201275069206
0.733038279734058 -0.85171959098963
0.733038279734058 -0.8352922913717755
0.733038279734058 -0.819694152408567
0.733038279734058 -0.8048833225841008
0.733038279734058 -0.7908200628191564
0.733038279734058 -0.7774666398468938
0.733038279734058 -0.7647872249703629
0.733038279734058 -0.7527477979301851
0.733038279734058 -0.7413160556244688
0.733038279734058 -0.7304613254360484
0.733038279734058 -0.7201544829344912
0.733038279734058 -0.7103678737320598
0.733038279734058 -0.7010752392839595
0.733038279734058 -0.6922516464337856
0.733038279734058 -0.6838734205151327
0.733038279734058 -0.6759180818298709
0.733038279734058 -0.6683642853326527
0.733038279734058 -0.6611917633598177
0.733038279734058 -0.6543812712490298
0.866519139867029 -0.6543812712490298
0.8550780333196996 -0.6543812712490298
0.8444506667609842 -0.6543812712490298
0.8345791635540097 -0.6543812712490298
0.8254097634936162 -0.6543812712490298
0.8168925300282872 -0.6543812712490298
0.808981078305697 -0.6543812712490298
0.8016323225608105 -0.6543812712490298
0.7948062414708129 -0.6543812712490298
0.7884656601989907 -0.6543812712490298
0.782576047940576 -0.6543812712490298
0.7771053298679884 -0.6543812712490298
0.7720237124513281 -0.6543812712490298
0.7673035212028156 -0.6543812712490298
0.762919049961536 -0.6543812712490298
0.7588464208976892 -0.6543812712490298
0.7550634544739316 -0.6543812712490298
0.7515495486556202 -0.6543812712490298
0.7482855667121329 -0.6543812712490298
0.7452537329982369 -0.6543812712490298
0.7424375361479276 -0.6543812712490298
0.7398216391535305 -0.6543812712490298
0.73739179584036 -0.6543812712490298
0.7351347732820538 -0.6543812712490298
0.8779602464143584 -0.6543812712490298
0.8885876129730738 -0.6543812712490298
0.8984591161800483 -0.6543812712490298
0.9076285162404418 -0.6543812712490298
0.9161457497057708 -0.6543812712490298
0.924057201428361 -0.6543812712490298
0.9314059571732475 -0.6543812712490298
0.9382320382632451 -0.6543812712490298
0.9445726195350673 -0.6543812712490298
0.950462231793482 -0.6543812712490298
0.9559329498660696 -0.6543812712490298
0.9610145672827299 -0.6543812712490298
0.9657347585312424 -0.6543812712490298
0.970119229772522 -0.6543812712490298
0.9741918588363688 -0.6543812712490298
0.9779748252601264 -0.6543812712490298
0.9814887310784378 -0.6543812712490298
0.9847527130219251 -0.6543812712490298
0.9877845467358211 -0.6543812712490298
0.9906007435861304 -0.6543812712490298
0.9932166405805275 -0.6543812712490298
0.995646483893698 -0.6543812712490298
0.9979035064520042 -0.6543812712490298
1.0 -0.6543812712490298
1.0 0.0
1.0 -0.035277687777510426
1.0 -0.06881236523530154
1.0 -0.10069015153724284
1.0 -0.13099291084635747
1.0 -0.15979846255714905
1.0 -0.18718078114070816
1.0 -0.21321018611581324
1.0 -0.23795352263388403
1.0 -0.26147433314154045
1.0 -0.28383302056160764
1.0 -0.30508700341162653
1.0 -0.3252908632582229
1.0 -0.34449648488600865
1.0 -0.3627531895409763
1.0 -0.38010786159056553
1.0 -0.3966050689256714
1.0 -0.4122871774137952
1.0 -0.4271944596972611
1.0 -0.44136519861589757
1.0 -0.45483578551978154
1.0 -0.4676408137245177
1.0 -0.47981316734905133
1.0 -0.4913841057641573
1.0 -0.5023833438684729
1.0 -0.5128391283982293
1.0 -0.5227783104666492
1.0 -0.5322264145192964
1.0 -0.5412077038824604
1.0 -0.5497452430729058
1.0 -0.5578609570290047
1.0 -0.5655756874153588
1.0 -0.5729092461455069
1.0 -0.5798804662601672
1.0 -0.5865072502916715
1.0 -0.5928066162387959
1.0 -0.5987947412700537
1.0 -0.6044870032676832
1.0 -0.6098980203190171
1.0 -0.6150416882566525
1.0 -0.6199312163438234
1.0 -0.6245791611966213
1.0 -0.6289974590301755
1.0 -0.6331974563116058
1.0 -0.6371899388984652
1.0 -0.6409851597375001
1.0 -0.6445928651948646
1.0 -0.6480223200854018
1.0 -0.6512823314652726
