# CURVE 2D, normalized by CHORD
# COLUMN#1 = X-coordinate, COLUMN#2 = Y-coordinate
#-------------------------------------------------------------------------------
0.0 0.0
0.0 0.04458650556416597
0.0 0.08775857709895953
0.0 0.1295610852126091
0.0 0.17003747706662103
0.0 0.2092298215323007
0.0 0.24717885291475689
0.0 0.28392401328983347
0.0 0.31950349349797114
0.0 0.35395427283760617
0.0 0.3873121574993604
0.0 0.4196118177809697
0.0 0.45088682412162967
0.0 0.4811696819932107
0.0 0.5104918656846058
0.0 0.5388838510143253
0.0 0.566375147005339
0.0 0.5929943265550836
0.0 0.6187690561325164
0.0 0.6437261245330778
0.0 0.6678914707214479
0.0 0.6912902107910407
0.0 0.7139466640682485
0.0 0.735884378388575
0.0 0.7571261545709225
0.0 0.7776940701154725
0.0 0.797609502149791
0.0 0.8168931496470042
0.0 0.8355650549391408
0.0 0.8536446245479974
0.0 0.871150649355179
0.0 0.8881013241322787
0.0 0.9045142664514927
0.0 0.9204065349963285
0.0 0.9357946472914355
0.0 0.9506945968699851
0.0 0.9651218698964442
0.0 0.9790914612620183
0.0 0.9926178901694925
0.0 1.0057152152236701
0.0 1.01839704904309
0.0 1.030676572408213
0.0 1.0425665479607784
0.0 1.0540793334685723
0.0 1.0652268946693917
0.0 1.0760208177075552
0.0 1.0864723211758867
0.0 1.0965922677756843
0.0 1.1063911756067992
0.0 1.1158792290995525
0.3343232861324155 1.1158792290995525
0.31099671304474813 1.1158792290995525
0.28880713738052394 1.1158792290995525
0.26769913894852754 1.1158792290995525
0.2476199988808105 1.1158792290995525
0.2285195679632179 1.1158792290995525
0.21035014138382524 1.1158792290995525
0.19306633958645977 1.1158792290995525
0.17662499493172942 1.1158792290995525
0.1609850438824855 1.1158792290995525
0.14610742444444458 1.1158792290995525
0.13195497860581948 1.1158792290995525
0.11849235953229437 1.1158792290995525
0.1056859432855568 1.1158792290995525
0.09350374484489635 1.1158792290995525
0.08191533822212732 1.1158792290995525
0.07089178047031675 1.1158792290995525
0.060405539396523045 1.1158792290995525
0.05043042479800275 1.1158792290995525
0.040941523050141815 1.1158792290995525
0.031915134882740115 1.1158792290995525
0.023328716189241094 1.1158792290995525
0.015160821721071749 1.1158792290995525
0.007391051526466297 1.1158792290995525
0.3576498592200829 1.1158792290995525
0.3798394348843071 1.1158792290995525
0.4009474333163035 1.1158792290995525
0.42102657338402055 1.1158792290995525
0.4401270043016131 1.1158792290995525
0.4582964308810058 1.1158792290995525
0.47558023267837124 1.1158792290995525
0.4920215773331016 1.1158792290995525
0.5076615283823456 1.1158792290995525
0.5225391478203865 1.1158792290995525
0.5366915936590115 1.1158792290995525
0.5501542127325367 1.1158792290995525
0.5629606289792742 1.1158792290995525
0.5751428274199347 1.1158792290995525
0.5867312340427038 1.1158792290995525
0.5977547917945143 1.1158792290995525
0.608241032868308 1.1158792290995525
0.6182161474668283 1.1158792290995525
0.6277050492146892 1.1158792290995525
0.6367314373820909 1.1158792290995525
0.6453178560755899 1.1158792290995525
0.6534857505437592 1.1158792290995525
0.6612555207383648 1.1158792290995525
0.668646572264831 1.1158792290995525
0.668646572264831 0.8210483453181371
0.668646572264831 0.8423792708654891
0.668646572264831 0.8625895087926336
0.668646572264831 0.8817379379672174
0.668646572264831 0.8998803438694055
0.668646572264831 0.9170695811127734
0.668646572264831 0.9333557274266505
0.668646572264831 0.9487862295485149
0.668646572264831 0.9634060414514681
0.668646572264831 0.9772577553094944
0.668646572264831 0.9903817255820448
0.668646572264831 1.002816186579446
0.668646572264831 1.0145973638516377
0.668646572264831 1.0257595797247514
0.668646572264831 1.036335353292991
0.668646572264831 1.0463554951571243
0.668646572264831 1.0558491971855868
0.668646572264831 1.0648441175597032
0.668646572264831 1.07336646135079
0.668646572264831 1.081441056863884
0.668646572264831 1.0890914279705113
0.668646572264831 1.0963398626412273
0.668646572264831 1.1032074778775818
0.668646572264831 1.1097142812326772
0.668646572264831 0.799717419770785
0.668646572264831 0.7795071818436405
0.668646572264831 0.7603587526690567
0.668646572264831 0.7422163467668687
0.668646572264831 0.7250271095235008
0.668646572264831 0.7087409632096237
0.668646572264831 0.6933104610877593
0.668646572264831 0.678690649184806
0.668646572264831 0.6648389353267797
0.668646572264831 0.6517149650542293
0.668646572264831 0.6392805040568281
0.668646572264831 0.6274993267846365
0.668646572264831 0.6163371109115228
0.668646572264831 0.6057613373432831
0.668646572264831 0.5957411954791498
0.668646572264831 0.5862474934506874
0.668646572264831 0.5772525730765711
0.668646572264831 0.5687302292854841
0.668646572264831 0.5606556337723902
0.668646572264831 0.5530052626657629
0.668646572264831 0.5457568279950469
0.668646572264831 0.5388892127586925
0.668646572264831 0.5323824094035969
0.668646572264831 0.5262174615367217
0.8343232861324155 0.5262174615367217
0.8206326552214028 0.5262174615367217
0.8078591032381187 0.5262174615367217
0.7959411988456764 0.5262174615367217
0.7848216257392087 0.5262174615367217
0.7744469069968356 0.5262174615367217
0.7647671478952258 0.5262174615367217
0.7557357959528825 0.5262174615367217
0.7473094170471404 0.5262174615367217
0.739447486528163 0.5262174615367217
0.732112194325351 0.5262174615367217
0.7252682631088703 0.5262174615367217
0.7188827786317876 0.5262174615367217
0.7129250314368896 0.5262174615367217
0.7073663691669076 0.5262174615367217
0.7021800587678726 0.5262174615367217
0.697341157922899 0.5262174615367217
0.6928263950980894 0.5262174615367217
0.68861405762367 0.5262174615367217
0.6846838872721085 0.5262174615367217
0.6810169828310246 0.5262174615367217
0.6775957092023387 0.5262174615367217
0.674403612590494 0.5262174615367217
0.6714253413718707 0.5262174615367217
0.8480139170434281 0.5262174615367217
0.8607874690267123 0.5262174615367217
0.8727053734191546 0.5262174615367217
0.8838249465256223 0.5262174615367217
0.8941996652679953 0.5262174615367217
0.9038794243696051 0.5262174615367217
0.9129107763119485 0.5262174615367217
0.9213371552176906 0.5262174615367217
0.9291990857366681 0.5262174615367217
0.9365343779394799 0.5262174615367217
0.9433783091559608 0.5262174615367217
0.9497637936330434 0.5262174615367217
0.9557215408279414 0.5262174615367217
0.9612802030979234 0.5262174615367217
0.9664665134969584 0.5262174615367217
0.9713054143419321 0.5262174615367217
0.9758201771667416 0.5262174615367217
0.980032514641161 0.5262174615367217
0.9839626849927225 0.5262174615367217
0.9876295894338064 0.5262174615367217
0.9910508630624923 0.5262174615367217
0.9942429596743371 0.5262174615367217
0.9972212308929603 0.5262174615367217
1.0 0.5262174615367217
1.0 0.0
1.0 0.031231361945985418
1.0 0.06072040615912882
1.0 0.0885643320855325
1.0 0.11485491666302475
1.0 0.13967881682901503
1.0 0.1631178551522105
1.0 0.18524928952967024
1.0 0.20614606783815126
1.0 0.22587706837910784
1.0 0.24450732690987978
1.0 0.26209825100939194
1.0 0.27870782248494014
1.0 0.2943907884872205
1.0 0.30919884196354086
1.0 0.32318079204400896
1.0 0.33638272492231197
1.0 0.3488481557613685
1.0 0.3606181721245541
1.0 0.37173156940526453
1.0 0.3822249787012118
1.0 0.3921329875549394
1.0 0.4014882539585343
1.0 0.4103216139983069
1.0 0.4186621834942508
1.0 0.4265374539692964
1.0 0.4339733832646864
1.0 0.4409944811001507
1.0 0.4476238898608989
1.0 0.45388346087771236
1.0 0.45979382645156625
1.0 0.4653744678601815
1.0 0.4706437795706657
1.0 0.47561912986989524
1.0 0.48031691811248306
1.0 0.4847526287750295
1.0 0.4889408824948247
1.0 0.4928954842612321
1.0 0.4966294689185983
1.0 0.5001551441306723
1.0 0.5034841309481491
1.0 0.5066274021130547
1.0 0.5095953182262267
1.0 0.5123976618971048
1.0 0.5150436699883902
1.0 0.5175420640618603
1.0 0.5199010791256875
1.0 0.5221284907780189
1.0 0.5242316408362864
