# CURVE 2D, normalized by CHORD
# COLUMN#1 = X-coordinate, COLUMN#2 = Y-coordinate
#-------------------------------------------------------------------------------
0.0 0.0
0.010084925011603756 0.04070312933409733
0.018906732710862052 0.07262660605299248
0.02690258072548861 0.0988479773940572
0.034195906906941194 0.12068672249150017
0.040885568416635376 0.13908808200796188
0.04705398880916074 0.15475750039196354
0.052769223498551836 0.16822448778089202
0.058087182052594055 0.17989012707986704
0.06305614232820216 0.19007121333261656
0.06771633774988045 0.1990139860704277
0.0762445663391331 0.21393622609903085
0.08389511637070883 0.225820646865383
0.09083761522681791 0.23544966975001047
0.09720242666071377 0.24336229634922577
0.10588593010947484 0.25282248658306056
0.11376416877417404 0.26014806104518057
0.12335105954894325 0.26754793343309863
0.13220576187725203 0.2729963398187428
0.14264756691262168 0.27782604459512844
0.1527812440671585 0.2809719656857166
0.16298032016439828 0.28270989434441046
0.17362891680208337 0.28309971917182214
0.18518470802508233 0.2819905780442123
0.19549126843545936 0.2797489398133174
0.20722437432356164 0.2758633869927967
0.21735852760977456 0.2714411686276796
0.22910063020208396 0.2651682480756593
0.23812721145881965 0.2595617757230133
0.24842404260573187 0.25238715683058094
0.26037692987442534 0.24308632541449557
0.2745604696013346 0.23079404054291208
0.2827460515648754 0.22312499194455193
0.29185795016836424 0.21412570868626862
0.3021015936862814 0.20346121116326304
0.31375617127646815 0.19066964951110196
0.327216163969112 0.17509029971558301
0.34306148005176795 0.15574158752630474
0.3622157407136291 0.13105021525105948
0.3862960952041752 0.09825449609688096
0.4026436240073676 0.0750324130162717
0.41868504351882946 0.051597734676968696
0.4444351619798426 0.012845255455590988
0.46967676094285393 -0.02624060716456443
0.49629193895918244 -0.0683410991112383
0.5226216604516335 -0.11062080181374917
0.5487796505721412 -0.15300701704614433
0.5748633983546264 -0.19543897870101515
0.600959317626089 -0.23786345332810416
0.627146676337884 -0.2802315271801089
0.6535002698021327 -0.3224963672315347
0.6741597459417266 -0.3552687887882656
0.6949981750531555 -0.38792769227289553
0.7160501865579504 -0.4204493016138727
0.73735150862231 -0.4528081286000848
0.7643837265422109 -0.4929820592552253
0.7919414624109441 -0.5327972042421552
0.8132713344070349 -0.562749624756965
0.8349931086833172 -0.5924189830873413
0.8529241409409042 -0.6162408770958439
0.8711668702216224 -0.6398248748772901
0.8867482501953238 -0.6594269911684885
0.9025861425791779 -0.678822406084348
0.9304516309993656 -0.7116009688362455
0.9555307611287995 -0.7395730419327782
0.9783547127541502 -0.763718995645605
0.9999999999999967 -0.7854233982741982
