# CURVE 2D, normalized by CHORD
# COLUMN#1 = X-coordinate, COLUMN#2 = Y-coordinate
#-------------------------------------------------------------------------------
-0.009662123197252803 -0.10749765301151895
-0.009155569981810465 -0.13169365491490184
-0.007868935184306574 -0.06869011123555978
-0.007739067798477064 -0.14775389393220295
-0.005987004287085787 -0.15897191727485688
-0.00450924776610466 -0.03427970837918912
-0.0023183561978235125 -0.17328452766656235
0.0 0.0
0.0027740458127254357 -0.18487682111494314
0.010115182324523778 -0.19404938205406513
0.020021415998694718 -0.1992808465609849
0.031268046014510595 -0.1996387998317183
0.04384107209131967 -0.19572808759909738
0.05420408517359576 -0.19016181157622433
0.07121356898617622 -0.17780567713935183
0.0850415108249788 -0.1655957272951325
0.10702160257881496 -0.1433711854265425
0.13108207916216794 -0.116293435816196
0.15425394218597396 -0.08844902590016622
0.18089029634859835 -0.055166938986999356
0.2072161983018531 -0.021638323737578707
0.2335138571754316 0.011912480731388595
0.2600091780221771 0.0453072439190136
0.2869014556016202 0.07838285883785913
0.31437949408966326 0.11097297584995104
0.34440247353436854 0.14483239319795668
0.37553411206804604 0.17767392627742404
0.39742047736351577 0.19922173628038897
0.42001192039293717 0.2200285002576421
0.45645035750177454 0.2503360624392404
0.4879556346532513 0.27315336773527116
0.5161184510038804 0.29080696768156566
0.5418978215137429 0.3046582633214516
0.5659381721749498 0.31557292349122584
0.5887052757737241 0.3241265003299421
0.6105546162199647 0.33070765485046055
0.6317729807681327 0.3355814425999923
0.6526010151731696 0.3389199607892025
0.6732501350413885 0.3408289149322702
0.6939114506952613 0.341353163787152
0.7147631905742775 0.34048868296379053
0.7359736318179562 0.3381846126961467
0.7577014176527261 0.33434343003063455
0.7800905534777844 0.3288227479990048
0.8032567367226335 0.32144076093112833
0.8272634452421986 0.31198317285552335
0.852070534871794 0.30024526689470976
0.8774620619937168 0.2860870112239713
0.9029367738769201 0.26957026202580203
0.9276115436218209 0.25113116577558037
0.950248923227716 0.23174646910294716
0.9695653308485296 0.21284858455266625
0.9847646693919049 0.19586477755414466
0.9958834832305207 0.18164448099045744
1.0 0.11666391314563507
1.00360121747489 0.1702925298764547
1.0087944057614617 0.16143666426727452
1.0117082996026288 0.12005349009950095
1.0144962059602365 0.1491584251438547
1.01735716248645 0.12840676722006628
1.017464958722971 0.13856077661290184
