# CURVE 2D, normalized by CHORD
# COLUMN#1 = X-coordinate, COLUMN#2 = Y-coordinate
#-------------------------------------------------------------------------------
-0.08245809184333051 -0.09342669923591847
-0.08223725951946317 -0.08200437249599975
-0.08148906412367117 -0.10338431216181616
-0.08068908450268825 -0.07197218236330456
-0.07914834537293236 -0.11510284112892802
-0.0771232712150508 -0.0605844263788928
-0.0747619164837892 -0.1294109086003252
-0.07162657407690004 -0.04979400479676124
-0.0701230056500754 -0.14103415335161912
-0.06546400540651573 -0.041188716568287154
-0.06341294930298318 -0.15505036922217288
-0.05708440751992915 -0.03228945853195252
-0.053592840887079884 -0.17247206610420057
-0.04869265476257211 -0.025229898435520526
-0.046994313779776524 -0.18294646857013258
-0.03884112715802983 -0.19498129906131265
-0.03761372269767942 -0.017666044044788585
-0.028641605794684874 -0.209005218446181
-0.028090977087050842 -0.0122541874587568
-0.016127957045958527 -0.0064757088073663475
-0.01569355877637646 -0.2256144150780799
0.0 0.0
0.0010567452685737286 -0.24568234456211338
0.023245849667293827 -0.2705323340420617
0.053567701165225724 -0.3022893638793716
0.07495572513985314 -0.3235909156643502
0.09669389977396621 -0.3445351885793631
0.12856962648386286 -0.37422697089199075
0.16093258000692476 -0.4033872179609783
0.1929673941246524 -0.43146666418971696
0.22532753656292603 -0.4591706588354734
0.2579732096366717 -0.4865376744136863
0.28813174141490183 -0.5113543204257103
0.31849525278178265 -0.5359197577354563
0.34905841736033966 -0.5602363470589743
0.37982216997279034 -0.5842986518880562
0.413446071274556 -0.6101082376946794
0.4473347489730511 -0.6355691005648811
0.4815185830553079 -0.6606321765753476
0.5163702801375236 -0.6854572964927946
0.5516280418711377 -0.7097019029955541
0.5764204799838751 -0.7261402139378014
0.6014822334926847 -0.7421647212174987
0.6392311469671698 -0.7649844333106159
0.6693018422168185 -0.7818173272690685
0.694181399808205 -0.7946727057297098
0.715369740175192 -0.8047398697447381
0.7338270777049257 -0.812766562158536
0.7501993097366604 -0.819246424327663
0.7649405142207043 -0.8245194340807634
0.778382253127459 -0.8288281345710462
0.790772990074766 -0.8323494520772559
0.8023025589953167 -0.8352142007981946
0.813122543523481 -0.837523046044949
0.8233543807368258 -0.8393529379216633
0.8424289631051675 -0.8417947421891022
0.8601469407051984 -0.8428695124614938
0.876970063137116 -0.8427662075754098
0.8932703465960293 -0.8415765281363548
0.9093735145789156 -0.8393141063908052
0.9255921780554159 -0.8359199251925904
0.9422565464400986 -0.8312536186709217
0.9597510835340479 -0.8250695989835011
0.9785664974180988 -0.8169694439136375
0.9886730297434293 -0.812012013425146
1.0 -0.8059666792011224
