# CURVE 2D, normalized by CHORD
# COLUMN#1 = X-coordinate, COLUMN#2 = Y-coordinate
#-------------------------------------------------------------------------------
-0.04499317154277609 -0.1513893159461049
-0.04485998852937359 -0.13765671606583624
-0.04465826488589798 -0.1667165605191755
-0.044349683478473415 -0.1252908853006981
-0.04374009125505197 -0.18391009681085477
-0.043534467133324074 -0.11409925477212125
-0.04209103995547212 -0.20329845927635276
-0.041201109271872184 -0.09463724815505829
-0.03952149935787317 -0.22527823875317946
-0.038184092832484404 -0.07828256268363572
-0.035790222322348776 -0.25031930974372896
-0.03468764793582948 -0.06432786036581495
-0.030839892334368044 -0.05226027055570993
-0.03059544989080281 -0.2789621760940425
-0.026720793838246257 -0.04169583129298431
-0.02355939006951824 -0.3118225250714244
-0.022377774383097345 -0.032344400588250284
-0.015492041910408667 -0.020126916694569754
-0.014231693042450883 -0.34954035663931576
-0.008172799325790119 -0.009608586136890328
-0.0021045568610199724 -0.39269887120185876
0.0 0.0
0.005420545827102204 -0.41723997704615406
0.013330905854720854 -0.44165966354437897
0.022686167155548234 -0.4690625441047506
0.03247144053620171 -0.49631486620657456
0.043715509752236356 -0.5261504476431844
0.055428048617123006 -0.5558052821525696
0.06840004711221019 -0.5872002800268207
0.08186443635387948 -0.6183872955157592
0.09615987646651525 -0.6501237518964081
0.11095292996681654 -0.681631336307245
0.1260048631764999 -0.712427031833677
0.14153958723467025 -0.7429820165505047
0.1567650391776306 -0.7718007778496537
0.1724421069507282 -0.8003763528743641
0.1873665813253571 -0.8265954102238797
0.20270213699887674 -0.8525761338440127
0.21701126795441505 -0.8759696040494436
0.2316867712802155 -0.8991349582889381
0.2590621612375831 -0.9401712270584338
0.2847096831089886 -0.9761109826470634
0.3086478196709445 -1.0075146260163104
0.3309673093064054 -1.034956274646225
0.3517939697360944 -1.0589748840859807
0.37126486609104914 -1.0800500495528451
0.3895152653137053 -1.09859633842158
0.40667098764271564 -1.114964242119925
0.4228489945165674 -1.1294534485619974
0.43815428582666055 -1.1423154912313118
0.45268050186480335 -1.1537616083245243
0.46651215199153 -1.1639716802835327
0.479721791963362 -1.1730929554184581
0.4923759938635694 -1.1812533479991787
0.50453568024517 -1.1885639202876401
0.5162524326353416 -1.195114163151199
0.5275750826675624 -1.200984519297409
0.5385450730498711 -1.2062392274801474
0.5492027813456757 -1.2109379526012816
0.5595837670217808 -1.2151297721244516
0.5697193810696707 -1.2188542268987352
0.5796416567536671 -1.2221510084751646
0.5893765707295672 -1.2250466161268787
0.6083909383210719 -1.2297416780300698
0.6269551268985936 -1.2331014457539997
0.6452442459602158 -1.2352305069718081
0.6634248074006307 -1.2361920966854798
0.6816592895553458 -1.2360056426566168
0.7001129547446211 -1.2346506097709478
0.7189599391007951 -1.2320647671665035
0.7383917481361809 -1.2281359219719636
0.7483924569952719 -1.2256194603715016
0.7586226913965708 -1.222699410975177
0.7691153982351451 -1.219343052666207
0.7799064221397773 -1.215512198997504
0.7910347697328364 -1.2111626246287661
0.8025448683854151 -1.206240494140029
0.814486232426745 -1.2006827013281962
0.8269157152519685 -1.1944131729753158
0.8398953882614386 -1.1873453756136945
0.8535012345736458 -1.1793689214731935
0.8678140504201064 -1.1703617484057134
0.8829345273851918 -1.1601667785682106
0.8989759351015456 -1.148600720727446
0.9160795826801628 -1.135428494406036
0.934409978963329 -1.1203668197838066
0.9541642363692822 -1.1030655510096263
0.9755919548560913 -1.083069837506264
0.999999999999995 -1.0587779395729497
