# CURVE 2D, normalized by CHORD
# COLUMN#1 = X-coordinate, COLUMN#2 = Y-coordinate
#-------------------------------------------------------------------------------
0.0 0.0
0.009904623299850224 0.021436466865239555
0.017353552468059964 0.035632068849962076
0.023427102829346486 0.04594223999827104
0.032848084275837595 0.059616764568996714
0.039952830616595686 0.06801930494120191
0.04807362009912468 0.0755603053629207
0.05802956576301174 0.08175433014049376
0.06882395122569673 0.084635597946556
0.07907452415695783 0.08367542223514873
0.08965971210778724 0.07895922841234566
0.09941666500835614 0.07135380020297905
0.10999064826980189 0.05973734793288128
0.12023180290572785 0.04535113110283358
0.1271174041018644 0.034066376256829574
0.1360132511366304 0.017729342439782553
0.14841209950129663 -0.007994877474309683
0.15889324692217038 -0.032034723896813756
0.1687901099341956 -0.056321476760086475
0.18377650129006645 -0.09534994191801958
0.1981782107474934 -0.13459845242778906
0.21229538142418616 -0.17395037826862422
0.22634509298769986 -0.21332647139692273
0.2405002912231831 -0.25266472695593606
0.2549118390642839 -0.2919097040367258
0.26989086480884 -0.33144197404197867
0.28542729485476864 -0.3707583087503059
0.3016833202601467 -0.40978229794022114
0.31643191359186357 -0.4431550684487412
0.33199123714035345 -0.476157253681396
0.3436411336219442 -0.49934648641942014
0.3558542181868742 -0.5222438892184859
0.3758146515233241 -0.5565462367495432
0.3930568608794872 -0.5830852669008837
0.4082698911583049 -0.6041580353060099
0.4219060318868613 -0.6212154549134145
0.43428402995836207 -0.6352303972653071
0.44563736391805375 -0.6468779682649021
0.4561493634639321 -0.6566549890186583
0.4659600145931554 -0.6649190469768266
0.4751861716771565 -0.6719481268907066
0.4839202350050695 -0.6779475998312586
0.5002202686782523 -0.6874813300319499
0.5153642471051957 -0.6944429711182522
0.5297393939230005 -0.6994087415782669
0.5436617202849955 -0.7027310732255339
0.5574090302846099 -0.7046128035663566
0.5712430179205076 -0.705135130879105
0.5854309116146024 -0.7042740592374553
0.6002645276515937 -0.7018975341610967
0.6160856649388924 -0.6977375000741318
0.6333195970000544 -0.6913395913956004
0.6426321202066493 -0.6870886562149559
0.6525185682384105 -0.6819757397355892
0.6630802109246309 -0.6758387449049191
0.6744352983141921 -0.668473860368492
0.6867296816417655 -0.6596121135637228
0.7001316573393241 -0.6489176494406662
0.7148554389701032 -0.6359341192534314
0.731150599833781 -0.6200802164442014
0.7493298820584455 -0.6005665591849182
0.7697635628504781 -0.5763537130092394
0.7928915263742129 -0.546048056929233
0.8192016618299649 -0.5078220323299024
0.834484389149341 -0.4837665504171857
0.8491745171953284 -0.4593445026949622
0.866518099815601 -0.4288393578467237
0.8831106912965984 -0.3979191009839571
0.9024060905189217 -0.3597472615020367
0.9207623499116786 -0.3211148062443765
0.9345737079605575 -0.29046884815440915
0.9478716234112412 -0.2595965880111988
0.9606761622327454 -0.2285164229398104
0.9743633505357637 -0.19370163111007865
0.9874691500904399 -0.15866381873269308
1.0 -0.12341628416639772
