# CURVE 2D, normalized by CHORD
# COLUMN#1 = X-coordinate, COLUMN#2 = Y-coordinate
#-------------------------------------------------------------------------------
0.0 0.0
0.009847651525560238 0.00388588561875886
0.02210830591057331 0.005648211751960463
0.036707216449525196 0.005882129778820014
0.049705690673959996 0.005199201089638917
0.07278095604412353 0.0028529233370519318
0.09383318158718999 -2.0541520842961078e-05
0.13594478897360168 -0.006834013102027549
0.1790871248790761 -0.01452620210681617
0.22217629355361623 -0.022511694160508827
0.265243215375695 -0.030616457293324583
0.3083012540890311 -0.03876830394603254
0.35135426745654325 -0.04694665074127679
0.394400352570022 -0.05516137723495966
0.43743353837771515 -0.06344338310102057
0.480444372897139 -0.0718406258182646
0.5256919654207424 -0.08087751180470845
0.5708795291239825 -0.09020962875257486
0.6159787340200423 -0.09995928926285001
0.6496049952135254 -0.10761083807094447
0.6831372907540573 -0.11566380682497651
0.7288772243220921 -0.12753824477801126
0.7633303496207621 -0.1373763533443155
0.7906942692931447 -0.14590784388735598
0.8131631171968695 -0.15351087039522798
0.8320460832056062 -0.16041099376090404
0.8481964523485576 -0.16675635797555252
0.8621957663559963 -0.17264908227906972
0.8744670337504814 -0.17816496833804704
0.8853227977945042 -0.1833612587368446
0.8949992242162778 -0.18828222861704808
0.9115188403520244 -0.19743527616394058
0.9251063799901755 -0.2058419979875857
0.9364753789691292 -0.2136564390022221
0.9461240900267519 -0.22099471682679553
0.9544062709813924 -0.2279460304362724
0.9648171994501681 -0.23779988741616528
0.9733514512062933 -0.24713336197346622
0.980434392905126 -0.25609885865645043
0.9863567445980036 -0.2648222357026753
0.9927958205676763 -0.2762675531898781
0.9978589033884079 -0.2877211888963859
1.0 -0.3838771116399311
1.0017357809398657 -0.29942137402519015
1.002610340697268 -0.37292621235734874
1.0045122120397114 -0.31162463241234345
1.0050459380609165 -0.3589828270449214
1.0061779356508953 -0.32463110413409463
1.0063088201044037 -0.34649885609685765
1.0066347266848585 -0.3351342696969746
