# CURVE 2D, normalized by CHORD
# COLUMN#1 = X-coordinate, COLUMN#2 = Y-coordinate
#-------------------------------------------------------------------------------
0.0 0.0
0.03241319861218599 0.012427408860229937
0.06475215204338115 0.02504674870176787
0.09701231048722105 0.03786616605173881
0.13890471712592267 0.05487547664800651
0.1806443875212857 0.07225617443723115
0.21786083450985255 0.08814319797228254
0.2549347311404229 0.10436005580531409
0.2881601480837311 0.11924674166740477
0.3212518148515026 0.1344283907042876
0.3510492367926395 0.14842066617976568
0.38072128308194164 0.16267686231462603
0.40755667144865254 0.17586560932556541
0.4342741230945391 0.18929164325988374
0.4585347554170033 0.2017552049644519
0.4826837634982997 0.21443367182513617
0.5266072059948826 0.2382458287454823
0.5665909744920753 0.2608510067535678
0.6031049349439586 0.28235928202487
0.636544679763776 0.3028662592644879
0.6672533858005831 0.3224580778381441
0.6955279151267594 0.3412119234416416
0.7216249272058054 0.35919676066055795
0.745761717922303 0.3764723608015117
0.768137513842801 0.3930960758115493
0.7889182646273885 0.4091165052267455
0.8082580937072438 0.42458085383804284
0.8262855226351209 0.4395291269229824
0.8431179891311493 0.4539992463035637
0.85886225613944 0.4680269274021791
0.8736053764467058 0.48164160116329724
0.887433617230419 0.49487389385158437
0.9004205373513613 0.5077504985986997
0.9126299557660507 0.5202951400019081
0.9241238059523934 0.5325317639612137
0.934954118747442 0.5444809591078071
0.9451706283537491 0.5561631013182631
0.9548161600881199 0.5675962487420656
0.9639301666945068 0.5787975876662808
0.9725489290260271 0.5897834466489528
0.9807057524303924 0.6005693139936639
0.9884295645132068 0.6111691817899403
0.9957471488000055 0.6215964801105194
1.0 1.4835629287897527
1.000171320243261 1.4703396603400818
1.000860385244636 1.4563760260868959
1.0021910548775372 1.440740049673344
1.0026844200084184 0.6318645622144871
1.0043601123723358 1.4228305601612343
1.0058541463941095 1.4127303882095117
1.007699652212352 1.401621928815215
1.009263337013845 0.6419853828720922
1.0099888483552244 1.389213613486241
1.0128635360098515 1.3750499110108336
1.015503761989282 0.6519702867726647
1.016568790484972 1.358329702765968
1.0214259489947324 0.6618309655906874
1.0216069275142803 1.337376957530779
1.0270468118727218 0.6715779566426494
1.0294833058389414 1.3070472901283527
1.0323819546321085 0.6812214681845286
1.0374457318896144 0.6907714007183149
1.0422511560765995 0.7002373273878119
1.0427644267599958 1.2589726073026484
1.0468108101199356 0.709628783093093
1.0511357479835701 0.7189549205226514
1.0552359174415327 0.7282246895082436
1.0561653760455487 1.2109309830308759
1.0591205061152824 0.7374469548282591
1.0662761668928404 0.7557841215999711
1.0673679623140182 1.168773169492171
1.0726609402921694 0.7740362735026475
1.0742918937541326 1.1406525475653928
1.0783215654528993 0.7922737662006086
1.0794986756889695 1.1177462456176959
1.0832945105472862 0.8105690268968759
1.083655850165569 1.097819149940766
1.0870652310969375 1.079885479266888
1.087606774671846 0.8289982418582899
1.0898950701364816 1.0634072710558111
1.0912758247706393 0.8476435050051061
1.0922519990097055 1.0480501876022879
1.0942090806633815 1.0335889515562844
1.0943096475964174 0.8665954874913331
1.095818164590479 1.0198647896674122
1.0967066729759092 0.8859566016942985
1.097119617286101 1.0067564350807043
1.0981430724862034 0.994173547035428
1.0984536909246576 0.9058463618627987
1.0989131924620466 0.9820421275369704
1.0990760916712814 0.9160328140462349
1.0994489571630939 0.9703037094073573
1.0995249780934317 0.9264074986297778
1.099766372152968 0.9589089775615088
1.0997946709012552 0.9369935496668583
1.099878394904049 0.9478168265384096
