# CURVE 2D, normalized by CHORD
# COLUMN#1 = X-coordinate, COLUMN#2 = Y-coordinate
#-------------------------------------------------------------------------------
-0.0885218673349558 -0.14366431652887762
-0.08829825793156301 -0.16296747167051873
-0.08806838747641779 -0.12725164874581732
-0.08713852584186475 -0.18577962390061972
-0.08712934300304022 -0.11321478643517752
-0.08584362008836068 -0.10114047161814314
-0.08469864327662141 -0.21282152281478245
-0.08261377721401174 -0.08157223703040757
-0.08053251309326419 -0.24489579811870535
-0.0789005362446432 -0.06653772926832897
-0.07497449667595038 -0.054718118014267444
-0.07408794834679035 -0.28281409989481343
-0.0709722930224732 -0.04523256636318311
-0.06495475031583524 -0.034116544127119154
-0.06473205897264488 -0.3272506147092251
-0.058966084351335685 -0.02562621420196934
-0.058529771135727035 -0.3529455509544276
-0.05182608137583061 -0.3785143202935983
-0.05096969922024551 -0.01706059853811513
-0.043622436500626235 -0.40748376998344493
-0.04278280558323715 -0.01067975538369333
-0.03485364590912726 -0.4362872504689475
-0.031848853307464925 -0.004922915415743107
-0.024534429470654404 -0.46795225876722035
-0.02205514867897177 -0.0018150250343143067
-0.013597641755398588 -0.4994093528350427
-0.0106840186334006 -0.00010259044257359568
-0.0012599006811539843 -0.5327823748930671
0.0 0.0
0.01172824173481597 -0.565907720300797
0.02576670467011543 -0.5997543237010927
0.040465177914794974 -0.6333195756860928
0.05573313259603757 -0.6664149237356555
0.07164686284443579 -0.6992046291358033
0.08762673722886694 -0.7305583698309838
0.1042174781745357 -0.7615931704386661
0.12043725300794032 -0.7905587282599442
0.13722151414276623 -0.8192008449425986
0.1533098375656576 -0.84546425919738
0.1699094345177233 -0.8714075034651658
0.18560568556033058 -0.894913120835131
0.20175980854620368 -0.9181064032486341
0.21690267575149766 -0.9389648148398496
0.23245103982238904 -0.9595226863480644
0.2618151946298182 -0.9960639034956131
0.2897921475250148 -1.028213277070425
0.3163924311839053 -1.0564643875824664
0.34167056767952847 -1.0812866457930244
0.36570398091456385 -1.103102562798949
0.38858461930091226 -1.1222916558028753
0.4104083570546988 -1.1391837727583651
0.43126809736306393 -1.1540585608852207
0.4512569113946359 -1.1671624874338304
0.47046082724457833 -1.1787017364061871
0.4889613213240144 -1.1888534036265048
0.5068343317003738 -1.1977679894036979
0.5241505040695766 -1.2055732755722615
0.5409745909970427 -1.2123755332511559
0.5573686365990649 -1.2182678071018382
0.5733895613272706 -1.2233262802923395
0.5890911065761455 -1.2276150843133975
0.6045239094492435 -1.2311868784881936
0.6197364261808408 -1.2340853573085986
0.6347743744153084 -1.2363425623731097
0.6496831936836045 -1.2379872612042722
0.6645061115809581 -1.2390350919788433
0.67928657519018 -1.239499887202959
0.6940674053912241 -1.2393854644789546
0.708892102512392 -1.2386876066153665
0.7238046388816627 -1.237399071827073
0.7388503041533977 -1.2355033311954755
0.7540772937868444 -1.232973152836547
0.7695343143844955 -1.2297795134237375
0.7852758788052187 -1.225876440115308
0.8013583934361439 -1.2212130900215976
0.8178440821761812 -1.2157240497219506
0.8348008682748591 -1.209330324669884
0.8523065056998168 -1.2019315476787387
0.8704438221205274 -1.193414130006653
0.889309020215907 -1.1836352486739197
0.9090129476420923 -1.172419593135621
0.9296802690697823 -1.1595585654385567
0.9514597724537168 -1.144789587135252
0.9745233681900574 -1.1277935006868591
0.9999999999999978 -1.1074005797608608
