# CURVE 2D, normalized by CHORD
# COLUMN#1 = X-coordinate, COLUMN#2 = Y-coordinate
#-------------------------------------------------------------------------------
-0.3592424753143136 0.5386231659277115
-0.3591031240716997 0.5530968112119431
-0.35899101951922346 0.5241739905994246
-0.3585713500565549 0.5675971314856505
-0.3583496353326204 0.5097473116062322
-0.35764477694397684 0.5821265426735334
-0.35731837370167624 0.4953414128886023
-0.3563202442270534 0.5966876508583516
-0.3558962536492719 0.4809548653793347
-0.3545937835622332 0.61128323112462
-0.3540826168219561 0.46658648634473215
-0.3524605298127123 0.6259162121685832
-0.35187565294901596 0.45223543582926456
-0.34991370283075407 0.6405897589666532
-0.34927293261569325 0.4379012113032465
-0.3469475656524286 0.6553069520220934
-0.34627143202078964 0.4235836699489009
-0.3435546363639563 0.6700710254462218
-0.3428675583998547 0.4092830514933995
-0.33972650658736575 0.6848852629672968
-0.3390571762897223 0.39500000154628867
-0.3354513393839225 0.6997532791178783
-0.3348356348019987 0.3807355953522693
-0.3307200769592242 0.7146782362926342
-0.3301977960560316 0.36649136182517406
-0.32551984954328717 0.7296636052658774
-0.32513806489657604 0.35226930768744413
-0.3198374467700235 0.7447127052729642
-0.31965041998808486 0.3380719415012094
-0.31372844633777347 0.32390229734539944
-0.31365716842003655 0.759828945721118
-0.3073653692541738 0.30976395786797006
-0.3069642482690143 0.7750153166531156
-0.3005540896982578 0.29566107642465894
-0.2997404589269315 0.7902749374207858
-0.2932872209321657 0.2815983980069621
-0.29196619302311705 0.8056107231916568
-0.2855571263172032 0.26758127866148385
-0.2836204429500656 0.8210253255048121
-0.27735569592008563 0.2536157349135467
-0.27468078819400726 0.8365210688446315
-0.2686733606024624 0.23970861302383087
-0.2651233910878249 0.8520998837983186
-0.259503409043528 0.22586706057760947
-0.25492115252998426 0.867763473740151
-0.24983758070487097 0.21209905544032398
-0.24404541517305028 0.8835129943982499
-0.23966619157828434 0.19841349861451982
-0.23246505025915074 0.8993490720386811
-0.22898005641423372 0.18481996140741405
-0.22014778489604211 0.9152715418616948
-0.2177726816811296 0.1713282020593935
-0.20705769586089828 0.93127962909177
-0.20603194966310612 0.15794985167426104
-0.1937525671002023 0.14469583408240855
-0.19315711930604362 0.9473715947552712
-0.180922667812764 0.13157934719093659
-0.1784029955941448 0.9635449432661661
-0.1675369778930164 0.11861270290203584
-0.16275435300491847 0.9797955632503161
-0.1535834184804483 0.10581084079389068
-0.14616223200431538 0.9961184618592994
-0.139056228241196 0.09318769733838801
-0.1285761108321881 1.0125069568463974
-0.1239472823083633 0.08075861749690193
-0.10994332104119024 1.0289525657397445
-0.10824697804837594 0.06854030191149647
-0.09194795703129077 0.05654950115081146
-0.09020810629404362 1.0454448596699333
-0.07504334684978134 0.044803516683468214
-0.06930871537092496 1.0619712703331639
-0.05752558194825532 0.033320692520335385
-0.047180606698824096 1.0785166099007397
-0.039387362649809625 0.02212005799187603
-0.023758331215045277 1.095062813195447
-0.020621647899386246 0.011221313051265567
0.0 0.0
0.001032007134117217 1.1115885417376468
0.027262819588772746 1.1280688389976488
0.055014152381399894 1.1444744708132069
0.08436438543099128 1.1607717828540434
0.11539653019220045 1.1769218574085878
0.1481957205775149 1.1928799099856033
0.18284696936413639 1.20859475199077
0.21943088787890724 1.2240086875121947
0.2580291561075454 1.239055716788714
0.2987133085776208 1.2536623438418892
0.341546743973178 1.2677461375784849
0.3865788257863325 1.2812154941462506
0.4338381857094517 1.2939696836641257
0.4585399878822252 1.3001022306629508
0.4833224466491402 1.3059002805656175
0.5091218103482112 1.3115692402539771
0.5349953052586667 1.3168896607129146
0.5618482149850441 1.3220342595824295
0.5887682636408204 1.326815159216621
0.6165995644434599 1.3313712940274427
0.6444899515662436 1.3355505606932838
0.67318381986324 1.339455187978059
0.7019278786241291 1.3429713722764842
0.7313189945367166 1.3461648154308163
0.7607505848819419 1.348960803139555
0.7906142377577353 1.3513914019215498
0.8205080014901314 1.3534183605830301
0.8505508990308308 1.355048751605946
0.8806131070681622 1.3562724765313139
0.9104682987051932 1.3570849973613712
0.940331742447402 1.3574940372029802
0.970167278954937 1.357495977905351
1.0 1.3570865868515347
