# CURVE 2D, normalized by CHORD
# COLUMN#1 = X-coordinate, COLUMN#2 = Y-coordinate
#-------------------------------------------------------------------------------
-0.012609110501220998 0.15328564643259648
-0.012383366086658246 0.1712798528795983
-0.012373816696756119 0.13379731723878352
-0.01176147969436027 0.188002911887433
-0.01159090692046565 0.1125358546301812
-0.010793423133626162 0.20364079128734003
-0.010154664371203178 0.0891790085180127
-0.009517371652791965 0.2183511237156904
-0.007964347280771765 0.2322761651453886
-0.007923013580280584 0.0633123643943637
-0.0061528593830221835 0.24552860086637246
-0.004710704085132552 0.03441775801669315
-0.0040996645262859205 0.2582214218015185
-0.0018101802363458795 0.2704463190281701
0.0 0.0
0.000711807472349362 0.2822973660984407
0.0034728522860036424 0.29385857928132625
0.006482790334429427 0.3052184272923525
0.009761954461217078 0.31646650990762637
0.01334080271356243 0.3277023969678978
0.01726278079141239 0.33904197530697433
0.021593871301327124 0.3506303220605405
0.026432248547986384 0.36266241955598394
0.03193516574977844 0.375427100689465
0.03837411565643493 0.3894027548199665
0.046294793367479645 0.40553098406666704
0.05717255794961303 0.42634873800643974
0.07454385114815759 0.45777582528431643
0.09224178186264019 0.4890208440249987
0.10615277181468379 0.5138674699573043
0.11974963486303708 0.538887187019069
0.1379652939314006 0.5740798793433615
0.15754598772474396 0.6143779527194997
0.172651784092599 0.6469964741058033
0.18750075626493984 0.6797329485039084
0.2024388716835154 0.7124287303285349
0.21892315900147932 0.7470064250027552
0.22968864461116198 0.7681851865853121
0.23838959896059175 0.7842978716475287
0.2459481618327989 0.7975027376401803
0.25276459771413223 0.8087574176399089
0.25905407181389 0.8185862613308721
0.26494882069591696 0.8273166258154997
0.27587791959602237 0.8422927785351572
0.2860000950926574 0.8548149842227158
0.29557395054971936 0.8655315179190798
0.30476837051944566 0.8748525720536755
0.3137061769403696 0.8830619654343023
0.3224817206673695 0.8903587898914763
0.3311730013639087 0.8968878975379394
0.3398485672503098 0.9027593243778794
0.34857134612791535 0.9080555130612388
0.35740193174910323 0.9128383563974423
0.3709839622756614 0.9191451815525734
0.38035664276459824 0.9228137439776882
0.3900656089651853 0.9260719502118471
0.40018984141454256 0.9289229407861745
0.41082019889578536 0.931357594915751
0.4220617497672575 0.9333545119623816
0.43403737400117565 0.9348782538697162
0.44689823338908197 0.935873330011541
0.4608276064377363 0.9362621538600009
0.47605506304420886 0.9359360365452025
0.4928729693804685 0.9347442749241681
0.5116595801087445 0.9324782014581028
0.5219430988270846 0.9308543285851254
0.5329246925335689 0.928840590814039
0.5446915706576293 0.9263829462236413
0.5573599688297427 0.9234087208317672
0.5710615244724957 0.919833647954698
0.5859598588543079 0.9155515796494856
0.6022583292530534 0.910428848899364
0.6202125458277745 0.9042955255267852
0.6401533763009545 0.8969298872545292
0.6625226051549737 0.8880345075765728
0.6879318820911579 0.8771972624350735
0.7172841782395338 0.8638125351139169
0.7520169699211348 0.8469263634018107
0.7947853552687048 0.8248089662784902
0.8235157371212197 0.8092620172666365
0.8520527127654929 0.7933626900443327
0.8892739682539798 0.7720651884373656
0.9262879736606272 0.7504092574990148
0.9631692198472835 0.7285278409134669
0.9999999999999537 0.706561522584305
