# CURVE 2D, normalized by CHORD
# COLUMN#1 = X-coordinate, COLUMN#2 = Y-coordinate
#-------------------------------------------------------------------------------
-0.041298535612610904 -0.19091807765808858
-0.041222377569459324 -0.179611935686847
-0.040548385680014565 -0.16653880762609286
-0.040198631515617325 -0.20958762887063964
-0.0390714397747746 -0.15121942414601833
-0.03797125257851192 -0.22448240773444114
-0.036485634817849825 -0.13297200267843604
-0.03499305402572854 -0.23677192985423104
-0.0323306600524698 -0.11082007697471155
-0.03145580137186575 -0.24718654093220926
-0.025879624009036394 -0.08328942034917879
-0.025290257705969744 -0.26034055278354357
-0.018128714118598524 -0.27144386915315205
-0.015955208028989996 -0.048099492639765554
-0.009820769163181886 -0.28116049433959545
-0.008251571775335637 -0.023958966865735388
-1.7516678593243093e-05 -0.28991591290069446
0.0 0.0
0.011902492601590273 -0.297974849798637
0.021532625282116812 -0.30302916944525626
0.033081203507350755 -0.30782923221462133
0.04735423229446188 -0.31231383466775564
0.06570009512113509 -0.31631654037219786
0.07709520434957655 -0.31803026534302364
0.09058446661700773 -0.31944574777979623
0.10690852922417733 -0.3204241384354722
0.12726036768540802 -0.32073205172174724
0.15374775969697635 -0.31994580775962544
0.19074398834095554 -0.3171799833778117
0.22088735990225397 -0.3138808876252153
0.25095074133113476 -0.3099155891152517
0.29254409885953403 -0.3036432990312711
0.3340464250714425 -0.2967922907528685
0.375496055230514 -0.289628480258261
0.4169275771661143 -0.2823604368870619
0.45837097416137434 -0.27516054165248116
0.4998516375501579 -0.26817892877551036
0.5450387851436888 -0.2609927962853951
0.5903154807824016 -0.25439560151230123
0.6356957981839475 -0.24855545573743287
0.6775709370841182 -0.24399769043076514
0.7195369319212558 -0.2403738227529577
0.7517791890448235 -0.23832528967759717
0.784058932693459 -0.23699550966652205
0.8107082253565772 -0.23649851101150118
0.8373618817773391 -0.23659571528631232
0.8838546548290968 -0.23833235241280876
0.9296123470798042 -0.24213042452454633
0.9775415388845677 -0.24754012277144136
0.9883375930800177 -0.24812539666092895
0.9983225203275119 -0.24659177164317214
1.0018897945283054 -0.2374133464726595
