# CURVE 2D, normalized by CHORD
# COLUMN#1 = X-coordinate, COLUMN#2 = Y-coordinate
#-------------------------------------------------------------------------------
0.0 0.0
0.0051411744776964415 -0.03289822387269608
0.01124475985875224 -0.06563149835231197
0.017773759810365778 -0.09576476568481346
0.025164263523614804 -0.1256983237272975
0.032837931250456365 -0.1533419884484979
0.041303003158940116 -0.1807535738576929
0.04979377142829467 -0.20568665786725676
0.05899715108788887 -0.23036549469183715
0.07764639690158648 -0.2744697870072671
0.09675533742209047 -0.31328070134801156
0.11594636665148286 -0.34719105172995274
0.13495214242672576 -0.3766779285869309
0.15359882428121252 -0.4022513841073862
0.17178481361072673 -0.42439661820344066
0.18946227548394626 -0.4435600678620649
0.20662188360146633 -0.4601393287478265
0.22328022750122645 -0.4744780704084192
0.23946995962461612 -0.4868649428486034
0.25523669321022296 -0.4975508242728646
0.2706307749887124 -0.5067375796626411
0.2857077614276053 -0.5145962683409799
0.30052535120439194 -0.5212666110786761
0.31514216654302696 -0.5268596195931112
0.3296179158892536 -0.5314634380143834
0.3440131799461119 -0.5351458476615449
0.3583896183521275 -0.5379523109325873
0.37281058442832915 -0.5399157088721263
0.38734158221818826 -0.5410483641083499
0.40205154218879796 -0.5413453825912893
0.4170128220181508 -0.5407869216078074
0.4323034784731752 -0.5393322300107789
0.44800782300536124 -0.5369206886475754
0.4642190350912552 -0.533466300023328
0.48103935771449297 -0.5288568825264701
0.49858311782174736 -0.5229463312089149
0.5169818840667135 -0.5155425521750007
0.5363813328298527 -0.5064077625834505
0.5569518261369558 -0.49523218194582647
0.5788858551222473 -0.4816268241053796
0.60240644870327 -0.4650916426070965
0.627769053416293 -0.4449869277111363
0.6552679099975635 -0.4204835665903546
0.6852285321511561 -0.39052355376018616
0.7180086385161706 -0.3537357820127105
0.7363154517100693 -0.3313124121454388
0.7539708085712803 -0.30837238336092865
0.7741033168657414 -0.2805932728606386
0.793429908391605 -0.2522473056886688
0.8154800213195535 -0.21781697274963024
0.8365327600692624 -0.18276760981291423
0.8603822611857462 -0.14034357015803536
0.8830046734987874 -0.09725236700296158
0.8998844650167706 -0.06315707262164896
0.9160928716689543 -0.02873747411374119
0.9316557595995574 0.005978826958012949
0.9486862173992355 0.046006511077299125
0.9649268768144108 0.0863611616308475
0.9804058876003918 0.1270141237652068
0.9911611067942355 0.15655323642644767
1.0 0.168991492284972
1.001905177721257 0.1860950655711863
