# CURVE 2D, normalized by CHORD
# COLUMN#1 = X-coordinate, COLUMN#2 = Y-coordinate
#-------------------------------------------------------------------------------
0.0 0.0
0.003574128389984065 -0.014018454490047062
0.007413022565942687 -0.023707067911388446
0.013601765426161044 -0.032427639578089945
0.02306491376525586 -0.03668006176514224
0.03414290116385307 -0.03452513794498495
0.046573573283836156 -0.02759613867971159
0.06458211192364738 -0.013726870211883466
0.091708194958743 0.009891176012009409
0.11892513784175997 0.0334045810108796
0.15040448730665415 0.058531692730324776
0.17658885637708444 0.07727183352300974
0.20105255476120346 0.09293087972099275
0.22487564507635188 0.10649865591429289
0.24862408300612857 0.11844475002065077
0.27269882494741293 0.12903595184744812
0.2974519760539095 0.13843303968309292
0.32324541570438475 0.1467300836781609
0.3504988011447599 0.15396873697809085
0.37974802234313376 0.16014161445187952
0.41174270761436005 0.16518460496501366
0.44763602564537974 0.16895548722597056
0.48947745322964364 0.17117076221521338
0.51564920341823 0.17153260189889816
0.5418217819169618 0.1712192399776078
0.5824654449389135 0.169615378084838
0.6230550247033203 0.16696431592707509
0.6658998574756538 0.16342342325130352
0.7087172795667218 0.15956199248265962
0.7515496269346789 0.1558719361714794
0.7944389655716446 0.15293090068530732
0.8426281643670533 0.15143163111698602
0.8740069042927306 0.15210420539852257
0.8976527726310497 0.1538413087408101
0.916644423421744 0.15622963307127508
0.932487221249359 0.15905899798129436
0.946039553388941 0.1622099904847538
0.9578574323532073 0.1656085272915184
0.9683139864087444 0.16920918252580508
0.977676822961639 0.17298390618879292
0.9938660221118959 0.18099950908177123
1.0 0.5590520060484807
1.0075141577383693 0.18961741410287253
1.0154685449750431 0.5317014793084827
1.0192943195057387 0.19888467384555117
1.028499555185115 0.5055441924822694
1.0296368420710897 0.2089118091065198
1.0388178835132342 0.2198676738821103
1.0396352581343935 0.47997527634061676
1.047003228053792 0.23198309507809692
1.0488679181054599 0.45538960670954864
1.0542630327548044 0.24556596802030325
1.0562729678100293 0.4320935514446687
1.060571667439572 0.26102080848147396
1.06198553363796 0.41029158782719344
1.0657874313686462 0.27887858391994974
1.0661812100190642 0.39008589800836013
1.0679021415326144 0.28891227185096896
1.0690540133195736 0.37148968779383956
1.0696171667454042 0.29981735130993914
1.0707913861473572 0.3544577078551453
1.0708636942562646 0.3117008334315966
1.0715529430600168 0.32468279528267424
1.071572319828864 0.3388944411334835
