# CURVE 2D, normalized by CHORD
# COLUMN#1 = X-coordinate, COLUMN#2 = Y-coordinate
#-------------------------------------------------------------------------------
-0.17739683085039837 0.3069537823681221
-0.17728325421948138 0.2956380811065802
-0.17719533815568375 0.318453334396341
-0.17686568686202253 0.28450899285715164
-0.17666881128701076 0.33013269408103507
-0.1761526338323692 0.2735702819879773
-0.1758071733873423 0.34198735526991575
-0.17515481604491923 0.26282368238881826
-0.17459969349460921 0.3540126196762122
-0.17388156788029213 0.2522711735165354
-0.1730355927991129 0.366203275617838
-0.17234123263648235 0.24191484080209036
-0.17110406242582707 0.3785536229981557
-0.17054312165451985 0.2317554255264357
-0.16879427639684444 0.39105750251749677
-0.16849583335351126 0.22179352499219498
-0.16609539933765832 0.4037083282988862
-0.16368596670440272 0.20246306628409866
-0.162996588608068 0.4164991230687537
-0.15948606673841345 0.42942282928970127
-0.15797195197512653 0.18392203771392246
-0.15555271982165533 0.44247179482513566
-0.1514092676431965 0.1661628154720448
-0.15118576829552977 0.4556379760546387
-0.1463726122599627 0.468913498476073
-0.14404498173036148 0.1491753789992523
-0.14110219713547364 0.4822898087569454
-0.135920554386038 0.13294538954329166
-0.13536279180797203 0.4957582934609654
-0.12914132551474825 0.5093103380092876
-0.12706926741015753 0.11745742166841629
-0.122425391791388 0.522936965224901
-0.11751834827169905 0.10269363371031612
-0.11520235948188358 0.5366290538996312
-0.10745875489292789 0.5503774147052394
-0.1072851173925026 0.0886385783001971
-0.09918066920780526 0.5641727249760656
-0.09638170292944052 0.07527511779702839
-0.09035328670111847 0.5780055596814828
-0.08481140659941785 0.06258896626343768
-0.08096092456837817 0.5918663572183334
-0.07256990355925948 0.050568146275655236
-0.0709885109808262 0.6057453731357721
-0.06041884243049383 0.6196327754684668
-0.059645033923833905 0.03920385168792746
-0.04923316554430315 0.6335185294336919
-0.0460165274657342 0.028491312571307555
-0.03741331809232362 0.6473923977033077
-0.03165565834383597 0.018430666904105213
-0.024939008681256727 0.6612439075651199
-0.01652481676096855 0.009027869136835164
-0.011787063706330191 0.6750621901976754
0.0 0.0
0.0020645712115844495 0.688836138532683
0.016641085321596007 0.7025541496738031
0.03196936461037507 0.716204110016046
0.04807838146870634 0.7297732884745233
0.06500061440337773 0.7432480707452261
0.0827677702483014 0.7566143914971494
0.1014182677571655 0.7698566869595759
0.12099006420965518 0.7829587193840495
0.14152667862679055 0.7959025928663822
0.16307486676154484 0.8086689114643986
0.18568483431631763 0.8212365983255331
0.20941045250662896 0.8335827001543838
0.23431248013259734 0.8456815119098173
0.26045431689619825 0.8575052228829828
0.28790748678635575 0.8690224729762983
0.31674893257081066 0.8801986298388281
0.34706132009894103 0.8909954486036598
0.3789378195389703 0.90136944679794
0.41247741350403005 0.9112727199588616
0.44779002461038725 0.9206510840444319
0.4849964143036091 0.929443503950334
0.524228064832958 0.9375815360230657
0.565631431864796 0.9449872452216851
0.609364193015786 0.9515736923927587
0.6556049890249246 0.9572406120398753
0.7045480952423956 0.9618751944213686
0.7304658626622973 0.9637906352776999
0.7564075339908076 0.965349465239752
0.7839087543572413 0.9666218972533537
0.8114248928159034 0.967515692056203
0.8406416174186017 0.9680624537460129
0.8698631140214399 0.9682072993393126
0.9009448829627579 0.967933014265266
0.9320199540280647 0.9672312815392016
0.9660204167841147 0.965988600990209
1.0 0.9642666108340685
