# CURVE 2D, normalized by CHORD
# COLUMN#1 = X-coordinate, COLUMN#2 = Y-coordinate
#-------------------------------------------------------------------------------
0.0 0.0
0.006075893227219338 0.04658213254878307
0.012965409876141264 0.08758630641042918
0.020700649306726774 0.12525439736641497
0.029156700405647936 0.16001450824544555
0.03823608260676763 0.19223051731584373
0.04786481559180618 0.2222069960271745
0.05798655519488383 0.250205048527049
0.06855898375273212 0.276450927911299
0.07955369164805862 0.3011330285454541
0.09095072898540965 0.324420264687776
0.1027393452415083 0.34645757563359597
0.11491672188683363 0.36737037565792857
0.12748680035403706 0.38726874579391357
0.14045866420448294 0.40625178786864713
0.15384833132102627 0.42440433471622846
0.16767794685050808 0.44180098937776846
0.18197349059913698 0.4585106686224038
0.19676875954579712 0.4745916437301577
0.2121036637249336 0.4900961724283025
0.22802376495475787 0.5050716793947746
0.24458309550466228 0.5195592193880714
0.26184487201310963 0.5335947006299151
0.2798823381107227 0.5472096818034634
0.29878013540193005 0.5604317458723806
0.3186374523402448 0.5732842361183788
0.3395730640954189 0.5857859725600785
0.3617255174553805 0.597952715842164
0.3852633506802847 0.6097958636763344
0.4103928965117635 0.6213229359291068
0.4373697406921366 0.6325379354744979
0.4665225168315402 0.6434410415676498
0.49828624341464217 0.6540296672275111
0.5332575243386126 0.6643010635547215
0.5723209396045726 0.6742569027304418
0.616909683460509 0.6839191701588775
0.6432863832072366 0.6888879195601408
0.6697485189058133 0.6933798962548999
0.7037909999182504 0.6985152521812398
0.737920748285105 0.7030355562451398
0.7810883166553824 0.7080204793407369
0.8243208478768286 0.7124091636928476
0.8675864880740974 0.7164604107809305
0.9108534257129816 0.7204978107187955
0.946043883582771 0.7240734491024112
0.9811652217952819 0.7282688218221404
1.0 1.0402060513436395
1.011910261922745 0.7328705745592267
1.019557165251683 1.0178183121526767
1.032147606642676 0.7366600325941737
1.0387022676912652 0.9950774138972561
1.0470204079670717 0.7400077380374976
1.0585948095929432 0.7430570195453419
1.0638755217785185 0.9634510114175417
1.0756664320319116 0.7485299485526898
1.081489814823689 0.9395967005289656
1.0877831719130993 0.7534094846169713
1.0942800253742202 0.9208970806256593
1.096889987610554 0.7578674098878218
1.103821886481664 0.9058030875131963
1.1070116649120738 0.763994909327702
1.1110910237320053 0.8933282440418248
1.116477793721122 0.7714935164376987
1.1167163855874218 0.8828187409926477
1.12112464310105 0.8738175169066085
1.1245411866011745 0.780353183306568
1.1273731721624227 0.8591410270082139
1.1300589078347598 0.7892277500392766
1.1313308060179519 0.8475897336803807
1.1337961742959026 0.7987432243740017
1.134659388559609 0.83405649120262
1.1359306718396365 0.8097147674121993
1.136246989910788 0.8204008209997948
