# CURVE 2D, normalized by CHORD
# COLUMN#1 = X-coordinate, COLUMN#2 = Y-coordinate
#-------------------------------------------------------------------------------
0.0 0.0
0.008286537608804653 0.012511454829032438
0.015359235170919711 0.025446562783492
0.017894031781248203 0.4608490510455104
0.01816501536404021 0.4941470189213767
0.019287509705465045 0.41895413143037175
0.01956883452019218 0.5225753900097933
0.021474268934175356 0.3856406656629348
0.021765270200415056 0.03986162636999876
0.021854078045139304 0.5477642326294295
0.024344631818055056 0.35237869759924223
0.024877806561583095 0.5706135179078948
0.027511556941809644 0.05632817369419483
0.028553787315316694 0.5916859538359706
0.028877202025368823 0.30729100418114624
0.0325360341396044 0.07572454633502358
0.032826832083137636 0.6113718847459256
0.0335217028254182 0.2622145646520204
0.034726559575597116 0.086957394350833
0.03665308174115127 0.09957347812041936
0.03749746454733945 0.21707532178888256
0.037666896309299765 0.6299500815895739
0.0382527911679478 0.11399873504230586
0.03942568665586323 0.13090032826726264
0.03965293387593195 0.1779021363633434
0.04000329099822473 0.15141847700365674
0.043058733499082076 0.6476365414581874
0.04900145238081563 0.6646007218898896
0.055506840606576784 0.6809804439599505
0.06259538897442071 0.6968937191273318
0.07030191955596987 0.7124402259546055
0.07866863894191856 0.7277107620362615
0.08775176393894932 0.7427868202766315
0.09762421301225063 0.757744467134712
0.10836970528827815 0.7726574811891219
0.12009771784482773 0.7875983283595775
0.13293668522470778 0.8026405993602048
0.1470469585277482 0.8178611176575739
0.1626317382432359 0.8333435321253239
0.17993776756100938 0.8491795589622136
0.19928554319711533 0.8654758845223216
0.22109053091211903 0.8823601609287358
0.24589999855537994 0.8999905131237536
0.2744697480266738 0.9185757149490915
0.3078838042264649 0.9384081830134646
0.3478148303945921 0.959938131393883
0.37232980276247435 0.9721936173232694
0.3970910937844301 0.9839437192696664
0.42915487978683364 0.9983493453878965
0.4615072111400268 1.01209517292937
0.49395065039785646 1.0252107657262857
0.5265859645838561 1.0378416650145696
0.5593756394146316 1.050066511174818
0.6007553256587506 1.0649737460395206
0.64226557080765 1.0795138393405315
0.6838487732577984 1.0938441714619813
0.7254456554749207 1.1081347910294053
0.7669895276775303 1.122578578916307
0.8083976453574697 1.137406432281401
0.8428870423090032 1.150329081357564
0.8771064279589028 1.1639493419372853
0.9154280704168625 1.180642358366077
0.9415795036308835 1.1933462043549432
0.960914364849106 1.2037447910072798
0.9758810684510013 1.2126072198307154
0.9878326664788086 1.2203642992395265
0.9975844647637916 1.2272809288016484
1.0 1.422661939703136
1.0056860970906252 1.2335419197524766
1.0106498624166806 1.410792487786508
1.0183158798830134 1.244579184453691
1.018580229808715 1.4011574750610152
1.027615258701125 1.2541687942334596
1.0304327052635345 1.3848471168572576
1.034664631642108 1.262745538741891
1.0385992662148735 1.3714064272956392
1.042340266058959 1.2743093507348744
1.04431464789198 1.3599758172158045
1.0476076514172217 1.2848808855538396
1.0483174298571938 1.3499943743919247
1.0511443736007453 1.2949208631515243
1.052068702019066 1.33692971053974
1.053301330965714 1.3047944762868358
1.0538803692697698 1.3254057856499728
1.0542216254333563 1.3148375539631727
