# CURVE 2D, normalized by CHORD
# COLUMN#1 = X-coordinate, COLUMN#2 = Y-coordinate
#-------------------------------------------------------------------------------
0.0 0.0
0.03510825099654192 0.026358077348066635
0.07023351425822108 0.052693488807781505
0.10533171312080881 0.07906495116238726
0.14037262920360616 0.10551246744306705
0.1753331840043393 0.1320661070820122
0.21429850402541895 0.16190728778868083
0.2531155115047229 0.19194111373214995
0.2838761636252111 0.21599065299350031
0.3145174189083002 0.24019211934552148
0.3406607967885738 0.2610533517269974
0.36670057278857 0.2820437537532162
0.38958963497332344 0.30068266539473626
0.41238622516762236 0.3194345579471459
0.43275276225409065 0.33635778275211015
0.4530353370294387 0.3533815418226499
0.48958305540044356 0.3845229019184327
0.5226867169855579 0.41330036036832113
0.5528408174893682 0.44004255266211845
0.5804335236391539 0.46500559078872417
0.605778746684854 0.4883957547589204
0.62913494112109 0.5103825705104256
0.6507203132652288 0.5311092781245809
0.6707205298581966 0.5506980113210499
0.6892941370114058 0.5692533376169682
0.7065791875400712 0.5868667249757115
0.7226957710959873 0.6036181052156279
0.7377508044603875 0.6195791537200626
0.751835727301536 0.6348113239259578
0.7650352331428891 0.6493721867448512
0.7774208291988747 0.6633103813271144
0.7890601844784613 0.6766725730802055
0.8000104545808464 0.6894981847584493
0.8103261006751635 0.7018253247753802
0.8200544293506354 0.7136872081612782
0.829238367057994 0.7251142166081997
0.8379173633606972 0.7361345403683748
0.8461264645931559 0.7467733532310344
0.8538989036708075 0.7570548451925826
0.8612629505574865 0.7669995807964172
0.8682466136113346 0.7766283072253327
0.8748743023575596 0.785959157009417
0.8811691271583628 0.7950095116783489
0.887150103703022 0.8037935916687924
0.8928383266934135 0.8123276628488115
0.9034033539666749 0.828697159911781
0.9129896257939449 0.8442158192381428
0.9217030347988737 0.8589676156918555
0.9296374445974717 0.873028615946624
0.9368715012659774 0.8864636403689833
0.9434749283607802 0.8993314151774439
0.9495079800413634 0.9116837483829653
0.9550231511582378 0.9235667772752597
0.960066626112417 0.9350220509816862
0.9646787840597465 0.9460868056321714
0.9688954847722061 0.9567949837617233
0.9727479237330469 0.9671769943894727
0.9762645634410904 0.9772613529147126
0.9794698552408718 0.9870734771049706
0.9837414248284412 1.00133245373431
0.9874245055406025 1.0151033717124494
0.9905726171745897 1.028451185822313
0.9932309053717641 1.041435084084657
0.9954354675073143 1.0541082737149536
0.997216606775258 1.0665207035488853
0.9985985132459976 1.0787191910446867
0.9996004473688744 1.0907485824831862
1.0 1.1385367670705318
1.0002368131661759 1.1026522891168662
1.0004462878889682 1.1262537843165659
1.000517293077413 1.1144730408512051
