# CURVE 2D, normalized by CHORD
# COLUMN#1 = X-coordinate, COLUMN#2 = Y-coordinate
#-------------------------------------------------------------------------------
-0.011503456925721451 -0.011823958112641059
-0.010381423922217057 -0.005294303578277773
0.0 0.0
0.004831200726191045 -0.010940091117233423
0.023413494312259288 -0.007569360335276139
0.06270417341741855 0.0024066671651030397
0.09691196164966734 0.012981009552153222
0.13073584460279597 0.02472795668428532
0.1768966189934383 0.04253704165150846
0.22241155190540385 0.06193872979585062
0.25715499673363695 0.07792772844245703
0.2915121034761977 0.09473097391816172
0.3254754013162453 0.11231668680210073
0.360724844998386 0.1316103980466577
0.39551473767574397 0.15172097121692785
0.4298288121848928 0.1726330829380263
0.4635544907139143 0.19427224264152385
0.4967691116834518 0.21668793097105835
0.5294512628606018 0.23987305132295422
0.5606166205222937 0.2630878153816283
0.591236937956079 0.28701686025570455
0.6212882083431336 0.3116567086180289
0.6494464930407535 0.3358605548185379
0.6770388456813976 0.36070759410345465
0.7040405545604173 0.38619522551117913
0.7290658969912843 0.4109441208460216
0.753513868830688 0.4362634782869761
0.7773603175404672 0.46215010684788627
0.8100430780164978 0.4997621845700816
0.8413924333544314 0.5384924595139594
0.8696135209727595 0.575959290732965
0.8965085903831962 0.6143889045383356
0.9204934408923807 0.6513415462130058
0.9431732524789446 0.6891090451615131
0.9631631932909688 0.7251933989105322
0.981881162583024 0.7619534846610393
0.9981211371130062 0.7968032932004977
1.0032405034044487 1.2698730068107051
1.0104423782594023 1.2786690222756707
1.0131353481977776 0.8321983381666961
1.0189507926274364 1.284647245789411
1.0258761635022013 0.8654148045150741
1.0294392553019809 1.2862409569358626
1.0374506096089429 0.899055298048754
1.0396996423679845 1.2818543521171042
1.046966760097414 0.9302035004874115
1.0481029092004712 1.273515991486741
1.0537028744763886 1.265146498422447
1.0553906818754006 0.9616645149678524
1.0605672975979197 1.2509095311435932
1.0619933941119202 0.9902833045077125
1.0644535107468607 1.2402181526056746
1.0675942765896687 1.0191147286829765
1.0685035172228234 1.2260656563130692
1.0716550007134 1.044759550671128
1.0724498534318094 1.2074524450084678
1.0748189726299135 1.0705302053023806
1.0758297591145407 1.1833278353596626
1.0779467276381374 1.115203063732836
1.0779552522496048 1.1527680629701311
