# CURVE 2D, normalized by CHORD
# COLUMN#1 = X-coordinate, COLUMN#2 = Y-coordinate
#-------------------------------------------------------------------------------
0.0 0.0
0.022726428598596995 0.042577966467955725
0.04566432836165702 0.08504237481361385
0.06882570678740836 0.1273852979364032
0.09222324204104097 0.1695981772800933
0.1158711636123607 0.2116712891944115
0.13821625389215206 0.25086386396998556
0.16080831815054017 0.28991458432250894
0.18366237469831173 0.3288125421176144
0.2067958003878931 0.3675449895157281
0.23095278388215135 0.4072774479086148
0.25545169081439717 0.44679996540028816
0.28031919134370353 0.4860915733798567
0.30020925843299767 0.516896608572467
0.3203652636631158 0.5475282775007987
0.34080622497770835 0.5779705054403872
0.36581821623934907 0.6143326358420337
0.39131834445008873 0.6503540386443978
0.4124927079712802 0.6794200683578656
0.4340571707217116 0.7081977981361072
0.45219199978488245 0.7317269000537437
0.47064269020931093 0.7550090867635981
0.5022864487107965 0.7933149825562298
0.5299101620258947 0.8249699725240542
0.5542267272357342 0.8513588024206374
0.5757965006181043 0.8735326659606907
0.5950609507242658 0.8922935172311153
0.6123760819390648 0.9082668863002746
0.62802991620978 0.9219431285914667
0.6422574291658035 0.9337102543298045
0.6552532020899848 0.9438797396776474
0.6671783789956911 0.9527021264284212
0.6781683757004598 0.9603817454896497
0.68833857056923 0.9670873495720338
0.6977832105414761 0.9729538719224915
0.7065859044705924 0.9780969481016452
0.7225434741825064 0.9865838216229251
0.7366695627587007 0.9931419450367052
0.7493148022823284 0.9982002968561416
0.7607492331154458 1.002070863398218
0.7711851759663418 1.0049846379202265
0.7853292288796998 1.0079283807708472
0.7980403269685338 1.0095114642715781
0.8096492226820164 1.0100073284302857
0.8204091001383674 1.0095928124736249
0.8305193784923545 1.0083762015578455
0.8432670798400591 1.0056007632297597
0.8554636182955565 1.0015215681391394
0.8673742959128599 0.9960416074620468
0.876262851195 0.9908831810011487
0.885218737378799 0.9846632131817701
0.894335467748005 0.9771657949648983
0.9037075294240523 0.9680875738083545
0.9134308680437899 0.9570028884332996
0.9201553623210312 0.9482112724047694
0.927105189841548 0.9380276516019714
0.9343038377695129 0.9261465815503152
0.9417678527604456 0.9121751617878356
0.9495015709375346 0.8955976370196834
0.9534648981658459 0.886130578337273
0.9574860439401441 0.8757459202277339
0.961556417701852 0.864326694368838
0.9656633991421382 0.8517385885131348
0.9697891175811206 0.837829007270031
0.9739089878727042 0.8224230115424639
0.9779898154106849 0.8053236105331705
0.9819875626609307 0.786310392482966
0.9858445445329355 0.7651387848479166
0.9894867020535402 0.7415479987618447
0.9928201201410525 0.7152645148956764
0.995728348767135 0.6860197260396298
0.9980717044682398 0.6535791827607829
0.9996872538892085 0.6177728163196896
1.0 0.5352882433108466
1.0003964348113745 0.5785551193456127
