# CURVE 2D, normalized by CHORD
# COLUMN#1 = X-coordinate, COLUMN#2 = Y-coordinate
#-------------------------------------------------------------------------------
0.0 0.0
0.011272972496984213 0.02454392711023966
0.022961279048979173 0.048892688768471554
0.04116966141408071 0.0844894330319118
0.05643660937774728 0.11204038956228905
0.06947267484235037 0.13382488887195837
0.08077885604577174 0.15136897684491257
0.09071650418358566 0.16572080759170713
0.09954986548071827 0.17761368309016468
0.10748234389459867 0.18758566826220058
0.11466767211047586 0.19602758427861822
0.12725839116881646 0.2094356900073818
0.1380355712616504 0.21948302966139968
0.14747096518076686 0.22717348433751228
0.15589556331719248 0.23315590388836563
0.16713861980553152 0.23982389630487402
0.17719683136523448 0.24450397470759383
0.18943438104176946 0.24855661359390255
0.20094390274210866 0.25072719916322783
0.21227372263595298 0.2513286066998757
0.22395331986733213 0.250389830479632
0.2366188514388993 0.24764156948698862
0.24731388871456889 0.24398426004115
0.2597455830717163 0.23829215802469683
0.269572100135484 0.23277497433707706
0.2813962896534174 0.2250593907093639
0.29671224863833817 0.2135352501894241
0.3068004354093509 0.20515020243541782
0.3203147744233127 0.19312863357317858
0.34526036990357023 0.16932941158694662
0.373656425909231 0.14124685920321772
0.4023730481490386 0.11349366058634947
0.42420705164328254 0.09363000016174601
0.4416925616089188 0.07876493617096
0.45726220643697346 0.06639842031642791
0.4718311807864179 0.055596861270428045
0.48590144811262354 0.045872546772986175
0.49982374156720966 0.03691854232746961
0.5138990862956649 0.02851327924013471
0.5284421262931726 0.020471949075406594
0.5438459468515255 0.012610997102560084
0.5607005214040063 0.004704703161665905
0.5800912391082893 -0.003614691453545354
0.6047800813627221 -0.013239137977946059
0.6379153359285977 -0.024995907607881316
0.6712312570726638 -0.036233654310276545
0.7182071356076555 -0.05273280584734775
0.7412513434774368 -0.06177320691141026
0.7590974725266654 -0.06947444407891674
0.7742685991834032 -0.07663025151156455
0.7877609693352761 -0.08355117885096812
0.8000891766249802 -0.09040121662623146
0.8115629205097449 -0.09728483898459993
0.8223885671349572 -0.10427782572743854
0.8327105073601105 -0.11144178580083282
0.8426368990787819 -0.11883122284816781
0.8522519644893358 -0.1264976694341339
0.8616238094150115 -0.13449165344576014
0.8708076672562822 -0.14286770641679253
0.8798513615075685 -0.1516830973914643
0.8887965138518139 -0.16100022533319366
0.8976799916449055 -0.1708893350392137
0.9065352796837034 -0.1814296803901431
0.9153933445904108 -0.1927140848300359
0.9242831945654552 -0.20484661700783302
0.933232187991075 -0.21794919629498344
0.9422664986575763 -0.23216680208542756
0.9514112573768138 -0.24767205641362228
0.960690334913728 -0.2646705980611706
0.9701255893408063 -0.2834047769901211
0.9797374700172528 -0.30417791759829216
0.9895431020155427 -0.32735983067896685
0.9999999999999993 -0.3546191298006264
