# CURVE 2D, normalized by CHORD
# COLUMN#1 = X-coordinate, COLUMN#2 = Y-coordinate
#-------------------------------------------------------------------------------
-0.03788396878430577 -0.11907840159005685
-0.037740865205603547 -0.1297023314648179
-0.03713676444883685 -0.1410432184559911
-0.036996371122304215 -0.09964885928187107
-0.03600270235058633 -0.1532026251133573
-0.034798515592173326 -0.08219283285051752
-0.03425450420882591 -0.1662975625875783
-0.03178435863462979 -0.1804706873589748
-0.03149306803445554 -0.06628677003137014
-0.02846222198372597 -0.1958847688871353
-0.027197610568557566 -0.05160211478765336
-0.02412147254933559 -0.21273932194608178
-0.021966547042222204 -0.037877546274035744
-0.018554166149828626 -0.2312711693330852
-0.015799496697246812 -0.02490402943883832
-0.011497819859191155 -0.2517651110548588
-0.008647415801660951 -0.012509706207381217
-0.002616973320541876 -0.27456806190582067
0.0 0.0
0.008513792508286551 -0.300097305416952
0.022441097348060334 -0.3288610658467618
0.03986376821142984 -0.3614710053815488
0.061676620237299494 -0.3986592793934864
0.07512896206942747 -0.42010120483850727
0.08900413340957532 -0.44127205333510505
0.10587555930918859 -0.4659287856972237
0.1232329652249594 -0.4902459543283601
0.1443234072505574 -0.5185837230397031
0.16597252633291187 -0.5464971308284937
0.19211192413784478 -0.5788520300316667
0.2188882223281275 -0.6106819960291628
0.25070814218120696 -0.6470188707387932
0.2832428563263645 -0.6827173096674406
0.30814146462114106 -0.709153489195771
0.33339343248078157 -0.7352523754160976
0.35898286032520693 -0.7610204961907249
0.38680102039438347 -0.7883070797328122
0.41497997843183443 -0.8152209205749151
0.44351038459706993 -0.8417619236789513
0.472341794136357 -0.8678878641371495
0.5015136529842058 -0.8936330999997351
0.5310258411050446 -0.9189874783789836
0.5583606196457115 -0.9418566191238584
0.5859886751379206 -0.9643705440997764
0.6139182348574275 -0.9865092905145217
0.6496895282419172 -1.0139276912561004
0.6859968536224526 -1.04063197036668
0.7151635807917196 -1.0612079026786276
0.744731834014175 -1.0812022689727259
0.7676288771948888 -1.0960310930213222
0.7908149354771009 -1.110403583456054
0.8264410880717878 -1.13104231914343
0.8539984970819433 -1.1455752534677373
0.8755073129221376 -1.1558464339271377
0.8925144090798923 -1.163151676737481
0.9061590491508952 -1.1683800887638052
0.9172631129909155 -1.172135209253453
0.9340913691853264 -1.1767623714811255
0.9461184658515414 -1.1790561030128601
0.9587652462136942 -1.180210468111575
0.9699087912947676 -1.1796913988569797
0.9804723688731845 -1.177078901305652
0.9892961626627984 -1.1720003634054763
0.9959829273210636 -1.1640862888752184
0.9996902899300942 -1.1547496901310486
1.0006663949259684 -1.1309525828637639
1.0011713931681787 -1.1442695242318386
