# CURVE 2D, normalized by CHORD
# COLUMN#1 = X-coordinate, COLUMN#2 = Y-coordinate
#-------------------------------------------------------------------------------
0.0 0.0
0.011384828290094372 0.0062179923327702735
0.022032146811994432 0.012373673420508383
0.032570000010361276 0.0188035594980906
0.04301962679788453 0.025523953387004993
0.05340214345326144 0.03255434468873017
0.0637390503059513 0.039916756748269666
0.07405233156352804 0.047636532810458154
0.0843647506521873 0.05574336300068818
0.09470034770461917 0.06427218897798509
0.10508484351240262 0.07326310460103806
0.11554600859710903 0.0827622049511603
0.12611494727493963 0.09282631020379799
0.1368264706240071 0.10352126149388728
0.14772023990541308 0.11492519907198344
0.15884358400361345 0.12713626612326512
0.170252198185409 0.14027169404153203
0.1820157278573626 0.15448250499492563
0.19422078263300105 0.16995793406708865
0.20052375083293103 0.17824716680069763
0.20698247330654135 0.18695276979582057
0.2136180838226785 0.19612172517345391
0.22045488090893006 0.20580763228894278
0.2275236073291063 0.21607861753953497
0.23486038431952763 0.22701392550029076
0.24251102302144129 0.23871386892879584
0.2505352275585259 0.25130870198101574
0.2590093350996862 0.2649634842372045
0.2680391677550002 0.27990589819796363
0.27777430194765307 0.29645515102122666
0.2884411274195009 0.3150905224035953
0.3004064386254376 0.3365813351033986
0.31435351988799665 0.36234772825861095
0.3318465649449384 0.3956071211167298
0.34557921469575353 0.4223148939654741
0.35915393363003434 0.44910331784292684
0.3767847201151016 0.4842686408638624
0.39434781137681907 0.5194678445496386
0.4119473582183224 0.5546488240064821
0.42968025591462816 0.5897627401200933
0.4426849257998706 0.6151778873660415
0.4558398157646401 0.6405155864471244
0.4755502154508626 0.6776513139186012
0.4924406913340364 0.7085792102757206
0.5076820652759779 0.7357168790871529
0.5218273939183153 0.7602177879511978
0.5351910538384419 0.7827442235295019
0.5479708788421692 0.8037164653742561
0.5603013985357429 0.8234226555732352
0.5722782653515885 0.842068349512438
0.5839740490270299 0.8598112976704011
0.595443938166902 0.8767712058658864
0.6067317929472904 0.8930433553167941
0.6178734035342938 0.9087058443233794
0.6288979782258131 0.9238212727192257
0.6398305708004958 0.9384441582001667
0.650692304837336 0.9526192386144147
0.6615016424975001 0.9663857296756894
0.6722746462501226 0.9797758763520715
0.6830258357176241 0.9928201280422722
0.693768133370784 1.0055437149927935
0.7045133346432705 1.017969344704781
0.715272255775856 1.030117498031315
0.7260550021611539 1.0420056583922275
0.7368709116257952 1.0536507884243351
0.7477289924879815 1.0650668560891516
0.7586375808948289 1.0762678293746164
0.7696048208797838 1.0872656258559568
0.7806385741591936 1.0980712288731271
0.7917464672163828 1.1086947690316764
0.8029359346570478 1.1191455969755548
0.8142142594909741 1.1294323485541495
0.8255886109064609 1.1395630033284498
0.8370666203431923 1.149544245099397
0.8486550825596412 1.1593834045923184
0.8603611736209477 1.1690867122868471
0.8721926735526369 1.1786594178129277
0.8841561963253192 1.1881075952952798
0.8962600723209763 1.19743542566428
0.9085110590872492 1.206648195489625
0.9209174979163693 1.2157496992094732
0.933487065309231 1.2247440583612401
0.9462275330866875 1.23363510475144
0.9591482815379302 1.2424256112356526
0.9722567824829161 1.2511192777244002
0.9855623742341931 1.2597186707168821
0.9999999999999938 1.2688012820845318
