# CURVE 2D, normalized by CHORD
# COLUMN#1 = X-coordinate, COLUMN#2 = Y-coordinate
#-------------------------------------------------------------------------------
-0.00441840326019309 -0.010198048280409273
-0.0033015666417347315 -0.018950029189852648
0.0 0.0
0.008195991632697424 -0.01421008356324519
0.020869166627254323 -0.005349725221268171
0.03925781751230484 0.009270683165751904
0.07592038460415158 0.04068899705137193
0.1120135625518698 0.07276213878523456
0.14789073060648483 0.10507699167807197
0.18067728190552096 0.1347558793581559
0.21344999022572697 0.16445005636258242
0.24624700183938605 0.19411738303849652
0.2791046853553323 0.2237174842050098
0.3120677421840319 0.2532001596055663
0.3451986687677464 0.282493983220506
0.378587977292943 0.3114927656433122
0.4123649045375372 0.34003869354676713
0.4402318388759889 0.362755504367842
0.4685949746621126 0.38484893747101895
0.5050750786706943 0.41129759781886566
0.5330093810923975 0.42969185536074306
0.5560916072922173 0.44344936490706854
0.5760275136080669 0.45415356415175867
0.593754384526273 0.46267354542602374
0.6098514156893234 0.46954275455853206
0.6247038946091715 0.47511086331144087
0.6385835319133369 0.47961839970831943
0.6516918304557646 0.48323732642981354
0.6641833411751736 0.48609253370517136
0.6761814670608051 0.4882768443637978
0.6877864325673299 0.4898575530204267
0.6990840478250856 0.4908859390040652
0.7101474485211684 0.49139693022192255
0.7210415132853586 0.491413164167816
0.7318255581351771 0.49094824922505276
0.7425543380561554 0.49000400888692053
0.7532803770982839 0.4885754188699379
0.7640547410909923 0.486647620799616
0.7749284484312408 0.4841963486336369
0.7859532068061567 0.4811884152612348
0.797182721475051 0.4775792081144628
0.8086738079630874 0.47331149457083116
0.8204875237022077 0.4683134671918453
0.8326902535388728 0.46249637317041103
0.8453569008513255 0.45574746418345125
0.8585685258247228 0.4479333621907584
0.8724207460956481 0.4388812704454462
0.8870198326730205 0.4283831536659909
0.9024917948481915 0.4161729122620038
0.9189807642870258 0.40192203699881895
0.9366605527756761 0.38520566227039693
0.9557347318197313 0.36548653542559484
0.9764508024844966 0.3420620352505535
0.9999999999999895 0.3128579795143653
