# CURVE 2D, normalized by CHORD
# COLUMN#1 = X-coordinate, COLUMN#2 = Y-coordinate
#-------------------------------------------------------------------------------
-0.16331173748156189 -0.28843448089105495
-0.16301171748708243 -0.2702844977231278
-0.16200556418147102 -0.259747564643966
-0.16194497910623978 -0.3035076288922034
-0.16025180550818882 -0.24803764962297128
-0.15939043821559812 -0.3162809346260896
-0.15758105841891132 -0.23499834301841754
-0.15591998844158986 -0.3273253324659698
-0.15378915228509335 -0.22047564488975946
-0.1516727104815815 -0.3370642902278318
-0.1486448125526889 -0.20434514482000607
-0.1466878928544617 -0.34580359282381024
-0.14190498322109216 -0.18654799553317908
-0.13773588703662487 -0.35752647277340743
-0.1333477376882712 -0.16714241891683168
-0.1306071534039934 -0.3646490899675993
-0.12283173654738486 -0.14636596953449824
-0.12229821486854353 -0.3713419675261185
-0.11245879105067778 -0.37766150674134186
-0.11035649712908932 -0.12467120823608016
-0.1005638970370753 -0.383611683829896
-0.09612888863045638 -0.1027181834928379
-0.085802123788745 -0.3891149434009392
-0.08055535930915647 -0.08127863262863812
-0.06685546803830004 -0.3939475687410788
-0.0641844313897355 -0.061093598247225
-0.055162593433222884 -0.3959694309199366
-0.047596479312393976 -0.04273100171333056
-0.04145646274174474 -0.39759133583741574
-0.03129612404655163 -0.026511987078548013
-0.025138673629587605 -0.39864282474239326
-0.015651098565804406 -0.01252013484424073
-0.00533830900799229 -0.3988574380341067
0.0 0.0
0.019250642784762278 -0.3978095619956635
0.050755016871017106 -0.39477250489153365
0.09295567573445893 -0.3884074599615038
0.12346757959158751 -0.3825327859111286
0.1538131574496741 -0.37585006929174664
0.18872377783361982 -0.36731663891287214
0.22345974733711108 -0.35809694804268033
0.2580483331655839 -0.34833824066968266
0.303197105765989 -0.3349263920732085
0.34819179813564116 -0.3210057236894484
0.39308331179030936 -0.3067554800688523
0.4379195757734683 -0.29233217777925996
0.48274632459204814 -0.2778793031409316
0.5276081009779126 -0.2635356212252543
0.572548912613973 -0.24944175582212208
0.6176133267859841 -0.23574866762305285
0.6597987640748337 -0.22348500353036257
0.7021682232942974 -0.21187390140811985
0.7447595615929883 -0.20110657020551548
0.7814509639345049 -0.19272948745767826
0.8183514274353474 -0.18532979185896217
0.8442077451063639 -0.18087369565325753
0.8701731554472892 -0.17710666196890335
0.9095455471441386 -0.17300576961798086
0.9408063460357426 -0.17143329092443058
0.9663913681919998 -0.1715153981837693
0.9878119288303483 -0.17273068001162348
1.000000000000002 -0.8107609306580444
1.0060730303014216 -0.174750055735363
1.0185845342139213 -0.7824828700760634
1.0218785587807189 -0.17735777955906243
1.0357333616443642 -0.18041065727437763
1.036389103386006 -0.7537073184198642
1.0480085832634585 -0.1838128549537518
1.0529532830847883 -0.725260284601332
1.0589935804725703 -0.18749822368849958
1.0687521787489 -0.69638125188659
1.068905262535949 -0.1914244244633955
1.082958205921209 -0.6687000855655248
1.0861707297000396 -0.1999012031603903
1.0964217053444347 -0.6406503519117529
1.1008146161388517 -0.20915198201571414
1.1079002361931936 -0.6150165763335208
1.1134972749173286 -0.21920912920386237
1.118690162763723 -0.5890855357181856
1.124660896666912 -0.23019673489102194
1.1345978478500363 -0.24232425137367092
1.1357361433549131 -0.5430227032084334
1.1434808695174752 -0.2559053890681906
1.1482446602579144 -0.5027463610690258
1.1513840577004708 -0.27137430013973896
1.157063142176751 -0.4678930837154942
1.1582614415362613 -0.28935219863160005
1.161260322008445 -0.2995468802780918
1.1629835199666374 -0.4378268533706842
1.163910583835662 -0.3107322859258856
1.1661487676929227 -0.3230846203527897
1.1666760674752208 -0.4118351237408969
1.1678874878683516 -0.336817293550003
1.168657909658528 -0.3892725012219438
1.169003623651037 -0.35220050587659735
1.1693357811504375 -0.36955058277492175
