# CURVE 2D, normalized by CHORD
# COLUMN#1 = X-coordinate, COLUMN#2 = Y-coordinate
#-------------------------------------------------------------------------------
0.0 0.0
0.00597506694275442 -0.012536234008753049
0.01197262470659713 -0.024112205197205305
0.018488799479270387 -0.035760325691781246
0.025547256565236244 -0.04748406288229154
0.03317748779097618 -0.05928586734162159
0.041408324512917864 -0.07116603423674403
0.0502682632843773 -0.0831225582615686
0.05979365770619256 -0.0951517773042523
0.07001582676672219 -0.10724653286132466
0.08096795990596994 -0.11939671051392885
0.09268606797230634 -0.13158876981837256
0.10520120721346045 -0.14380493243669235
0.11854638231340982 -0.1560231070357702
0.13274885471206124 -0.16821637806561648
0.14783300004979275 -0.1803527769349389
0.16382182086906474 -0.19239445177241185
0.18072385914534997 -0.20429890979494722
0.19854525027003875 -0.21601756598166083
0.21727980483372294 -0.22749708867116789
0.2369097670932691 -0.2386798262918192
0.2574059439340111 -0.24950412679891015
0.27872484386128715 -0.25990610554010674
0.3008083895727989 -0.2698214088201931
0.3235859301591244 -0.27918567112193987
0.34697160395748866 -0.28793947441243045
0.3708716727437647 -0.2960243397649103
0.39518008611099936 -0.3033921394594269
0.4197861927218242 -0.31000057074192333
0.44457577583984503 -0.3158163453521533
0.46943423784367017 -0.3208162430924784
0.49425002724923917 -0.3249882575849104
0.5189175990709685 -0.3283297312892727
0.5433396944283525 -0.33084750540944047
0.5674280830131955 -0.33255476196038464
0.5911070999915968 -0.3334752558429312
0.6143111430703897 -0.3336351822681425
0.6369879195392196 -0.3330677136944111
0.6590952305506793 -0.3318071461752994
0.6806017313633836 -0.3298900079678011
0.7014862387471675 -0.32735399415583216
0.721736345846513 -0.32423660149445227
0.7413446903980966 -0.32057231114136064
0.7603136465232598 -0.3163969555656975
0.778648877049313 -0.3117426700563003
0.7963603172692235 -0.30663935194895686
0.8134617573711426 -0.30111476097565276
0.829968999188751 -0.2951936694729791
0.8458988791216564 -0.28889769290600437
0.8612717182472016 -0.2822472286874061
0.8761071600016009 -0.27525913897258053
0.8904241529192166 -0.2679471226628609
0.9042431110813197 -0.26032335162111486
0.9175840969975935 -0.2523976056720603
0.9304653306821304 -0.24417655193189117
0.9429058317523781 -0.23566563378468333
0.954923574285023 -0.2268681042039057
0.9665354495469447 -0.2177851573104997
0.9777550117448887 -0.20841432342064908
0.9885987692412369 -0.1987542227536908
0.9990792181668785 -0.1887995322169077
1.0 0.7733942644285352
1.009207904150285 -0.1785432032079962
1.012769347341185 0.7464819959073923
1.0189967942513292 -0.16797790080106467
1.025099860242447 0.7193658713810624
1.028453259852128 -0.15709137911667476
1.0363527191972293 0.6935250163260723
1.0375873894780865 -0.1458735013039406
1.0464040587665313 -0.13430838787414054
1.0471919648371222 0.6675079707006074
1.0549090066326805 -0.1223806404539962
1.057103953643176 0.6426043147756842
1.0631059707965471 -0.11007246619207009
1.0666169427459138 0.6175455503507736
1.070996021009059 -0.09736262655683134
1.075217241792436 0.593754040981793
1.0785788974122288 -0.08422805291430978
1.0834366442749914 0.5698282878918336
1.0858531521802817 -0.07064428628278373
1.0928146943300052 -0.056583475497724314
1.0978016820882681 0.5245092236844584
1.0994571338833043 -0.04201483944064703
1.1057710042775526 -0.02690345665464654
1.1099047447281878 0.48161672425969354
1.111746302499857 -0.011214743213758094
1.1173671621920682 0.005094388471068806
1.1199515648934557 0.4411029243302877
1.1226169304875109 0.022066552820890664
1.1274738587835536 0.03975107355008064
1.1281455196604597 0.4028741378622058
1.13191274817126 0.05820067234579323
1.1346781705660132 0.3668121364368799
1.1359027495251628 0.07747494272727484
1.1394093386330044 0.09763607084699094
1.139725146980383 0.3327873301118115
1.142390661321151 0.1187547497836538
1.1434452751450819 0.3006662553598693
1.1447997992477554 0.1409051077051025
1.14598152541522 0.2703152144222499
1.1465797460527611 0.16417261251003568
1.1474588997993442 0.24160780022773717
1.1476672144225795 0.18864587289013351
1.1479890576910472 0.2144215083572313
