# CURVE 2D, normalized by CHORD
# COLUMN#1 = X-coordinate, COLUMN#2 = Y-coordinate
#-------------------------------------------------------------------------------
0.0 0.0
0.021170804655434323 -0.013279299854281432
0.04664463410930484 -0.028184258008773094
0.08209729574019567 -0.04750301273432095
0.11971552170974682 -0.06681722047851778
0.1575919238778823 -0.08562129312227824
0.195523954170922 -0.10431314094023189
0.23292754867821672 -0.1230484578181312
0.2700439838701913 -0.1423454779447029
0.31053042157374444 -0.16467214885381368
0.3421432612230553 -0.18337915949716113
0.3689774522764301 -0.2003727735853435
0.3926943380751736 -0.21641327102730154
0.4141691075756037 -0.23190007758149198
0.4339362092642853 -0.24708008866615583
0.4523512675619151 -0.2621233879346177
0.46966490400715416 -0.2771581304448114
0.48606595657108986 -0.2922882887431511
0.5016968270159934 -0.30760440286452045
0.5166733025823423 -0.32318890407917145
0.5310883268658335 -0.33912136599425524
0.54501878712687 -0.35548214510039655
0.5585307580080753 -0.3723538028098421
0.5716807082407517 -0.3898251020996241
0.5845182207784408 -0.4079935038050197
0.5970877810459457 -0.4269680472532257
0.6094296266365694 -0.4468759020712396
0.6215824154488864 -0.4678618326745283
0.6335831457419387 -0.49010146075204963
0.645469553228643 -0.5138092374549884
0.6572824052423485 -0.5392520517415974
0.6690688754315053 -0.5667778966414201
0.6808887453581347 -0.5968497604050871
0.6928261003238775 -0.6301312317256831
0.7050137417528233 -0.6676264836892687
0.7176946054073058 -0.7110493988766041
0.7247550981236962 -0.7374418598485905
0.7314183694985896 -0.7639374548381451
0.7400350176810117 -0.8006074946166332
0.74809936653009 -0.8374031029564771
0.7572905979032907 -0.8820003098698744
0.7661055550235263 -0.9266736036105357
0.7748324133909654 -0.971364241564354
0.7838327581025644 -1.0160003772047275
0.7894006056473932 -1.0419902805422825
0.7953548111112502 -1.0678942054761102
0.8028644545074209 -1.0973708738723962
0.808838338021862 -1.1181624685793812
0.8139334443681363 -1.1340688464017334
0.8184391072907801 -1.1467995525140358
0.8225140845288295 -1.1572975434851442
0.8297302198215603 -1.1737044821797442
0.8360542854153649 -1.1860101715966707
0.8417436915873606 -1.1956100204759914
0.8494270319273838 -1.2066187028336366
0.8563914646912867 -1.214889460953173
0.8649498809004946 -1.223124951931516
0.8730223207790055 -1.2292025335002437
0.8828696830994243 -1.2347105921384545
0.8929117078359392 -1.2384731633702777
0.903677208237984 -1.240737214005784
0.9158457236504848 -1.2414209262327516
0.9272673162953963 -1.24051399587588
0.9373425120631684 -1.2386390111679526
0.9493115358061663 -1.235268174736917
0.9587515957338296 -1.231834548130956
0.969791876266311 -1.227048265786137
0.9829903642385768 -1.2203551469665825
1.0 -1.210365232224126
