# CURVE 2D, normalized by CHORD
# COLUMN#1 = X-coordinate, COLUMN#2 = Y-coordinate
#-------------------------------------------------------------------------------
0.0 0.0
0.00616476087781347 -0.007908442823037952
0.011211573726097067 -0.016928059943435658
0.016046077557227686 -0.028195615930632145
0.020119633792803068 -0.04004376949445258
0.025403143318140982 -0.0591320782855106
0.028858658945950404 -0.07413405851305598
0.033410178307081526 -0.09708241075897081
0.04102403150803363 -0.14297355157789
0.047874851731063664 -0.18979720918278098
0.05450905542022557 -0.2366522634307912
0.061314257361690445 -0.2834826996320654
0.06854205199034694 -0.33024961740440767
0.07598131902211469 -0.37467403666895843
0.08409305773500059 -0.41898044718865557
0.0909741405107957 -0.4535261908235824
0.09837714879754123 -0.4879638011950944
0.10521875336520313 -0.5175830711225895
0.11250767777777049 -0.5470954081871213
0.11942971920369144 -0.5734006139136417
0.126749511520904 -0.599597898546741
0.14117953192471158 -0.6470554932651035
0.15581191759051646 -0.6904159691474904
0.17063680243838955 -0.7303171068174779
0.18563512537119006 -0.7672229982897419
0.20078502699640807 -0.8014904502348213
0.21606482410732525 -0.8334037473156786
0.23145431139224193 -0.863195746888314
0.24693518346006013 -0.8910633422005897
0.2624913713344728 -0.9171721148374719
0.278108783102886 -0.9416667131680452
0.2937752663055789 -0.9646725455488688
0.3094804305862368 -0.9862970731355161
0.32521523968771926 -1.0066389715096764
0.340971973021507 -1.0257836729027938
0.3567439506787423 -1.0438052650647158
0.3725252601087331 -1.0607734295036666
0.3883106467205728 -1.0767485444552558
0.40409529355765583 -1.091784667558838
0.419874638630358 -1.1059293427618395
0.43564424636856053 -1.1192276053867336
0.4513996282912595 -1.1317183131295194
0.4671360976676123 -1.1434362841308345
0.4828486526075272 -1.154413345126165
0.4985318622027386 -1.1646785551702268
0.5141796668074593 -1.1742569238096179
0.5297853499025457 -1.183171859428916
0.5453414021835835 -1.1914445002666725
0.5608394946778656 -1.1990947030658534
0.5762701537870686 -1.2061389719042899
0.5916229361775515 -1.2125934799907025
0.606886394034478 -1.2184738455958526
0.6220478728387342 -1.2237941930615426
0.6370934914565528 -1.2285677066430492
0.6520081361165951 -1.2328070062837841
0.6667759835032213 -1.2365260032489365
0.6813801576161518 -1.2397381341731277
0.6958016961389243 -1.2424540461071496
0.7100230324404471 -1.2446905445550567
0.724023456731377 -1.2464589153770105
0.7377840443135396 -1.2477760114164658
0.7512847516932276 -1.2486573386120365
0.764505586815618 -1.2491193134448717
0.7774270632432202 -1.249179529392418
0.7900305990883497 -1.2488567806013136
0.8022989467000724 -1.2481710350292823
0.8142162140052079 -1.247142975698704
0.8257662994212529 -1.245792470576843
0.8369384367419628 -1.2441429176904817
0.847721719979116 -1.242216097167205
0.8581072885919512 -1.240033974069133
0.8680890368922096 -1.2376188409606559
0.8868317595215038 -1.232178711856962
0.9039509374650374 -1.2260658236774828
0.9194808995003528 -1.2194362540886616
0.9334835293065256 -1.2124280245180974
0.9460469905993549 -1.2051595478966484
0.9572681147534963 -1.1977268482467827
0.9672536789053282 -1.1902059530172462
0.9761096760664733 -1.1826540511895192
0.9839408567439499 -1.1751120848241559
0.9908438999307689 -1.1676072261964696
0.9999999999999997 -1.1559660746378286
