# CURVE 2D, normalized by CHORD
# COLUMN#1 = X-coordinate, COLUMN#2 = Y-coordinate
#-------------------------------------------------------------------------------
-0.06457006976108945 -0.5340819687735607
-0.06418709994174863 -0.5043898589170328
-0.0641346741347687 -0.5595167496106237
-0.06308805155667763 -0.5817227598087383
-0.06265698626589732 -0.4687811386034012
-0.061568847481149235 -0.6013847970081821
-0.0596758278055284 -0.6189937785091457
-0.0593974363687107 -0.42422792797394937
-0.05748048336717352 -0.6349103286251395
-0.05649098275412027 -0.3939807464871739
-0.05503620092319965 -0.6494104826604831
-0.053132552555469816 -0.3637803011580565
-0.05238248524036614 -0.6627051182118521
-0.049550070828957335 -0.6749658645245953
-0.0487202561653491 -0.328386573737011
-0.04656306203205111 -0.686334945502216
-0.04390700634584428 -0.29304504003494275
-0.04343878552110684 -0.6969224209760934
-0.040191183780845324 -0.7068243832357203
-0.0387925045705814 -0.2577457754238282
-0.033364943977180525 -0.7248804833184177
-0.032286056832118215 -0.21479360537871814
-0.02613556689422365 -0.7410033820452999
-0.025614503847455557 -0.1718667230940601
-0.018916618689895106 -0.128943934292379
-0.018525097019071703 -0.7555705751016366
-0.012325957296701719 -0.08600457914769545
-0.010530893406426758 -0.768861708247197
-0.0059751660104696925 -0.04302915535111497
-0.0021338693347582615 -0.7810982329834806
0.0 0.0
0.006702561372515903 -0.7924499900950859
0.016029055952472938 -0.8030538473992044
0.025912759905338485 -0.8130175920623187
0.03643828254541408 -0.8224268992125014
0.04771052157910521 -0.8313486839694845
0.05986211237130494 -0.8398317555522685
0.0730529130309124 -0.8479107612816906
0.08748775269193047 -0.8556014937493713
0.10342271995056411 -0.8629012534955062
0.1211858754408783 -0.8697832552690953
0.13088489042181117 -0.8730501561900206
0.1412102857139882 -0.8761876601555892
0.15223852092666662 -0.8791811459385959
0.16405851735428828 -0.8820119544761796
0.17677223310738477 -0.8846568750782599
0.19050229344557318 -0.8870860442379116
0.20539050596735994 -0.8892625966019152
0.22160938006611947 -0.891139324432634
0.2393671258916569 -0.8926563735500971
0.25891787772924624 -0.8937373893897608
0.28057296103037205 -0.8942849237750611
0.3047261082902309 -0.8941716005057838
0.33188180657812244 -0.8932292676929874
0.3626960299254897 -0.891233609376838
0.3980537077450436 -0.8878767383449723
0.4392052531656781 -0.8827202180995967
0.4880345396548218 -0.8751069384943335
0.5179244450288031 -0.8697529728154394
0.5477309669935074 -0.863952404823572
0.5864869477025823 -0.8557964776435526
0.6251166918686532 -0.8470616471772405
0.6674048286484181 -0.8369086809748777
0.7095751490832546 -0.8262765284316058
0.751651619366356 -0.8152784903590381
0.7915993361998989 -0.8045975562250021
0.8315257385404781 -0.7938371216646215
0.8714838033634914 -0.7831951345326159
0.911562692326964 -0.7730197226544093
0.939830576850924 -0.766555455155378
0.9550304350522556 -0.7635653948668042
0.9714760398324389 -0.7610506848513149
0.9831462370887095 -0.7601270782746664
0.9934718296823882 -0.7607093543110433
