# CURVE 2D, normalized by CHORD
# COLUMN#1 = X-coordinate, COLUMN#2 = Y-coordinate
#-------------------------------------------------------------------------------
0.0 0.0
0.00048112336349629027 0.013244982345720666
0.0016712934516824648 0.026579997449667696
0.003671195568466317 0.04072208748042106
0.0066027931743050895 0.05580631356289597
0.010621674111494197 0.07198855655360656
0.01592438502897577 0.08944777005066525
0.022762074273025963 0.10839195096454968
0.02684962552068823 0.11849102703256217
0.03144367735766802 0.1290505805408366
0.03659298240674425 0.14010134145499836
0.042353718984914496 0.1516767108040706
0.048786034424691635 0.16380886684527948
0.05595400257033334 0.17652793881025663
0.06392865827114291 0.1898632501329141
0.07277924756360526 0.20383541974134395
0.0825792317937617 0.21845957659279455
0.09339560601591711 0.23373640290051098
0.10528951279091502 0.24965133985694055
0.11830856539853132 0.2661683363847371
0.13247769643678067 0.28322392157292026
0.1477935720000953 0.3007241940588654
0.16421373769804784 0.3185412527132046
0.18165402961138463 0.33651509789810125
0.1999824317401786 0.35445811966750157
0.21902570814245217 0.3721656512667353
0.23857662964627727 0.3894305102790358
0.25841053069089037 0.4060580609184785
0.27830160698869943 0.421881392157137
0.29803987766667844 0.4367712723759244
0.31744399818693164 0.45064125515546577
0.3363688484284985 0.4634468452708029
0.35470730688766183 0.47517986733653245
0.37238874658453663 0.48586224956455265
0.38937294755711777 0.4955359712769765
0.40564645453147163 0.5042589756250139
0.4212132554856773 0.512094457584028
0.43609198638462454 0.5191096938387164
0.4503118518190909 0.5253728502466477
0.4639062955744825 0.5309475582613324
0.47691272413961466 0.5358943143753733
0.48937037746911205 0.5402694232035028
0.501316683194203 0.5441223621719278
0.5127898510331712 0.5474993804360933
0.5238268411307018 0.5504421292241978
0.5344613506092135 0.5529863034209368
0.5447260717835775 0.5551643834936989
0.554651825761714 0.5570051672607492
0.5735988833699424 0.5597719964662993
0.591510068596693 0.5614523592244149
0.608566027655677 0.5621697905354344
0.6249272126574212 0.5620156703272711
0.6407355604965712 0.5610515103483319
0.6561206173152767 0.5593156538250091
0.6712011972130563 0.556821697540319
0.6860911796481101 0.5535646230497488
0.7009010877377039 0.5495164475113506
0.7157423064393249 0.5446262984974143
0.730730956722633 0.5388163887197321
0.7459922307105467 0.5319778537718002
0.7616661669960921 0.5239616121079395
0.7779156646576149 0.5145651523425495
0.7949350929498044 0.5035179393702838
0.8038077022970933 0.49726276854316365
0.8129696553684953 0.49044391930712583
0.8224628044083334 0.48299166559685364
0.8323362450459975 0.4748217430099022
0.8426471374462065 0.4658336079550411
0.8534656770146868 0.4559008290270581
0.8648735068834956 0.444873532979117
0.8769743691480231 0.43255785160525023
0.889895141258732 0.4187129094552878
0.9038010524874895 0.40302087649895785
0.9189055265657418 0.3850662276377195
0.9354996365428254 0.3642769026088804
0.9539902931332555 0.3398467628278339
0.9749762685511613 0.31058259309756003
0.9999999999999963 0.2736918161634214
