# CURVE 2D, normalized by CHORD
# COLUMN#1 = X-coordinate, COLUMN#2 = Y-coordinate
#-------------------------------------------------------------------------------
0.0 0.0
0.03618651437375714 0.031662130454419436
0.07229682999938873 0.06341117083609898
0.10840730401760963 0.09516003072073502
0.14460114607055707 0.1268137731997287
0.18096951491081265 0.1582667345996336
0.21761302984578135 0.18939851882702285
0.24916222703226196 0.2155885402321557
0.281069044237439 0.24134142653228255
0.30321002265144265 0.2586964423066116
0.32558844951146093 0.2757440769308836
0.36092425912497766 0.3015141618732191
0.3905811182543306 0.32190823661331924
0.41629890306948664 0.3385643453831187
0.439092900096022 0.3524475481710459
0.4596153040975333 0.3641816945705513
0.4783162787278807 0.3741987497365573
0.4955223371722504 0.3828120815933618
0.5114770423684319 0.3902548846022075
0.5263702533141238 0.3967079613388492
0.5403501980866999 0.4023114027420439
0.5535395539059841 0.40717992351416715
0.5660362414993648 0.4114038964035306
0.5779243937104656 0.41505979247863634
0.5892727365329663 0.41820884474348186
0.6001426845900957 0.4209047707390581
0.6105837860314706 0.42318954543606785
0.6206421719763847 0.4251015003692918
0.639760147453411 0.4279248385360732
0.6577603044065353 0.42957429269074987
0.6748501145594583 0.43019044018914854
0.6912022847891238 0.42987644214922877
0.7069585479584062 0.42869990993142515
0.722241746285311 0.4267059188199991
0.7371562398545567 0.42391328028494
0.7517959967754366 0.4203252599912632
0.7662444389849384 0.4159252941955774
0.78057750671233 0.4106796083246497
0.794865028656508 0.40453405829493766
0.8091718603912605 0.39742066967232237
0.823558135041561 0.38924652140725285
0.8380793702028041 0.3798976528797097
0.8527852840770539 0.36923755874896713
0.8677191766943275 0.3570983361759009
0.8752824310955967 0.35041477916861163
0.8829142874909374 0.34328550686269155
0.8906167729809997 0.33568109575466376
0.8983906067841837 0.3275710132058887
0.9062355478927475 0.31891934352402906
0.9141490310667035 0.30969326977702943
0.9221270055662828 0.2998544214241771
0.9301629173186315 0.2893644458042389
0.9382474281092184 0.27818573183027656
0.9463683725990458 0.2662755830899148
0.95450974142312 0.2535977306583296
0.9626517738472268 0.24011459602448984
0.9707702372592079 0.22578947390843832
0.9788363585812627 0.21059448612793913
0.9868162363162556 0.19450364854637955
0.9946710589893678 0.1775009399685462
1.0 -0.4725820228373585
1.0023572284804665 0.15958041333313638
1.0072723481485444 -0.4564768268573941
1.0098264455834118 0.1407468706224325
1.0138017069575636 -0.440840389521544
1.01702632306363 0.1210184657885465
1.0200478506317443 -0.4246400378610817
1.0239019630798323 0.10042984405831841
1.0259919375053772 -0.40785585026752086
1.0303974182158209 0.07903232642101266
1.0316134300345465 -0.3904707486951025
1.036455990634993 0.056891668992108756
1.0368902284249337 -0.37247122519341314
1.0417954652432309 -0.35384259603697815
1.0420240130719252 0.03409105146259206
1.0463034486300609 -0.33457990281923883
1.0470501029182544 0.010725846303955603
1.0503847233084673 -0.31468013386356664
1.0514900752763758 -0.013095127627004953
1.0540080590766308 -0.294146480221839
1.0553066697378 -0.037255308334514806
1.057141769350843 -0.2729906786586012
1.0584710527215235 -0.06163360727210137
1.0597526805669748 -0.25123221853479655
1.06096262903396 -0.08610822809171768
1.0618088079164283 -0.22890188378868126
1.0627717071329108 -0.11056013021487081
1.06327807534113 -0.20604056453754033
1.0638968805023945 -0.13487684267291933
1.0641324830451595 -0.18270298325680467
1.0643457547210233 -0.1589552200078075
