# CURVE 2D, normalized by CHORD
# COLUMN#1 = X-coordinate, COLUMN#2 = Y-coordinate
#-------------------------------------------------------------------------------
-0.06347251193036156 -0.07224354714544362
-0.06052626122913317 -0.059407609194331634
-0.05613846466843042 -0.07483022632859572
-0.055960143611871925 -0.04889762622286009
-0.04783639310251304 -0.06784381012470599
-0.046260427093612215 -0.0313977219224291
-0.03872431476633056 -0.0575560717487242
-0.038699831199294064 -0.019747065742987402
-0.03079818446757774 -0.04727594968682544
-0.02913777457339663 -0.0064657359151086575
-0.01880166147248417 -0.03004442483158285
-0.017629617148801197 0.007989449673300645
-0.004344638294869811 0.023112343743744625
0.0 0.0
0.010495074053838536 0.038439584606801074
0.026664073982965098 0.05359613003196381
0.04396214482683327 0.06830257260731945
0.062225765427827776 0.0823628523617129
0.08133014021480457 0.09564562014512876
0.1011856958867335 0.10806720119033034
0.1217352970125016 0.11957483376575273
0.1429488887335212 0.13013586941589084
0.1648193596883464 0.1397295704971984
0.18736067346272675 0.14833877767872244
0.21060507602599293 0.15594576607714866
0.23460163955766414 0.16252834647464295
0.2594163360678219 0.16805552889979045
0.28513138543329186 0.17248537952939055
0.3118461246172507 0.17576162699016676
0.3396785003701899 0.177810112245065
0.3687671439760107 0.178534878708364
0.39927492797933517 0.177812756313712
0.4313913587880127 0.1754888951930563
0.46533871473322563 0.17136801546829583
0.5013772099682547 0.1652058961318793
0.5398169055804235 0.15669304584138216
0.5810228451840774 0.14544319715233686
0.6254307341084008 0.13096902992807094
0.6496103046715045 0.12210063020526099
0.6735678963477794 0.11264878457395237
0.6999602054673918 0.1014864479689768
0.7260741816732075 0.08968745739627004
0.7550756370555396 0.07572494263654489
0.7837300895920009 0.06106325717435016
0.8158348902971415 0.043638000835868065
0.847507257110062 0.025438348646740615
0.8833316188454975 0.0036779515870949183
0.9186173704316405 -0.01894566215043003
0.9596567131557238 -0.04670297620747457
1.0 -0.07546294622045524
