# CURVE 2D, normalized by CHORD
# COLUMN#1 = X-coordinate, COLUMN#2 = Y-coordinate
#-------------------------------------------------------------------------------
0.0 0.0
0.01649888601050359 -0.00654341106071696
0.03028383403107819 -0.013363836464652282
0.04265898283780333 -0.020769543594973707
0.0539483431061553 -0.028810466458096647
0.06439348173862762 -0.037586824629895904
0.07418696322775313 -0.047247128369855694
0.08348122507510702 -0.05800524672650121
0.09239977049644525 -0.07016864729543874
0.10104576183638006 -0.0841767346436384
0.10950356690482746 -0.1007034064811187
0.11368423854470366 -0.11021772782404335
0.11784244150378036 -0.12080768143899825
0.12198408193312849 -0.1327322131081132
0.1261138809489374 -0.14635028278857476
0.13023546840833616 -0.16219047292351052
0.1343523030648124 -0.18107350975035544
0.1384713170456456 -0.20440900399366357
0.1426186753148305 -0.2350258352798002
0.14693257785274472 -0.28068255529848196
0.14961857452453337 -0.3223933961548551
0.15165306789344066 -0.36414168429234706
0.1534423694251828 -0.4059013834522515
0.1553227888606952 -0.44765702437260496
0.15808388475021246 -0.4973351264083173
0.16183445496630472 -0.5469476171754379
0.16469871320889 -0.5763079552154432
0.16814667520839033 -0.605605332758322
0.17494434578300033 -0.651398108333932
0.1822322547080414 -0.6898470268637356
0.18996659895525606 -0.7232982862781053
0.19810274023843738 -0.7530334375987893
0.20660310042577737 -0.7798537551588011
0.21543852225642607 -0.8043013048486701
0.22458602626509405 -0.8267731419775239
0.2340301380514001 -0.8475605971322805
0.24376012361466393 -0.8668925377537955
0.253769321093152 -0.8849522512445532
0.2640555893280455 -0.9018847694176597
0.27461980411013065 -0.9178097724933715
0.28546570204017807 -0.9328259322236527
0.2965998616605026 -0.9470141331422747
0.30803063542284004 -0.9604427296987891
0.31976796190536166 -0.9731690232725362
0.33182380419470753 -0.9852393919971331
0.3442117462281031 -0.9966913103665566
0.35694574067771995 -1.0075560013425278
0.37004045216067566 -1.017857818949938
0.38351276349669505 -1.0276123684155354
0.3973768855170622 -1.0368334763926268
0.41164820068844554 -1.0455272791595558
0.4263422505521958 -1.053693583807354
0.44147014785561084 -1.0613309399389892
0.45704415109188157 -1.068429113249004
0.47307000719329173 -1.0749776730755196
0.4895531530726695 -1.0809575414879429
0.5064903649271756 -1.08635032923006
0.5238737659105389 -1.0911324935920546
0.5416877571122194 -1.0952782181031782
0.5599076767069409 -1.098760451451331
0.5784986700748985 -1.1015520563013625
0.5974148113108827 -1.1036271404905629
0.6165986591112324 -1.1049622808543897
0.635981324146611 -1.1055366238055517
0.6554817678682534 -1.1053392097497963
0.6750097468510468 -1.104363741430072
0.6944667507054226 -1.10261295729685
0.7137495925711868 -1.1001019262559668
0.7327532931467018 -1.0968541366236935
0.7513746296749433 -1.0929031173929822
0.7695164594706045 -1.0882923502032673
0.787090815204152 -1.083072915379467
0.8040232816460483 -1.0773027706238372
0.8202505935399049 -1.0710411145608993
0.8357272336579195 -1.0643505923239707
0.8504213744224499 -1.0572920837608204
0.8643148795986929 -1.04992379333374
0.8774042965402488 -1.0423005882178071
0.889693683448007 -1.0344713237893837
0.9011986755439565 -1.0264801034666629
0.9119449789657962 -1.0183654510060687
0.9219558352868322 -1.0101588904598828
0.9312654564892648 -1.0018873731708524
0.9399059800546069 -0.9935720993109031
0.9479098159463581 -0.9852295780511751
0.9553133638526891 -0.976872146489691
0.9621486068464623 -0.9685082030877934
0.9684461923317261 -0.9601428486790623
0.9742362831754622 -0.9517782708808388
0.9844027801457201 -0.935047825028657
0.9928392494793317 -0.9182892253097436
0.9999999999999997 -0.9006065796257292
