# CURVE 2D, normalized by CHORD
# COLUMN#1 = X-coordinate, COLUMN#2 = Y-coordinate
#-------------------------------------------------------------------------------
0.0 0.0
0.03149623318192274 -0.01578683917934671
0.062097274883879276 -0.02972080021910286
0.09247567169394906 -0.042225598861063716
0.12238285699960505 -0.053268650926095354
0.1516181580096159 -0.06285782659205584
0.1800280401267032 -0.07103099559703124
0.2075064060627764 -0.07785293155241196
0.2339858585116063 -0.08340149304747199
0.2594323254458365 -0.08776300689911422
0.28383807361223734 -0.09102640867476286
0.30721765915733207 -0.09328123937867303
0.32959814942469945 -0.094610521972223
0.351019356059889 -0.09509353980204768
0.37152524965394135 -0.09480032436338097
0.39116700620527667 -0.09379622396788044
0.409994480841191 -0.09213645247925205
0.4280616241968768 -0.0898719390601904
0.4454181721468829 -0.08704387025650907
0.46211376159225775 -0.08368796335195702
0.47819692271151903 -0.0798344872887632
0.4937136103414742 -0.07550778725195774
0.5087056839290247 -0.0707254217003576
0.5232143602724896 -0.06550148047909388
0.5372780239792009 -0.05984504390031063
0.5509322622802596 -0.05376028914553191
0.564210500796486 -0.047247135401247246
0.5771440172955894 -0.04030124967700464
0.5897620083199585 -0.03291400353832086
0.6020916916491382 -0.025072373176854578
0.6141584283033171 -0.01675877851905147
0.6259858492860674 -0.007950860236378055
0.6375959744306303 0.0013788036710884397
0.6490093134254987 0.011263037816056557
0.6602448929857189 0.02174065674027615
0.6713196909053675 0.03286001284507448
0.6822503814717857 0.044672877887518454
0.6930513510921623 0.057243922271039506
0.7037357848652921 0.07064799761693707
0.7143156083977948 0.08497091196868826
0.7248007314366814 0.10031874259364618
0.7351998395056323 0.11681317097907769
0.7455197850685645 0.13460045765453418
0.7557653957718591 0.15386145809004453
0.7659398220929821 0.17481347791135463
0.7760442117624433 0.1977326773790923
0.7860783266128304 0.22297162074558205
0.7960416204783094 0.2509972720915684
0.8059361544573167 0.2824566412725969
0.8157740826082143 0.3183005363569099
0.8255979384407539 0.3600764576884831
0.8308053857759397 0.3853492309846788
0.8355465326511857 0.4107136974205591
0.8411655918490619 0.4442599889381401
0.8461660374656539 0.4779042266031555
0.851969883560984 0.5221237932116791
0.85715955173612 0.5664199600936628
0.8620281890174474 0.6107527513155006
0.866932440730042 0.655081582301438
0.8710724908666675 0.6895363059203546
0.875833528337248 0.7239101374501153
0.8811886931885626 0.7555662807277601
0.885562191781058 0.776617650535291
0.8893999641421697 0.7921734058903878
0.892878528456832 0.8043247754965466
0.8960906788879929 0.8141611735677949
0.9019229820625078 0.829215733527538
0.9071790562934359 0.8402788276552972
0.9143229308053556 0.8523487465819791
0.9208778195436709 0.8610526838045259
0.92910181096719 0.8694697550620683
0.9371186162646366 0.8755472857767688
0.9474153963961816 0.8809369686321054
0.9587735277465728 0.8844059801374936
0.9693748447064504 0.8857937246133714
0.982336709195781 0.8855594672158126
0.9945986810900381 0.8837524817736343
