# CURVE 2D, normalized by CHORD
# COLUMN#1 = X-coordinate, COLUMN#2 = Y-coordinate
#-------------------------------------------------------------------------------
0.0 0.0
0.023537192358459455 -0.010540932760960268
0.04720076158821388 -0.02079492082761062
0.08528971382779267 -0.03649277813680286
0.11780058057217924 -0.04900365031482313
0.14592085168353974 -0.05906841886462924
0.1705463945202213 -0.06723414037348233
0.19231975011521985 -0.07388757205177994
0.2117420098983663 -0.07932422564720794
0.2292119128588081 -0.08377396861299141
0.24503565632245478 -0.08741025461347311
0.25945118509444054 -0.0903657534708405
0.2726658498952033 -0.09275267857921794
0.2848349063912403 -0.09465413674765137
0.29610471877795536 -0.09614553380395302
0.30658158679843783 -0.09728113988672477
0.325521145230807 -0.09866461142084376
0.3422663052491071 -0.09909638148812962
0.35726176020407074 -0.09877598181646598
0.37084156383884986 -0.09784288381721994
0.3832675415970739 -0.09639718345413045
0.39474795188809736 -0.09451024093004785
0.4054456034788819 -0.09222922513403238
0.4154945066837562 -0.0895848755790258
0.429593164991115 -0.0849730170430503
0.4427929916085788 -0.07959412579973783
0.45534677771637166 -0.0734095206197855
0.46747181282004846 -0.0663287432729137
0.4793678535111593 -0.05820072564232447
0.4912343475869485 -0.04879320795440201
0.4992351768761322 -0.04164720696443978
0.5073943343778746 -0.033635991203424635
0.5158020904690525 -0.024563667849512662
0.5245746402494837 -0.014152560700959277
0.533871565257062 -0.001996550501141982
0.5439269217831705 0.012523213981679394
0.5493502682404238 0.0209698593204342
0.5551275882372168 0.03045261367105133
0.5613618829289817 0.041250874243642474
0.568208753105453 0.05378451923199675
0.5759221796985391 0.06873281746795153
0.5849767009343304 0.0873498113500613
0.5964559694242731 0.11245338144938731
0.6145356435388908 0.15467522591291216
0.633054944870635 0.19992006877924826
0.651442176669393 0.24521891266023949
0.6701524570923375 0.29038502270748107
0.6827215630615608 0.31977668620790073
0.6956372633952645 0.3490176307058127
0.7062328950367123 0.37223625656415793
0.7171016878503002 0.39532825401642063
0.7377254326914243 0.4371921925774914
0.7587990564310141 0.4775318744573496
0.7814513964590367 0.5185000657727497
0.7943507170229639 0.5408768180961276
0.8075133124217363 0.563099750303165
0.8251229799274596 0.5920118029766792
0.8430739755213128 0.6207132819534782
0.8675187724887429 0.6589574683711106
0.8921291321373087 0.6970954853769361
0.9165079705092779 0.7353815583996454
0.9362104541665249 0.7675953754355588
0.9483451248199878 0.7885546315377331
0.957211573993379 0.8047438561518918
0.9641491466460033 0.818155046932908
0.9697858728071265 0.8297125458019204
0.9744745479057975 0.8399315926191198
0.9784372407559077 0.8491347348583367
0.9847341439949205 0.8652893750431664
0.989441386352272 0.879284832563529
0.992986951754948 0.8917474456867208
0.9956400952558292 0.9030793976720165
0.9975765575392511 0.9135534031047491
0.9993873358157501 0.9280712974510815
