# CURVE 2D, normalized by CHORD
# COLUMN#1 = X-coordinate, COLUMN#2 = Y-coordinate
#-------------------------------------------------------------------------------
0.0 0.0
0.012143407633831555 -2.025996761059923e-05
0.022222118824120493 -0.000579384360430178
0.03983881071648892 -0.002918374613949701
0.05492043683619923 -0.0065411312297905784
0.06819776173772175 -0.01122683897143656
0.08017625889324324 -0.01691087519593466
0.09123263298150808 -0.02363928519145341
0.10165627260498326 -0.03156658207791744
0.11168252818747723 -0.04097986320444078
0.12151954351684632 -0.05235192982883758
0.13136935693239477 -0.06646314942226186
0.14145931524709995 -0.08469098834318704
0.1466895999798903 -0.09611451359092342
0.1521241688267633 -0.10981573234255404
0.15787718816688323 -0.1268495612473995
0.1641971488105851 -0.14936015198309915
0.17193209721108607 -0.18378527865871808
0.17868923242592205 -0.22057956594553838
0.18486474234798 -0.25747710757251974
0.1912837028211871 -0.2943326159561591
0.2004047657163938 -0.3379908596258811
0.20755599239804798 -0.36495570395371646
0.2141808368904195 -0.38554089041747686
0.2206208903953937 -0.4024834152920317
0.22702664322197186 -0.4170189492800714
0.23348866084388303 -0.42984087542456456
0.24007515039835434 -0.4413811322051456
0.24684601738686696 -0.4519366073087822
0.25386052625058136 -0.4617193538531199
0.261181799970194 -0.4708887868938481
0.2688805606053114 -0.479569319866675
0.27703876819547635 -0.4878612492114462
0.2857531372424129 -0.49584819198418745
0.29514460827706224 -0.5036005043098911
0.3053610002482612 -0.5111812613567664
0.31659228580633153 -0.5186473589648188
0.3290891347023459 -0.5260524566700274
0.3431893062051494 -0.5334496217330043
0.3593609011617414 -0.5408939108538166
0.37828994273554073 -0.5484466612500889
0.4010373854859613 -0.5561834442826247
0.42938561978944706 -0.5642121421094647
0.4667586342797596 -0.5727266617694697
0.4941158034527712 -0.5778334632777526
0.5215956376550982 -0.5822349068712087
0.5631702655443286 -0.5878500429286649
0.6048539571119396 -0.5925938228063073
0.6465960805379498 -0.5967957925182569
0.686696659503498 -0.6005817919589186
0.7267984074098073 -0.6043554528532922
0.7668794264879566 -0.6083422144794526
0.8069121294063305 -0.6127857079940687
0.8468541449757683 -0.6179775389683818
0.8739464488430062 -0.6221315734887487
0.9009230808051547 -0.6269778410429029
0.9336671682121478 -0.6342068892691015
0.9557886269781004 -0.6403121951005143
0.9716160563132838 -0.6455769585121357
0.9833788919871073 -0.6501789781846058
0.9994116581802118 -0.6578789176950868
1.007100743018991 -0.7409450335070429
1.0095649597397585 -0.6641272173659546
1.0162344671942245 -0.7319923901566382
1.0189659287232302 -0.6717079133622231
1.0241988924973793 -0.721911797698513
1.0259497714208778 -0.6797887946027737
1.0294604279032062 -0.7120313517502449
1.030860035689762 -0.6898093783575644
1.0320995560591688 -0.7008863908310645
