# CURVE 2D, normalized by CHORD
# COLUMN#1 = X-coordinate, COLUMN#2 = Y-coordinate
#-------------------------------------------------------------------------------
-0.1614729371608591 -0.34994362616716673
-0.16142108705080255 -0.36134503128667855
-0.1611140948241859 -0.3383486426934581
-0.16097096060159238 -0.3725927375586496
-0.16032844068083008 -0.3265182749454159
-0.16013076951986085 -0.38372436006176286
-0.159092128557854 -0.3144062820487414
-0.15890136487107528 -0.39477503803601
-0.15737449066499576 -0.30196180192819355
-0.15728018844956526 -0.40577922655028054
-0.15526141045811845 -0.4167705870819286
-0.15513721232734298 -0.28912852631083236
-0.15283303433725764 -0.427782267067976
-0.15233336331430664 -0.27584384988285127
-0.14997824074832122 -0.43884759726458744
-0.1489047350797634 -0.2620366487236579
-0.14667523530787238 -0.45000040317979495
-0.14477788848393341 -0.24762381128549749
-0.1428970634458387 -0.4612752317324689
-0.13986528862921663 -0.23251135541791565
-0.13861073178731825 -0.47270773563429397
-0.1340590995333016 -0.21658944966269403
-0.13377326254072777 -0.4843363168090213
-0.1283378363301931 -0.49620005660393496
-0.12722105696990896 -0.19972379871791016
-0.12224662804324898 -0.5083411774928537
-0.11918686862268231 -0.1817607541140289
-0.1154298027976439 -0.5208055893405891
-0.10974434278482331 -0.1625089026458578
-0.10780766923650363 -0.5336415831396163
-0.09928286327941567 -0.5469028815514217
-0.09862384522282301 -0.14173273450249335
-0.08974520806508858 -0.5606455984859505
-0.08548300552331223 -0.11914215610521485
-0.07905958852731819 -0.5749328603713233
-0.06986384539344387 -0.09435905027842897
-0.06707285208768128 -0.5898299878102303
-0.053602063745962734 -0.605407921858756
-0.051174519631880945 -0.06690827418086226
-0.03843624078122683 -0.6217395036552201
-0.02858786564218276 -0.0361398803206765
-0.021330916169536536 -0.6388980502168202
-0.002012982242410921 -0.6569501812097577
0.0 0.0
0.01981866935370916 -0.6759489593473639
0.04447708678102374 -0.6959190302423837
0.07226344555191912 -0.716837165003296
0.10340841201472001 -0.7386012176561806
0.1380069424667129 -0.7610001550742206
0.1759221992637102 -0.7836846947670825
0.21669500313285575 -0.8061620162511427
0.25951973493898745 -0.8278338566646469
0.3033111000873091 -0.8480846806737543
0.34688265368852655 -0.8663944542122873
0.3891581506647286 -0.8824264137583713
0.4293283249535492 -0.8960564135988726
0.4669017291601387 -0.9073399982602236
0.5016719407287589 -0.9164539812597295
0.5336412729399218 -0.9236352567347373
0.5629403247175627 -0.9291346094755794
0.5897729996572045 -0.933193784316959
0.6143679132519979 -0.9360279615397944
0.6369552692421437 -0.9378228505356871
0.6577543008910144 -0.9387356604986964
0.6769683029935641 -0.9388983364472137
0.6947759108451574 -0.9384179395507319
0.711338098378232 -0.937383364379232
0.726795350104919 -0.9358665731110452
0.7412717299122787 -0.9339263298626161
0.7548752936534743 -0.9316098147240818
0.7677022489373051 -0.9289554939270073
0.7798342091097216 -0.925992684440182
0.7913466613252423 -0.922745854091436
0.8023025538312203 -0.9192320920185906
0.8127595057824708 -0.9154646229086691
0.8227697472474764 -0.911453130904581
0.832376297711014 -0.907201523905116
0.8416216213760727 -0.902712898373618
0.8505408342056594 -0.8979853308302553
0.8675261976385894 -0.8877920322642922
0.8835569383779617 -0.8765536229510892
0.8988161484364918 -0.8641544443250676
0.9134552217054828 -0.8504281762837709
0.9205818507992694 -0.8429983904267101
0.9275979995259093 -0.8351448087465384
0.934515505351486 -0.8268261153455951
0.941344808781465 -0.8179947379022374
0.9480948943938617 -0.8085960851932067
0.9547731738904861 -0.7985677232266161
0.9613847151897498 -0.7878310649158563
0.9679333280500126 -0.7763040085251718
0.9744196228131724 -0.7638810672701757
0.9808413236200245 -0.7504396531140608
0.9871925293904482 -0.735838080386365
0.9934622949029657 -0.7199042003478882
0.9999999999999999 -0.7013290592873405
