# CURVE 2D, normalized by CHORD
# COLUMN#1 = X-coordinate, COLUMN#2 = Y-coordinate
#-------------------------------------------------------------------------------
-0.05720370216459206 -0.13184117668193732
-0.05715067364989124 -0.1441593868999496
-0.05585730624145153 -0.15530746318453154
-0.05568039717376443 -0.1176714841022203
-0.05344148399848332 -0.16576470764291532
-0.05188717551974683 -0.1005877245606402
-0.04987289324899107 -0.175916856750301
-0.04874440428026427 -0.09042776228811304
-0.044952659835380646 -0.18611459968857563
-0.044402485212028484 -0.0787392183934773
-0.038414519926583714 -0.06500862280134165
-0.03827985643046766 -0.1967379031828802
-0.030076867521416865 -0.048462274267684985
-0.029094193062517648 -0.20827666821939203
-0.018221949590061567 -0.027867451343239917
-0.015920374661834644 -0.22148980396521317
-0.006952397633095428 -0.22912869858254292
0.0 0.0
0.004526131103316506 -0.2378516073856071
0.019877845238627265 -0.24822424015062794
0.04201199971483685 -0.26144096072775436
0.07947862463947379 -0.28103096043461984
0.12385146947678746 -0.3018657215551238
0.16864498071034367 -0.32178434309818543
0.21352907138465618 -0.3414986469418979
0.25829819991626973 -0.361472171902841
0.29974205210891647 -0.3805828020374586
0.34085916606210365 -0.4003860388956222
0.3815627016820287 -0.421025422293955
0.424360667961429 -0.444047992000032
0.4665030898286423 -0.4682490790553684
0.5025623361811753 -0.49032448159038833
0.537995598391881 -0.5133910184529256
0.569973309826365 -0.5355010019607322
0.6013259821539313 -0.5584885719568824
0.6303388928351752 -0.5810261235170128
0.6587154050130704 -0.6043597831999588
0.6853476531259021 -0.6275273200449206
0.7113276666245819 -0.6514239245040344
0.7359172979739577 -0.6753344861350423
0.7598345607260782 -0.6999175600863903
0.7825788782238223 -0.7246304794111527
0.804630091523973 -0.7499637685017777
0.8256343572520598 -0.7754912308718177
0.8459230258797266 -0.8015910203681357
0.8652250177135916 -0.8278943081482577
0.8837908653101275 -0.8547222451180158
0.9013744515610856 -0.8816982133954783
0.9182040992470039 -0.9091508587610456
0.9340098716445726 -0.9366120091859514
0.9490482287236026 -0.9645007830868182
0.962984977852752 -0.9921513830185957
0.9761505160894349 -1.0201773597101638
0.9881142084637918 -1.0475897277714017
0.9993144490563427 -1.075322747963518
1.0 -1.3978198206640073
1.0076581653518808 -1.40849315963772
1.009212667262751 -1.1019276147175474
1.0168158572811892 -1.4177270394627304
1.018370926817834 -1.128796123228482
1.0261621473079154 -1.1539056838645991
1.027425734528988 -1.4229062864677202
1.0332559091561029 -1.1792210408630492
1.0371696501680694 -1.4209604321936922
1.0440961103864048 -1.225147644251563
1.0443476931409827 -1.4134571711140977
1.0493820294512042 -1.4029867892659171
1.0512639639677366 -1.2653259296037431
1.0523840442135144 -1.3929685013650648
1.0553720854285307 -1.29902555603327
1.05542109444629 -1.3762472400851107
1.0566688441765306 -1.3638201920988444
1.0571708612907738 -1.3262169141918212
1.0573984532951448 -1.3474912645250687
