# CURVE 2D, normalized by CHORD
# COLUMN#1 = X-coordinate, COLUMN#2 = Y-coordinate
#-------------------------------------------------------------------------------
0.0 0.0
0.010379835662529577 0.03047441470355989
0.021312987321735748 0.06075462503699387
0.030656737549812643 0.08523516135506802
0.04043467494921436 0.10954547092524522
0.05817973553655839 0.15046474760469036
0.07477932558229415 0.1852836274810408
0.0904155913104843 0.21527861069454718
0.10523484123432009 0.24139096659105908
0.11935671688001974 0.26432926994889716
0.13288111033445132 0.28463858507022793
0.14589222734977098 0.30274293076140196
0.1584625578806631 0.3189786982785285
0.170656237533913 0.3336197591830364
0.1825287780988911 0.3468838054713346
0.19413027207823327 0.35895094574646363
0.20550568087520807 0.36996817055413495
0.21669645602200596 0.3800585346329571
0.22774115046913584 0.38932540572609703
0.23867592606185203 0.39785577767265196
0.24953487146867517 0.40572067907464565
0.2603510645727692 0.4129808760526373
0.27115679710582624 0.4196885649502873
0.2819838754578558 0.42588639621227964
0.29286414872665784 0.43160996867528234
0.3038298697476843 0.4368885760654062
0.31491406093636465 0.44174582289364056
0.3261513497225966 0.4461991290339147
0.3375774622025055 0.45026244336567156
0.3492299147756938 0.453944955312837
0.3611503574277513 0.45724886116608077
0.37338147498912455 0.460174578051878
0.38597133543544154 0.4627153600540196
0.3989720348018599 0.4648597758419994
0.41243972873992474 0.4665915485686513
0.42643909998544866 0.4678858117340977
0.4410386673539801 0.4687129837825264
0.45631856406456167 0.4690322733842833
0.4723636864497484 0.4687963606803869
0.489272601421209 0.46794391668096386
0.5071508895053308 0.4664031181043987
0.5261188241383389 0.46408422462604537
0.5463020853434831 0.46088344367298306
0.5678341686408038 0.4566773750460181
0.5908472886904015 0.45132419692771014
0.615458611586196 0.44466653193272865
0.6417460115905967 0.43654038757301533
0.6697121698868299 0.4267915812175825
0.6992304568267151 0.4153078867995119
0.729981125567325 0.4020667842064676
0.7613991224367513 0.38719235930054546
0.7926752524347987 0.3710004845270965
0.8228547742081321 0.3539904468049179
0.8510250092623601 0.3367662914563527
0.8765122752187057 0.31990966039854934
0.8989852773319149 0.3038696533846821
0.9184306846879999 0.28891826687632327
0.9350554435513041 0.2751668053389756
0.9491773415510042 0.2626123805349816
0.9611436562398185 0.25118550459270117
0.9712862611409853 0.24078451392838637
0.979899404377896 0.23129828936142383
0.9872316460835948 0.22261995716662175
0.993493149079576 0.2146492402786066
1.003463204244836 0.2004853352691285
1.0037856575780666 0.06447986928671474
1.0108446957699078 0.18822428279005235
1.0120983227158926 0.07615685134403365
1.0163371650969633 0.17742548432241687
1.0180878718854836 0.08683185025349546
1.0204145255508161 0.16775870259565734
1.0223841155287796 0.09687820638016126
1.0245602427295368 0.15484921406762922
1.0260886307082575 0.10979223043262923
1.0269411744889552 0.14331311341125716
1.0278549199390765 0.12269336226922115
1.0279644110241146 0.132707418496975
