# CURVE 2D, normalized by CHORD
# COLUMN#1 = X-coordinate, COLUMN#2 = Y-coordinate
#-------------------------------------------------------------------------------
-0.1458776201009526 0.12979460639482612
-0.145801565499269 0.11717434271559554
-0.14533124135234146 0.14466169553646527
-0.14440242099372372 0.0968848196845366
-0.14391441715949058 0.16244409585997854
-0.14196218942025826 0.08122575970065672
-0.14125282944999681 0.18409625801792856
-0.13889600694475346 0.06871037327701633
-0.1367668331880997 0.21101811978330956
-0.13541718658078353 0.05842396930065721
-0.1296463160862954 0.04590794517056209
-0.12951970122974688 0.24535751527823305
-0.12330957836317856 0.03582066522232294
-0.11795460886288175 0.29049577649896324
-0.11637092046945055 0.027412186212986835
-0.10896968739484454 0.32138260339949837
-0.10868415640836367 0.020218336198163652
-0.09998951193561464 0.013964255995818568
-0.0993300506974094 0.35207161716115976
-0.08987789354551351 0.008510338724079084
-0.084474892600139 0.39601708081646564
-0.07771146213927262 0.003849011748087424
-0.06868905714015654 0.4396372411554719
-0.0679669887427848 0.0012594035650832461
-0.056375698498345395 -0.0007774209484241541
-0.05219814840546983 0.4828013624120763
-0.04222371734359864 -0.0020307307329295765
-0.03505696885602712 0.5257115404415642
-0.024373688356531514 -0.0020748608739574056
-0.017350585254650608 0.5683916894980897
-0.013522463142698416 -0.0014197201226142985
-0.001570088624575246 0.6052762638267243
0.0 0.0
0.014554609748463272 0.6420116947507349
0.030997808077013647 0.6786056890079615
0.04773975641072576 0.7150639853336054
0.06476511723314785 0.7513908070340308
0.08501845910529608 0.7937063912075324
0.10563220278949793 0.8358475904867347
0.12660075357733103 0.8778133754118596
0.1479230827687368 0.9196005168018794
0.16960374304604015 0.9612028639320477
0.193110415213531 1.0053167553638214
0.21705348573309655 1.0491952927173331
0.2414584080024536 1.092818603599598
0.26636006851034866 1.1361602255877266
0.29094761752054193 1.1777647100518243
0.31608973390377026 1.2190363361002063
0.3418474325210535 1.2599264735888565
0.36069892977045326 1.2889181548860402
0.37993866445061436 1.3176535923324226
0.39960584353805273 1.3460980951171646
0.42193935661301385 1.3772037151716459
0.44493061794848965 1.4078261172186448
0.46301586932506583 1.430863661543954
0.4815883056569505 1.4535100964928003
0.5120410203738314 1.4882988210035701
0.5379057843039243 1.515409766222209
0.5602881629926053 1.5369450544024912
0.5799629628971656 1.5543172645569159
0.5974911463581581 1.568507929073361
0.6132858137077974 1.5802121057414238
0.6276658683834608 1.5899439485967346
0.6408773341743718 1.5980840700974155
0.6531152808150207 1.6049214063015222
0.664533176495676 1.6106735359804092
0.6752580236316905 1.615511797568585
0.6853990061260092 1.6195759920025405
0.6950416936389039 1.622968922393045
0.7131256143454371 1.628066990695838
0.7299989870011764 1.6312978742422357
0.74604004564722 1.6329620433177292
0.7615648683587319 1.6332386199129372
0.7768478241585062 1.632199477018478
0.7921471799068072 1.6298330258045801
0.8077227591587673 1.6260359701341078
0.8238555281295651 1.6206041088854626
0.8408707757787177 1.6131993673478393
0.8498311485422997 1.6086005523017766
0.8591681145268242 1.603295347750065
0.8689547672757882 1.5971647804041418
0.8792702920676608 1.5900723125563032
0.8902148641167431 1.5818339448445566
0.9019013014754985 1.5722297988996634
0.9144745024762764 1.5609630491270732
0.9281150290546547 1.5476443092200842
0.9430503928214323 1.531757387778038
0.9595730046139028 1.5126052252811404
0.9780840595189243 1.489188639333897
1.0 1.4588318554911437
