# CURVE 2D, normalized by CHORD
# COLUMN#1 = X-coordinate, COLUMN#2 = Y-coordinate
#-------------------------------------------------------------------------------
0.0 0.0
0.02244097705944051 0.03035573968347133
0.04539361732690804 0.0603264246253159
0.06672415375356221 0.08722892118008424
0.08849862024979636 0.11377335229104522
0.10929044236362805 0.13827834205656894
0.13048612545105498 0.16243482563199785
0.15078284123583374 0.18480679395994912
0.1714485351349399 0.20683835199982942
0.19129224135692277 0.22730263175563598
0.21147368260641045 0.2474338945916021
0.23090574155670268 0.26618499267133156
0.25064614852692524 0.28461117458743196
0.2697048392811061 0.3018172200480218
0.2890462738758721 0.31870478873292557
0.32675103008355016 0.35000466846299827
0.36383460155159253 0.37876367197575583
0.40036849979713984 0.4052020135360734
0.4364217899542482 0.42951088679950217
0.47206152273130947 0.45185555028794167
0.5073543512778406 0.4723834494490554
0.5423660187305439 0.49122089726392726
0.57716290776361 0.5084779264219604
0.6118133754437483 0.524251372899988
0.6463892044761951 0.5386247453997627
0.6809681826078504 0.5516707208853017
0.7156378384406962 0.5634518878063552
0.7505018885293882 0.5740209375956574
0.7856904049573219 0.583424700958043
0.8213798219442956 0.5917027603943311
0.8578324802747689 0.5988905621267568
0.8954867416776716 0.6050233255415621
0.9352130114744933 0.6101428322797805
0.9793171133345362 0.6143338034917585
1.0 0.7856268036161769
1.0125790035368267 0.6165944529538653
1.030216373157743 0.7596565170536667
1.045874964495716 0.6182875191348043
1.060273827100204 0.7335026263452724
1.0727407855304418 0.6194940440427532
1.0899668665366236 0.706936557817184
1.0995875758912244 0.6210523385214509
1.1108356182407275 0.6872589310297299
1.1109874235050112 0.6220933748333773
1.1224601684639735 0.6236929124323768
1.127924019783431 0.669561932060661
1.1325736953783678 0.6260888034903006
1.1375875493269185 0.6577790377200569
1.1415712099071007 0.6304969074304616
1.1432105515450113 0.6487977721530493
1.1459507452438402 0.6391821679449645
