# CURVE 2D, normalized by CHORD
# COLUMN#1 = X-coordinate, COLUMN#2 = Y-coordinate
#-------------------------------------------------------------------------------
0.0 0.0
0.004009442819589926 -0.015683367403853253
0.009055516379776772 -0.03168870573992897
0.01363183526943192 -0.042541420230649635
0.019485821416641153 -0.05157709311614982
0.028002457960070015 -0.05635118121665097
0.03758524566829824 -0.052901706633366054
0.0461673857579706 -0.044679753819628173
0.052394155115992685 -0.03682387582766797
0.06914467776610865 -0.011651051012910453
0.0900330278192663 0.022278070519078517
0.11133865035178285 0.05594552813110134
0.13262392562252076 0.08725322273206719
0.151046383797915 0.11220290096625743
0.1682453843510488 0.1337038384328416
0.18476649181089214 0.15279811050263784
0.20087220161876496 0.1700231219559249
0.21671653895491963 0.18571021454557318
0.23240332670878117 0.20008729868010505
0.2480102257371403 0.2133222623602864
0.26360029079389086 0.2255423209382025
0.279228446981004 0.23684780492620003
0.2949450220782321 0.24731927529259956
0.3107979939549825 0.25702165597958115
0.3268349118049767 0.2660060244175928
0.34310339753091923 0.274314262760933
0.35965335929757386 0.28197668944588616
0.3765362516571416 0.2890171156369429
0.3938070802921398 0.2954504136858434
0.41152548085346696 0.30128306947255784
0.42975519016825453 0.3065150443833107
0.4485660041501115 0.311138032623761
0.4680359157402252 0.31513425117417765
0.488250739257039 0.3184774399637815
0.509306043086299 0.3211312623105979
0.531309941263794 0.32304716450169885
0.5543843273050886 0.32416336128083256
0.5786699253771082 0.3244007389684826
0.6043248293365211 0.3236632388690137
0.6315341494761807 0.3218298946696976
0.6605111202521284 0.3187525909608673
0.691506723254767 0.31424716165748134
0.7248140212403212 0.30808742897037417
0.7607829423479728 0.2999907059829073
0.7998286683518736 0.2896063757189701
0.8424557362297697 0.27649079349399097
0.8892730796024731 0.2600860011707241
0.9152487708474434 0.25013203721176835
0.9410281286271355 0.23967997908589733
0.9706417457396034 0.2269949783750877
0.9999999999999966 0.21372948953386953
