# CURVE 2D, normalized by CHORD
# COLUMN#1 = X-coordinate, COLUMN#2 = Y-coordinate
#-------------------------------------------------------------------------------
-0.015092449056107423 -0.07444109977247612
-0.014756735003501335 -0.0635508406895738
-0.013077012439017058 -0.05163848581764938
-0.012458099128485405 -0.08432362154834866
-0.011102088948177585 -0.041676997131012576
-0.007435652129899168 -0.02636596639151306
-0.0034563554842561954 -0.08699544741439565
0.0 0.0
0.00740340931465717 -0.08154220200509722
0.01794431609026467 -0.07327735443693079
0.033198591157301505 -0.0587937249831114
0.047775390499251766 -0.04334225246704386
0.07553878631855207 -0.011460999293189304
0.10326360302926745 0.022218787194455882
0.1304942686109229 0.056299964170110794
0.15744935719745212 0.09059969353600228
0.18425659322137877 0.12501516192813225
0.21239989651726576 0.1612851030700872
0.2405430120987763 0.19755519019356993
0.26874016932083755 0.2337832705446347
0.2970361820767716 0.26993417709424744
0.32547025526183565 0.30597657509009857
0.35407862792511197 0.34188075688251524
0.3828963368800452 0.377617108788006
0.4119587318397448 0.4131547210018415
0.44130254145313913 0.44846027812484174
0.4663730639490855 0.47811673942671723
0.491698985244459 0.5075553598010272
0.5173086974529839 0.5367473896389444
0.5432340889618459 0.5656593690272346
0.5667988340016241 0.5913359411053953
0.5906759944833802 0.6167221853720795
0.6148993101886774 0.641778256272152
0.6418642666959581 0.6687771229045503
0.6693499582926138 0.6952454259470985
0.6907287053453476 0.7150365058890551
0.71248906656349 0.7344070381860095
0.7476610752675061 0.7639096885554874
0.7769700724058175 0.7866016517977256
0.8018271752227806 0.8043362087658773
0.8232213568629363 0.818370666928642
0.8418709929689787 0.8295874882649704
0.8583092210344602 0.8386193582481866
0.8729361880847013 0.8459258029466321
0.8860680439705985 0.8518561384207037
0.8979512076682703 0.8566731930953447
0.908779551571888 0.8605767399337688
0.9187131941545452 0.8637251643018233
0.9363903508875902 0.8682231619098889
0.9517700094933581 0.8708764156088773
0.9654088714716795 0.8721417660637234
0.9777132386069904 0.8723172738969674
0.988986854746531 0.8715954054542626
0.9999999999999993 0.8699960912314105
