# CURVE 2D, normalized by CHORD
# COLUMN#1 = X-coordinate, COLUMN#2 = Y-coordinate
#-------------------------------------------------------------------------------
0.0 0.0
0.026928353187621223 0.02645778073772406
0.054103078634828786 0.052662377187261945
0.08156923041640274 0.07856125235016104
0.10937916869051773 0.1040904667426418
0.14141471951780885 0.13249534856475642
0.1740818248193222 0.16017097666415162
0.1969403896785778 0.17864595176884707
0.22021010043018113 0.19659998007585447
0.2558654624337513 0.22221364983252087
0.2847992596878756 0.24106778905916323
0.3090762973077474 0.255362145468346
0.3299548084238071 0.26641184635444964
0.3482650423607661 0.27506434031684396
0.3645758960815028 0.28188517948261804
0.3793014329092828 0.2872731630669423
0.392748259586528 0.291513321085862
0.40515019683967923 0.29481426641698366
0.4166910380010417 0.29733226936466567
0.42751808356728715 0.29918565771141864
0.43774944169065405 0.30046251732672274
0.456810236099421 0.30154608702424984
0.4744997708170013 0.30094464503187374
0.4912929736487336 0.2988375559360955
0.5075786911128417 0.29527244858150015
0.5236990375428202 0.29017422256429143
0.5399847734220065 0.2833448577339435
0.5567854012633959 0.2744295283859168
0.5655016714577106 0.2690217371242586
0.574504927908288 0.26285439262210897
0.5838628572342622 0.25580052003081877
0.5936537812935089 0.24770023769433794
0.6039731207609467 0.2383428109436649
0.6149351529544441 0.22745838877903365
0.6266844122509199 0.21468415445959496
0.639406508569484 0.19952755996085297
0.6533479413779167 0.1813007349318707
0.6688503599262637 0.15900677714977507
0.6864128287095281 0.13113268424708377
0.7068218015298654 0.09522344506731009
0.7194204380037307 0.07117793510429334
0.7314730331862397 0.046853940632368175
0.7478566289855539 0.01177369456135751
0.763444801700225 -0.023667541947462584
0.7814196087982294 -0.06685244714626139
0.7986531141672459 -0.11033882235837524
0.8153259218940593 -0.15404345271127726
0.8306006161648382 -0.19517435842004432
0.8456567122250803 -0.23638585118192998
0.8606315663586084 -0.27762696037468815
0.8756840606101312 -0.31883976235264655
0.8910197281519522 -0.3599478705294294
0.9069436423339756 -0.40083115990107143
0.9261179014859261 -0.445956605724374
0.936886546107667 -0.468359836537327
0.9440830485681725 -0.481730666966371
0.9493159379350494 -0.490474612852438
0.9565231999352342 -0.500915744589985
0.963214543715064 -0.5086341723324321
0.971565837483702 -0.5149549848472993
0.9817270154218386 -0.5161517996477161
0.989812480269743 -0.5100660204520222
0.9950474029751912 -0.5014966686919199
1.0 -0.48881920712635774
