# CURVE 2D, normalized by CHORD
# COLUMN#1 = X-coordinate, COLUMN#2 = Y-coordinate
#-------------------------------------------------------------------------------
-0.0009931480762448708 0.03325352159407217
-0.0004010626798363494 0.05998687339573776
0.0 0.0
0.0012774708136435576 0.08291249756948366
0.003776582040919277 0.10294471235595977
0.006924203299421253 0.12074576055171662
0.010613860145664957 0.1367957511726424
0.014780972356824684 0.1514614026535795
0.019394134414794338 0.16502360673229527
0.02444415227391112 0.17771204857223868
0.02994335762942585 0.18971367468383865
0.035924997611611095 0.20118595678140686
0.04244226799202168 0.2122690704745068
0.04957202005029906 0.22309226311470948
0.05742113437535038 0.23378076150024477
0.0661377650286344 0.2444639495614067
0.07592524057158528 0.255284957046319
0.08707484461676518 0.2664148672094894
0.10000963137332865 0.27807345529847427
0.11538213763446603 0.2905688567460409
0.13424727423900817 0.30436689117040105
0.15844640250495293 0.3202350994704018
0.1913676975384872 0.33949061640583617
0.21471598566273942 0.3519725474801016
0.23837268939129785 0.3638601020235949
0.26816745985651064 0.3779284829999568
0.2983073208993949 0.39124164148042023
0.3255515240316318 0.40249317650395794
0.35307143164327615 0.4130519027613345
0.3956994293223985 0.4275679562431318
0.42979078139894583 0.43726418579739035
0.45850993134581014 0.4438677822736896
0.48373175693901116 0.4483268119676506
0.5065865604764351 0.451175172773474
0.5278062092173664 0.45272767343669024
0.5478975169788722 0.4531706360625706
0.5672388497411389 0.4526117530295899
0.5861291256659683 0.4511004488163309
0.6048217532411204 0.44864223683823296
0.6235455961982791 0.4452022693940096
0.6425214444160752 0.4407064255212733
0.6619757592093124 0.43503706628171196
0.6821545061951005 0.42802441897403903
0.7033425111458013 0.41942762487105506
0.7258832765016257 0.4089153368609953
0.7502174114018438 0.3960198204015647
0.7769521078149454 0.38005574514071905
0.806992807441608 0.3599730894725191
0.8419427995364186 0.3339312579663848
0.8641441401468759 0.31601170000861667
0.8858828687865992 0.29753326009157316
0.9139110414150031 0.2725407851269397
0.9414814745854169 0.24704332693898176
0.9690241096294648 0.22151601907412427
0.9840307681229207 0.20845354028560142
0.992977886832512 0.20172546789166151
1.0 0.2213145500936895
1.0022124217020887 0.19812571764785708
1.0040875655975394 0.2072333723782376
