# CURVE 2D, normalized by CHORD
# COLUMN#1 = X-coordinate, COLUMN#2 = Y-coordinate
#-------------------------------------------------------------------------------
-0.03047934338545503 -0.02920980259452695
-0.026064229889498563 -0.019994734915987383
-0.02570122510512756 -0.03833593081199155
-0.018578748992931257 -0.012744274408514096
-0.016391387648639656 -0.04350000640501936
-0.009190740027845763 -0.005828228187339554
-0.0011951772333563641 -0.048295506083907445
0.0 0.0
0.010097649187983148 -0.05081896883072543
0.03187768576034777 -0.05457737606756907
0.07736762690887958 -0.060442486879944274
0.1229575431954315 -0.06549242710553857
0.16854176430233342 -0.07059333352493964
0.20924882520891516 -0.07554512893173566
0.24988144845706237 -0.08107309861288568
0.29040747906281633 -0.08733339413950261
0.329618900727615 -0.0942420070883623
0.36865304058196935 -0.10208932065252307
0.3998664230469909 -0.10915742615762652
0.4309009586554542 -0.11697291465065818
0.4570504680732437 -0.12423318922880801
0.48301811551685525 -0.13211890298753165
0.5277897613155133 -0.1474997042223173
0.5669024618021932 -0.16307480548849312
0.6015028100287675 -0.17881733887667675
0.6324167905333348 -0.19471789037348394
0.660274708612695 -0.21078241856623836
0.6855626568373931 -0.22703044708058867
0.7086649751935489 -0.2434931143375834
0.7298908389168935 -0.26021191179801606
0.7494928961571838 -0.2772378008016965
0.7676762553541332 -0.2946318924855958
0.7846120601740583 -0.31246494148480675
0.8004377920755442 -0.3308210683965401
0.8152717796475808 -0.349795265512225
0.8292063222070531 -0.36950185532940616
0.8423185709616536 -0.3900730795039214
0.8546670399038878 -0.41166874845834894
0.8662954014075569 -0.4344808366680319
0.8772307460254272 -0.45874699972047966
0.8874831304272132 -0.48476708322561207
0.8970443453804885 -0.512925756125887
0.9058808999078192 -0.5437448013760784
0.9139313756508481 -0.5779416749209666
0.921088813588442 -0.6165917974306588
0.9271785722788602 -0.6614331728077132
0.9290230181596123 -1.0658213252799744
0.9290528444290211 -1.1083438355530286
0.9296863148696611 -1.1345821523535258
0.9298256978760143 -1.0233056992730991
0.9298644867480169 -0.6885455064287859
0.9309466493353908 -1.1607975375633675
0.931084692270555 -0.9808008288517441
0.9318999604052678 -0.7157145573821515
0.9324843411699634 -0.938300274479817
0.9336202764040372 -0.9005914950406508
0.9337016802798337 -0.7515542269572841
0.9340010175642509 -1.196763938469898
0.9344713123032768 -0.862875319546868
0.9346439668249644 -0.7874270834873756
0.9348679824141212 -0.8251517979539568
0.9376920708069972 -1.2243475877168795
0.9417895275125693 -1.2467142797755506
0.946171379890425 -1.2654929988301689
0.9507690478831584 -1.2816398860179603
0.9555422548415393 -1.2957858961361137
0.9604696056714803 -1.3083590639517013
0.9655412236735977 -1.3196718770855074
0.9707567263025929 -1.3299501679827646
0.9761215409944068 -1.3393716542603367
0.981646486569509 -1.3480742544832829
0.9932432202910918 -1.3637372286938103
1.0 -1.3715674047266693
