# CURVE 2D, normalized by CHORD
# COLUMN#1 = X-coordinate, COLUMN#2 = Y-coordinate
#-------------------------------------------------------------------------------
-0.02618924180119587 0.20549973981710612
-0.025906579074068257 0.18360500630049142
-0.02582551780345102 0.22656160626523789
-0.024924171186110865 0.16081771718019217
-0.024862388161977337 0.246845048198921
-0.023340887395755208 0.26639934154740236
-0.023181017240447514 0.13707188728496272
-0.021298241479147356 0.2852709849658879
-0.020609010088670346 0.11229652940813237
-0.0187666250160773 0.3035017249612164
-0.01712868946852812 0.08641112853493975
-0.01577326640312096 0.32112839457838316
-0.012652125930615033 0.05933004281298639
-0.012344182938335219 0.33818754431396003
-0.008500758527247125 0.3547107423930296
-0.0070779273356891366 0.030957392640116325
-0.004261946394882126 0.3707272700831863
0.0 0.0
0.00035618331873597337 0.38626338661657555
0.005338650209106582 0.4013444516194842
0.010673361504708675 0.4159925321936109
0.016349921781829754 0.43022781254206205
0.022359486715953544 0.4440686758265449
0.028694625690609453 0.45753178303136877
0.035349192570450515 0.47063214805057507
0.042318203786735925 0.4833832083471882
0.04959772275104356 0.4957968906924628
0.05718474951368767 0.5078836716740085
0.0650771145221206 0.519652632858395
0.07327337531591671 0.5311115107000777
0.08177271502067558 0.5422667414959503
0.09057484157494307 0.5531235018872668
0.09967988674021937 0.5636857455991388
0.10908830410160611 0.5739562372755141
0.11880076546171621 0.5839365844084756
0.1288180552559609 0.5936272684678676
0.13914096286723074 0.6030276764076659
0.14977088890861034 0.6121354464822687
0.16070780977372637 0.62094833294149
0.17195182559378389 0.6294626710138438
0.1835032516689847 0.63767319121349
0.19536152765329085 0.6455740028297969
0.20752489640584124 0.6531588930680156
0.21999193702869124 0.6604196692514162
0.2327594967730743 0.6673482568704453
0.24582348623322903 0.6739358786326385
0.25917930675773493 0.680172478642115
0.27282108641101654 0.6860475356599159
0.2867411239973104 0.691550853185114
0.3009307996036504 0.6966714417932989
0.31538007969968274 0.7013981920175811
0.33007771599423585 0.7057196233890571
0.34501085440792306 0.7096246109623584
0.36016499564127524 0.7131027706777233
0.3755244714392523 0.7161438567260922
0.39107293734568943 0.7187366133382999
0.4067917080421031 0.7208731794883764
0.42266195155775155 0.7225440998472635
0.43866337597746496 0.7237423355563399
0.45477527673046364 0.7244604818211936
0.47097598585040823 0.724693963699356
0.4872438911815634 0.7244365040718033
0.5035567247055533 0.7236862443947866
0.5198925235218607 0.7224399451417424
0.5362294051951473 0.7206961654679056
0.5525459458063662 0.7184554552765456
0.5688211478808958 0.7157170235284733
0.5850349282985297 0.7124834923247889
0.6011679529929813 0.7087567455097716
0.6172017672649702 0.7045391072904529
0.6331193230816388 0.6998348741849024
0.6489040965991969 0.6946462773990703
0.6645415337866667 0.6889786401079397
0.6800173955939253 0.6828344771431459
0.6953193921643631 0.6762185458428035
0.7104359766249395 0.6691341465237362
0.7253565009405722 0.6615837886013194
0.7400720574016506 0.6535710901317204
0.7545741846929038 0.6450977861150129
0.76885497595312 0.6361642362987251
0.7829082046209999 0.6267717777298547
0.7967278420668188 0.6169197360898957
0.8103084390351977 0.6066063733800661
0.8236449207756614 0.5958286129641369
0.8367324680327912 0.5845819424372195
0.8495669628974967 0.5728613710043022
0.8621441007161014 0.5606598975728375
0.874459557397193 0.5479689714079895
0.8865088622374316 0.5347783960714723
0.8982872683078091 0.5210762312444447
0.9097891627186571 0.5068478135032916
0.9210091073977817 0.49207788956210785
0.9319407799444954 0.47674877322957854
0.94257691932112 0.4608403943835076
0.9529082229333381 0.444328265668225
0.9629261669444403 0.4271892724194782
0.9726189326509715 0.4093937685567343
0.9819745674715771 0.39091212508946066
0.9909774327342442 0.37170776008092543
1.0 0.3508082493820943
