# CURVE 2D, normalized by CHORD
# COLUMN#1 = X-coordinate, COLUMN#2 = Y-coordinate
#-------------------------------------------------------------------------------
-0.2790400541558769 -0.3673868849170166
-0.2787476249743194 -0.3888821564525684
-0.2785488157561726 -0.34718371626403
-0.2775679749623369 -0.41178580255834035
-0.2773639733089831 -0.3281611126182635
-0.2755616866785621 -0.3102161767137667
-0.27537713573298206 -0.4362257518485328
-0.27320573444472473 -0.2932550023003066
-0.27203615904337897 -0.46232850171518763
-0.2703502946916082 -0.2771901436966601
-0.26738622231924125 -0.49022170275772425
-0.26704003510366464 -0.2619424070281725
-0.263310611005681 -0.24744152966244876
-0.26124879238741794 -0.520028002532616
-0.25919267456680833 -0.2336202759614379
-0.2547084777703762 -0.2204213473368353
-0.25342773569297306 -0.5518560668098086
-0.24987568972204613 -0.20779129930690293
-0.24470766515061032 -0.1956807800841896
-0.24371121904869783 -0.5857915336086097
-0.23921372593023188 -0.18404465128430797
-0.23339522994750353 -0.17284717701568167
-0.23188271025927723 -0.6218783162254163
-0.22725562084473322 -0.16204847040212103
-0.22079024226503968 -0.15161799993630928
-0.21772809476656976 -0.6601058715181191
-0.21399160182551846 -0.14152718297545736
-0.20685064192735902 -0.13174851456092426
-0.20105202306415712 -0.7003891120300578
-0.19935345427933004 -0.12225866506817308
-0.19148263084517622 -0.11303673712845312
-0.18321708194695716 -0.10406419687778992
-0.18169785132558125 -0.7425496967046895
-0.17453180151252437 -0.09532481965672246
-0.16539687402166173 -0.08680496309273716
-0.1595705957181604 -0.7863011703224035
-0.1557773809588082 -0.07849330380286428
-0.14732957863062388 -0.8088892875167091
-0.14563536855580378 -0.07038003718802537
-0.13492640551762541 -0.06245828518891569
-0.13466286864806423 -0.8312414863040241
-0.12359642806761985 -0.05472475378412339
-0.12108355359951854 -0.8541822374559053
-0.11158707601769376 -0.04717804804886382
-0.10707164107770191 -0.8768613666052812
-0.09882933424188378 -0.03982064164944686
-0.09225685932591784 -0.899856210016807
-0.08524654051943664 -0.03265822412490682
-0.07700921770100877 -0.9225663483105767
-0.07074686518263555 -0.02570170922293457
-0.061118704094859616 -0.9452934727376515
-0.05522604973102204 -0.018966903899672614
-0.04480060216616842 -0.9677155683570534
-0.03856641394275085 -0.012475299037282159
-0.0280396410517816 -0.9898538769311108
-0.02062355514058089 -0.006257592725973196
-0.01086241030210023 -1.0116707784215007
0.0 0.0
0.006533399437890611 -1.032925426042895
0.024328589549118443 -1.0538468257030134
0.04211275323818917 -1.0739713573498646
0.0602745799387857 -1.0937557170633763
0.07820922540072857 -1.1125644331478308
0.09649615761327932 -1.131030800403936
0.13256217389444835 -1.1654372975137381
0.16811092494567106 -1.1968687108561298
0.202857048147929 -1.2253196713495262
0.23659267523396632 -1.2508723431718625
0.2691786738345184 -1.2736654437300194
0.3005326662474496 -1.2938711172043313
0.33062248252343174 -1.311687275628544
0.3594489046567193 -1.3273116057484629
0.38704061228060416 -1.3409411439901209
0.41344243235347683 -1.3527598145102693
0.4387143578737853 -1.3629429270620865
0.4629186372851324 -1.3716435879811797
0.4861265234220868 -1.3790066816615076
0.5084069142195429 -1.3851568364193636
0.5298274327609134 -1.39020327345302
0.5504577321981947 -1.3942463789915092
0.5703607247584256 -1.3973685700082583
0.589599010152428 -1.3996441338703431
0.608229556422363 -1.401133733776867
0.6263087769470352 -1.4018919646601695
0.6438881086347353 -1.4019624032406743
0.6610169512858689 -1.4013820868381617
0.6777409206026839 -1.4001794017322822
0.6941038717584946 -1.3983772453255938
0.7101468739956276 -1.395991572140858
0.7259096529288489 -1.393034000213299
0.7414291003434594 -1.3895087083500575
0.7567406872789095 -1.3854146618241503
0.7718784670861606 -1.380745134546311
0.7868755499960588 -1.3754888069406104
0.8017638407124863 -1.369628190453213
0.8165743827320892 -1.3631396464532803
0.8313375821818977 -1.35599316229669
0.8460833688547515 -1.3481518802348356
0.8608413316103491 -1.3395715435847182
0.8756408174317601 -1.3301998644917505
0.8905110928818245 -1.3199748242807234
0.905482031160484 -1.308819258232512
0.9205825893398958 -1.2966530281339939
0.9358427968714423 -1.283374058449767
0.9512929942850935 -1.2688639268536868
0.9669636194826203 -1.2529854680145065
0.9828845674151503 -1.2355821504887003
0.9999999999999958 -1.2153448063539485
