# CURVE 2D, normalized by CHORD
# COLUMN#1 = X-coordinate, COLUMN#2 = Y-coordinate
#-------------------------------------------------------------------------------
0.0 0.0
0.011519750533128995 0.02819798038545333
0.02446874865786569 0.05747911399702793
0.039336016490118295 0.08869819981720128
0.05615313219428521 0.12160415721520236
0.07487442262924156 0.15583139863162168
0.09535457579444956 0.19090222638580973
0.11735544606042342 0.22626275954871175
0.14056071325362082 0.2613285653982338
0.1646042373270486 0.29553694890433196
0.18910342597110816 0.32839567043572304
0.2136930622823052 0.3595149004775589
0.23805064754492758 0.3886244020169184
0.2619112192280434 0.4155669769231244
0.2850728391199462 0.4402875572521748
0.30739316256397137 0.46280927373158176
0.3287819542220549 0.4832122866056931
0.3491930621907369 0.5016168680766581
0.3686139642004066 0.5181649877778501
0.3870555391369796 0.5330057012163303
0.4045470001632216 0.5462906991961177
0.42112815310354834 0.5581653023130067
0.4368471604144344 0.5687684346754928
0.4517531589662838 0.5782248115565338
0.46590030818186245 0.5866532609961173
0.4793378234212547 0.5941552759982829
0.4921171582065438 0.600826543218761
0.5042860754178841 0.6067506447746644
0.5158904780159994 0.6120027503411215
0.5269711398992877 0.6166468779006489
0.537569596361439 0.6207436371767441
0.5477215162100083 0.6243433381248887
0.5574618050580148 0.6274924282617527
0.575831181748845 0.632594678538379
0.5929013994145654 0.6363171208084066
0.6088665608978757 0.6388698724599878
0.6238905345795019 0.6404129322888563
0.6381159438591056 0.6410705284206755
0.6516652650850214 0.6409353092907442
0.664645096705878 0.6400744879437085
0.6771513251780165 0.6385371088464674
0.6892668950451696 0.6363503336585558
0.701068556586564 0.6335283699263274
0.7126254703963727 0.6300686214590934
0.7240019004348187 0.6259539637522376
0.7352583373671818 0.6211523093815237
0.7464525208506602 0.6156140167655513
0.7576406925898341 0.609273045267551
0.7688781315362815 0.602042136703042
0.7802201788119831 0.5938080220735279
0.791722922657519 0.5844272247701003
0.8034437946452432 0.5737180267094645
0.8154417542232864 0.5614514433165907
0.8277783194232308 0.5473323498761301
0.834093502661475 0.5394627520702188
0.8405165684623257 0.5309836558615397
0.8470562906974439 0.5218259334896065
0.853720033646949 0.5119188322138641
0.8605158684913787 0.501175318406917
0.8674507994046271 0.4895001005141564
0.8745321681364256 0.47677642054455344
0.8817657497630412 0.46287406081835464
0.8891560226827084 0.4476418539878397
0.8967059527796821 0.43090054350024404
0.9044162946994188 0.41243557266200154
0.9122837760580621 0.39199912364240536
0.9203006121981295 0.3692923912696307
0.9284522716180689 0.34395973822684756
0.9367152014977452 0.3155719877841732
0.945053433030236 0.2836074806669364
0.953413842571566 0.24742498522055847
0.9617196552638456 0.20624057012257832
0.9698611948936412 0.15906878372448882
0.9739629819278572 0.13190161294601951
0.9776832677290828 0.10467954054799257
0.9815456258500719 0.07311001684543568
0.9849654171617125 0.041489453601849816
0.9884400356945552 0.0044998555038587625
0.9913958464027165 -0.032534860634992925
0.9942691565553077 -0.07629354009370463
0.9965286642412083 -0.12008826576181258
0.9979218852410825 -0.15498998852020549
0.9989789331342147 -0.18990352611185132
0.999719661513306 -0.22482522131659363
1.0 -0.3535662653358824
1.00022344032154 -0.26773730313386784
1.0003077405152392 -0.3106522841227496
