# CURVE 2D, normalized by CHORD
# COLUMN#1 = X-coordinate, COLUMN#2 = Y-coordinate
#-------------------------------------------------------------------------------
0.0 0.0
0.0005714927405123267 -0.009872837894736095
0.005980096397741112 -0.020245839757602895
0.014169169705555934 -0.03160745210809033
0.021658826859251225 -0.04052667338654673
0.032918844835958416 -0.05259837776214087
0.04921236013294901 -0.06834118211690464
0.07120337628069885 -0.08748620689433798
0.09827117878400952 -0.10869129103649394
0.12864858355982695 -0.13004435060730346
0.16026852463485988 -0.14990117705926959
0.19150159594533997 -0.16731846655696517
0.2213596121366092 -0.18198522874847747
0.24937368225206885 -0.1939753902303202
0.2754101670554931 -0.2035455524865716
0.29951752075603366 -0.21100349822733408
0.32183539990483095 -0.2166505578556187
0.34253556712825806 -0.2207507255626434
0.3618017612084522 -0.22353154877140705
0.37980625739914836 -0.22517633742976964
0.3967091806292682 -0.225833516240515
0.4126550229802871 -0.22562012682550428
0.42777388753271933 -0.22462752268394443
0.44217885765313 -0.2229215598158344
0.4559742780576365 -0.22055233037204508
0.4692511117580692 -0.2175500137260824
0.4820940640419641 -0.21393315856134265
0.49457691504451196 -0.20970092257435055
0.5067707096946439 -0.2048440111531973
0.5187401058656078 -0.19933639615289944
0.5305463713288951 -0.19313577931415046
0.5422495473344251 -0.18618847993926071
0.553907816590713 -0.1784150028493617
0.5655802310739257 -0.16971934556877258
0.5773274044403037 -0.15997434594402685
0.5892136810104021 -0.14901667628679388
0.6013094478960608 -0.13663548614462934
0.6136939319642603 -0.12255779963569802
0.626460937648687 -0.10641785885682466
0.6397271201535488 -0.08771534340273111
0.6536469656126019 -0.06574193297072611
0.6684453140617859 -0.03943097369109092
0.6844903841190176 -0.00704446699786206
0.7025138156130136 0.034709035636194034
0.7139380498063372 0.06437131004003342
0.7245850792700095 0.09432174672395657
0.7388879946235601 0.13790355991049744
0.7523308544943977 0.18175908974590368
0.7653627986785495 0.22573886908813498
0.7784870130239978 0.26969108518709994
0.7894381283116728 0.30460353318676703
0.8012802313820178 0.3392226575304036
0.8137638449352425 0.3712315518717582
0.8232177714816683 0.39213658759622055
0.8310486745492521 0.40728094483430954
0.8378350727124076 0.4188728233623046
0.8438860249724875 0.4280690869633781
0.854474495744229 0.4417552503402605
0.8637233583704512 0.45141659479711654
0.8721370146648714 0.458538907222095
0.8838792056837795 0.46610652907361266
0.8952504568902674 0.47111313179145275
0.9069072997905333 0.4741748064730575
0.9195510058870805 0.4754348902932665
0.9341270550221453 0.4745802713168372
0.9456234588896858 0.4723919899745618
0.9593557216963939 0.4682475213173035
0.9764962433567765 0.46104204328891996
0.986942530510965 0.4556755311332468
0.9999999999999997 0.44805084345263424
