# CURVE 2D, normalized by CHORD
# COLUMN#1 = X-coordinate, COLUMN#2 = Y-coordinate
#-------------------------------------------------------------------------------
-0.063956686376536 -0.7869288961563565
-0.06387496380956904 -0.7554939332642072
-0.06342769113444113 -0.8121790767458099
-0.06305965536327562 -0.7240692651531937
-0.06231000849631572 -0.8374099391345413
-0.06100094243443709 -0.6826141219670289
-0.058970444986919085 -0.8793675774853573
-0.05797644370322854 -0.6412179318825827
-0.05443783575143599 -0.915086608551316
-0.054110411095470455 -0.5996842738128849
-0.04954344803580874 -0.5582216633292441
-0.049026474588547406 -0.9460512788828984
-0.044390181480732774 -0.5168277048017086
-0.04294267816413335 -0.9732906928691466
-0.038010700640329555 -0.47026697275190776
-0.03632228665707043 -0.9975362937568039
-0.031156858763320805 -0.42377358383384506
-0.029258380696624044 -1.019344821641806
-0.02396283223266592 -0.37733153212959203
-0.021810469724315294 -1.0391303522190225
-0.016565928997650272 -0.33092130774781997
-0.014016533800418096 -1.0572195778151552
-0.009117843938256464 -0.28451925510059434
-0.005898768261244711 -1.0738750186846895
-0.0018005798272777251 -0.23809644445161776
0.0 0.0
0.0025344917343888837 -1.0893032367711726
0.00514265049274432 -0.19161642431298231
0.008223800106670525 -0.005735805127559708
0.010419798953292118 -0.15250759373085307
0.011285062326549822 -1.1036728106587794
0.013023466459378293 -0.015325880363575602
0.01480780683916243 -0.1132900007524685
0.01627908097149215 -0.03000890443015037
0.01737001664883583 -0.07887870082334573
0.017650385534321997 -0.0457933505547377
0.017911233064908605 -0.05885173511705112
0.020362800684773804 -1.1171236737970565
0.029786684382012207 -1.1297679118063795
0.03958074284453164 -1.1417028403016865
0.04977718968190631 -1.1530066297634844
0.060414978830809346 -1.1637445780829312
0.07153947222095909 -1.1739711723345228
0.08320429315804055 -1.183729785354699
0.0954718041816157 -1.193054193291902
0.10841396131526057 -1.2019691803375603
0.12211309170558543 -1.2104907715975497
0.1366641924720184 -1.2186254272708756
0.15217743304145828 -1.2263690773116727
0.16877640580345232 -1.233707295987791
0.1866018421827519 -1.2406126432254172
0.20582011643635806 -1.2470401034747614
0.22660784351664862 -1.2529297156384993
0.24916992434650367 -1.2581966118202716
0.27372383737372596 -1.2627312859294035
0.30049974371749916 -1.2663926681624695
0.3297212648517763 -1.2690064339474993
0.36158811970153837 -1.2703603576759785
0.3962237632160391 -1.2702144484035942
0.43363091488224736 -1.2683088318655242
0.473613926534456 -1.2643955202065156
0.5157125169392268 -1.2582821819906829
0.5591673368199294 -1.249887096217152
0.6029567716866835 -1.239289520086979
0.6459255494708573 -1.2267448837786912
0.6869718660003682 -1.2126549121834846
0.7252225325014893 -1.1974963622887054
0.7601331443527618 -1.1817406247159812
0.7914862620363774 -1.1657912032806708
0.8193187126043577 -1.149955863264358
0.8438386060775674 -1.1344461752092379
0.865349197008605 -1.1193906582421245
0.8841772380440903 -1.1048564201326072
0.9006514569338737 -1.0908651713853876
0.9150680076287604 -1.0774113363791293
0.9277007739216075 -1.0644681566009706
0.9387812169387749 -1.0520000891224752
0.948506107814494 -1.0399663890355826
0.9570536156979501 -1.0283199029589563
0.9645606394189753 -1.0170176424936488
0.9711490609305922 -1.0060144436551253
0.9769237931236513 -0.9952653992355256
0.9819626161366959 -0.9847299915032781
0.9863366093245377 -0.9743665009359096
0.9901036070737266 -0.9641346975651433
0.9933040690318372 -0.9539962070757695
0.9959773783886879 -0.9439115869842454
0.9981523038593092 -0.9338425856655767
0.9999999999999998 -0.9226172580574754
