# CURVE 2D, normalized by CHORD
# COLUMN#1 = X-coordinate, COLUMN#2 = Y-coordinate
#-------------------------------------------------------------------------------
-0.0983981500737818 0.23222653601888724
-0.09767377157879885 0.1951813861967985
-0.09748327022333052 0.27098059137122615
-0.09549269905232563 0.16043444298238085
-0.09481402631645845 0.31089708013276346
-0.09210707387095543 0.12856040206266528
-0.09033148846388843 0.3515055147579051
-0.0878272989028487 0.10003756827141881
-0.08401620839352879 0.39242350015565003
-0.08299156814965801 0.07517053502996646
-0.07792616367890659 0.05403129122598546
-0.07587617152753837 0.43335388138511255
-0.0729056706137651 0.03646150110920573
-0.0681290291799376 0.022118287900943025
-0.06593141409268562 0.47407535513565885
-0.06371644108856545 0.010559708621781311
-0.059720312151017196 0.0013112852972995569
-0.05420836289947398 0.5144304308913004
-0.05297022481787502 -0.011960939755809719
-0.04765823623957884 -0.02048877645415163
-0.04072859314575052 0.5543123959494962
-0.0400754561990831 -0.029862801189599643
-0.030424237070724083 -0.03691965822941118
-0.025508270668379764 0.593655195053516
-0.020285135377893306 -0.03757632562014505
-0.012254067532127063 -0.031513730169109085
-0.008549905151498541 0.6324226512304175
-0.0066878232169270795 -0.022096657266982882
-0.002971362773243498 -0.011935177376050139
0.0 0.0
0.010156047053491012 0.6706020501314799
0.03063526430363705 0.7081972967009181
0.052931223169358284 0.745224026157545
0.07710629456176736 0.7817059205213183
0.10324311170373446 0.817671705573916
0.1314497422387562 0.8531519349509736
0.16185418548894026 0.8881786913184274
0.19461915969694826 0.9227812316017142
0.22993180259903878 0.9569869280897109
0.24879438579461224 0.974107903063353
0.26802272874524713 0.9908170702088378
0.28840967345996743 1.0077742670491643
0.30915828424828284 1.0242869975539037
0.3312281848688821 1.0410852386847245
0.35365592429819337 1.0574026951233124
0.3775955157807953 1.074041408804421
0.40188930076642837 1.0901586346053385
0.4279215280817115 1.1066289637652833
0.4543029013897627 1.1225341100322859
0.4826878527879637 1.1388198988410636
0.51141747646673 1.1544897404999173
0.5424667842555281 1.1705628043481824
0.5738562327119243 1.185961133630879
0.6079407549715503 1.2017767685066927
0.6423590817755224 1.2168523026266282
0.6799231248987027 1.2323470816771809
0.717813596755081 1.2470257288080413
0.7593932887876991 1.2621083793733796
0.8012890909383469 1.2762895511038013
0.8475342991331402 1.2908366093270984
0.8940834523544414 1.3043799197653478
0.9292543144820421 1.313926175070339
0.9645638570515753 1.322946088382848
0.9999999999999784 1.3314551670409414
