# CURVE 2D, normalized by CHORD
# COLUMN#1 = X-coordinate, COLUMN#2 = Y-coordinate
#-------------------------------------------------------------------------------
0.0 0.0
0.02166580789142657 0.02244832270893442
0.039801343418150344 0.03900931910812603
0.055906145429240627 0.05198776448795928
0.07038882842603789 0.06225039153155243
0.08356817203894171 0.07041687621871529
0.09569357537398539 0.07693246667773054
0.10696159672129259 0.08211879406140507
0.11753237603311498 0.08621410242585764
0.1275392048755692 0.08939680554265413
0.14629043205950268 0.09351406184707287
0.1639427340160175 0.09514877515931051
0.18108329093171097 0.09461100775964125
0.1982400785168843 0.09192599065840273
0.2159494127726149 0.08685409957901381
0.23483125254712395 0.07880792609235106
0.24495079977431997 0.07335502356153907
0.25569021021121785 0.06667975265123911
0.267208244264582 0.05849508200824823
0.2797129085739673 0.04839233926602279
0.29348214692574087 0.03578699767469693
0.3089099568028295 0.019804608226705128
0.32660468471939424 -0.0009548209188186753
0.34762121572508137 -0.02895052597639895
0.3743070668466769 -0.06952578020502498
0.3964032602681022 -0.10698819558976426
0.4173406529917054 -0.14511209439322068
0.43487280259840716 -0.1783616097730469
0.45222937015561315 -0.21170330846343194
0.4698058331360107 -0.2449292755471264
0.4881505210715057 -0.2777355570862772
0.5058258391487048 -0.30612869871758486
0.5173139584756102 -0.3222329456889481
0.5259677680199696 -0.33289500922292625
0.5329600181064242 -0.3404942430763475
0.5440015669867064 -0.35052056266717085
0.5527404547205195 -0.35666578607397087
0.5635776955244849 -0.36203521278193945
0.5761674881120489 -0.36515796987447163
0.5886655692948446 -0.3650565243123952
0.5992553251435636 -0.3626271035493802
0.61248824307638 -0.356830026864185
0.6242889050717579 -0.3493460189038454
0.6411471364580359 -0.33542829093861043
0.6534588502689916 -0.3232706067165218
0.6717966519900527 -0.30274381262536293
0.6928095601808744 -0.27668846912473744
0.7130836403709875 -0.2500519087107058
0.7331067060320567 -0.22322561370123128
0.759304202506199 -0.18865428361765485
0.7865327114797552 -0.15489269578035816
0.8094486835601861 -0.12935500411063425
0.8255247635639329 -0.1135445208449605
0.8379555595243303 -0.10275081480157779
0.848072627529135 -0.09500938714800077
0.8565894147918043 -0.08929004621668879
0.8704114413214241 -0.08171724925740284
0.8814607653856791 -0.0773424725912988
0.8950189604799447 -0.07424883767793442
0.9065718604941907 -0.0738175402068579
0.9172299450462625 -0.07541978886543384
0.9277914580945558 -0.07910623949520773
0.939017275954234 -0.0855691265496495
0.9473272553158198 -0.09222800122873362
0.9567491196389192 -0.10192189143916787
0.9678669724449015 -0.11663254843847204
0.974334607789926 -0.12701787029963552
0.98161094068262 -0.14048317169023772
0.9899164280934973 -0.15842489532913742
1.0 -0.1844020211624553
