# CURVE 2D, normalized by CHORD
# COLUMN#1 = X-coordinate, COLUMN#2 = Y-coordinate
#-------------------------------------------------------------------------------
0.0 0.0
0.009031985833097262 -0.005718467165339599
0.01747813246819524 -0.011108786170834592
0.025978122089479878 -0.016575029819870604
0.03453227833076887 -0.022118101776546415
0.04314108420967476 -0.027739150942876507
0.05180490779288817 -0.033439183138244934
0.060523948675092386 -0.03921897913061986
0.06929853746412942 -0.0450795260661686
0.07812898135318115 -0.05102179716656074
0.08701556341166872 -0.0570467507205753
0.09595854187634614 -0.06315532906277908
0.10495831468081633 -0.06934870595800995
0.11401505273287839 -0.07562774010815619
0.12312886528030549 -0.08199321691713587
0.1323000859695058 -0.08844628607481426
0.14152894973840005 -0.09498797537637933
0.1508154916820121 -0.10161902973987988
0.16015999779431672 -0.10834060964179448
0.16956258598548565 -0.1151536449007831
0.17902325128759394 -0.1220588979307139
0.18854213358821487 -0.1290573905312567
0.19811942826224285 -0.13615027119254489
0.2077550322429241 -0.1433382401051852
0.2174489431872642 -0.1506221929383817
0.2272011244453865 -0.15800300549333005
0.2370116140962264 -0.16548171968756525
0.24688024061824934 -0.17305906715544533
0.2568067908681753 -0.1807357463056315
0.2667911175831138 -0.1885126114657194
0.2768331252114769 -0.19639065934686178
0.28693234058808204 -0.20437027050407197
0.2970886132007362 -0.21245244803501187
0.3073015212532226 -0.22063776725489
0.3175705872245831 -0.22892675378907965
0.32789537101506344 -0.2373200619093465
0.3382753559079588 -0.24581826957359515
0.34870994680646894 -0.2544218751918889
0.35919846848425074 -0.2631312943690927
0.3697401638520495 -0.27194685662665186
0.3803341922411623 -0.2808688021047081
0.39097975210958036 -0.2898975412468756
0.4016758382214484 -0.2990331584683744
0.41242138040510984 -0.3082756957926043
0.4232152308702629 -0.31762513047693147
0.4340562458307881 -0.327081572961758
0.44494299719262537 -0.33664461156212294
0.4558740747566857 -0.3463140010955218
0.4668479469121588 -0.3560893549196009
0.4778629584651754 -0.36597014007572226
0.4889173285340796 -0.3759556724459836
0.5000091655685335 -0.38604516146778894
0.5111365155265953 -0.3962378711266215
0.5222971143178066 -0.40653238515162843
0.5334887793546956 -0.41692780113618977
0.5447089903147362 -0.42742242150286514
0.5559552079102096 -0.43801480032676204
0.5672247095447486 -0.448703229825923
0.5785145729960575 -0.4594856309955624
0.5898217432017415 -0.47035984159235
0.6011429916240586 -0.48132346318525393
0.6124749245536136 -0.49237396657027416
0.6238139482971943 -0.5035084401141003
0.6351562943928151 -0.514723689931965
0.6464980092652631 -0.5260165379364388
0.6578349548873712 -0.5373831562754886
0.6691627663931343 -0.548819867746576
0.6804769240464394 -0.5603223227818893
0.6917726893167928 -0.5718860737011736
0.703045119840682 -0.5835063560791379
0.7142890729381163 -0.5951780836277257
0.7254992095874269 -0.6068958465871288
0.7366699992557512 -0.6186539110965755
0.7477957256527822 -0.6304462196428398
0.7588704705111193 -0.6422664012285515
0.7698880574678281 -0.6541077723624358
0.7808423358271135 -0.6659632639143738
0.7917267417421348 -0.6778255422061278
0.8025348045219477 -0.6896869306937268
0.8132596378148117 -0.7015394364602456
0.8238945519163327 -0.713374804658017
0.8344324621086188 -0.7251844498268237
0.8448663325689791 -0.7369595392340317
0.855189139560415 -0.7486910320273907
0.865393737525735 -0.7603696414323563
0.875472813652115 -0.7719857994030326
0.8854193740327637 -0.7835299222432722
0.8952263756711744 -0.7949922596205163
0.9048868502515306 -0.8063629695593346
0.9143938297854167 -0.8176320810221244
0.9237406364193369 -0.828789703058975
0.9329209290166025 -0.8398261013794707
0.9419284364118372 -0.850731527555269
0.9507569813628368 -0.8614962338992372
0.9594013303648738 -0.8721111851689392
0.9678557572789718 -0.882566919706714
0.9761158680545294 -0.8928550852087068
0.9841768528150098 -0.9029669835494332
0.9920349083386425 -0.9128948210946394
0.9999999999999996 -0.9230313918038613
