# CURVE 2D, normalized by CHORD
# COLUMN#1 = X-coordinate, COLUMN#2 = Y-coordinate
#-------------------------------------------------------------------------------
0.0 0.0
0.017080840170669062 -0.006760994842383686
0.03230245707675044 -0.012204941905530446
0.04666226699340805 -0.016819389824671373
0.06025434226178 -0.0207032557878795
0.07316136402682041 -0.023939987788402225
0.08545846973524908 -0.02660216331659654
0.09720742817543987 -0.028746775800343124
0.10846696404900626 -0.030425555117004777
0.11928739734905026 -0.031680353945928226
0.12971421353846502 -0.03254685735224024
0.13978627162147922 -0.03305291522125443
0.15901613376492604 -0.03308511640597063
0.1772322648064813 -0.031925595345846124
0.1946512303711436 -0.02967038612418982
0.21145852597288287 -0.026368873991957236
0.22781851409021328 -0.022031354357703967
0.2438805732990718 -0.016630545103539736
0.25978482183883883 -0.010101017955763
0.27566714942045106 -0.002335518129668357
0.29166421499238004 0.006823335539067792
0.30791889681459506 0.017595004324560622
0.31619031172329 0.023674203891539417
0.3245851930770754 0.03027537967948711
0.3331264152372199 0.03745490169231042
0.34183763965376657 0.04527451368938722
0.35074597543297 0.05381188848644479
0.3598804090960846 0.06315526760282568
0.3692738125596689 0.07341167155168034
0.37896281769649204 0.08470763214870664
0.38899089718596036 0.09720174545456298
0.39940720313560574 0.11108291955910148
0.4102702563540706 0.1265864734951653
0.4216514865820797 0.1440111053414886
0.4336395149236404 0.16374018350983444
0.44634874862101404 0.18628135565147874
0.4599305134741273 0.21231830380065742
0.4745996907090823 0.24282638735009096
0.4906822059491601 0.27927403872562906
0.5087248215949217 0.3240699677933569
0.5195036847207167 0.3528560131858523
0.5298131212143727 0.3818135962229667
0.5436905167328374 0.42296010999735695
0.5568976958692016 0.46432683795341434
0.5699272272067959 0.5070583206353753
0.5825245175412402 0.5499193391621863
0.5948164092789625 0.5928690183887327
0.6069257759088971 0.6358705629221085
0.6189754733286938 0.6788888812938386
0.631092333070509 0.7218883119852825
0.6438019961357334 0.7661719434932643
0.656891323017184 0.8103447062836316
0.6705489872605565 0.8543448220564819
0.6808927720341709 0.8859773633345719
0.6917484073737169 0.9174377540581807
0.7080236039973056 0.9610604651593556
0.7216619140979759 0.9942557168469207
0.7335833554157852 1.0207720434682568
0.7442731836552047 1.0426154353893826
0.754022475035907 1.0609927902052634
0.7630254377531386 1.0767026579646106
0.7714212377746424 1.0903067408738396
0.779310894858778 1.1022043983442928
0.7867736625630166 1.112699249687116
0.7938711920460864 1.1220201557765013
0.8006559827229385 1.1303536332925381
0.8134481317992712 1.144602418864657
0.8254170589211755 1.156300083446365
0.8367652269674024 1.1660288499445404
0.8476525205887143 1.174194333393328
0.8582113248010664 1.181085767168001
0.8685564314926425 1.1869127949834144
0.8787917376829331 1.1918301355000438
0.8890144818917066 1.1959436743544878
0.8993203680060936 1.1993293683832205
0.909807128245977 1.2020319916282158
0.9205794449900665 1.2040692361482823
0.9317513024966573 1.205436038789204
0.9434528262943485 1.2060987384685704
0.9558376551861165 1.2059913495524757
0.9690900281672712 1.2050102972165944
0.9834374800968171 1.203001781232375
1.0 1.199540969797897
