# CURVE 2D, normalized by CHORD
# COLUMN#1 = X-coordinate, COLUMN#2 = Y-coordinate
#-------------------------------------------------------------------------------
0.0 0.0
0.025139013525637077 -0.005032093374393262
0.05022525042863217 -0.010321155285683666
0.08496156526283416 -0.01802432049683119
0.11961937343958305 -0.026073642656192136
0.16070263326772796 -0.03597613065489887
0.201724086332824 -0.04613188517877015
0.24271272124796495 -0.05641943153106978
0.28369908295866236 -0.06671604012774694
0.3247152777865588 -0.0768930196062577
0.3652368236375731 -0.08667848000436446
0.40585349993289455 -0.09606064606007188
0.4535081804293736 -0.10628111169329284
0.48914584844761133 -0.11317560968758052
0.5179783218083249 -0.11815559771980522
0.542288095728547 -0.12185468952115312
0.5633208170532961 -0.12462527418675727
0.5818549802051205 -0.12669065233247373
0.598408916150535 -0.128200922751253
0.6133529419294914 -0.12926387185972366
0.6269547466583401 -0.12995765783451296
0.6394287314851672 -0.1303446136770357
0.6509343366956497 -0.1304710251328687
0.6616054392731661 -0.13037533952954483
0.6808456079683625 -0.12963174467110106
0.6977996528156527 -0.12829544352345243
0.7129327726687142 -0.1264915622139509
0.7265856018143351 -0.1243072839359564
0.7390178849464859 -0.12180490714833897
0.750429677983277 -0.11902840747548535
0.7609825313197774 -0.11600967358061161
0.7708049763372602 -0.11277032767503996
0.7843908889890145 -0.10752557182893856
0.7968473947008435 -0.10183687927142962
0.8083914439172213 -0.09570221741872435
0.8191966738942084 -0.08910046018559267
0.8294022128214013 -0.08199110433831548
0.8391227158202123 -0.07431434935951373
0.8484544595667395 -0.06598876763703307
0.8574798816051943 -0.05690722853035019
0.8662709853923297 -0.04693129452539638
0.8748909768288992 -0.03587661551023877
0.883397288990857 -0.023501765122691483
0.8890310318208782 -0.014363972022913443
0.8946519205970223 -0.004373666961442235
0.9002735509665707 0.00662502647382929
0.9059087136838532 0.01883111299137449
0.9115693546035679 0.032503957194058956
0.9172664876542196 0.04799048400875745
0.9230101064343547 0.06576992387027612
0.9259021608681518 0.07572152927337697
0.928809098955742 0.08652353466698737
0.9317320840181323 0.09832266899674882
0.9346722903074974 0.11129706631175741
0.9376312951459085 0.12568252366751406
0.9406115070717679 0.14179870701646619
0.9436170290845612 0.1600898186004444
0.9466557920919224 0.18121840923415383
0.9497444022465039 0.20623958089111608
0.9529220689095411 0.23705673455178114
0.9563008625530611 0.2778681101661868
0.9585190814096478 0.31091813821332687
0.9604084645247637 0.34398868862812276
0.9627583919974665 0.3915831100582097
0.9649176892480873 0.4391866478190406
0.9671290234395712 0.48678777607634977
0.9696169153254415 0.5343751448305265
0.9717292789946869 0.5690516814949649
0.9741877911770243 0.6037053260847379
0.9783746495144519 0.6521530732469047
0.9825336968819227 0.6911292152630075
0.9867411301427563 0.7242513789794904
0.9910171630636068 0.753255234917995
0.9953647969265256 0.7791434010678236
1.0 0.8036620794060161
