# CURVE 2D, normalized by CHORD
# COLUMN#1 = X-coordinate, COLUMN#2 = Y-coordinate
#-------------------------------------------------------------------------------
0.0 0.0
0.01071434995268287 -0.0028035436114889874
0.04019231594391024 -0.012461913212323353
0.06053995655449014 -0.018743754519662315
0.07929596703975081 -0.024143205512923212
0.09752901165512017 -0.02901870597415556
0.11547671721563159 -0.033454561754716484
0.13320530391750046 -0.03748089598780308
0.15072867897068337 -0.04111230213072954
0.16804332693670443 -0.04435902547670419
0.1851405854930234 -0.04723029451929805
0.20201139823978703 -0.049735381387359674
0.2186482612516176 -0.0518840376575114
0.2350454012148946 -0.05368583940859306
0.2511998290480324 -0.05515145532635512
0.26711015446579983 -0.056290998875566246
0.2827768256032075 -0.05711458240185488
0.29820188995685826 -0.05763220290488595
0.3133886444678816 -0.05785350944678501
0.3283411275066595 -0.05778738691692096
0.34306483604833093 -0.05744301738455317
0.3575652326719399 -0.05682822531726265
0.3718488282804331 -0.05595094442064172
0.38592196192276546 -0.054817865510446824
0.39979196378220677 -0.053435964967676365
0.41346581458783976 -0.05181097212718817
0.4269508322423084 -0.04994829201241685
0.4402544007919253 -0.047852750559882314
0.45338375891544525 -0.04552837754211697
0.46634629837254665 -0.0429788487087039
0.4791494579312542 -0.04020741366162156
0.49180051044078643 -0.03721664801350416
0.5043062976765557 -0.03400805083794269
0.5166742730949041 -0.03058365611930437
0.5289111435642636 -0.026943985563108657
0.5410239735723488 -0.023089808851184872
0.5530193479173501 -0.019020769199837178
0.5649037515484564 -0.014735979286361701
0.5766837822565228 -0.010234492543700811
0.5883656640638166 -0.005514315640755144
0.5999557012212687 -0.0005733652489629899
0.611460032784773 0.004591034915352775
0.6228846716070108 0.009982075121277497
0.6342351534779284 0.015604679835120722
0.6455175648812898 0.02146225380673068
0.6567373193578274 0.027560651463673005
0.6679000583779425 0.03390512290229759
0.6790110741015378 0.04050262259063675
0.6900758373722826 0.04735934731612224
0.7010993462078302 0.054484420662452106
0.7120869277260743 0.06188493992201925
0.7230434874195083 0.06957113848603899
0.7339740003186898 0.0775528511522895
0.7448833490197485 0.08584046521934524
0.7557762128383201 0.0944474104620632
0.7666573467502666 0.1033847954322577
0.7775312895169864 0.11266809990909858
0.7884025557483546 0.1223111408065849
0.7992755457798455 0.1323313801060754
0.8101545439044915 0.1427449251464862
0.8210437981173953 0.1535729128511839
0.8319473513112801 0.16483398534057783
0.8428691716831156 0.17655058141189955
0.853813129081939 0.18874738755425483
0.8647829122538753 0.20145014552650933
0.8757820223001079 0.21468636842566738
0.8868137930588533 0.22848625151203428
0.8978814203879891 0.24288366758993798
0.9089877398312387 0.2579132357743587
0.9201352943312876 0.2736123435218487
0.931326565326953 0.2900258417485342
0.9425633112168246 0.3071963884150894
0.9538470952286395 0.32517437721646
0.9651789582029479 0.3440141949303888
0.9765593290143469 0.3637744468548025
0.9879879285340182 0.38451818426165035
1.0 0.407360168787096
