# CURVE 2D, normalized by CHORD
# COLUMN#1 = X-coordinate, COLUMN#2 = Y-coordinate
#-------------------------------------------------------------------------------
0.0 0.0
-0.012527877500903789 -0.04076653585046211
-0.022592273165602472 -0.07631314929989695
-0.03094696525804971 -0.10848791154549302
-0.037863764242247314 -0.1377415441981679
-0.043565563328540044 -0.16445274584433103
-0.04823392978671908 -0.18893677275876083
-0.05202168284270666 -0.21146664515240146
-0.05505211363281043 -0.2322665542429912
-0.05743046693050689 -0.25153359603531
-0.05924338795254944 -0.2694333823234987
-0.060564901734869 -0.2861114811227025
-0.06145760480378476 -0.3016942595092614
-0.06197312923255656 -0.3162878566444106
-0.062157709300252724 -0.3299911304044549
-0.06204940002988188 -0.3428870337816311
-0.06168095086598124 -0.35504903671645194
-0.0610808882007031 -0.36654327435758893
-0.06027384929001071 -0.3774287165364908
-0.05928067787709762 -0.3877566772671728
-0.0568056174037767 -0.40691899091324657
-0.05377437307678631 -0.42434916971253106
-0.050274456321247434 -0.44030188645807433
-0.046371958491024254 -0.45498865319617937
-0.04211526652574758 -0.46858310405623715
-0.03753877376275768 -0.48122849217956976
-0.0326669944027789 -0.4930475056749242
-0.027515069697727722 -0.5041422645354062
-0.02209116738880356 -0.5146003992472535
-0.016396010423901024 -0.5244945787070101
-0.010426571900544173 -0.5338907471670844
-0.004173382214848908 -0.5428433310259768
0.002378500203746971 -0.5513989149614505
0.009247501102129201 -0.5595995577541799
0.016457800318424122 -0.5674806277567401
0.024039327226990367 -0.5750722717578318
0.032028270690987765 -0.5824000657983958
0.04046590892754668 -0.5894862842292653
0.049402583729061186 -0.5963482465512813
0.05889795653962978 -0.6029992420722314
0.06902131904123954 -0.6094487661586193
0.07985341937374413 -0.615702013806501
0.09149320680249348 -0.6217582969413087
0.10405542025360288 -0.6276117200141161
0.1176809381775168 -0.6332485368020556
0.13253722060373263 -0.6386465558605805
0.14883162827118276 -0.6437715359062127
0.16681635530385092 -0.6485747444860821
0.18680754351709408 -0.6529870636677023
0.19767755564601075 -0.655017557047309
0.20920636383346963 -0.6569115490454227
0.22146324117212443 -0.6586506017965057
0.234524069682579 -0.6602135839486771
0.2484798574488618 -0.6615745353818688
0.2634336794972714 -0.6627029667216461
0.2795025551088559 -0.663563087071601
0.296828639406594 -0.6641106061283851
0.3155761367834834 -0.6642928290661722
0.33594072043372586 -0.6640455743595373
0.3581614047065073 -0.6632890560177646
0.3825232129033846 -0.6619260512793141
0.4093852289485137 -0.6598326415016346
0.4391968171773226 -0.6568516959113272
0.47253380546150014 -0.6527800978286779
0.5101660641455088 -0.6473455166784923
0.5531507908210118 -0.6401743262824927
0.5781162778508647 -0.63558629365932
0.6030301809669467 -0.6307258340379152
0.632666843243712 -0.6246051156212947
0.662234894572097 -0.6181609692485904
0.6987261743069055 -0.6097853468219528
0.7351238758086673 -0.6010117941457273
0.7834584665159294 -0.5887894455779893
0.8316568416674754 -0.5760401871439753
0.8738469677060025 -0.5644900768657435
0.9159587423326145 -0.5526573706959584
0.9580052144923429 -0.5405945845046081
0.9999999999999617 -0.5283530053334271
