# CURVE 2D, normalized by CHORD
# COLUMN#1 = X-coordinate, COLUMN#2 = Y-coordinate
#-------------------------------------------------------------------------------
0.0 0.0
-0.009839619077224486 0.04585387801785739
-0.019986934788534166 0.09164120032934252
-0.029858885807481854 0.1374884679404929
-0.039083767998327516 0.18346989837212307
-0.046280574448529815 0.2233178701125363
-0.05253526959341273 0.2633240755618732
-0.05611875041493746 0.2905842358347771
-0.05905773760266787 0.31792119355996823
-0.062029557040397136 0.35951033675747374
-0.06282376287168459 0.39276147313382564
-0.06217900883870174 0.4201712277412349
-0.06053865328697463 0.4432751780154998
-0.0581835648218943 0.4630885447438119
-0.05530114529428579 0.4803327065804585
-0.0520157965566505 0.4955228306229932
-0.04841294274586747 0.5090482313613
-0.0445500612558476 0.521203830204603
-0.04046568910751475 0.532220789890434
-0.03618411027437017 0.5422808364516888
-0.031719418589552933 0.5515309417751395
-0.022256538445496635 0.5680519664814585
-0.012048495306443084 0.5825006972335705
-0.0009843380639871027 0.5953754504533532
0.011126472420503984 0.6070266154724236
0.024565593149278492 0.6177016741641025
0.039743485452011354 0.6275651401062889
0.05724897376156784 0.6367104581229458
0.06713429014670892 0.641020329422627
0.07797017802885509 0.6451446095793095
0.08994784721773964 0.6490652212815606
0.10331650753661849 0.65275116373089
0.11841225402581326 0.6561526925800049
0.135687325374702 0.6591945366927889
0.15578806262056097 0.6617597300211747
0.1796823803010682 0.6636627489123343
0.20889836003942464 0.664599975218212
0.24616040685911147 0.6640240680904571
0.2717131341487209 0.6627111322612307
0.29722799451604265 0.6607956730223358
0.33895395042809395 0.6566175017821368
0.3805707807047075 0.6514594822469458
0.4262565997672259 0.6449972378002372
0.47186575796894487 0.6380126150242652
0.5174350416744761 0.6307716473594909
0.5630013942394357 0.6235122047473536
0.6086002626913875 0.6164604536234728
0.654264292781823 0.6098451058178196
0.6874212023177051 0.605461001437718
0.7206358092837177 0.6015389818308275
0.7539136001385821 0.5981970526728648
0.7841274075169938 0.5957849468715626
0.814389421860425 0.5940858929087803
0.8581177122220081 0.5932014988686988
0.8918422784424053 0.5941214831616781
0.9188025025633405 0.5961386699078769
0.9408700441750448 0.5988460692915577
0.9592519608211729 0.6019903676551374
0.9747675233697135 0.6054084663002539
0.9880172820974027 0.6089912434535166
0.9994303946609555 0.6126666265974157
1.0093469057406816 0.616385554412348
1.0256524080604772 0.6238361117742349
1.03841367230079 0.6312006478021774
1.0485816586676449 0.6384328787545922
1.0567945662367741 0.6455357367757888
1.0663676870454144 0.656014302857197
1.0734510996423992 0.666419701107922
1.0786016800459222 0.6769385006896934
1.0821079302652101 0.6877835095139794
1.0840726229858824 0.6991916618511198
1.0844166517430673 0.7114337481257024
1.0828790629258378 0.7248137824792297
1.0789869492378492 0.7396533151198692
1.074724783938221 0.7505135530536652
1.0687906796616822 0.7622313632792234
1.0608350770824886 0.7748300056899484
1.0504514211640577 0.7882665341668065
1.0372251613446128 0.8023914679220575
1.0294264548529812 0.8096302933113091
1.020776421385173 0.8169262389812442
1.011249134465744 0.8242229081835194
1.0 0.8319933485110109
