# CURVE 2D, normalized by CHORD
# COLUMN#1 = X-coordinate, COLUMN#2 = Y-coordinate
#-------------------------------------------------------------------------------
0.0 0.0
0.013371268576875886 0.013032346605656255
0.024945830482554863 0.023500440499963707
0.035587042051138496 0.03244172342552454
0.04542769917989789 0.04011842076494976
0.05457321993747101 0.046731202546275975
0.06311701539071343 0.05244850457951837
0.07868956967979109 0.061695779919299074
0.09263458627244092 0.0686572287952392
0.10531511660871028 0.07387123233593071
0.11701057845230046 0.07771130951136385
0.1279406558030075 0.08043799695870196
0.1382814086341247 0.0822307695100978
0.15300268722270075 0.08342506858952248
0.16713802701222844 0.08302205046708654
0.181044723570272 0.08109159333999205
0.19505937627825026 0.07755294625118514
0.20463358352352684 0.07418655594301665
0.21452462256825514 0.0698767188598347
0.22486315475776691 0.06444459982970821
0.23580383023694773 0.05763650596951237
0.24753640999742174 0.04909180218968171
0.2603044091873681 0.03828620936231589
0.2744304862559106 0.024444834421724657
0.28213664154720475 0.016036018592825375
0.29036497719896376 0.006374106145332955
0.29920599491076133 -0.004807210229728472
0.30877330660166447 -0.017856093141166998
0.31921452505229975 -0.033241417827269276
0.33072628158416506 -0.051608510116847035
0.34358701756094717 -0.07389337849281039
0.3582087147320502 -0.10150579442509672
0.37527323418966696 -0.1367861929394128
0.3858937369506339 -0.16037675409835153
0.39608446086088245 -0.18415625170671276
0.4103645002812835 -0.21927680234750868
0.4240060668519647 -0.2546505037501423
0.4408349765034131 -0.3004475483435735
0.457067263333649 -0.34645971999732217
0.4729126820836665 -0.3926067060907165
0.488562875749962 -0.43882033886940824
0.504201369680306 -0.48503793640653914
0.5170921021626474 -0.5227400132866086
0.5302034180345825 -0.5603658884076067
0.543648559394541 -0.5978736703224915
0.5575523775954573 -0.6352136982093805
0.5705433855048654 -0.6685459768846029
0.5841362524136802 -0.7016371497735819
0.5940887650308249 -0.7246355070418625
0.6044571327918976 -0.7474492920893537
0.6214784089774805 -0.7823248806123051
0.6363767876303963 -0.8102219448574708
0.649764665138905 -0.8332303480006331
0.6620149436097587 -0.8526240216329746
0.6733729000098815 -0.8692336185967049
0.6840124272578708 -0.8836374387925428
0.6940634217915456 -0.8962562348140443
0.703626388185929 -0.9074049249631044
0.712780936757881 -0.9173232850416885
0.7215925868056319 -0.9261998041688226
0.7301154376032206 -0.9341818894533349
0.7383969063469343 -0.9413918781235451
0.7464765325038959 -0.9479238034324673
0.762172115089296 -0.9592649390340541
0.7774514202938111 -0.9686935412439996
0.7925284419061646 -0.976543365844815
0.8075996193732601 -0.983043869324259
0.8228565128048715 -0.9883438523844587
0.8384968521846434 -0.9925296296659666
0.8547354389089651 -0.9956309259229121
0.871819228809175 -0.9976187668094771
0.8900411016375955 -0.9984033368006581
0.9097672993216744 -0.9978139899927212
0.9203335764662752 -0.9969254016200809
0.931465043673788 -0.9955779543084203
0.9432409706870633 -0.9937166316572408
0.9557598639340554 -0.9912684979887514
0.9691386411727593 -0.9881427401616927
0.9835150681658118 -0.9842275983490689
1.0 -0.9790678378570188
