# CURVE 2D, normalized by CHORD
# COLUMN#1 = X-coordinate, COLUMN#2 = Y-coordinate
#-------------------------------------------------------------------------------
0.0 0.0
-0.015185550875358821 0.0018354677007895212
-0.02388207489939058 0.0013566891501180772
-0.014051620566399445 -0.0006497783652524393
-0.0006746217102030451 -0.0020754061709699926
0.023355158250794976 -0.003302446964886639
0.05755167453345858 -0.0031482084765602865
0.09969349660856545 -0.0005982306994306441
0.14763706981416086 0.005016707700670162
0.1737714673979517 0.009200816319753065
0.19977756484519532 0.014120166423386468
0.22749303263887566 0.020175118668032455
0.25502684261192615 0.027009022983436597
0.2839930225142094 0.03507142697640877
0.3127204374171471 0.043947285733031596
0.3427881065011001 0.05417482625665055
0.3725554923196978 0.06524613539076475
0.4037606030104286 0.07786624009979345
0.43459734967624947 0.09136163195549882
0.46723068194254525 0.10675664887589385
0.49941681160158163 0.12306618274371868
0.5342880245774932 0.14199810113749567
0.5686112217074324 0.16190661649829102
0.6082468942661352 0.18644144322671802
0.6471736668485031 0.21208676849282654
0.687251246511919 0.23996536210926397
0.7267428296523186 0.2686688908194126
0.7658479848684735 0.29789748975641217
0.8049015229300576 0.32719512850314086
0.8307543471796831 0.3460828137066491
0.8571109855128014 0.36425820466254516
0.8788378876217798 0.3777830150468397
0.8930565269008532 0.3855421251028701
0.90361040366256 0.3905460078341289
0.9189136451514403 0.39631867328661446
0.9300122924492543 0.399114924006597
0.9426463221929867 0.4004728069957724
0.9527571385284684 0.39982370497212505
0.9644771480720219 0.39666838934686743
0.9757818874225559 0.3906059652293352
0.9849089021771884 0.38306771176368903
0.991768613243828 0.3755632948534025
1.0 0.3641549713181167
