# CURVE 2D, normalized by CHORD
# COLUMN#1 = X-coordinate, COLUMN#2 = Y-coordinate
#-------------------------------------------------------------------------------
0.0 0.0
0.00641337748906858 -0.008726527346300509
0.013901069302287976 -0.016303021032692887
0.022880282150038227 -0.02254477509911059
0.03208836680120752 -0.02645220334650011
0.04233318749391467 -0.028480199891267106
0.05485060297593329 -0.028342116555609576
0.06803630902171998 -0.025744957091995847
0.08135698228987977 -0.02109099696950605
0.09304106893004516 -0.01564141541231178
0.10848113992001789 -0.006832551627261247
0.11838442504858604 -0.00037380255223848276
0.13050454192693453 0.008255872490461528
0.14593588479734565 0.020223624852357923
0.1669173615987306 0.03792165956841604
0.19997313848735643 0.06824133393617376
0.22947841018347379 0.09693676060848115
0.2585924100970813 0.12602987324683737
0.28761660753670143 0.15521272329390515
0.31681741402704955 0.184218589707589
0.3419973527666045 0.20855642808285046
0.36766514629233027 0.23237850439660757
0.3986294685384519 0.25932428843178557
0.42224291410159714 0.2782246665512203
0.4416886171385188 0.29252363544961874
0.4583926362533778 0.30378439312308275
0.47314914602378044 0.3128790245756305
0.48645370542640626 0.3203474526388532
0.4986422265707836 0.32654962817007976
0.5099547026906622 0.33173611786158624
0.5205718961636311 0.33608922111921646
0.5306328819312751 0.33974252076739286
0.5402486714567555 0.3427960606135015
0.5584980868651432 0.3473929665562762
0.5759009807676091 0.3502911314229189
0.5929102446342148 0.35171097205398316
0.609913279469838 0.3517379177711094
0.627269584847818 0.35034486634584033
0.6453340019524166 0.3473966614186292
0.6644629760569939 0.3426457524684975
0.674535211629739 0.3394835992941303
0.684996620659068 0.33572482557151706
0.6958768443759156 0.3313072136103728
0.7071931827788209 0.32616590553601593
0.7189459488149672 0.3202367009109823
0.7311123662980584 0.31346415751035855
0.7436465042132795 0.30580167949565534
0.7564775458631056 0.29722077770764077
0.7695160537038049 0.2877110918146701
0.7826634882611075 0.27727512583062713
0.7958225303173541 0.2659266481466117
0.8089077289940508 0.2536781679123861
0.8218516404835492 0.24053175562188905
0.8346078269434545 0.22647386493112467
0.8471494492141233 0.21146661150168022
0.8594661378813925 0.19544390815638535
0.8715600646188805 0.1783081895530014
0.8834417671387234 0.15992616005622726
0.8951263065261259 0.14012306404801536
0.9066297146875679 0.1186726273115925
0.9179664469009841 0.09529137656048946
0.9291455989504961 0.06961891108124088
0.940167072016406 0.04119373011770496
0.9510167574922791 0.009426212225071428
0.9616585274708458 -0.026459227019115895
0.9720235910436041 -0.06747913028624455
0.981991161005638 -0.11501789365100981
0.986959946362044 -0.14295103840655504
0.9913590765608938 -0.17097962265638308
0.9960408685055534 -0.20546383473522933
0.9999999999999987 -0.2400386022448485
