# CURVE 2D, normalized by CHORD
# COLUMN#1 = X-coordinate, COLUMN#2 = Y-coordinate
#-------------------------------------------------------------------------------
0.0 0.0
0.037805713991286904 -0.006352414643042072
0.075665177252628 -0.012376211982086823
0.1135756155664596 -0.018070404118706324
0.15104935517955206 -0.023368231943295303
0.1885671921817851 -0.02834418078951184
0.2261262761778434 -0.03299856906047797
0.2640925802684731 -0.03737323494237669
0.30209511023951696 -0.04142117143225178
0.34013085306281343 -0.04514413226254776
0.3790638439004196 -0.0486171666380895
0.4180253081491239 -0.05175470687674709
0.4570121144318013 -0.05455988570516212
0.49787405423058523 -0.057146336950977636
0.5387569022532476 -0.05937814910333805
0.5796572128419022 -0.06126316246163819
0.6250866227217873 -0.06296099235389807
0.6705292518236278 -0.06425814880165596
0.715981157887257 -0.0651751040105654
0.7594844405103223 -0.06572102617301502
0.8029904397613159 -0.06597269455235812
0.8464971886798364 -0.06596963107683632
0.8900034775206426 -0.06576445866782585
0.9335089807853951 -0.0654294096759028
0.9770142711810075 -0.06506711847618636
1.0122143416512637 -0.06485570747955845
1.0474149758022646 -0.06484306250826025
1.0826135132379195 -0.06520843134422931
1.1188938845784164 -0.06628729826342483
1.141423928454269 -0.06754677949661028
1.157403051962443 -0.06885590747320855
1.1695291819479738 -0.07016513479204828
1.1869446790694549 -0.07270727332209961
1.1989809949330787 -0.07510578168355467
1.211463373322029 -0.07842507590513126
1.2223903279126116 -0.08240055049691
1.2325907821610724 -0.08765060113002476
1.2406676555787466 -0.0938485924070825
1.2470444981964885 -0.10188043024015914
1.2507376232689094 -0.11145120310639217
1.2515744529793802 -0.1218477416716602
1.250133914530017 -0.13226484263402322
1.2469149137923414 -0.14304816822401314
1.2415264865321296 -0.15561339404586944
1.2341222222512185 -0.16936034236511038
1.2261194989175443 -0.182205950501379
1.2135440455768798 -0.20024072498227663
1.2043517020024006 -0.21242773252686975
1.191972496205646 -0.2279882256960264
1.1745417847395785 -0.24877318100889842
1.1482706249493975 -0.2785015374622345
1.1260896466963508 -0.3026268275481739
1.1036031301227276 -0.32646776958930995
1.069382056245394 -0.36192070346555966
1.0348118060120655 -0.3970334520869806
1.0 -0.43190682776796097
