# CURVE 2D, normalized by CHORD
# COLUMN#1 = X-coordinate, COLUMN#2 = Y-coordinate
#-------------------------------------------------------------------------------
0.0 0.0
0.014454165207949786 -0.007284225293256184
0.026053900857147354 -0.011830990753914602
0.03618334801003258 -0.014774632702394565
0.04949633772930102 -0.017062430378187075
0.061366803847615434 -0.017462756512955743
0.07243674025982881 -0.016318913295107238
0.0832050742294567 -0.013688485498976067
0.09412298996540797 -0.009377610909973789
0.10567999204673782 -0.0028713029140075147
0.11404179894969983 0.003164535861331686
0.12322282707183779 0.011153335334149297
0.13359742314639883 0.021986609222924627
0.14575387296691544 0.037243571369594185
0.15279764878684174 0.047399400492914946
0.16074548258060212 0.06004718833366168
0.1699260799204077 0.07624591344940346
0.1809000995446322 0.09784222969932743
0.19479970438232444 0.12859197564760602
0.20508929755718044 0.15364493420033368
0.21481302545821987 0.1789232638682995
0.22947121309443813 0.21948347277230335
0.2434848140867098 0.2602714358067661
0.25717999173227757 0.3011676280528043
0.27082005767010425 0.34208226652868845
0.28463376100008586 0.3829385226346294
0.29736377849236534 0.41951971042944886
0.3105598401183 0.4559351829140734
0.32438332707834183 0.49211685353959234
0.33651375893751695 0.522041960963129
0.3493165970196814 0.5516853413992419
0.36936718770375776 0.5940426525495363
0.3865932201046367 0.6265264313379136
0.40187549699516184 0.6524312706717518
0.415701584527708 0.6736107944298791
0.42838052818666245 0.6912309480006503
0.44013057727960925 0.7060911234813184
0.45111136185489015 0.7187537001670427
0.46144703759335437 0.7296343185165902
0.471237170659893 0.7390474619244073
0.48056358726337467 0.7472356310755973
0.48949361289420834 0.7543853222012263
0.49808581019952025 0.7606470091469644
0.5144545209475708 0.7709668820241017
0.5300082600338927 0.7789020885900416
0.5450232903499868 0.7849166318863123
0.5597375581225922 0.7893113768014495
0.5743672889964316 0.7922698437511151
0.5891201722658412 0.7938798100278098
0.6042056747137786 0.7941516828453382
0.6198462006777303 0.7930124239657318
0.6362867395606326 0.7903018991773357
0.6538084625369217 0.7857491064057558
0.6727350266507819 0.7789493083743508
0.6828416189017962 0.7745303547274661
0.6934468796144712 0.7693089993619227
0.7046081423476425 0.7631701233970307
0.7163836834975559 0.7559811480268742
0.7288359608858235 0.7475816505331128
0.7420253019258212 0.7377878342026293
0.756007823741352 0.7263885551219671
0.7708322605529832 0.7131400494333222
0.7865261994929181 0.6977818017434382
0.8030900872183303 0.6800341974315285
0.8204797675611823 0.6596227695305752
0.8385899888935897 0.6363069879187091
0.8572391606317812 0.6099130164601773
0.8761551351929837 0.5803936837579184
0.8949766296122382 0.5478732716966633
0.9132714349617151 0.5126841243047815
0.930575122088895 0.4753693686549487
0.9464479605445373 0.4366453877383904
0.9605283006006538 0.39731688485156635
0.9725742267198733 0.35818095804963823
0.9824758536557064 0.3199396892765994
0.9902464806160919 0.2831435522004038
0.9959924271279759 0.2481735209014344
1.0 0.2140085144476347
