# CURVE 2D, normalized by CHORD
# COLUMN#1 = X-coordinate, COLUMN#2 = Y-coordinate
#-------------------------------------------------------------------------------
0.0 0.0
0.013250823209132715 -0.03742508765660334
0.02598472974155616 -0.06818364719090056
0.03853005698141401 -0.09457408918138165
0.05080467475286075 -0.11730960696734663
0.06276287494428742 -0.1369786864869872
0.0743825983746339 -0.15405089974923147
0.08566089557542315 -0.1689236613151312
0.09660532348628215 -0.1819153572266184
0.10723186893817443 -0.19329157674086492
0.11756169826034758 -0.2032720260976083
0.1276195524977525 -0.21204023014106502
0.13743086377130168 -0.21974349840827972
0.14702398752509557 -0.22651169162563486
0.15642652661302045 -0.23244809617885
0.16566669949343937 -0.2376403290414546
0.17477228995606436 -0.24215911325817385
0.19269162720661154 -0.24940198176159847
0.21040793462264223 -0.25452427720904547
0.22814692491443095 -0.2577312161370403
0.2461442380620199 -0.2591028245672004
0.2646526688123627 -0.25861154921228113
0.2839557066062598 -0.25610241831034625
0.29400481882222806 -0.2540055784527458
0.3043791096364942 -0.25128011460396693
0.3151308756199561 -0.2478562629520574
0.3263152791522716 -0.24365286391304972
0.3379960117755789 -0.2385653607830823
0.350243600386449 -0.23246670563443098
0.36313954226825795 -0.2251967286189745
0.37677405890363813 -0.21656180811655454
0.3912529990853783 -0.206316232808896
0.40669761562605394 -0.19415417487132863
0.42325326370731614 -0.1796806202699049
0.4410869624832046 -0.1624004060792272
0.46040413239338507 -0.14165993353114895
0.4814576794983103 -0.11659289824176945
0.5045705752948764 -0.0860186234178629
0.5301771695158077 -0.04826570191545834
0.544844209674912 -0.024738461149854275
0.558905029205023 -0.000843784106014251
0.5757329582805129 0.029521421736324414
0.5917792897754641 0.06030706546970811
0.611830610122872 0.10133844314192875
0.6308262369839306 0.14286952903650543
0.6486428600713962 0.1841742362181305
0.6656953620629065 0.2258004474419831
0.6820949325903146 0.26768836513294986
0.6995043091560613 0.3139999358098052
0.7163879706349519 0.3605058892851857
0.73288359581547 0.40715100068723875
0.7491376400388774 0.45388091686031184
0.7653155311945878 0.5006372781743846
0.7816183829157236 0.5473501565496276
0.7983122556121672 0.5939244736036076
0.8135127895363059 0.6343735642896905
0.8297177193053825 0.6744295120089544
0.8457854487578517 0.7099136705333603
0.8565585836784959 0.7307566540977475
0.8645405038798185 0.744423626934414
0.8707963602953243 0.7539699534771582
0.8801607472011922 0.7661867789569355
0.8898176809358727 0.7759618433857944
0.8986771985828879 0.7822036514934501
0.9082254285993423 0.785793075205436
0.9187877557021084 0.7857121434585812
0.9290014371807954 0.7813232692054929
0.9390921408813034 0.7725770867680493
0.9478940698010341 0.7611820206938653
0.9560655968275537 0.7473131925133828
0.9612886521123823 0.7367329961075433
0.9676362066945253 0.7220133715174004
0.9755645862437085 0.7006718109730189
0.9858101751589404 0.6680428441001872
0.9932612790049687 0.640577687776656
0.9999999999999991 0.612928676598511
