# CURVE 2D, normalized by CHORD
# COLUMN#1 = X-coordinate, COLUMN#2 = Y-coordinate
#-------------------------------------------------------------------------------
0.0 0.0
-0.00580190219044284 0.012122976551716982
-0.010321644037361258 0.02379807527314023
-0.013933037268112637 0.03571012856650332
-0.016659874166725878 0.04793960401267616
-0.0184971538036263 0.06057325311685401
-0.019409018843192617 0.07370605575486924
-0.019331111513146364 0.08743952021654808
-0.018163688676899443 0.10188370220837649
-0.0157669342537965 0.11715687559135109
-0.011956949370383512 0.1333822938234447
-0.006498499443848055 0.15068435926820428
0.0009034203060008993 0.16918203751277952
0.005440147631189985 0.1789102437931051
0.010599451560803882 0.18897090450257878
0.01643314406147705 0.19936896623545666
0.022998488802966795 0.21010635842191
0.03035126531674453 0.2211780241327137
0.03855059118561347 0.23257345706897486
0.047652709037907304 0.2442735271216854
0.05771304106238426 0.25625073272021753
0.06877994548696204 0.2684669079448457
0.08089610986509731 0.28087348557879493
0.09409122351964244 0.29341028049656825
0.10838620298025965 0.3060064402944001
0.12378115961548132 0.31858061179731534
0.14026237939097747 0.33104296658887117
0.15779621011737813 0.343297338936975
0.17633111922229558 0.35524379416564034
0.19579742287252175 0.36678197071841595
0.21610840811815366 0.37781522048956867
0.23716577740908068 0.3882523610565528
0.2588608652742441 0.39801184076335594
0.2810799107141764 0.407022617664992
0.3037071727090389 0.4152258275627437
0.32662804515495747 0.42257679859452235
0.34973297012230503 0.42904333380640114
0.37291946359147765 0.4346056463333959
0.39609387205580976 0.4392551859595382
0.4191720971293431 0.4429913852365519
0.44208081580708286 0.44582545330175094
0.464756166878224 0.4477708410788205
0.48714487685475266 0.4488493087628529
0.5092025073012414 0.4490847667534229
0.5308929908682931 0.4485036551962468
0.5521876965026674 0.44713379554726573
0.5730637935392918 0.4450023668735057
0.5935054832204768 0.44213899263550116
0.6134998005853257 0.43856951398015104
0.6330386357357013 0.43432044585946766
0.6521167471515451 0.42941660682942695
0.6707310596241859 0.4238809916005423
0.6888803328505188 0.4177350803916628
0.7065637634591931 0.41099773626902836
0.7237825424590174 0.403687802949916
0.7405377673991324 0.3958220160728212
0.7568292450905512 0.3874142492822658
0.772658573930932 0.3784796180299533
0.7880247700757785 0.36902991947594777
0.8029271128091916 0.35907737114464205
0.8173639883037651 0.34863371398948406
0.8313314027276895 0.33770913827961024
0.8448251922318205 0.3263150147999425
0.857839818752924 0.31446300116253223
0.870367928125102 0.3021650342447873
0.8823998133686884 0.28943333910609914
0.8939263322267281 0.27628329212712327
0.9049360579000055 0.26273120518852655
0.9154158601552022 0.2487952639506441
0.9253519051101972 0.234496566033605
0.9347305488920008 0.21985976888025996
0.9435368834922739 0.20491227179802673
0.9517549511928728 0.18968468752139706
0.9593715615300947 0.1742125329582509
0.9663731635192939 0.15853451579183758
0.9727468188221289 0.14269301847978408
0.9784828345351281 0.12673444507362736
0.9835741236954862 0.1107083509017173
0.9880162778213584 0.09466690981544552
0.991808558700919 0.07866431323891869
0.9949543652327775 0.0627558652581651
0.9974615981167747 0.04699690644610328
0.9993424108725648 0.031441795157159336
1.00061238246397 0.016143299237607513
1.0012935076108798 0.0011500161529749147
1.0014098495872872 -0.013492844057518246
1.0009887817229328 -0.02774485677671557
1.0 -0.04228020903885232
