# CURVE 2D, normalized by CHORD
# COLUMN#1 = X-coordinate, COLUMN#2 = Y-coordinate
#-------------------------------------------------------------------------------
0.0 0.0
0.008762286679200013 -0.004857354039973747
0.019155398685914666 -0.008717223103425742
0.03125291104288891 -0.011616365741235226
0.043999234532581116 -0.013438480267946326
0.05518229571534801 -0.014286588512194899
0.06947582016927466 -0.014598432201737644
0.088190045880671 -0.013996328987822876
0.09979349251094419 -0.013164198375814036
0.11332997196394977 -0.011826074341577274
0.1292230569697281 -0.009821756596323174
0.14799609791300744 -0.006938982704665611
0.17028127089549727 -0.0028998304030200717
0.19680416744582463 0.002648471538146913
0.22833921372254906 0.010136112044799462
0.2655794073454093 0.02004324191603915
0.30890105502902915 0.03282382784200518
0.3335229647352537 0.04062977054800973
0.35803780027386317 0.04876581452407212
0.3849845275244357 0.05811128074872792
0.41180327302925135 0.06781796320802062
0.44003680792900773 0.07846581848564961
0.46812467775442795 0.08949221087202787
0.4963948087643958 0.10102876808736452
0.524507298221352 0.11294431526496392
0.5516846484575476 0.1248951502114395
0.5786988492807201 0.13721031149067955
0.6040039534474988 0.14915876906794806
0.6291460826079676 0.1614464207140848
0.6521901854903267 0.17309455237894666
0.6750755447358651 0.18505151975654624
0.7163180326237047 0.20766976057901823
0.7530751831837426 0.22913402425039886
0.7857321232326894 0.2494013761799126
0.8147331275030218 0.26850033400201695
0.8405256438564115 0.28649950919354567
0.8635171642901728 0.30348249106066855
0.8840721740319759 0.31953855787135443
0.9025073813721861 0.33475503327778505
0.9190939242609871 0.3492136097843979
0.9340631579325367 0.36298927752935434
0.9476137957312372 0.37615080112504345
0.9599166305617257 0.38876087009418764
0.971114368774207 0.40087449444928824
0.9813320989282994 0.4125425295271513
0.9906744439689962 0.42380953173825964
0.9992341065898801 0.43471699029450706
1.0070904304940056 0.44530216138680034
1.0143091894407468 0.45559760537745714
1.0209518913513511 0.46563513632534487
1.027069335924804 0.4754426812326904
1.0327056486928543 0.48504599535647563
1.0379010652715959 0.49446971157787667
1.042689314443885 0.5037361904889488
1.0470997740794892 0.5128664357842874
1.0548890593252833 0.5307975635907771
1.0614369861603283 0.5484118148483813
1.0668690850018936 0.5658480401638422
1.0712760180936205 0.5832395044682785
1.0747148509192477 0.6007183195126138
1.0772168037438208 0.6184197652415869
1.0787846732510058 0.6364870822926438
1.0793915213963559 0.6550779661472838
1.07898283222004 0.6743679661495846
1.0774631984366805 0.6945639912558256
1.0762450598222695 0.7050769680987569
1.074693531323818 0.7159118142959892
1.0727814623831953 0.7271084075026046
1.0704770395500536 0.7387112269006219
1.067743408315283 0.7507696795092159
1.0645332535486132 0.7633439069377687
1.0607963283283965 0.7764965340632425
1.0564680230340864 0.7903049229416855
1.0514732724292508 0.8048566979546964
1.0457173941787472 0.8202595605686429
1.039091279091287 0.8366349484563483
1.0314534205314354 0.8541373521328349
1.0226362620782878 0.8729462012221443
1.012420218743486 0.89329325820826
1.0000000000000007 0.9164222995341367
