# CURVE 2D, normalized by CHORD
# COLUMN#1 = X-coordinate, COLUMN#2 = Y-coordinate
#-------------------------------------------------------------------------------
0.0 0.0
0.011273240234716176 0.016063601883250372
0.022378439674419867 0.033175863215387506
0.034258105632012904 0.05296689043763375
0.04729669680283892 0.0765296384957482
0.06224941510290045 0.10595141298702695
0.08114897453198978 0.1466541338869299
0.09885442837401476 0.18780320914673904
0.11590045654208825 0.22923057127108942
0.1327638800494486 0.2707328013701164
0.1493055744359001 0.31067961064653227
0.16654200949815112 0.35033083734621195
0.18488206138497373 0.3893877277202313
0.19969546882591704 0.4182309191687921
0.21274303595360336 0.44157566584437596
0.22471449974115093 0.46133086488601965
0.23596830967347462 0.4785115161483531
0.2467196641897476 0.49373195461960756
0.2571124362610936 0.5073999608715678
0.26725127614703026 0.5198067602972084
0.27721572419201457 0.5311626358964355
0.28707076970029083 0.5416301646147649
0.2968714078156536 0.5513339251149599
0.3066666117847161 0.5603749120166338
0.31650126288392133 0.5688347326686359
0.3264188289225435 0.5767763806103606
0.33646113262575694 0.5842570477335467
0.3466714478976752 0.5913200144233695
0.3570947195328085 0.5980019141173545
0.36777738235418445 0.6043344781214229
0.37877267056313024 0.6103403031293214
0.3901353376733865 0.6160408160156532
0.40193228536419146 0.6214485638439099
0.41423492231379566 0.6265749110056421
0.42712888652487174 0.6314249105271684
0.4407162466461862 0.6359985524201852
0.4551181261408854 0.6402910787966353
0.47048815439475955 0.6442900853780223
0.48701303823611286 0.6479773010556588
0.504945592015963 0.6513220774206849
0.5246167605865439 0.6542822978696798
0.5465043048901046 0.6567944932348507
0.5713329527963626 0.6587640369198305
0.600321569294723 0.6600405522364737
0.6359010552334555 0.6603526483609746
0.6850133778294348 0.659035239026764
0.731045293723484 0.6565534028432376
0.777042551900391 0.6534859094948146
0.8230446086444152 0.6504929600311989
0.8487930569232855 0.6491418265876409
0.8745608126322016 0.6482384495950406
0.9031569982841301 0.6480294263816981
0.9237965690021798 0.6486094695451199
0.9400327103252047 0.6496382980825578
0.9533985519756397 0.6509585199122958
0.9647319010505088 0.6524811692635057
0.9831744869990378 0.6559341529996037
0.9977726916807972 0.659747847180534
1.0097894219600367 0.6638073344016153
1.019964574812473 0.6680618570593378
1.0327695476908862 0.674779364681224
1.0434822444871072 0.6819315543287473
1.052715934803881 0.6896176332075258
1.0608614762448834 0.6979990786246586
1.068172586711359 0.7073099584173832
1.0748059000024153 0.7178862503906864
1.0808352393267853 0.7302178898080027
1.084512572430082 0.7397718838583904
1.0878762889290026 0.7507503392229342
1.090846701398168 0.7636086174733941
1.0932804989551632 0.779001924210395
1.0949223724840949 0.7979284541339474
1.095315128777209 0.8091791940117836
1.0953125254948042 0.8219819082377807
1.094793061906574 0.8367129932602807
1.0935831283073683 0.8538896233588652
1.091430354397998 0.8742354143613114
1.0879531681798722 0.898807709166775
1.0825605065382877 0.9291910987852294
1.0742612234186162 0.9679744383463887
1.067992811746145 0.9938967306528956
1.0612722166732536 1.0197056012030394
1.0509248545582481 1.056724512223192
1.039932993651106 1.0935574105593835
1.0271138309733179 1.1342776265461987
1.013770699006366 1.1748292983686177
1.0 1.2152378598634535
