# CURVE 2D, normalized by CHORD
# COLUMN#1 = X-coordinate, COLUMN#2 = Y-coordinate
#-------------------------------------------------------------------------------
0.0 0.0
-0.03750906995150644 -0.0033135479305112085
-0.04889304309364747 -0.0033179837355443147
-0.0469762242502451 0.0021382552585320932
-0.013329522482267315 0.012303993220243678
0.024749801942776678 0.021464252317812002
0.06303748742438 0.02971518194081637
0.10145617272436687 0.037333984910941836
0.15014022203226618 0.04620207631237553
0.19896077344980123 0.05428527750148494
0.24790368593447848 0.061591041681199526
0.29695986788134154 0.06809245782423368
0.33666421749100983 0.07272167774517925
0.3764335395834055 0.07675426626878429
0.41626280373593955 0.08014324027562655
0.45614551568767603 0.08282975305341685
0.49476818218558266 0.08469679237630828
0.5334209493283941 0.08576891915606773
0.5720879394628663 0.08595723241681309
0.6152341831593012 0.08499666533506645
0.6583257044159083 0.08263104012772698
0.6915287833843297 0.07970910048971847
0.7246187005774403 0.07570709148224308
0.750945683111127 0.07163986309752333
0.7771259971727162 0.06671741328773745
0.8197848562963044 0.05650182054354193
0.8551967939987518 0.04552795823635533
0.8851395183661415 0.0340545420568859
0.910857296151797 0.022217151074247838
0.9332512960668883 0.01007653534325788
0.9529850760512991 -0.0023552844168386565
0.9705524651149406 -0.01510063765914907
0.9863350908575554 -0.02820638083625481
1.000621288986353 -0.0417419843254823
1.0136357369966116 -0.05579688446339113
1.0255510283178146 -0.07048185260796848
1.036493293287095 -0.08593625725954149
1.0465587627566517 -0.10232511352914368
1.0558056695232847 -0.11985630420091799
1.0642596410341405 -0.1387889476561197
1.0719091461370858 -0.15945312257652325
1.078698753423071 -0.18227510998687496
1.0845122716293283 -0.20782764672868215
1.0891503967973386 -0.23689373666951766
1.0922863334667658 -0.2705874160154026
1.0933792475822783 -0.3105931333968398
1.0915023632609386 -0.359652274598346
1.0887212461640612 -0.39130755168314507
1.084910103711984 -0.4228558133968398
1.0779357254493729 -0.46785424157187794
1.0694995183294789 -0.5126025565887332
1.060261398674734 -0.5555551166464515
1.0501870529606225 -0.598319660054988
1.039496292221547 -0.6409345579011968
1.028405277383955 -0.6834472217705903
1.0171408687960841 -0.7259143575443819
1.0059657089820917 -0.7684050080628624
0.9971284967855383 -0.8032202715885755
0.9888319514295267 -0.8381678983206147
0.9814606541582898 -0.8733211935114429
0.9752368993043224 -0.9121018619491629
0.973094417672452 -0.935112910317225
0.9726730572250863 -0.9506842498031192
0.9731115173002277 -0.9620017191583521
0.9751852623171938 -0.9774768672123995
0.9779465343100326 -0.9876427923658904
0.9825786653569797 -0.9978404354098884
0.9893571474275523 -1.0066557708286143
0.9999999999999996 -1.0140639858256755
