# CURVE 2D, normalized by CHORD
# COLUMN#1 = X-coordinate, COLUMN#2 = Y-coordinate
#-------------------------------------------------------------------------------
0.0 0.0
0.02680373106609647 -0.020095296122725575
0.0473250986495575 -0.033973611073554975
0.06418382929435319 -0.044236511855711334
0.07834005694703748 -0.051955727281371246
0.0904417310361753 -0.0578255761156005
0.10094504462024094 -0.062315127935843775
0.11840618618461177 -0.06837338457272783
0.13252706158469507 -0.07180608363501784
0.14437293087667966 -0.07351126737557635
0.15462358166647483 -0.07399935195701472
0.1679624965650097 -0.07305029494072857
0.17973690917155383 -0.07048580974278236
0.19062591271040064 -0.06641076610019761
0.20114567674768005 -0.06064122286442075
0.21175277025676492 -0.052654670902255514
0.21910857311087648 -0.04560968779120105
0.22688834161384988 -0.03658887160160197
0.23531830877950483 -0.024679602430816856
0.24472318182352673 -0.00826390657736707
0.24994576984751427 0.0025311491435502076
0.2556505321314474 0.01592024810326628
0.2620068940852189 0.033062662883515545
0.2693279005020761 0.05613533494248093
0.2783551633949806 0.09018747545595969
0.2858617323850866 0.12356409024099434
0.29258218955039583 0.1571086269588452
0.30061675513257297 0.2004710456786132
0.3084559160268675 0.2438694192501943
0.31657671289821143 0.28721572051751054
0.32543498762274586 0.3304166542834952
0.3318059239073135 0.35832371289378945
0.3388368554777634 0.38607150671858054
0.3498542271192341 0.42372744952820024
0.35977440188786625 0.452453402950212
0.3690214021024756 0.47558746089253034
0.37780111807933947 0.4948344736810758
0.38623714434827383 0.5112110152686932
0.39441564770970605 0.5253874571633786
0.40240128498871564 0.5378189326257684
0.4102482724545209 0.5488432162646523
0.41800331398321844 0.5587089634735144
0.4257088880025823 0.567604043742619
0.4334054609511184 0.5756770921246067
0.4411324587989464 0.5830461584154687
0.44892970957905387 0.5898027914509215
0.4568381721941564 0.5960224118655782
0.4731665765574676 0.6070757521994384
0.4905183727985519 0.6165466574174359
0.4997316276663799 0.6207536563554175
0.5094068002992147 0.6246251997721675
0.5196377767824646 0.6281651038934477
0.5305442005965895 0.631365166500665
0.5422731332816226 0.63420740582495
0.5550136640011147 0.636659607567445
0.5690213649642689 0.6386690390740076
0.5846497061642901 0.6401554991917111
0.602422147976005 0.6409939194683895
0.6231774635645412 0.6409818548614986
0.6484514585344587 0.6397579842769574
0.6818488944811754 0.6365266393550474
0.7119471561804304 0.6324477341693715
0.7419408017258918 0.6276553533320948
0.775979113870559 0.6217809146447959
0.8100273212749126 0.6159646475924889
0.8441840251793685 0.6108319706148685
0.8725812404505245 0.6076987538516168
0.8915622020523936 0.606528547989944
0.905926987890023 0.6063320472597726
0.9174618897096906 0.6067251814114782
0.9352663576754991 0.6085807231545934
0.9487167087612007 0.6113019136531147
0.9594733622595817 0.6145731326887174
0.9724062814405798 0.6202476107753842
0.9828848620480656 0.6267753988694672
0.9917958936672104 0.6342942933308535
0.9999999999999999 0.6435923925479743
