# CURVE 2D, normalized by CHORD
# COLUMN#1 = X-coordinate, COLUMN#2 = Y-coordinate
#-------------------------------------------------------------------------------
0.0 0.0
0.023210428468372565 0.0010016333752019208
0.04504787454670012 0.0017447168283287375
0.06619191128915973 0.0022739586313885118
0.08668300884578575 0.002602635846433724
0.10655758382742338 0.0027426456918368406
0.12585018676918014 0.0027051891017622846
0.1445916404534853 0.0025002145550566323
0.16281148817509775 0.0021371747968808755
0.18053654025188826 0.001624594959871081
0.1977914887706134 0.0009702694996727361
0.2145998810061024 0.00018156368709525378
0.2309830220309914 -0.000734909354466308
0.24696125859434748 -0.0017728955568553852
0.26255362539254795 -0.0029266003711574417
0.2777776728563022 -0.00419073462707169
0.2926497283384341 -0.005560431269716528
0.30718542991276154 -0.0070310809489996
0.3213997470986171 -0.00859832133202892
0.33530598578828247 -0.010258332863913635
0.3489174310117005 -0.012007341421014575
0.3622461656916034 -0.013841971126992954
0.3753037928990621 -0.01575902400951245
0.3881013224382772 -0.017755511499157516
0.40064865162388985 -0.019828812639263765
0.4129560490082265 -0.021976216480559627
0.4250326738176384 -0.024195375140624663
0.43688722685474846 -0.02648410374314125
0.44852808506241554 -0.02884033687254825
0.45996330955772957 -0.03126212382268017
0.4712005854194535 -0.033747646010353766
0.48224660750736315 -0.036295418542226586
0.4931088343204231 -0.03890371778906144
0.5037936270560067 -0.04157118743340009
0.5143069820657463 -0.044296604231266315
0.5246551532548254 -0.04707866413642716
0.5348438316043399 -0.04991625871730215
0.5448784043406415 -0.05280839029283307
0.5547639653173558 -0.0557541706464544
0.5645058003597095 -0.05875264267764271
0.5741086381665861 -0.061803051683353157
0.5929151339157441 -0.06805708946362567
0.611218257674496 -0.07451141401007506
0.629049851498174 -0.08116230295695268
0.6464394953586207 -0.08800693155675594
0.6634145277428242 -0.09504339323592093
0.6800003499635373 -0.10227060214723507
0.6962204858655312 -0.10968831235675644
0.7120969822170812 -0.11729695725556243
0.7276504628945536 -0.12509765294302885
0.7429001467491483 -0.1330922389859083
0.7578639101254402 -0.14128331557609347
0.7725587157041053 -0.1496740088156814
0.7870005207294851 -0.15826806450467373
0.80120415681129 -0.1670700309698635
0.8151837008702042 -0.1760850287611348
0.8289525409287275 -0.18531872136818242
0.8425232045356047 -0.19477756119281694
0.8559075634808069 -0.2044686692657513
0.869116856726822 -0.2143998878954308
0.8821617613882906 -0.22457977111822283
0.8950524544053139 -0.23501756382082653
0.907798571142585 -0.2457233577913579
0.9204092775867854 -0.25670807634997794
0.9328932992199659 -0.26798351830915834
0.94525894693317 -0.2795624056100049
0.9575141398742005 -0.29145843451091685
0.9696663279035133 -0.30368668279397315
0.9817227686867619 -0.3162628259649855
0.9936902738036871 -0.32920406812050146
