# CURVE 2D, normalized by CHORD
# COLUMN#1 = X-coordinate, COLUMN#2 = Y-coordinate
#-------------------------------------------------------------------------------
0.0 0.0
0.031573040566197454 0.019570417299016936
0.057330394087725896 0.034217206798118474
0.07961058723723578 0.04580847744277022
0.09934306899998413 0.05515545174142486
0.11714580386510322 0.06278983337450031
0.13344277952505879 0.06906895098164548
0.1485490121606359 0.07425178140973694
0.16269886147553433 0.0785241782710527
0.17607473496913575 0.0820243209222936
0.1888235546294088 0.08485743841985623
0.20106481964555104 0.08710244731193025
0.21289959378906254 0.08882002032125717
0.22441415789938976 0.09005501945296625
0.23568472779501373 0.09084061308114032
0.24677986257440654 0.09119972319411317
0.25776254509088675 0.09114467050847294
0.2686932094917811 0.09068278476667131
0.2796299385528653 0.08981186829667062
0.2906309035517291 0.08852155891436835
0.30175565227807744 0.08679423632589868
0.31306660036578915 0.08460351679828906
0.32463099249423477 0.08191278185363902
0.3365219835477889 0.0786751353696162
0.348822988481326 0.07482784998506739
0.3616285540171058 0.07029269102678946
0.3750504859841269 0.06496824371074392
0.38922225238159885 0.05872496657619844
0.40430412387951703 0.05139863604033297
0.4204993747894553 0.042770313620209735
0.4380608427674479 0.03255693269003956
0.457322501759881 0.020371144868942294
0.4787254197458291 0.005685116729599706
0.5028725133596518 -0.012243893216884998
0.5306167185892098 -0.034496280509643006
0.5631996642376519 -0.0626908503394694
0.5830120750301941 -0.08083119183976412
0.6024839179662301 -0.0993367542737839
0.6271046167229157 -0.12363082340017836
0.6512697801270938 -0.14837824301860433
0.6826012693375824 -0.18169043789694725
0.7133094295953823 -0.21557835196002917
0.7393173715419066 -0.2451732662475327
0.7649448295942666 -0.27509831927184136
0.7902136203398678 -0.3053268769499887
0.8169811203787849 -0.3381299685495522
0.8433487384798457 -0.37125534019975426
0.8693000124620975 -0.40470784956437333
0.8984807336686298 -0.4434818533250789
0.9269426806804137 -0.48278614052226304
0.9440843586483866 -0.5074077177005075
0.9607694320556842 -0.5323407147299237
0.9802180303176825 -0.5632512971364341
0.991916779009937 -0.5834866519036915
0.9993095409616465 -0.5974548885908126
1.004177808792953 -0.6075478642769456
1.0097860109461942 -0.6209651643943156
1.0134107567100965 -0.6324626073913239
1.0150638563286332 -0.6435272560785784
1.0129317927047328 -0.6534362889101796
1.0045757988501727 -0.6590240114773911
