# CURVE 2D, normalized by CHORD
# COLUMN#1 = X-coordinate, COLUMN#2 = Y-coordinate
#-------------------------------------------------------------------------------
0.0 0.0
0.003266964440862156 0.01623197353324356
0.007051746896949213 0.03259743439008513
0.011565690054179959 0.04989511669133644
0.01689187277848876 0.06819431133553822
0.02312468373752264 0.0875684597864651
0.03036564026502193 0.10808830058340398
0.03872673813813275 0.12982386897773707
0.0483277901330611 0.15283920258360503
0.05929504220342164 0.17718852319640363
0.07175710281412608 0.2029097083919413
0.08584200183438039 0.2300188430091837
0.10166528482250144 0.25849754434975497
0.11932591085369855 0.28828776163807496
0.1388892655513277 0.31927790741232254
0.16037781202324447 0.35129692743731084
0.18375363758661833 0.38410642515051296
0.20890871323442384 0.4174017080091848
0.23565549883588013 0.4508189268141992
0.2637302341635633 0.48395229683737717
0.29280169404447615 0.5163783767777643
0.32249095101773734 0.5476868774618607
0.35239899472361114 0.5775097850399827
0.3821354199863336 0.6055480856036353
0.41134502422053343 0.6315856964020081
0.4397277188843524 0.6554961177722929
0.4670486835209877 0.6772352350306925
0.49314079642856273 0.6968299597413634
0.5179007419344278 0.7143630158539185
0.5412792360499785 0.7299546871066609
0.5632703873861156 0.7437481156871354
0.5839005142347407 0.7558966190115705
0.6032217150999923 0.7665581330036736
0.6212981933538855 0.7758823400210385
0.6382056453223185 0.7840130245780716
0.6540217500979534 0.7910807430595685
0.668826268049024 0.7972054289063192
0.6826957391381279 0.8024934579499399
0.6957052843888851 0.8070410919797473
0.7079234335131518 0.8109315520695917
0.7194165977090915 0.8142401166931515
0.7302441244240327 0.8170311881736444
0.7404626521278236 0.8193626883141782
0.7592679261334322 0.8228373420463334
0.7761906293109272 0.8249933523840615
0.7915245508501946 0.8260787593448637
0.8055158650667359 0.8262836280471179
0.8183686798274245 0.8257517116356524
0.8302521539171768 0.8245906948824693
0.8413087508333236 0.8228812812389131
0.8516576028550216 0.8206817938959761
0.8613995306988083 0.8180329086551477
0.8750611623088176 0.813272614561015
0.8877909950401942 0.807597660308326
0.8997820511261303 0.8009919328679347
0.9111928211938419 0.7933914746512927
0.9221519803454166 0.7846792276448051
0.9327639094519093 0.7746770517253097
0.9396874932308504 0.7671726715572209
0.9465129058140207 0.7588889912038583
0.9532538051301654 0.749704590504533
0.9599177047070742 0.739467770915769
0.9665044778108015 0.7279930896192436
0.9730030352275586 0.7150400574685957
0.9793879514678039 0.7003095968124737
0.985612644536523 0.683413525881215
0.9915998408941551 0.6638467080724527
0.9944681861426414 0.6528605219886345
0.9972264072270755 0.6409418105682598
1.0 0.627160407774769
