# CURVE 2D, normalized by CHORD
# COLUMN#1 = X-coordinate, COLUMN#2 = Y-coordinate
#-------------------------------------------------------------------------------
0.0 0.0
0.0009076099441391886 -0.012427018873870458
0.003901633158224151 -0.02252179076221311
0.010680761717480588 -0.03106235294920693
0.0198281696792638 -0.0349915480241861
0.030845339416443147 -0.0355286083559452
0.04430196185446724 -0.03329616739675351
0.06354839904430841 -0.027366210942920074
0.0863166675696114 -0.01834116807541216
0.13094347992764013 0.001396088540474653
0.17575345438071752 0.020710577307069187
0.21548644005207618 0.0357751052508192
0.24519374240871264 0.04518767719762386
0.2700578939993368 0.05158535990607607
0.29184253813183775 0.05593299355771605
0.3114456287179298 0.05873852571508563
0.32941904972067565 0.060313049303208306
0.346137935317177 0.06085864503619427
0.36187691088805324 0.060509982603775464
0.37684889802375676 0.059356252153550344
0.3912262458441033 0.05745293887586098
0.4051524580445624 0.054825823704142886
0.41875481427117267 0.05148044597806992
0.43214739388886414 0.047398006885617835
0.445437971474328 0.042536618482610686
0.4587327468115625 0.0368303968840211
0.47214052743626206 0.03018498627358562
0.4857784478788113 0.022468159176798837
0.49977823069757943 0.013501878612094299
0.5142979198861334 0.0030377772063193116
0.5295342363452101 -0.009263486156364433
0.5457537107013248 -0.023896230602480074
0.5633453516271224 -0.04160927418266749
0.5829463155748287 -0.06364083296298118
0.6058018807087797 -0.09236684125281103
0.6208652898626519 -0.11301525466495198
0.6353590423363075 -0.13406785321068956
0.6618298015137294 -0.17502064033734238
0.6874077314416897 -0.216538957547663
0.7129618358642024 -0.25807195357687895
0.7278747015049564 -0.28140792112278634
0.743410361466159 -0.30433289439652544
0.7597988139758584 -0.3263692933726603
0.7717817909212504 -0.34074667686336035
0.7814099437458633 -0.35108522042394186
0.7895432000647179 -0.35890978110033406
0.8029798784780937 -0.3699096008096289
0.8140685386928774 -0.3771089000450155
0.8237472634519449 -0.3819749786488496
0.8367620353758219 -0.3864293620347158
0.8489671370040115 -0.3884525148577629
0.8612158501287761 -0.388438617966464
0.8743447438494387 -0.38623218467746806
0.8841006553432018 -0.38318612459867196
0.895184108620352 -0.3783326032682363
0.9082867637891162 -0.37078655292401025
0.9245566486203148 -0.3588604767963808
0.9344735787900299 -0.3502900545074523
0.9460814098025921 -0.33909508416365186
0.9600052430943409 -0.3241048670900595
0.9771897927540463 -0.30343887325467317
1.0 -0.2726638185871302
