# CURVE 2D, normalized by CHORD
# COLUMN#1 = X-coordinate, COLUMN#2 = Y-coordinate
#-------------------------------------------------------------------------------
0.0 0.0
0.005387507926991321 0.011120938111025715
0.010282166524693973 0.020137323099585585
0.02004978894690822 0.03560328100884668
0.029819079924281587 0.04840137313919543
0.03965837435955784 0.05915534567133056
0.04966110464070786 0.06830819799496748
0.059942229028224984 0.07616185109150196
0.07064077252442155 0.08292208641031307
0.08192609451759032 0.08872124134621374
0.09400836507270245 0.09362948023958705
0.10715529239124574 0.09765572567006525
0.12172730803378991 0.10073501669054094
0.13821429056313606 0.10271341456476864
0.1573213289600341 0.10329818160493068
0.16817055450305357 0.10291801343885329
0.18011692284646827 0.10196783608030564
0.19340019720641008 0.10031563779239192
0.20833554343740426 0.09778140785160491
0.2253574198984627 0.09410985815979694
0.24508419612290874 0.08892952768726382
0.26845575035287705 0.0816680085188645
0.2970056273399595 0.07138629768718999
0.33363450851424825 0.056320087917885224
0.3596661859312762 0.0445694478075285
0.3854323845445392 0.032246959507392106
0.4242219958238353 0.012670839871547419
0.4626496361493442 -0.007607720402776208
0.5008524478897483 -0.028307287323142083
0.543215551570249 -0.05151431109403669
0.5856325679769231 -0.07462250245043411
0.6282747892637829 -0.09731177210518942
0.6713176310536327 -0.11923013925051625
0.6993358501712368 -0.13274840620673
0.7276456969383869 -0.14564411514527312
0.767987441111747 -0.16239737670460874
0.8000203487015377 -0.17405599634530675
0.8267584217060483 -0.18246198917500614
0.8497711040738348 -0.1885886225573622
0.8700028699950579 -0.19302418295433077
0.8880739814452622 -0.19615337725409418
0.9044184332482648 -0.19824214770896811
0.9193532938651694 -0.19948103654258692
0.9331181891196058 -0.20001021222889845
0.9458986529230345 -0.19993443848965944
0.9578432848093019 -0.19933410926078202
0.9690689525044363 -0.1982686830862012
0.9796749434040375 -0.19678581589732166
0.9897413518602831 -0.19492032607924434
1.008515041134788 -0.19013919304727173
1.0258161374375412 -0.18405575207103045
1.041953536969694 -0.17671557231325166
1.0571532400004995 -0.1681001451550098
1.0715773985455372 -0.1581386516827885
1.0853334683473912 -0.14671331031032644
1.0984776878227223 -0.13366226169715428
1.1110149677809675 -0.11878608277825504
1.117041519087222 -0.11058977026770839
1.1228921504586422 -0.10184799643913725
1.1285497639239233 -0.09252630494017919
1.1339928104245727 -0.08258997532055948
1.1391951446907884 -0.07200483650217956
1.1441259938825505 -0.060738094394201664
1.148748803047373 -0.04875645065299765
1.1530223863481897 -0.0360296892570932
1.1568992601104728 -0.022527780757507564
1.1603277658530227 -0.008225567692914668
1.1632515465797169 0.006898689305342568
1.1656110494380585 0.02286154791154696
1.1673384995310077 0.03968187977284633
1.1683668472916462 0.05736915469319817
1.1686226745102775 0.07593425553027844
1.1680290480680746 0.09538648818832705
1.166503267046075 0.11573685967589509
1.1639580073182585 0.1369977026151097
1.16029852463508 0.159185937756358
1.155421094938103 0.1823246819260253
1.1492084913331821 0.20644666894366212
1.1415285150103833 0.23159487758391467
1.1322299876928532 0.25782477482053573
1.121131596042192 0.2852105149295989
1.1080238526650823 0.31384205082098554
1.092649973594061 0.343835055624579
1.0747016647487155 0.37533061286307173
1.0537952059397329 0.40850574000019274
1.0294601119488647 0.44357530058268546
1.0 0.4821861339936817
