# CURVE 2D, normalized by CHORD
# COLUMN#1 = X-coordinate, COLUMN#2 = Y-coordinate
#-------------------------------------------------------------------------------
0.0 0.0
-0.03176983265803211 -0.009781909196252981
-0.06329272832945014 -0.020329271861376917
-0.08662288925373925 -0.029187833214583382
-0.09865085688818537 -0.03446685487672317
-0.11054581847702225 -0.04071728814790668
-0.11927738028140318 -0.046987368188517564
-0.12464054830253829 -0.05545666474522067
-0.12044966529946893 -0.06462466445202895
-0.11184435254379528 -0.07062786020817757
-0.10145529495051739 -0.07567502205750849
-0.08991498664377494 -0.08030498694408184
-0.06454346203313133 -0.08911664543908035
-0.03898259915580115 -0.09736887898793105
0.006263609047742553 -0.1121342591454271
0.051110140740695476 -0.12806695450747296
0.07503205676091082 -0.13737572314962584
0.09871427261104841 -0.1472780431920788
0.13764352376559055 -0.16531062693830106
0.17141386252044635 -0.1830538616117037
0.2015414836960972 -0.2008565885442833
0.2289088532742049 -0.21892851033336602
0.2541097013788964 -0.2374386165289941
0.2775826282634076 -0.2565523039330184
0.2996731446856415 -0.276452167614812
0.32067029281131554 -0.2973548270317602
0.34082976595380976 -0.3195334398756049
0.3603968160480092 -0.3433467110026215
0.3796289485809932 -0.3692890314776304
0.39883084877433483 -0.39809174712864565
0.4184251392775549 -0.43092800026202016
0.4391235008384391 -0.4699238581584757
0.4511334689805889 -0.49477620858330223
0.46251983889574466 -0.5199206026679697
0.4794006580131092 -0.560006257518023
0.4952786329382797 -0.6005004613857011
0.5102310154933787 -0.6405276583129323
0.5248684619130649 -0.680671333501969
0.539507109724872 -0.7208145704484579
0.5544541622688884 -0.7608437774628442
0.5700038285049907 -0.8006423467254115
0.5844889196582886 -0.8355671122241438
0.5998408684761006 -0.8701191632875563
0.6120315026527205 -0.8957541032668378
0.6248574902004237 -0.9210769764545043
0.6486440595441522 -0.9639483078438944
0.6725508082307177 -1.002370475940394
0.6974837210288052 -1.0383049470230146
0.7243753002091916 -1.0731989258808179
0.7545915007667087 -1.1085919202395662
0.772561461145871 -1.128098053035262
0.7910125488014459 -1.1471499080510357
0.8185682958492136 -1.174116798542227
0.8467933217901682 -1.200383353550794
0.8756163645986793 -1.2263927388102978
0.9044802731737382 -1.2523568478899436
0.9328429523848653 -1.2788651409032383
0.9525326298193301 -1.298872144551379
0.964477946834573 -1.3123089498173914
0.9728352994597423 -1.3227185660919667
0.9790760288361935 -1.3313407234784258
0.9877349998099642 -1.3453547761371136
0.993296066869778 -1.356780799034568
0.996946318349011 -1.3666917087611705
1.0000342547828263 -1.3799445023373842
1.0010000774095615 -1.3922865481797588
1.0 -1.4052894558937412
