# CURVE 2D, normalized by CHORD
# COLUMN#1 = X-coordinate, COLUMN#2 = Y-coordinate
#-------------------------------------------------------------------------------
0.0 0.0
0.017412901308632957 0.022209176549331244
0.02983226085970091 0.03640727174348159
0.03938034359596559 0.046227974617270365
0.046937776108767953 0.05322475466951738
0.05814316071624606 0.062118084940118515
0.06930991821134878 0.06885142326444507
0.0789833144271843 0.07249857969072089
0.08995685108759367 0.07334297641215315
0.09941004498268038 0.07009015248555524
0.10781202086637748 0.06242288331927453
0.1135722931539186 0.05297743269038117
0.11876427497288009 0.03941785365858334
0.12271118238944831 0.02311508791591406
0.12476077476583511 0.010562587964536702
0.12671344536664622 -0.007260936863693177
0.12823626775163308 -0.034309141274356254
0.1283766288959885 -0.08033026234916207
0.12714693475689437 -0.11667361204430364
0.12517539215866635 -0.15298479256639264
0.12270796312869475 -0.1892658818237267
0.11893811589975879 -0.23757339132789812
0.11488210793865315 -0.28585784356897076
0.11076468747454285 -0.3341371203650342
0.10677472423118221 -0.38242705851632763
0.10308471335455975 -0.43074075473229095
0.09986514071003233 -0.47908793811334327
0.09729396369967785 -0.5274737270026051
0.09589452101580712 -0.5642640291237316
0.09508079427364936 -0.6010718040629598
0.09496450646468572 -0.6378881981073873
0.09565723905631221 -0.6741056150343034
0.09729830968726204 -0.7102921076719433
0.09922719636707068 -0.7370516716717599
0.10185678082317676 -0.7637512803601845
0.10764376086284282 -0.8054884638797142
0.1141477705619296 -0.8392317563357503
0.12108159387557453 -0.8671928710269984
0.12827618983738157 -0.890813979939708
0.13563202050705064 -0.911075628428306
0.14309145063538323 -0.9286784568007723
0.1506236848031132 -0.9441363261181938
0.15821547143230646 -0.9578402676971322
0.1658660071287426 -0.9700820383327496
0.17358287002800063 -0.9810959528791733
0.1813798880015162 -0.9910680145098016
0.1892766104878151 -1.0001399509484983
0.19729639893593942 -1.0084308247894342
0.20546730269897873 -1.0160328758670663
0.21381988861385662 -1.0230251059164124
0.22239121178751883 -1.0294636796315424
0.2312196964696354 -1.0353995757578647
0.2403537598821419 -1.040863421115342
0.24984196386567328 -1.0458845175527907
0.25974496914746664 -1.0504752211368522
0.27012801089208016 -1.0546420642921772
0.2810710210243664 -1.0583771905392854
0.2926608509243416 -1.0616653156723348
0.30500188049873067 -1.0644757592704523
0.31821533808499314 -1.066763013500161
0.3324466188451572 -1.0684613006842067
0.3478621538113992 -1.069484509117884
0.36466729506587797 -1.0697129754631791
0.38309336564274005 -1.0689965894364688
0.4034266183476241 -1.0671316930096142
0.42599519528297625 -1.0638595506779287
0.45118508127539836 -1.0588437074432424
0.4794279782501567 -1.0516595265242696
0.5111873961467723 -1.0417789051619106
0.5469125019168598 -1.0285698258381428
0.586939522758862 -1.0113311043301185
0.6313253875785441 -0.9893887298381001
0.6556505167809841 -0.9761498075439267
0.6796194450301156 -0.9622762466257747
0.7053291215529445 -0.9464849796814919
0.7306158024047034 -0.9300247480720256
0.7566923622010491 -0.9120641987615876
0.782288781830453 -0.8934257181563947
0.8074499999598675 -0.8740816517182495
0.8320946942716467 -0.854083705948935
0.8551261734242314 -0.8343777901585199
0.8776321815364765 -0.8140738986503457
0.8977182005199222 -0.7949793126541027
0.9172966999850076 -0.77536479766022
0.9505164522009876 -0.7393591463036785
0.9775679708825558 -0.7067653638009257
1.0 -0.6765892185087381
