# CURVE 2D, normalized by CHORD
# COLUMN#1 = X-coordinate, COLUMN#2 = Y-coordinate
#-------------------------------------------------------------------------------
0.0 0.0
0.01961226074101398 0.017508762056697703
0.03965053509010259 0.03452761860066922
0.062321441729199 0.052358668985531744
0.07720237400831044 0.06292597393897896
0.0876680233959448 0.06961417363447842
0.10133563737930225 0.07705897212441491
0.11303740187876783 0.08173893828819662
0.12333346609343439 0.08374925033713951
0.1332937410218858 0.08213177765772153
0.14101967305560598 0.07470739055400052
0.14449532749861052 0.06398325347594848
0.14533318064798184 0.04904219603022723
0.14409845387116926 0.03389132812693936
0.14225081750494012 0.021763317983236566
0.13859512211075217 0.0037311104809593164
0.13104987774093613 -0.025910086221948125
0.12224042479705091 -0.055741118162000704
0.11272246143318115 -0.08535439244322446
0.09794942983661908 -0.12855066829540834
0.08259066994590564 -0.17154258395254024
0.06690082308272323 -0.21441492730664358
0.051047651165617824 -0.25722719792706367
0.035153842201933745 -0.300024409089273
0.019316832483122326 -0.342842660151078
0.0036201711193660484 -0.3857125358201655
-0.011859085932516906 -0.4286613537025363
-0.025298542987616496 -0.4667040040935913
-0.038456917270056866 -0.5048447509936599
-0.05127841725011184 -0.5431000100840662
-0.06370164380420035 -0.581486393562247
-0.07565777994101167 -0.6200207366820627
-0.08619505312093492 -0.6556795198169406
-0.0961958332338821 -0.6914923678042095
-0.10557512469572018 -0.7274728420094592
-0.11447722386877916 -0.7647239058937584
-0.12247357736546476 -0.8021795320431971
-0.12771921645562814 -0.8301057239215153
-0.13228582894859844 -0.858150758900612
-0.13778183757869605 -0.901987469881966
-0.14047643208972288 -0.9374080972346406
-0.14127245727212054 -0.9667234636367174
-0.14073828133711144 -0.9914644132042433
-0.13924280982889264 -1.0126825916230078
-0.13703521419375092 -1.0311383261386051
-0.13428312220317182 -1.0473815146762608
-0.1311039132946948 -1.061833761444168
-0.1275781843050048 -1.0748165441829132
-0.1237599203855659 -1.086575870440763
-0.11968557921402777 -1.0973098661131617
-0.11537877887864202 -1.1071809895579816
-0.11085099996077515 -1.116315975883669
-0.1011405766684082 -1.1327856731182142
-0.0905016338929927 -1.1473680928172394
-0.07878086782841867 -1.160517056772713
-0.06572705948453876 -1.1725613864942441
-0.050958219473061665 -1.1837315549717922
-0.03391242433959971 -1.194181286386458
-0.02428344542190288 -1.199162318867389
-0.013733566279963012 -1.203984044587242
-0.0020771830187443726 -1.2086395120500184
0.010925765299330778 -1.2131117745213504
0.025596249822362197 -1.2173695371624393
0.04235992256830199 -1.2213623885718905
0.06183653324308704 -1.2250064209592324
0.08490994239120134 -1.2281700810430376
0.11299064044092975 -1.2306307133158148
0.14845574530295355 -1.2319990727542638
0.19597783598711097 -1.2315039989649832
0.23175227163396672 -1.229796772209697
0.2674753526471869 -1.22722429794776
0.31131437334064566 -1.223159829629048
0.3550798850064195 -1.2183649654041275
0.39878708985166306 -1.2130632464827575
0.4424534855285568 -1.2074344894224305
0.49018359286474034 -1.2010774393645232
0.5379063076637086 -1.194665017577327
0.585639537828843 -1.1883314738485764
0.6333979184468389 -1.182190736298585
0.6811927767513096 -1.1763410712807256
0.7290321257356913 -1.1708676136377338
0.7769208168270996 -1.165844646813842
0.8248607174189008 -1.1613371233396663
0.868591302627798 -1.1577260388985013
0.9123610123365263 -1.154625460688591
0.9561657528860276 -1.1520674474264754
1.0 -1.1500786187463974
