# CURVE 2D, normalized by CHORD
# COLUMN#1 = X-coordinate, COLUMN#2 = Y-coordinate
#-------------------------------------------------------------------------------
0.0 0.0
0.015064930474394946 -0.011769145754229918
0.02798412826363915 -0.021103727095002897
0.03965390432510473 -0.028901069090806038
0.05027970027391196 -0.03545031539798735
0.06002637782148593 -0.04097540252682716
0.06902511378459301 -0.04564868733484239
0.08519537278649637 -0.05296270084679004
0.09945190647565312 -0.05818762691403523
0.11226370204333948 -0.06184194292647823
0.12397468075165745 -0.06427009869631421
0.13484514028512015 -0.0657019328559673
0.14508166463619396 -0.06629232357264082
0.15960514870358566 -0.06579922131448271
0.17353806345051542 -0.06377474222912233
0.18728123292722434 -0.06019825854186076
0.2012201875179326 -0.054872803138021904
0.21082575969056414 -0.05015723124270085
0.2208480321870645 -0.04428796900722627
0.23146269897902383 -0.036976015272758005
0.24289549350779474 -0.027792812416291737
0.25545099400837623 -0.01609208797260585
0.26957365930317795 -0.0008427539943653054
0.27742520339138776 0.008611872800020737
0.2859644168578221 0.019698961373658886
0.2953663273079394 0.03287933182508695
0.3058868308799632 0.048835649368611345
0.31792752876358615 0.06864581327042314
0.3321847713944121 0.09417352947825135
0.3501160232118813 0.12926266096141437
0.36342070734834186 0.15722151477751276
0.37621356979504567 0.18541851099641582
0.3930260460999619 0.2240202743100064
0.40942149228641467 0.2628012817289724
0.42564192289718616 0.30165591800187497
0.4419058970311651 0.3404923249361253
0.4584222018692655 0.37922196063294816
0.4756707875157136 0.41834936215530166
0.4936307872850411 0.45715489869919496
0.5050658806334895 0.48065066690999575
0.5169287691852401 0.5039332314071333
0.53567653442833 0.5383293058620869
0.5517778903703181 0.5654454793406785
0.5660840904214669 0.5876391020589568
0.5790673034041877 0.6062425439160971
0.5910269661987182 0.622105792093197
0.6021674831439039 0.6358063871972796
0.6126378193220475 0.6477591985087738
0.6225506996097552 0.6582712469169918
0.6319952874687305 0.6675781874722365
0.6410435353810042 0.6758633571026594
0.6497544798711546 0.6832707176520288
0.658178864731741 0.6899181378819894
0.6663597552738053 0.6958998561724428
0.6821392213672471 0.7061660831560186
0.6973501269686091 0.7145417953736503
0.7122082441046897 0.7213552579394241
0.7269035387722662 0.7268274464276938
0.7416140371862613 0.7311068752366242
0.7565149290123204 0.7342783797951229
0.7717884588539502 0.7363731537816673
0.7876340486289911 0.7373698946128886
0.8042771216247712 0.737194243952506
0.8219855629742834 0.7357042114374095
0.841088741146343 0.732672688139469
0.8512898926750794 0.7304769670255553
0.8620051061088737 0.7277558542032115
0.8733046126587021 0.724442348675023
0.8852742625371615 0.7204501205995364
0.8980141401933706 0.715673815569431
0.9116375523807273 0.7099886194368267
0.9262821993953384 0.7032368503210408
0.9421115715699447 0.6952237340217123
0.959330535560287 0.6856968322281115
0.9781814252223225 0.6743449281111863
1.0 0.660063802277953
