# CURVE 2D, normalized by CHORD
# COLUMN#1 = X-coordinate, COLUMN#2 = Y-coordinate
#-------------------------------------------------------------------------------
0.0 0.0
0.007711673702916904 -0.0034871167602301004
0.014541099611518128 0.005492217216880439
0.022197081360843345 0.021312340497207996
0.03257673458384876 0.04790266261306982
0.04766270082601127 0.0918069475579563
0.062001266936112014 0.13596259098088423
0.07619933982286056 0.18016374138933824
0.09056411771487305 0.22431091506506837
0.10530907553867035 0.2683324154096421
0.12033658078901377 0.31137650979356885
0.13607823799918098 0.354164310661126
0.1527190570892665 0.3966100834368927
0.16840612956205475 0.4338928635199901
0.18514347798197842 0.47071552409528544
0.19781021820849579 0.49656528186847904
0.2112050546452515 0.5220450413333343
0.23335860062685954 0.5601188249138678
0.25279859755801765 0.5895278827728678
0.27023776011279493 0.6128965331816777
0.2861457337211874 0.6318547510091368
0.30085742008306704 0.6474850376203182
0.3146220783101287 0.6605321199380184
0.3276353519729451 0.6715316241416002
0.34005159337378527 0.6808667111545388
0.35200067825734005 0.688826885421591
0.3635935685071834 0.6956311002937885
0.3749265875792867 0.7014427802407739
0.3860863172826681 0.7063829587910974
0.3971541839553432 0.7105468348613527
0.4082072864641058 0.7140009456933661
0.419321578789487 0.7167906665502868
0.430573937274697 0.7189425840192453
0.44204428800541307 0.7204655101969818
0.4538177897002481 0.7213507881029861
0.4659870592186651 0.7215717072188524
0.47865794604764916 0.7210775968745461
0.49194619069324746 0.7197999088244796
0.5059884922308532 0.7176373571964089
0.5209452839810845 0.714452517679299
0.5370041035890882 0.7100647928165141
0.5543922877422374 0.7042310095698037
0.5733816440859616 0.696631184431574
0.5942971808798285 0.6868443118007408
0.6175263754878758 0.6743147651879161
0.6435100416952296 0.6583270452369974
0.672722947033249 0.6379731165838943
0.7055855225014143 0.6121792536997936
0.7422666405003978 0.5798557360790769
0.7625740046403353 0.5603631457349785
0.7823197607663943 0.5403016897042558
0.8035923765676604 0.5174301034467952
0.8242067677765742 0.49396341208062466
0.8450361862402139 0.46886020567885933
0.8651443111861387 0.44317559007792495
0.8838828496995703 0.41780101729670566
0.9018937115833797 0.3919049541861352
0.9173937892343883 0.3682204276929612
0.9322148335194615 0.3441053329262212
0.9556215307111071 0.3021206072989686
0.9729083021948032 0.26649595613573596
0.9853259120558028 0.2366992959433407
0.9940728858239563 0.21180791170251584
1.0001104195650514 0.19089113081147577
1.0041501255427023 0.17315679279284577
1.006711858018452 0.15795758571911897
1.0081675179005878 0.14478474935252236
1.008780463417742 0.1332467271161439
1.0087404808130422 0.12303644926517471
1.0072111441859286 0.10568345559909065
1.0042701595929338 0.09134320898789322
1.0 0.07843895332102324
