# CURVE 2D, normalized by CHORD
# COLUMN#1 = X-coordinate, COLUMN#2 = Y-coordinate
#-------------------------------------------------------------------------------
0.0 0.0
-0.03866569887787389 -0.02182336342261375
-0.07707499312564077 -0.044094632846860084
-0.10163223494825117 -0.058732831917768236
-0.12601851072963752 -0.07365400529719728
-0.16178592811396528 -0.09641125110374572
-0.1895857463802009 -0.11502160098668845
-0.2120128655325177 -0.13080196482102177
-0.230570044386787 -0.14451437651943705
-0.24621177827616222 -0.1566438941570849
-0.2595869533059632 -0.1675219338241407
-0.2711548407527685 -0.17738467365394203
-0.2812543025812093 -0.18640798280281112
-0.2901386872147632 -0.19472456843211386
-0.29800733910770943 -0.2024402727107553
-0.30501628638097555 -0.20963899927952728
-0.31692599635042473 -0.22274285366768742
-0.32661701226280054 -0.23445360972103388
-0.33459605593074593 -0.2450630802826885
-0.3412287526667694 -0.254790349653835
-0.3467775930502343 -0.26379933217272833
-0.35348428120053094 -0.27623961280235504
-0.35865912513258696 -0.28767924537270384
-0.3626212258819571 -0.29836421362222293
-0.36559300118467314 -0.308488083048879
-0.3682651413850991 -0.32137794248686957
-0.36966206913303196 -0.3338508105237002
-0.36989058563471894 -0.34617181140423636
-0.36896496531830264 -0.3585913874164027
-0.36680636114589926 -0.37136711198936356
-0.3642733081516124 -0.3813535606543693
-0.3608209194964659 -0.391842078528218
-0.3562625739419546 -0.40300378756119504
-0.35033447761704006 -0.4150488031077787
-0.34265298647522535 -0.42824889399726984
-0.336290645151656 -0.4378641020611391
-0.32867376516348357 -0.44828963154437573
-0.319495530250583 -0.45970046627803307
-0.3083412762077735 -0.47232133220398886
-0.2946361830086103 -0.4864488035141123
-0.28658673785912414 -0.4941963195067659
-0.2775687540215201 -0.502481304800922
-0.26742452244020626 -0.5113766054208766
-0.2559568752069779 -0.5209714560184363
-0.24292149550754236 -0.5313737140514135
-0.22801263504028704 -0.5427150068158861
-0.21084388991251088 -0.5551574844608567
-0.19091803389788742 -0.5689046712748548
-0.1675838877687262 -0.584216537235074
-0.13997972168220574 -0.6014282146276843
-0.10692353005454382 -0.6209883653930605
-0.06678178944540736 -0.6435005614666195
-0.04206645944883092 -0.6568006414434115
-0.017198811849535683 -0.6698137758055652
0.01397788469748516 -0.6856681816008611
0.04533583170862446 -0.7011611140918975
0.08570471115112441 -0.7205227915696253
0.12629476172862378 -0.7394165614287961
0.16231047476384491 -0.7557605873063277
0.19845723165479956 -0.7718127686475589
0.2347206086019516 -0.787599771286975
0.272601962602407 -0.8037864771819908
0.31058464335144415 -0.819733997989609
0.3486583860230766 -0.8354629020032796
0.38681463243600483 -0.8509906150926031
0.43229481825812227 -0.8692189731835505
0.4778700134434408 -0.8872084961588825
0.5235309566119761 -0.9049792715974763
0.5692695075497876 -0.9225493544208776
0.6150786694503051 -0.9399345223905278
0.6576740190183089 -0.9559249338589534
0.7003205611498887 -0.9717783172296333
0.7430144585310554 -0.9875037317960996
0.7857522130701373 -1.0031095658445002
0.8285307215259127 -1.0186033419303424
0.8713471737259868 -1.0339919560369615
0.9141990688312418 -1.049281600355368
0.9570840449493401 -1.0644782136474107
0.9999999999999527 -1.0795871225954992
