# CURVE 2D, normalized by CHORD
# COLUMN#1 = X-coordinate, COLUMN#2 = Y-coordinate
#-------------------------------------------------------------------------------
0.0 0.0
0.001841461252003542 -0.04960177743829407
0.004418745318181775 -0.09609952820019076
0.007728665357364478 -0.14114055907167503
0.01172609165148718 -0.1847859475896012
0.016368825210007414 -0.22709369246605687
0.021618968876271648 -0.2681154685603656
0.027439607572350096 -0.3079033252607077
0.033797333602859914 -0.34650407896359436
0.04066074263205702 -0.3839622488450177
0.04800030918487337 -0.42032014104804966
0.05578849538360782 -0.4556173803760722
0.06399990614411413 -0.48989025515755874
0.07260982898780298 -0.5231750740419993
0.081595558357887 -0.5555047718939023
0.0909357870953453 -0.5869101560536321
0.10061029900289371 -0.6174205215813996
0.1105998932784879 -0.6470637135464532
0.12088631247097788 -0.6758661892937292
0.13145217401715115 -0.703853080609881
0.14228128335219017 -0.7310470781082804
0.1533578724170621 -0.7574705367305647
0.1646670509557643 -0.78314399249122
0.17619425421117582 -0.8080878102413726
0.18792579625036382 -0.8323202380592122
0.19984853513912879 -0.855858303849759
0.21194943394168497 -0.878719369311866
0.22421606613114947 -0.9009192065594216
0.236636488358696 -0.9224722354783775
0.24919886709537586 -0.9433929936072818
0.26189167781642525 -0.9636953043328961
0.27470374162025324 -0.983391960970904
0.28762427012128344 -1.002494176540246
0.3006422416006107 -1.0210150851177335
0.3137473122074755 -1.0389643419400543
0.32692891772710914 -1.0563535472283174
0.34017679539420576 -1.0731929617890372
0.3534808565709084 -1.0894920328755868
0.3668311015427236 -1.1052599771718947
0.38021758745064343 -1.1205064526641901
0.393630532967932 -1.1352403378200804
0.40706026271654405 -1.1494703020960415
0.4204972065850981 -1.1632041903162755
0.433931887203835 -1.176450952297158
0.44735497618197984 -1.1892190025196838
0.46075722928787743 -1.2015157273177082
0.4741295627446489 -1.2133494268794958
0.4874630235714814 -1.2247279668815203
0.5007488714577178 -1.235659682486543
0.5139783345385827 -1.24615129300804
0.5271431013634953 -1.2562117259655077
0.5402349166446974 -1.265848722633509
0.5532457460788803 -1.2750701508396047
0.5661678038676753 -1.283884020701202
0.578993581546324 -1.2922984978773677
0.5917158778206723 -1.3003219141014624
0.6043275394549487 -1.307961850434581
0.6168220392855798 -1.3152271053156215
0.6291931157741498 -1.322126261277455
0.6414346203637847 -1.3286673523789578
0.6535409010885977 -1.3348589358078173
0.6655068318970887 -1.340710004425399
0.6773274127102765 -1.3462289852853841
0.688998056827563 -1.351424462682352
0.70051461194395 -1.356305167667884
0.7118733793083306 -1.3608799649199808
0.7230711306573514 -1.3651578370153463
0.7341045467972837 -1.3691469015971516
0.7449713030250479 -1.372856329392768
0.7556690632017361 -1.3762945567616631
0.7661963353111314 -1.379470687157788
0.7765511810806224 -1.382392511592304
0.7867326870494112 -1.385068745730563
0.7967402558874311 -1.3875079155010104
0.8065735045478384 -1.389718242734777
0.8257161434700775 -1.3934834220359562
0.8441642343990545 -1.3964278852409964
0.8619248430535614 -1.3986112918871014
0.8790088824287867 -1.4000903348464255
0.8954309225269871 -1.4009188342906707
0.9112082751066449 -1.4011471523325634
0.9263592447374421 -1.4008210785755169
0.9409055899485971 -1.399984410965172
0.9548688558210051 -1.3986761599636202
0.9682722938391984 -1.3969325921466125
0.9811385891791766 -1.3947858108238298
0.9934909603698131 -1.3922649947607157
