# CURVE 2D, normalized by CHORD
# COLUMN#1 = X-coordinate, COLUMN#2 = Y-coordinate
#-------------------------------------------------------------------------------
0.0 0.0
0.024275645545920703 0.0418918811350073
0.04595411173548556 0.07502783643661924
0.06598834708338032 0.10235525488610024
0.08456956022624901 0.12505910979918206
0.10187445006927962 0.14404185667173183
0.11806684727669764 0.16000799609954236
0.13329117991032172 0.17349864559105682
0.1476761077632581 0.1849377011479694
0.16133618181152204 0.19465980283409623
0.17437292207522279 0.2029294075784764
0.1868774344659272 0.2099582754669825
0.19892924940506543 0.21591036552589365
0.2106025191196545 0.22092152966500692
0.22196354107496882 0.22509688860894103
0.2330737892474809 0.22852002010140718
0.24399144142381077 0.23125949746287722
0.25476901911266286 0.23335767140831126
0.26545964277972506 0.23485574746266402
0.2761133264220679 0.23577335424815576
0.28678024495052623 0.2361209022569391
0.29751036773427647 0.23590113658932577
0.3083561503571887 0.23509685059126706
0.3193698912600772 0.23368999018577136
0.3306092915436966 0.2316399327050995
0.34213479589068985 0.22889650809047996
0.3540120737929152 0.22539229437799624
0.36631534008590877 0.22103615644968191
0.3791237827828257 0.2157192803152641
0.3925295020095832 0.20929759718732774
0.4066363688729156 0.2015909799394859
0.42156320037250666 0.19237213432742978
0.4374476074363369 0.18135186394305386
0.45444916319796214 0.16816193432850163
0.4727534671911155 0.15233110084761883
0.492579299369887 0.13324680611986756
0.514183282938542 0.11010945074718642
0.5378618812077566 0.08187612516332515
0.56396234657991 0.04715495085361053
0.5787074228589503 0.025813045380051185
0.5928804142727516 0.00408684661981015
0.6093253158185399 -0.022656638565536104
0.625054000547498 -0.04982774316786602
0.6434520510326862 -0.08366362889254343
0.660944608870957 -0.11797666435589399
0.6815430455245713 -0.1611981164985533
0.7009862825128306 -0.20495174767404734
0.7164894942699509 -0.24202100251389874
0.7313079409772358 -0.2793693673731295
0.7454887309500867 -0.3169645517196487
0.7584735603915018 -0.3530694413426672
0.7709473950991129 -0.38935408867840554
0.7829391764911107 -0.425800927868167
0.7944750753407731 -0.46239464535951574
0.8087002873146715 -0.5097242160776583
0.8222538250834933 -0.5572505455839027
0.8351766951328101 -0.6049522694905348
0.8475052087968076 -0.6528110909429424
0.8579482547076746 -0.6952885972639874
0.8679733442339614 -0.737866700908614
0.8776010050522757 -0.7805364428345284
0.8868506315319195 -0.823289740822565
0.8957410266989899 -0.8661191956260914
0.9042914843282068 -0.9090178227448458
0.9132890745850119 -0.9560727724458642
0.9219310028879615 -1.0031943581778604
0.9302500788689935 -1.0503740338935639
0.9382880984607319 -1.097602429989719
0.9461032523046593 -1.1448682443516545
0.9537869388277981 -1.192155635259743
0.9615072643484458 -1.239437036006007
0.969658139816364 -1.2866455599593716
0.9770100442858783 -1.3225994117513453
0.9799830061369915 -1.3338805550090393
0.9837351512946322 -1.3442211782794782
0.9909987568242888 -1.3481029542352734
0.9954631628497586 -1.3383199494625562
1.0 -1.3191808506375589
