# CURVE 2D, normalized by CHORD
# COLUMN#1 = X-coordinate, COLUMN#2 = Y-coordinate
#-------------------------------------------------------------------------------
0.0 0.0
-0.006948592849587346 -0.023792010088465616
-0.012650602160334085 -0.044930118511744506
-0.01766829120307387 -0.06514041981779589
-0.02207072848768597 -0.08451540803628901
-0.025906868269160024 -0.103122519131051
-0.029227381638274354 -0.12103341457275274
-0.03207376544286087 -0.1383089286096085
-0.03448223391758771 -0.15500416117089186
-0.036484768556403535 -0.17116973986416917
-0.03810951068142654 -0.18685222560457088
-0.039381119185755105 -0.20209450641970922
-0.040319098465280014 -0.21693386469740739
-0.04094353635944196 -0.23140892470194954
-0.041270936222221735 -0.245554470002415
-0.04131377698964298 -0.259401368722959
-0.041083162859006615 -0.2729797326865405
-0.040590209837086375 -0.28631997359793254
-0.0398411534713447 -0.2994485333910978
-0.03884175664874436 -0.31239226666849146
-0.037597270847270194 -0.3251780435015681
-0.03610972744938447 -0.3378311847976438
-0.03437824919574088 -0.3503766150401159
-0.03240324887367735 -0.36284075868111904
-0.030181578452912243 -0.3752496400064948
-0.02770820117167956 -0.38763018655268777
-0.024976075587861024 -0.40001058666784356
-0.021976003844884278 -0.41242067341409155
-0.018693724146302885 -0.4248932186489686
-0.015116588711961967 -0.4374628162971286
-0.011222525083586626 -0.4501699024083606
-0.0069891039983725825 -0.46305856890479113
-0.002386168497567704 -0.4761806487718063
0.0026250278195256707 -0.48959835780303684
0.00809069521714283 -0.5033850043027333
0.014073073563518812 -0.5176339519278845
0.020650652461321153 -0.5324619885673331
0.027931976806412892 -0.5480265977334157
0.03606530168806124 -0.5645422149210809
0.045269122271701656 -0.5823230599733402
0.055885950965150984 -0.6018622940457103
0.06850091712742697 -0.6240076075526082
0.0843129997989791 -0.6505087133564497
0.10670225093889217 -0.6863557951635574
0.1316040260449198 -0.7248145162237238
0.15681319396385376 -0.7630727750879767
0.18201598722675796 -0.8013352318885268
0.2040870975150848 -0.8353090934646471
0.22581268798796397 -0.869504807963984
0.24173884966156312 -0.8951887029404354
0.25740546511439266 -0.9210317268368344
0.2751726455870589 -0.9510562888186017
0.29263522152878324 -0.9812590933021794
0.31477496899946134 -1.0202933340716216
0.33678992094803534 -1.0593981932556251
0.35902693232894445 -1.098376952218537
0.3795825465977267 -1.133144380895869
0.39419757871455746 -1.156748871089492
0.4063352329139271 -1.175496591098619
0.4170694027535702 -1.1913678744236162
0.42689788883005764 -1.2052891199027016
0.4361007285664177 -1.2177853967145504
0.44485121219025925 -1.2291816564723703
0.4532672680363414 -1.2396984919673786
0.46143466775432385 -1.249496263694252
0.4694164786418208 -1.2586897145595515
0.4772631941344757 -1.2673704595600723
0.4850150782704235 -1.2756089348059296
0.4927054507459259 -1.2834595158122037
0.5003634776951195 -1.2909708710401873
0.5080142820213644 -1.2981802580386954
0.5156805953313759 -1.3051194683511762
0.5233832439396295 -1.3118159371403175
0.5311415182295979 -1.3182933552657903
0.5389746491594641 -1.3245699694920485
0.5549358799802044 -1.3365918930453227
0.5714092011089971 -1.3479951659827847
0.5798839154792328 -1.3534919782973533
0.5885417525976434 -1.3588648771586955
0.5974025369016582 -1.3641213098514602
0.6064871808968847 -1.3692676732595714
0.6158193817188281 -1.3743088381096766
0.6254210326092141 -1.3792501068942924
0.6353171567885988 -1.3840951601016467
0.6455345913799125 -1.3888468173969846
0.6561043967770633 -1.3935065180031034
0.6670582026123403 -1.39807536051592
0.6784284529068505 -1.4025538671198516
0.6902567660314363 -1.4069402975165572
0.702582550608538 -1.4112330309378613
0.7154543572699814 -1.4154283042015938
0.7289201893684891 -1.4195219527515615
0.7430426012226818 -1.4235067725440886
0.7578827260203005 -1.4273751350241517
0.7735119445505525 -1.4311169126768453
0.7900107664321273 -1.4347195480602544
0.8074736025275443 -1.4381670984305557
0.8260025138728365 -1.4414409976273077
0.8457148906601349 -1.4445185298622052
0.866745989897694 -1.4473720372222205
0.8892541288749526 -1.4499675347870244
0.9134172860546371 -1.452264727747238
0.93944492430035 -1.4542142070298687
0.9675819019526481 -1.4557557824676435
1.0 -1.4568621560952615
