# CURVE 2D, normalized by CHORD
# COLUMN#1 = X-coordinate, COLUMN#2 = Y-coordinate
#-------------------------------------------------------------------------------
0.0 0.0
0.001269423610212981 0.01645070795828469
0.002695635291109956 0.030661087361252202
0.004291534043161584 0.04361981017546968
0.006024351133013617 0.05548765560684026
0.007868526581112692 0.06639454649420728
0.00980320234109293 0.07645312738676391
0.01387951103750746 0.09440315539579183
0.01815477131836938 0.10995166452750008
0.02256475587259252 0.12356163628494793
0.027068288502342126 0.13558744097270928
0.031640060683000744 0.14630095033435175
0.03626550669523378 0.15591809566204004
0.04329118527285844 0.1686504126775222
0.050423181667222254 0.1797352014271237
0.05768047540566056 0.18949663188022772
0.06509603456628535 0.19817929842455637
0.07271443237343124 0.20596833510487153
0.08059213218360486 0.21300255930422823
0.08879724392590653 0.21938889433497152
0.09741259556339629 0.2252060387834479
0.10653973327262517 0.230509105087982
0.1163036559561221 0.23533247068693366
0.12686250465576893 0.23968855095451794
0.13841823612801255 0.24356649223105764
0.1512386443807132 0.24692512680002693
0.16568642082726545 0.2496833108294785
0.17646466260148178 0.25112277138044625
0.18839137321044166 0.25217219629028037
0.20173567960951672 0.2527431180494743
0.2168635913967693 0.2527089985717839
0.23429288141058668 0.25188400647171283
0.25479001789605943 0.24998577776977846
0.26654303862617285 0.2485020226094562
0.27957579961229945 0.24655799469382025
0.2941909905659758 0.2440402561879383
0.31081498706589805 0.24078974637611394
0.3300960238724781 0.23656677727738804
0.35310117105714894 0.23098186591516912
0.3818471340582804 0.22331178385202613
0.42127038853653176 0.2118265352499125
0.4605588482781923 0.19959376582455698
0.4997087789242352 0.18692382011892744
0.5367390353664676 0.17473440906963916
0.5737700267273684 0.16254723234606072
0.6108561536976106 0.1505290914759587
0.648047854976973 0.13884217398065177
0.6736010601724989 0.13111499569172244
0.6992394254411534 0.12367544587857106
0.7373964192328606 0.11330919146564852
0.768817712541428 0.10553052031533884
0.795885423155984 0.09947392732606024
0.8198271498909642 0.09467997214584765
0.8413760552136736 0.09086739276812583
0.8610164760347954 0.08784656322779155
0.8790904654028022 0.08548142274481466
0.8958498439651587 0.0836706878754612
0.9114875439345751 0.08233622806509505
0.9261566815021475 0.08141584843154055
0.9399781495369314 0.08086057529082173
0.953053449151025 0.08062946449778562
0.9654662754064669 0.08068910458683413
0.9772864229308329 0.08101207207021043
0.9885755413363226 0.08157447163650894
1.0 0.08240858360325953
