# CURVE 2D, normalized by CHORD
# COLUMN#1 = X-coordinate, COLUMN#2 = Y-coordinate
#-------------------------------------------------------------------------------
0.0 0.0
0.018673853427989016 0.01895081778898003
0.03501780807801533 0.0342423574142996
0.05028461502119166 0.04743701281417464
0.06463145264010184 0.05888013598998847
0.07819033752031625 0.06884719273823904
0.0910698111849543 0.07755353603778897
0.10336467788834482 0.08517712470553
0.11515355280874863 0.09185708351137405
0.1265079963181153 0.09771289878143925
0.13748901459401955 0.10283945844549502
0.14814918564562454 0.10731154342732147
0.1585385435421724 0.11119631706123649
0.16870161645357243 0.11454820293564355
0.1786762774659477 0.11740421821976617
0.1885021326377836 0.11980598745752602
0.20784007836449805 0.12333663772195992
0.22697383373770544 0.12528872108626166
0.2461454064134545 0.12572395222482155
0.26559199886745954 0.12462979971211695
0.28555587786194503 0.1219159275335634
0.29581194074329453 0.11989909205137761
0.30629386138999154 0.11740720607551418
0.31703899655738116 0.11439907077898857
0.3280827225839425 0.1108333334934972
0.33946446740464636 0.10665576301552071
0.3512229075533629 0.1018071228501879
0.36340082664112844 0.09621289784854946
0.3760387284432743 0.08979264363311769
0.38917710564291863 0.082453485768398
0.40285526841397573 0.07408899437190304
0.41710781294670574 0.06458180288257981
0.43196182340023553 0.053804578576755836
0.44743450922456274 0.04161939435924245
0.4635269689752051 0.027885752954087736
0.4802220595253794 0.012460010322469899
0.49747852504196516 -0.004793601856610614
0.5152294624310163 -0.02399783858463594
0.5333835719340416 -0.0452603319734575
0.5518290135174634 -0.06867178730822764
0.5704416006131036 -0.09431251562956813
0.5890956345987993 -0.1222629745963961
0.6076758228282648 -0.15263049025665512
0.6260879919843902 -0.1855712070507882
0.644266815432839 -0.2213360972688155
0.6621820365394302 -0.26031341677710623
0.6798430646348568 -0.3031103839869636
0.6888098572894209 -0.3268050695137542
0.6973080783857618 -0.35067186233065606
0.7062717219298551 -0.37751439580997886
0.7147047069750423 -0.40452840332200957
0.7238061045526308 -0.4358553349676712
0.7322886895589013 -0.4673555469987302
0.7418429102929206 -0.5058786985861498
0.7506364515815808 -0.5445827310567518
0.7581110777143756 -0.5802373127252689
0.7650836649478113 -0.6159935449503536
0.7716194687039837 -0.6518322599449442
0.7799522805895067 -0.7008321051220046
0.7877653452902734 -0.7499176626928648
0.7952332640643216 -0.7990570228492154
0.802541602095315 -0.8482204231319561
0.8098948751925207 -0.8973771046474509
0.8175291543282652 -0.9464908009142337
0.8257768761038566 -0.99576329223142
0.8349806687310228 -1.04486542336027
0.8403006238191223 -1.0702325644508595
0.846116682926775 -1.0954903774353995
0.8550177321834156 -1.1294529165167528
0.8626183626398843 -1.1543814855392247
0.8693220544521367 -1.1736058664919415
0.8753540947224538 -1.1889311459392315
0.8808566280623213 -1.20144019911202
0.8859276061215174 -1.2118336890158874
0.8950523229032702 -1.2280791329417895
0.9031426004897225 -1.2401388607302906
0.9104709221864331 -1.2493905526132496
0.9204430968799874 -1.2597279365895582
0.9295911056249226 -1.2671944349664526
0.9382532764665508 -1.272696712197492
0.9495098142498019 -1.2778287984215686
0.9609590343990553 -1.2809870794889207
0.9732153446413538 -1.2823471985090908
0.9834023813480294 -1.282066982353632
0.9949549099821221 -1.2803630865468247
