# CURVE 2D, normalized by CHORD
# COLUMN#1 = X-coordinate, COLUMN#2 = Y-coordinate
#-------------------------------------------------------------------------------
0.0 0.0
0.007393790251581591 0.006732261343605448
0.01677402368239751 0.0033716493521497074
0.0252263210268749 -0.005928111428146843
0.039546392272608775 -0.02765227218651175
0.052880669449281895 -0.05000729432832329
0.06790784951815423 -0.07486427570416525
0.08365815235089716 -0.09926799432801728
0.10239980361425415 -0.12548341818314887
0.11879242131241227 -0.14581290022610593
0.13399164913378345 -0.16258491170590456
0.14847468046311302 -0.1768256123848703
0.1625164557581896 -0.18912653313271427
0.17630886361555886 -0.19987277581867166
0.19000482975493208 -0.20933086290641187
0.2037393029172467 -0.21769209001843756
0.21764077330465872 -0.2250959012577247
0.2318407883652251 -0.23163909065467445
0.24647884767386155 -0.23739012967943027
0.26171423488855805 -0.24238438326795456
0.2777303553896501 -0.24663311517466116
0.294753141513026 -0.25011495455667443
0.3130647826665453 -0.2527753033335747
0.3330402803192253 -0.2545111831754344
0.35518774856647223 -0.2551575928503402
0.38025175121478255 -0.25444523660540985
0.40939192253098794 -0.25193204265585284
0.4446335870563668 -0.24683171471968335
0.49025403444778765 -0.2375069197082266
0.5254418446083469 -0.2286665148329204
0.5603629894861119 -0.2188225556752312
0.5990546316206599 -0.20702106507872067
0.6375833429765503 -0.19469671045781564
0.6760528413724083 -0.1821882984367793
0.7145733817053924 -0.16983839246976692
0.7532611229912922 -0.15802438165066143
0.7835730427715799 -0.14948506142623663
0.8141153696012611 -0.14181356293774114
0.8509283712094817 -0.13429499118875754
0.8776166161446346 -0.13043779522423762
0.8984182088537405 -0.12864822506664744
0.9153308382884348 -0.1281705045055224
0.9294780992298479 -0.12858630796233095
0.9415720642326222 -0.12963995090258423
0.9520870692208823 -0.13116967898438617
0.9696357193789513 -0.13526587462222922
0.9838925375235441 -0.14038459087568828
0.9958873576669499 -0.14632753503723409
1.0062630405066555 -0.15305656087554176
1.0154403925394322 -0.16064067447171224
1.0236970417438547 -0.16924218091495877
1.031206432788644 -0.17912812683503915
1.038053387792391 -0.19070045373029107
1.0442246446297723 -0.20455451915538142
1.0495667158500674 -0.22159507809946005
1.0518183545321584 -0.231725812364433
1.0536910792587222 -0.2432327752750851
1.055065575181179 -0.2564315325164281
1.0557744732207908 -0.27171638716634733
1.0555738247829265 -0.28961002152315846
1.0541152599590673 -0.3107867571468477
1.0508994298460708 -0.33612212419473586
1.0452047074261535 -0.36676235571074395
1.035998145145174 -0.4041802732425221
1.0218187975050466 -0.4502243675511639
1.0113385378205493 -0.47963306185991866
1.0 -0.5087219189800187
