# CURVE 2D, normalized by CHORD
# COLUMN#1 = X-coordinate, COLUMN#2 = Y-coordinate
#-------------------------------------------------------------------------------
0.0 0.0
0.002633318824773697 -0.01041045877694562
0.006804270977766717 -0.022643051488097247
0.011785869118105993 -0.032665688703729406
0.018097577289131073 -0.04058399663881213
0.02717707736299511 -0.045770548223930285
0.03755841791635018 -0.04573436576463648
0.04936854236009475 -0.04049940321384739
0.060142003689960574 -0.03231566454629622
0.07223672837325675 -0.02029434028428213
0.08143823759716724 -0.009602387622057769
0.09487166206102594 0.00786180596379499
0.11755311278075771 0.04099527206812827
0.14370381451067898 0.08288562181013498
0.1689116489165591 0.12535201763609477
0.1937477915222485 0.1680373145340059
0.21859121829320205 0.21071837126172419
0.2438982437531221 0.25347011121263874
0.2698106143732269 0.2958571905625326
0.29663646500170926 0.3376712561456283
0.31618360125460865 0.36650849161386806
0.336504786617153 0.39480498742600373
0.36570810191821923 0.4321009842447927
0.3890811194603634 0.4588006639286692
0.4086915844167835 0.4788755751395588
0.4256645364595306 0.494452250571694
0.44069390227161814 0.5068050770192888
0.45424649958112845 0.5167587252924996
0.4666485461463905 0.5248636803743262
0.47814714830559285 0.5315144240431294
0.4889293724107464 0.5369908317116366
0.49914146497228623 0.541494711046859
0.5089044005226246 0.5451779665026273
0.5274782671462426 0.5505136888061337
0.545316863809583 0.5535837558269597
0.5629779390207662 0.554665655523093
0.5809923641634006 0.5537978871135563
0.5999357223696703 0.5507916430538152
0.6099690720966747 0.5483509860303126
0.6205157584947718 0.5451684984225363
0.6317063044500479 0.5411144161419398
0.6437009080636885 0.5360130383371209
0.6566979699277097 0.5296285263134869
0.6709538744802345 0.5216337667952565
0.6868064022048589 0.511569798677639
0.7047062127636233 0.49878597175671235
0.7252688834618773 0.48233659736904894
0.7493387389231094 0.4608278884310923
0.7780260971279511 0.4322312306300442
0.7955246846474731 0.4132996593520933
0.8125033117374787 0.393900151780846
0.8329952157721713 0.3691663902191991
0.8528090327895302 0.3438859283580339
0.8742733396913097 0.3149458682349997
0.8949451328344686 0.28543446611452583
0.9134746507509315 0.25743349997735937
0.9312385817372882 0.22894089370023207
0.9449051272160502 0.205646144778569
0.9579350478217817 0.18198965621496332
0.9764961800637579 0.14476847820198396
0.9894018682346658 0.1149114853701972
0.998491932949792 0.09027233222626793
1.0049370110576785 0.06934963366165366
1.0094824002197476 0.05111693218274511
1.0125998009804833 0.034878616431391084
1.0146062698526768 0.020130831425850308
1.0157065606643658 0.006512408992429908
1.016040974311896 -0.0062573620376333095
1.0156958456470755 -0.01839571019148216
1.0147247755709317 -0.03008493276164435
1.0131486661629627 -0.04147964989259081
1.0109647983333871 -0.0527206356250201
1.008143097030076 -0.06394107104041184
1.0046242346954584 -0.07527603802127841
1.0 -0.08766364124606252
