# CURVE 2D, normalized by CHORD
# COLUMN#1 = X-coordinate, COLUMN#2 = Y-coordinate
#-------------------------------------------------------------------------------
0.0 0.0
0.009205120498842827 0.005135077153348807
0.020540370357894164 0.010285771588762068
0.036051456322392796 0.015885086244353648
0.0462142939220819 0.018897644061595182
0.05878880835783182 0.02208590844214176
0.07489397330635039 0.02549049573800992
0.09664003306959175 0.02918487116754975
0.12909134388746513 0.03336149357117646
0.1632078393616981 0.03663951822780414
0.19738261263813922 0.03924891051246654
0.23894706761891196 0.0419850091430408
0.280515854785502 0.04465537081195444
0.32206433689845804 0.04762215235882705
0.36356300814942405 0.051214434483977674
0.39219012560854805 0.05423389526877739
0.4207513820642899 0.057821660832190945
0.4617093773347831 0.06423692216133875
0.4942275755168489 0.07067260394306353
0.5212780025341827 0.07715903204912229
0.5444242115749669 0.08369528719608678
0.564615008074077 0.09027613195251828
0.5824787654503392 0.09689833046661132
0.5984695394605591 0.10356170120853048
0.6129168673337804 0.11026943233125217
0.6260737778199048 0.11702756944374755
0.6381370949957077 0.12384475197867706
0.6492648086661662 0.13073181659843658
0.6595850090794699 0.1377015760452235
0.6691987189983257 0.14476940972664495
0.6781954459266514 0.1519517771897696
0.6866460032643186 0.15926781878182072
0.6946108402941308 0.16673871949443433
0.7021412903270985 0.17438791990633806
0.7092807168183125 0.18224146481278658
0.7160633952839272 0.19033029008887833
0.7225221048076745 0.1986861454599628
0.728682113737043 0.20734631340186663
0.7345630689413557 0.21635468245978917
0.7401816626976027 0.22575995255942777
0.7455503525377996 0.23561793000959858
0.7506768554104579 0.24599424150964644
0.7555640870991637 0.2569667831913654
0.7602101092584868 0.26862779773018264
0.7646077074136503 0.28108644435340835
0.7687424700210447 0.29447638882039245
0.7725910057223797 0.30896441241046535
0.7761193250893647 0.3247581115905098
0.7792787165916956 0.3421236476511012
0.7819989026946303 0.3614163483271141
0.7841810653266982 0.3831130548526955
0.7856784316761354 0.40790284228104506
0.7862697584198952 0.4368190181946461
0.7855911152954058 0.47158840127276325
0.7829723200020686 0.5155236840419091
0.7801833928579749 0.5464383769182796
0.7767807493215678 0.577291770841416
0.7705583603593517 0.6252156520803033
0.7635809142265482 0.6730359792550643
0.7562389770811243 0.7208019519216917
0.7489150707742143 0.7685706786836959
0.7440803675510859 0.8015781439005741
0.7395951807343558 0.8346347732302318
0.7356297628401078 0.8677575263331172
0.7311764400499364 0.9166285805454732
0.7294239417385279 0.951229240376437
0.7291394249301196 0.9781494792302279
0.7297843702542235 1.0001385388335546
0.7310685790614216 1.018648261479134
0.7328137891153863 1.0345717921118986
0.7349043634322481 1.0484995072013492
0.7372637169495663 1.0608352843829638
0.739836574483712 1.0718872957997243
0.742585328334429 1.0818802428836973
0.7485158132459487 1.0993297798777084
0.7549292672135844 1.114188577045269
0.7617784783699926 1.1271131321147536
0.7690655748101173 1.1385556849484215
0.7768295654014721 1.1488362726665746
0.7851414254920127 1.15818680327118
0.7941021286914249 1.166779581245196
0.8038505510999389 1.1747378454551562
0.8145706131531913 1.1821474719751133
0.8265028788392532 1.1890604315522524
0.8399789866512777 1.1954887224371535
0.8554346293605489 1.201403296175261
0.8734978162693947 1.2067073943168631
0.8837681821139212 1.2090764697309857
0.8950576996976959 1.2112093086255697
0.907543881103994 1.2130566928089972
0.9214494365286523 1.2145519581456616
0.9370665632702874 1.215601965564012
0.9547459195095013 1.2160860659328718
0.9749620816651076 1.215832908118795
0.9999999999999996 1.2144880472521398
