# CURVE 2D, normalized by CHORD
# COLUMN#1 = X-coordinate, COLUMN#2 = Y-coordinate
#-------------------------------------------------------------------------------
0.0 0.0
0.020114365017511685 -0.027866759716707528
0.03944676109511251 -0.055982889542412116
0.05881634277319672 -0.08555089241743644
0.07825619914395907 -0.11672785848664613
0.09780466244749902 -0.14970218706651214
0.11750737299227956 -0.18470150363679338
0.13742043239889107 -0.2220064566728907
0.15761511366032918 -0.2619695793981945
0.17818584647409924 -0.3050486944503217
0.1888559268259853 -0.32839608871047354
0.1992639092171894 -0.3518615068558354
0.21029664383497088 -0.3775081899671113
0.22104155265231853 -0.40327680118476567
0.23259288800697908 -0.43188023752027327
0.24382313385817167 -0.46061127635031235
0.2561651599370243 -0.49326607792064425
0.26814067672903236 -0.5260570888781027
0.2818313700021135 -0.5649012736824364
0.29508616310857955 -0.6038963987139904
0.3062276677601657 -0.6377218797323787
0.3171018413492631 -0.6716342673627769
0.32773691761891216 -0.705622414473289
0.34165135448474115 -0.7512236261411048
0.35526376526632514 -0.7969159508804797
0.36865310262771606 -0.8426741768479165
0.38190495988730183 -0.8884724312500675
0.39511361270751333 -0.9342831732154635
0.4083847862176362 -0.9800758281412719
0.4203545873077595 -1.020816492729468
0.4325675736259263 -1.0614848604528417
0.445137875821814 -1.1020441076112455
0.454749669167491 -1.131963122548127
0.46469486190369 -1.1617728988789577
0.47951004164891553 -1.2037771399415573
0.49182344814219925 -1.236331849024714
0.5025360861323425 -1.2628389193622045
0.5121150011127129 -1.2850896378523478
0.5208388590268266 -1.3041639159434621
0.52889017121389 -1.320772795470914
0.5363959386557243 -1.3354114940336388
0.5434474739130918 -1.3484354664959683
0.5501161234778343 -1.3601198710144669
0.5564555986976347 -1.3706704244191321
0.5625103926021409 -1.3802547866084058
0.5683150688384153 -1.3890017740671479
0.5792901456888832 -1.4044045746106588
0.5895673064152539 -1.4175393532518914
0.5992846675606095 -1.4288715969835577
0.6085501814152002 -1.4387443257626804
0.6174503841845945 -1.4474146212244186
0.6260559722000923 -1.4550764522480786
0.634427841961994 -1.4618834375987
0.6426180621339863 -1.4679528695582897
0.6546651757596988 -1.4758794896216223
0.6665515319484354 -1.4826015100233247
0.6784080040107062 -1.4882904865074098
0.6903613447191397 -1.4930654128876584
0.7025399537685998 -1.4970039007831264
0.7150800166381807 -1.5001464431623734
0.7281334420304468 -1.5024976679738231
0.7418740097376111 -1.504028239585818
0.7565101920839531 -1.504666406350709
0.7668872506305596 -1.504539901264849
0.7778651587514028 -1.503912912444398
0.7895500002044724 -1.5027191248453586
0.8020733477316377 -1.500868395369882
0.8155899627179122 -1.4982474288521994
0.8302927555139986 -1.4947061308378307
0.8464238642765735 -1.4900459442286045
0.8642848108698551 -1.4840072698632896
0.8739840820128951 -1.4803638410307096
0.8842732377148039 -1.476233109742315
0.8952171365300813 -1.4715534563821513
0.9069006124206318 -1.466243847532402
0.9194144065208584 -1.460214933893403
0.9328658048838864 -1.4533592577650682
0.947383820752771 -1.4455454794904323
0.9631242196858151 -1.4366122691756973
0.9802652443949152 -1.4263705437711351
1.0 -1.413955395142728
