# CURVE 2D, normalized by CHORD
# COLUMN#1 = X-coordinate, COLUMN#2 = Y-coordinate
#-------------------------------------------------------------------------------
0.0 0.0
0.013301297521571318 -0.004684571615161899
0.02419129989276097 -0.008027086558883106
0.034092072303717316 -0.010642339597240905
0.05155466622132765 -0.014192039136814959
0.06661636708485492 -0.016040556236133794
0.07990199659968218 -0.01661875482368909
0.09186371684198637 -0.016200907810718326
0.10283017508474121 -0.014951498049119348
0.11305659030410453 -0.012965694889336134
0.1227445519564373 -0.010282109572027277
0.13663136340145932 -0.004921122832080329
0.14567410097175226 -0.00036725175914542043
0.1547083957598079 0.005108861247303955
0.16388084405967546 0.011703889499840204
0.17335980870070852 0.01971869734837258
0.1833568201834437 0.029616570603112975
0.19416826399132647 0.0421481696601669
0.20627019604005833 0.05863684005244312
0.2130596518841445 0.06910336096319057
0.22058367640574333 0.08176166810100967
0.22919778827685106 0.09764602520695095
0.23963490314307215 0.11884424829453645
0.2541255171250795 0.15149944749416372
0.2698245880026985 0.19006151976904787
0.28501494243119757 0.22882774409711057
0.3003459874422188 0.2675383473562527
0.31164203293905857 0.2949096165240276
0.32347213549053927 0.32205398417059256
0.33983963738941336 0.3566701982802434
0.3540947841666437 0.38397475544575893
0.36733588992074223 0.4070763578146534
0.3800463287642894 0.42736196525339726
0.39250383531670974 0.44561227258321795
0.40489787475075223 0.4623216224977427
0.41737737601131814 0.47783728714650636
0.4300740492559089 0.492414231643974
0.4431166289383136 0.5062541181174179
0.456642467949595 0.51952414307942
0.47080887568428087 0.5323722298916305
0.48580670657772046 0.5449390160062725
0.5018812902422337 0.5573695855507056
0.5193723801285578 0.5698301243400082
0.5387732228254244 0.5825354726312336
0.5608904691487182 0.5958084866774166
0.5872144929201499 0.6102298997496721
0.6213395041124684 0.6272054580270612
0.6517388785578 0.6411504021229889
0.6824059656916215 0.6544976121027966
0.7192189959556994 0.6700707427172921
0.7559998858975713 0.6857193748959578
0.792511767636148 0.7019836615550539
0.8268218346659318 0.7185951427137333
0.8512252049767645 0.7316308437529405
0.8706197413263842 0.7429940012448116
0.8868236664760311 0.7533631821904473
0.9007588702104611 0.7630718253488954
0.9129745468613231 0.772314097127548
0.9238270451486809 0.7812147634543842
0.9335647841636696 0.7898608912546038
0.9423675388341775 0.7983165851977437
0.9503724001111622 0.8066318106863053
0.957681277266122 0.8148461821004073
0.9643783700680375 0.8229932770398011
0.9705260847952859 0.8311013365934592
0.9813776864461178 0.8472976014450834
0.9905395680362487 0.8636050798031902
0.9982046033173739 0.8801653942652444
1.004483394816885 0.8970991392220578
1.0094264911335318 0.9145059431650464
1.0130354264741757 0.9324602735484046
1.0152705066363732 0.9510035102825193
1.016067586867761 0.9701277751096599
1.0153478318883422 0.9897610200825036
1.0143961751380042 0.999723823899472
1.0130410231374454 1.00974877649747
1.0112792089073868 1.0198019676362728
1.0091102341422438 1.0298436336680254
1.0065408207650726 1.0398289989646536
1.00358187122652 1.0497094022661633
1.0000000000000004 1.0601189595282472
