# CURVE 2D, normalized by CHORD
# COLUMN#1 = X-coordinate, COLUMN#2 = Y-coordinate
#-------------------------------------------------------------------------------
0.0 0.0
-0.024525214127339122 0.013504264065160736
-0.04861970950237739 0.02776096445109656
-0.07171524726646575 0.04298926479459185
-0.08509660525107947 0.05307462703472692
-0.09364962493979008 0.0604033194676445
-0.10358857717790954 0.07059980790572969
-0.11061562535968664 0.08043814548809651
-0.11478502025534372 0.09099676437344567
-0.11471205481598741 0.10199254220419139
-0.11014372297334374 0.11196886379697464
-0.10157762772052148 0.12132003797484246
-0.09250636847335565 0.12822304901109374
-0.0739342792761152 0.13893836536999263
-0.05473959150766113 0.1478501589357529
-0.008602555867732923 0.1657169854727661
0.03747852063937262 0.181671004246125
0.08368960825130817 0.1972464597613249
0.12983080424100021 0.21302729768822468
0.17578423101968013 0.2293460405322429
0.22146267402042355 0.24641860900070367
0.2615850210413247 0.26227545690270326
0.301384323331336 0.2789261472388187
0.34081190916880383 0.29643852122598674
0.37282758529031096 0.31148067716825967
0.40453171206028044 0.32716870442990187
0.43589471390464096 0.34352790879741385
0.47696093837919407 0.36632467422412834
0.5172969585640196 0.3903894784616424
0.5533849032614283 0.41347918297542546
0.5887361032791864 0.43768154088688377
0.620824553154629 0.4611535758295549
0.6521663422439071 0.4856135209980781
0.680865273530196 0.509488573027941
0.7088067780092835 0.5342456355879015
0.7345326561218696 0.5585128477615822
0.7594905032261325 0.5835691750934658
0.7825348657161764 0.6081948892559658
0.8048014550040964 0.6335259667927503
0.8253684222410935 0.6584495727787305
0.8451496057894999 0.6840012369422693
0.8633754114170891 0.7091234734906753
0.8808096137547394 0.7348013203476215
0.89677495024598 0.759966713818198
0.9119487788275151 0.7856170731719451
0.925690222062529 0.8105878426263812
0.9386478438094905 0.8359741344811242
0.9501749386135381 0.8604068333705489
0.9609360842188883 0.8851863541961454
0.9702888609544985 0.9086983014554879
0.9789047420064196 0.9324900895717798
0.9877366131317428 0.959761788275937
0.9956700819958885 0.98730919210317
0.9991996532597012 0.9959355699831447
1.0 0.9761326113023312
