# CURVE 2D, normalized by CHORD
# COLUMN#1 = X-coordinate, COLUMN#2 = Y-coordinate
#-------------------------------------------------------------------------------
0.0 0.0
-0.003932531793262871 0.02502096609049747
-0.006488250199304383 0.048034938548989076
-0.007932335096851295 0.06985159558570146
-0.008378020422364404 0.09042017791326734
-0.007936461293877943 0.10972215273748188
-0.006718975522460793 0.12777442496189606
-0.004827928155301212 0.14461492966458814
-0.002355820415169262 0.16029736891903446
0.0006143720144279031 0.17488864754731073
0.004012048212224201 0.1884586194222943
0.007776242629755448 0.2010817398617109
0.011856957918975362 0.21282926061818425
0.016212834837362616 0.2237709180878326
0.020809849155352524 0.2339750832026122
0.025622921218570644 0.2435000237030141
0.030631397363529943 0.2524048351025077
0.04118257888002118 0.26855328027225117
0.052401799431358996 0.2827779357622258
0.0642896912358802 0.29536162317169307
0.0768973489470104 0.3065251831281435
0.09032376906467476 0.3164301287221983
0.10471601648618695 0.3251846607002101
0.12027762400460695 0.33284220663261643
0.1372779223935813 0.3394004636955409
0.15607765059350887 0.34478689207883984
0.16629815021562644 0.34699418804233223
0.17716258339260962 0.3488392423429072
0.18876135343263123 0.3502811425900657
0.20120079374754896 0.35126775884973105
0.21460802420083197 0.3517323518778803
0.22913733415742227 0.3515891105320692
0.24498071486182227 0.350725997389932
0.2623736807653306 0.34899960656729256
0.28161873279302074 0.3462195466652831
0.30310923934731965 0.34213138738157467
0.32737938901804053 0.33638317147755215
0.3551777441066035 0.328476437902392
0.38763488281466585 0.31765966210657015
0.42664432761645144 0.30269386235678775
0.4514403703103453 0.29221085961826426
0.4759974530281248 0.2811792924356662
0.511779663319789 0.2641013324326194
0.5471742971878434 0.24623302578524867
0.5836302695888314 0.22704618642163502
0.6198610921315437 0.20743702502160888
0.6559802012930729 0.18762259742734683
0.6921187903165308 0.16784377769975348
0.7284358253603037 0.14839518001110585
0.7548138615931391 0.1348107158696619
0.7814839008741824 0.12181002383674895
0.8112016631291362 0.10858598820335863
0.832058636271475 0.10040624511578099
0.8480166157347047 0.09495730785361267
0.8608383447175094 0.09120928931563517
0.8714813781591925 0.08860782719911695
0.8883841632554487 0.08562534065733701
0.9014378202039971 0.08451211382980481
0.9120226856182545 0.08455648135849073
0.9249034224514844 0.08603660819028622
0.9354688036957213 0.08872081737360146
0.9473936729433476 0.09383181454872769
0.9579110591089425 0.10078813247666947
0.9653308438974482 0.10757198245752264
0.9726049524783364 0.11628426531753965
0.9799069809117477 0.12789034889188255
0.9848451155427116 0.1380763238527744
0.9898357706860198 0.15125504690611546
0.9947950991455099 0.1689897791390114
0.9971921062772833 0.18037485978107748
0.999453844713569 0.1941364587407743
1.001468486248913 0.21108505475888126
1.0030460281599247 0.2324345391307993
1.0038521598155283 0.26009864216623246
1.0032767566623577 0.2972322193287871
1.0019433153579502 0.3241561871388606
1.000000000000001 0.35104324612641463
