# CURVE 2D, normalized by CHORD
# COLUMN#1 = X-coordinate, COLUMN#2 = Y-coordinate
#-------------------------------------------------------------------------------
0.0 0.0
-0.012807926230286424 0.028842331124149224
-0.02015205848655896 0.04752481316796439
-0.02476264730216758 0.06089887347282537
-0.027748669861608427 0.0709243303575216
-0.031002169486078604 0.08492700846553386
-0.03261432569950585 0.09779585816509127
-0.032392668708842116 0.10793176174961325
-0.0298701360455326 0.1178515884457059
-0.02356032417637165 0.12639842762261436
-0.013652018613912274 0.13137903958464042
-0.0017036788304149334 0.13292590835378865
0.009296892823749455 0.13233731351821143
0.02120929477051832 0.13045012724806043
0.041834230113866507 0.12533051847033622
0.06006522048715099 0.11961246768095729
0.09617239835408203 0.10652038610592489
0.1424571521985813 0.08824503898892594
0.18867184569294235 0.06979205758175713
0.23512924676102837 0.05196105555032776
0.26480179442668794 0.04125307732372248
0.2946942961248722 0.031176224535111888
0.3382277937405486 0.018057964083290058
0.3738505396262473 0.008958742471294
0.40434783879709113 0.0025360638620426272
0.4311467930615596 -0.0019293721341052629
0.45511576385343144 -0.004884813066346566
0.47683841203172067 -0.006631500152624217
0.49673777403374136 -0.007384665718430146
0.5151304004077938 -0.007300440131878421
0.5322622884738314 -0.006494464111566905
0.54833032206809 -0.005053277890396062
0.5634969299929866 -0.0030424244041562408
0.5778938951781447 -0.00050795583798558
0.5916351168122297 0.0025160550252390024
0.6048154831046413 0.006009397830595086
0.6175199987016515 0.009959685177466785
0.6298220998210725 0.014364935490643393
0.6417877760444858 0.01923134509475335
0.6534769535012365 0.02457335187543103
0.6649448480965116 0.03041397093413885
0.6762432631573703 0.0367854208881153
0.6874218088675765 0.04373004942056599
0.6985290289236536 0.05130155884889705
0.7096134322085624 0.05956652920928765
0.7207246966703876 0.0686091206446296
0.7319152495026325 0.07853379432715614
0.7432422094825828 0.08947204928388595
0.7547698217223064 0.10158985776840196
0.7665730890906243 0.11510020432880257
0.7787450061380577 0.13028882634216174
0.7914041961204452 0.14753644214618306
0.8047143377827817 0.167383658208718
0.8189213573727129 0.19064656507180253
0.8344361647793009 0.21866283531545055
0.8520742165281544 0.2539825394608539
0.8633451213134726 0.2785068773506575
0.8740943211226229 0.3032645421274283
0.8889280799766276 0.3394027591001701
0.9031684665639569 0.3757793571817112
0.9171169281466464 0.41226912561360923
0.9311010092364751 0.4487452215350136
0.9440270281371458 0.4814299605982211
0.9576330627019576 0.5138367060720203
0.9719281915428463 0.5448510156727127
0.9827663760296923 0.5659361380401732
0.9917677463215367 0.5817520115796979
0.9999999999999992 0.594854125310053
