# CURVE 2D, normalized by CHORD
# COLUMN#1 = X-coordinate, COLUMN#2 = Y-coordinate
#-------------------------------------------------------------------------------
0.0 0.0
0.0283371178865002 0.008463639141040896
0.05358766811370906 0.015086654341338126
0.0770124620970925 0.02040270028004143
0.09900934623904349 0.024628962430036858
0.11985228949104137 0.027917613522204475
0.13974173383915572 0.03037985094233909
0.1588323585570119 0.032100028073669296
0.17724672682025594 0.033141866040128476
0.19508718739658912 0.03355587409044689
0.21243964033614202 0.03338035984487907
0.22937846674900908 0.032644487020898116
0.2459685604683448 0.031368505703949834
0.26226911729527225 0.029567512671398843
0.2783329373816189 0.027248203623572935
0.29420971601933044 0.024413200503796518
0.30994582937450615 0.0210589717408532
0.3255855071038249 0.017176497276789746
0.34117157860149616 0.012751254499710872
0.3567461275201864 0.007762995321331009
0.37235110787249864 0.0021854297370107823
0.38802892297684544 -0.00401418024753101
0.40382343621154226 -0.01087757684808765
0.4197799149363724 -0.018452287815386458
0.43594682468227575 -0.02679796417791917
0.4523761789145562 -0.03598486374452138
0.46912488283222525 -0.04609688225559734
0.48625663042065603 -0.057235371253748085
0.5038437872313937 -0.06952241947956249
0.5219704370398421 -0.08310672362052475
0.540737305950262 -0.09817299069586832
0.5602679574010567 -0.11495290357497791
0.5807193861825626 -0.1337438666642345
0.6023015096857421 -0.15494294265388223
0.6253108264885836 -0.1791025438496428
0.6502042501787648 -0.20705101585097843
0.6777722612602965 -0.24016570251331776
0.6939008183847785 -0.2605612606986266
0.7096872655593258 -0.28122283733576325
0.7308151142470815 -0.3098861840212927
0.7514622871007253 -0.338897916306799
0.7740665058677133 -0.37158044800534346
0.7963776521766678 -0.4044639560159479
0.8186153668897508 -0.43739722955838894
0.8410836928916378 -0.47017327137690046
0.8649405229664858 -0.5033775277794185
0.8785747652096894 -0.5210419424938942
0.888288869726676 -0.5327879886613912
0.8958323036082382 -0.5413122739230104
0.907141164656052 -0.5529086442070963
0.9154769300788916 -0.5603817108467952
0.9248494191364713 -0.5674923751594865
0.9340461466087764 -0.5729237909601077
0.9441882945672713 -0.5768467048604572
0.9545598701370364 -0.5782576832972628
0.9647974328893025 -0.5766716332938744
0.9743785335687484 -0.5721320428788249
0.9830300528708011 -0.5651903477696335
0.9902782615761833 -0.5570976591045549
0.9970839121667546 -0.5474611646717304
