# CURVE 2D, normalized by CHORD
# COLUMN#1 = X-coordinate, COLUMN#2 = Y-coordinate
#-------------------------------------------------------------------------------
0.0 0.0
-0.006446093014297376 0.03131508099902302
-0.010569063149661932 0.055806753409261646
-0.013226710918754212 0.07596329927601611
-0.014840195853945696 0.09282524730618862
-0.015695889539731233 0.10713353560106197
-0.0159915332351732 0.11942373423737793
-0.015867347456771708 0.13009470405726972
-0.01473739879883653 0.14772477867872583
-0.012830580898864925 0.1617099204713856
-0.010437649013983504 0.1731073622753846
-0.006275623220532944 0.18679754686262523
-0.001656706215892968 0.19764594155158638
0.003313779180818967 0.20653669482191925
0.010478112643701833 0.21627341442550874
0.018388711982338077 0.2243055928251377
0.027335059746356583 0.2311029906287517
0.03780235199658461 0.23690893601536614
0.047117285234032406 0.24064868706418072
0.05827433229380164 0.24378917112984883
0.07214177547809322 0.2461281427501654
0.08359599032048462 0.24703317582572806
0.09763199898629552 0.2471367030058633
0.11544325137740619 0.24599238140197127
0.1263708465948572 0.2447130620658224
0.13916314535134247 0.24275094989606744
0.15444480004217823 0.23984526060738354
0.17320323153295575 0.23557896343339987
0.1971681776958065 0.22921885350415636
0.2299313222529414 0.21925186836072438
0.2561991402053046 0.2104642872292418
0.28230756855257577 0.2012132162524676
0.32007590653362383 0.18719000384725418
0.35769229271004394 0.17276343066960614
0.3952460984796018 0.15817449258188496
0.4328162740301779 0.1436278147427466
0.47047455391709425 0.12931104789080894
0.5111679862338465 0.11437595747119227
0.5521198201570393 0.10016591829028025
0.5774912774234657 0.09189691371193191
0.6030057196430825 0.08408063982203567
0.6417338696344292 0.07335200453133815
0.6732740283443592 0.06581804462211588
0.6999135685498084 0.06045233741010658
0.7229491003462192 0.05666279992660632
0.743211680324221 0.05406768581217382
0.7612688896904926 0.05240701763982524
0.777530985409628 0.05149492614085824
0.7923068259915833 0.05119401757780646
0.805834741805384 0.051400858459499134
0.8183023711059945 0.05203651497230983
0.8298604713829636 0.0530399612816563
0.8406333153688087 0.05436316122449526
0.8507209080762616 0.05596969505232859
0.8691737857996362 0.059920757647091864
0.8857591670272881 0.0647312103176749
0.9008727812433025 0.07031245298763869
0.9148187963640743 0.0766253778317309
0.9278303291549307 0.08367384762762402
0.9400934898156114 0.09149628935628994
0.951757709113314 0.10016615645389566
0.9629452407969015 0.10979302185127406
0.9737561095501204 0.12052877179893152
0.9842712788065711 0.13257794414593882
0.9945538567013898 0.14621301809493878
