# CURVE 2D, normalized by CHORD
# COLUMN#1 = X-coordinate, COLUMN#2 = Y-coordinate
#-------------------------------------------------------------------------------
0.0 0.0
-0.0006389599954056106 0.011021878789550335
-0.0007259066240881459 0.021307944019924235
-0.00032021929986387646 0.03150259205107879
0.0005768017779367139 0.04168406056886207
0.00198107568951927 0.05193183209391183
0.0039196053705061575 0.062329188876534526
0.006438714705722227 0.07296742994745263
0.009605603875767059 0.08395043804449101
0.013513853965093577 0.09540044758398294
0.018293575478069615 0.10746737038625513
0.02255613393443991 0.11703470143825327
0.027513198853201897 0.12715841246873666
0.03329861493870018 0.1379670839029304
0.04009509304875955 0.1496308196666584
0.04815542088053144 0.1623799444959109
0.054404107959254 0.1716377182917073
0.06151795625526435 0.18164908855645207
0.06969629337231031 0.1925904301172497
0.07921803962176817 0.2047078603103937
0.0904843098854615 0.21835506417952646
0.104120852457206 0.23408440773647318
0.11213035501298504 0.24299745550081395
0.12118349826677102 0.25283088271543286
0.13156701762101425 0.2638401017761601
0.14371905232366816 0.2764167472975587
0.15835694981390025 0.29120470726988135
0.17682745344568107 0.30941851571455525
0.20228581331205656 0.33391958939074107
0.22511531303711216 0.35547546049448586
0.2480732209946862 0.37689457870233345
0.28465926479580533 0.41073787609739637
0.3212942932457523 0.4445281777724933
0.3578706842655733 0.4783819160820339
0.3943130560326361 0.5123798366445484
0.4295635100302433 0.5456185897232463
0.46461189919639534 0.5790703214897434
0.4983548162923406 0.611682756722798
0.5318998261665164 0.6444987343572898
0.5657601315637921 0.677995668305566
0.5994615203511118 0.7116525131887028
0.6330472760850577 0.7454247764713305
0.6631290214510873 0.7757752091918121
0.6932177411914885 0.8061187251221703
0.723378630022483 0.8363904784934292
0.7536901485760187 0.8665113304223631
0.7715731221860006 0.8840673845016941
0.7895612187799764 0.9015156886228282
0.8152672264036674 0.9259950362101163
0.8359487198949668 0.9452173641322646
0.8535191850303762 0.9611570118349826
0.8689349934067424 0.9748066338475084
0.8827545708868173 0.9867489510212308
0.8953338859376627 0.9973571225340154
0.9069201054725301 1.0068914245408043
0.9176894783864628 1.0155381091868514
0.9277741005188862 1.023437223888988
0.9372747358028177 1.0306958484502762
0.9462726336699656 1.0374005705802798
0.9548307003289963 1.0436184447649348
0.9630026341902906 1.0494068540570733
0.9783538794063401 1.059872261928122
0.9926025086250546 1.0690917064733934
