# CURVE 2D, normalized by CHORD
# COLUMN#1 = X-coordinate, COLUMN#2 = Y-coordinate
#-------------------------------------------------------------------------------
0.0 0.0
-0.007410963951732825 -0.0065406798214986805
8.675051604993303e-05 -0.012687206169196582
0.009886831301496856 -0.014993391737418064
0.03471946276770074 -0.018179255717101432
0.0699581218557361 -0.02086442356242951
0.10524108136104027 -0.022908714461959134
0.14053291046001729 -0.024795942243018045
0.1859187786940712 -0.027320530949475202
0.23128473504246316 -0.030178845963123542
0.27661627405155703 -0.03353732538668768
0.3218961463197006 -0.03753072042805124
0.36995085326926785 -0.04261392426385161
0.41788676689406795 -0.04871422261564047
0.45411335743805337 -0.0541201111588942
0.49021711211365526 -0.06029233790673602
0.5191468478681399 -0.06587743195584533
0.5479516341643879 -0.07207425558998032
0.5954651423984147 -0.08389499830885151
0.6353995082628259 -0.09565308367398812
0.6695158352551359 -0.10729441174380959
0.699053096105591 -0.11879633824608976
0.7249212351105112 -0.13015684684502704
0.7478008641658509 -0.1413870844248713
0.7682154760079217 -0.1525069756999365
0.7865735952570585 -0.1635423260245326
0.8032001459538956 -0.17452315990642522
0.8183520872011463 -0.18548269042081922
0.832242449926056 -0.19645708862481884
0.8450439290235284 -0.20748524843416669
0.8568998286534896 -0.21860902241589797
0.8679267314315013 -0.22987435667385586
0.8782268984438293 -0.24133059610945165
0.8878820731085062 -0.2530336396492376
0.8969631974409827 -0.26504580235565783
0.9055302535864924 -0.2774380028786061
0.9136334723266569 -0.2902926425890463
0.9213135486712196 -0.3037093375716458
0.9286065320247624 -0.3178043489238619
0.9355396501993596 -0.33272478296039415
0.942134762606008 -0.3486545723773011
0.9484069007197669 -0.36583500528380125
0.9543644209226658 -0.3845929913289573
0.9600087134987628 -0.40538936732202685
0.9653325744197648 -0.42891955764360185
0.9703189204646118 -0.45633162398638916
0.9749416193560363 -0.4897976233008073
0.9791838550760326 -0.5346264024702302
0.98177572774776 -0.5779462319397594
0.9834522098836768 -0.6213120564001435
0.9846262653227986 -0.661766103235503
0.9858016221246891 -0.7022201126929707
0.9873248126137574 -0.7426622764163328
0.9895283910561974 -0.7830726179958158
0.991640207117956 -0.8112097441383528
0.9943488620301402 -0.8392955028826083
1.0 -0.8828417742270998
