# CURVE 2D, normalized by CHORD
# COLUMN#1 = X-coordinate, COLUMN#2 = Y-coordinate
#-------------------------------------------------------------------------------
0.0 0.0
-0.010382768648394101 -0.03242149020975464
-0.018370148811198223 -0.06169413220930135
-0.024654838372484868 -0.08932279789320068
-0.029448884885810822 -0.1155172537889666
-0.03292050572947522 -0.14045518288903652
-0.03520820241365764 -0.16429350275253835
-0.03641981117224416 -0.18716619083842065
-0.036646190675606385 -0.20919583620109664
-0.03595591619392078 -0.23048841197851969
-0.034402227781853895 -0.2511392979116359
-0.03202457110453399 -0.27123453863970964
-0.02884987005051073 -0.2908520812497376
-0.024893532031933435 -0.3100629550215612
-0.020158905781709195 -0.32893189394844763
-0.014642059544403604 -0.3475199892235168
-0.008327847413460382 -0.36588346024497004
-0.00119134192660025 -0.3840749805201844
0.006802704085704341 -0.4021441127194975
0.015700924502717956 -0.42013771279380574
0.02555818689570093 -0.4381003146262784
0.03644439914730493 -0.45607390363057754
0.04844148093964549 -0.4740981476100427
0.06164558171196355 -0.49221007660327104
0.07616942698165322 -0.5104437318699538
0.09214226434058675 -0.5288293091792716
0.10971491540523157 -0.5473924260376078
0.12905593229512502 -0.5661519538498923
0.15035763183177486 -0.5851183464992789
0.1738364395687397 -0.6042905271088742
0.19972591532971198 -0.6236512279924253
0.22827924782755007 -0.643162123964492
0.2597593731355691 -0.6627564058864499
0.2944179846398381 -0.6823297743368945
0.33247464103195185 -0.7017300632374496
0.3740705657137485 -0.7207459427368003
0.41920860225251755 -0.7390969833697013
0.44334526451489925 -0.7480223929947114
0.4676668893508916 -0.7564307990753476
0.49320221323147373 -0.764654630876603
0.5189070099361044 -0.7723324238014904
0.5453736459229322 -0.7796283391650862
0.5719897838082451 -0.7863584785129368
0.5987112853774651 -0.7925142869059622
0.6255579772985362 -0.7980988395914627
0.6516994715546365 -0.8029603822954632
0.677938635432829 -0.8072635647118294
0.7273909522678729 -0.8137623934345729
0.7724392486020729 -0.8177426103855443
0.8121446113050746 -0.8195526792479205
0.8462041487970182 -0.8196542288714325
0.8748430100607489 -0.8185183793337737
0.8986259958754255 -0.8165574388237156
0.9182520457663844 -0.8140925372103615
0.9344284020199026 -0.8113555962463971
0.9477921475230625 -0.808503569219448
0.9588784785167169 -0.8056374704619478
0.9759049652464765 -0.8000839608220618
0.9880784068735537 -0.7949248300576173
0.9970151545530138 -0.7901981431094859
1.0064902086786285 -0.7838334239101107
1.0146486395408858 -0.7763902869845393
1.0207800647802692 -0.768141232210981
1.0247330677159692 -0.7588633436748623
1.0261065759533636 -0.7475312843208256
1.024208053163041 -0.7358316168309091
1.0202840725936324 -0.7257902397908166
1.0147408044208654 -0.7161252340605169
1.0050712368698762 -0.7033952957262966
