# CURVE 2D, normalized by CHORD
# COLUMN#1 = X-coordinate, COLUMN#2 = Y-coordinate
#-------------------------------------------------------------------------------
0.0 0.0
-0.006575331998535471 0.0254203872135185
-0.009604576548075037 0.040356937685481445
-0.011111659315888948 0.050465508708406284
-0.012065962574769553 0.06338358892031382
-0.0114884402817198 0.07433490909364682
-0.008969465125758011 0.08402913392833682
-0.002734806635901281 0.09284090850281462
0.0076067787533244105 0.0979417244635651
0.01996256572128545 0.09916057417341653
0.03684164504360175 0.09741197527907411
0.047949659106608304 0.09518872073288531
0.06963856651975107 0.08962744282899002
0.10369019688736451 0.0795360814016318
0.1376838997357716 0.0692489012927537
0.17182623196585706 0.05946844788761791
0.20025385395698214 0.05202869486270949
0.2288647924681083 0.045329498611532855
0.276274311066164 0.03618658861438839
0.3198629932303747 0.030107199554969887
0.3614104286497562 0.026492958547470753
0.40179615959107556 0.025079282655589237
0.4415809842656191 0.025746030053838888
0.48119357246828404 0.028464619182499023
0.5210161220226777 0.033276497711732786
0.5614404907875341 0.04029946636910589
0.6029266366671087 0.04974092931456773
0.646101094085812 0.06194834798508473
0.691981951408234 0.07752902030775427
0.7174761309860724 0.08731129073128475
0.7427087599599022 0.09775001473081549
0.774502985801623 0.11191049223608254
0.8059192233321393 0.12689171660577875
0.8415358186472076 0.14481928119070936
0.8769403421954692 0.16316327321932114
0.9125207704695727 0.18116101594694528
0.9341118520322965 0.19102141434501174
0.9457483176391943 0.19560456696344344
0.959380588163857 0.1998376194978376
0.9706787836735735 0.20182632555212093
0.9810586138690937 0.20153964734870305
0.9906094423002454 0.19788543051057517
0.9976625133945546 0.1906194533119367
1.0026685286781256 0.17880223579237942
1.0049059561267304 0.16639614699806166
1.0056978804598613 0.15123932121709252
1.0054294923894502 0.13908038470649914
1.0040698540981088 0.12076600696132994
1.000000000000001 0.08891544292530754
