# CURVE 2D, normalized by CHORD
# COLUMN#1 = X-coordinate, COLUMN#2 = Y-coordinate
#-------------------------------------------------------------------------------
0.0 0.0
0.02842567662302108 -0.024558691379307433
0.053327112270006 -0.044325040180723654
0.0759041699109657 -0.060785267340369015
0.09646940892151216 -0.07452480003988345
0.11529244408145678 -0.08601373309799004
0.13260508719015995 -0.09563041598632212
0.14860486303252088 -0.10367841169748582
0.16346140096804948 -0.11040350177074106
0.1773202029290542 -0.11600487677728272
0.19030591190413362 -0.12064395669183728
0.2025263023580158 -0.12445259211108177
0.21407541692923138 -0.1275392430051413
0.22503443118704305 -0.12999198035815615
0.23547508016126184 -0.13188368603556613
0.24545893912207017 -0.13327231501383902
0.26427573154635264 -0.1347280655802284
0.28186083275345747 -0.1346418774069602
0.29852334119689045 -0.1331904594055927
0.3145210179391044 -0.13046142903147817
0.33007997528490296 -0.12647117739142655
0.34540622350791883 -0.12116847199689955
0.36069603897525326 -0.1144299488919705
0.376146850425693 -0.10604510490107236
0.3919681053929008 -0.095696391793913
0.40008979758359126 -0.08964573402700872
0.4083950963839674 -0.08291291093627964
0.41692152963100204 -0.0753999263764149
0.4257092848883296 -0.06699391294506428
0.4348065715572159 -0.057547087723534576
0.44426763160214033 -0.04688144537976441
0.4541593175684887 -0.0347634130544161
0.46456197705108365 -0.0208963209215405
0.47557836526194464 -0.004883918465005418
0.48734501871666874 0.013817501016954867
0.5000523465431563 0.0359802124830861
0.5139918210298466 0.0627854183994413
0.5296593150568054 0.09620033735504903
0.5480772279021631 0.14009940074890576
0.5605584216480061 0.17268284890017627
0.572371364095125 0.20551479756958121
0.5853669647853509 0.24359982352898504
0.5979031233615624 0.28183879002060636
0.610200720619278 0.32015527188927284
0.6224921600087788 0.3584737317206497
0.635038431800351 0.3967093350462578
0.6461271826680774 0.4290385043415552
0.6578687281810031 0.46113580980245167
0.6718181657212101 0.4957608396281233
0.6825697486403762 0.5195589496296431
0.6915231583914907 0.5373829204678652
0.6992889857942243 0.5513776981070382
0.7062013041907879 0.5627124655561092
0.7124651512195298 0.5720942787393107
0.7235668811780976 0.5867320070016421
0.7333123390202512 0.597596297135805
0.7421254003047502 0.6059304907652006
0.7502853124295874 0.612466444751185
0.761728401220893 0.61985822851673
0.7726539257188206 0.6251371095260527
0.783465791464378 0.6287998868362565
0.7945392973846054 0.6310823318252132
0.8062801625503287 0.632022000009611
0.8191890259105611 0.6314607378837621
0.833966347154133 0.6289684759735121
0.8453558450772937 0.6258338558083898
0.8585104160533904 0.6210201592192715
0.8741267161879506 0.613802317660326
0.8831757707085364 0.608937189168868
0.8932922008227567 0.6029513399558831
0.9047224953268915 0.5955405321842642
0.9178063654763166 0.5862715901338272
0.9329842788181535 0.5745584564162607
0.9508993573981005 0.5595191491456717
0.9724604218068903 0.53985714549515
0.999999999999998 0.5125517414617703
