# CURVE 2D, normalized by CHORD
# COLUMN#1 = X-coordinate, COLUMN#2 = Y-coordinate
#-------------------------------------------------------------------------------
0.0 0.0
0.054008185868460096 0.3037761491528893
0.09925802346855898 0.31188208632679976
0.14511685330196386 0.3158310548846876
0.17554812376340528 1.0264845150760213
0.18737028971761427 0.9825739640844957
0.19089870748977603 0.32054629076106544
0.20233855193957753 0.9379943517962407
0.21339944292636615 1.057057355422974
0.21730681416154082 0.8934147395079857
0.2322750763835039 0.8488351272197312
0.2360370292042248 0.3294020195303148
0.24724333860546718 0.8042555149314762
0.25671542556336846 1.0792988923875646
0.26221160082743056 0.7596759026432207
0.2771798630493937 0.7150962903549662
0.2790476920659217 0.34557098684129045
0.2921481252713569 0.6705166780667113
0.3035898034942758 1.0924372416411536
0.30711638749332015 0.6259370657784564
0.31697927868781733 0.37140604122948906
0.32208464971528344 0.5813574534902014
0.3370529119372467 0.5367778412019465
0.3465997600542166 0.4064616903564097
0.35202117415920997 0.49219822891369147
0.3521639203365782 1.0959744576282922
0.36698943638117326 0.4476186166254364
0.4009145610821888 1.0952699818357818
0.4453723814848121 1.1125489987709731
0.4662954409817863 1.1401733144365294
0.4949266136295117 1.1017995264825835
0.5236460709776862 1.061785829850414
0.5523655283258608 1.0217721332182446
0.5810849856740354 0.981758436586075
0.6098044430222099 0.9417447399539055
0.6385239003703846 0.9017310433217358
0.6672433577185592 0.8617173466895663
0.6959628150667339 0.8217036500573969
0.7246822724149085 0.7816899534252273
0.753401729763083 0.7416762567930578
0.7821211871112576 0.7016625601608883
0.8969990165039559 0.5416077736322104
nan nan
0.810840644459432 0.6616488635287188
0.8395601018076067 0.6216351668965493
0.8682795591557813 0.5816214702643798
0.9257184738521305 0.5015940770000408
0.9544379312003051 0.4615803803678713
0.9831573653633955 0.421566672655907
0.9916266449189803 0.3908532650187006
1.0 0.36012687399467386
