# CURVE 2D, normalized by CHORD
# COLUMN#1 = X-coordinate, COLUMN#2 = Y-coordinate
#-------------------------------------------------------------------------------
0.0 0.0
0.019185117740359702 0.08823750594710705
0.05105474119743195 0.12475928032242246
0.0577631973071215 0.996343492216727
0.06476864707377476 0.9496306626284848
0.07576764503573943 1.0378473044332888
0.08369225061508957 0.9043636982143312
0.0956328945502085 0.144126188300955
0.10254687326000622 0.8590524092042149
0.10448273893522343 1.0729328047944189
0.12140149590492283 0.8137411201940986
0.14025611854983952 0.7684298311839822
0.14036784076914427 1.100674297683142
0.14401868278409863 0.15076052129367723
0.15911074119475616 0.723118542173866
0.17796536383967282 0.6778072531637497
0.18132042153874123 1.1201871455989014
0.19289381349758228 0.15217488644245
0.1968199864845898 0.6324959641536326
0.215674609129507 0.5871846751435149
0.22541144141453606 1.1308820221804416
0.2345292317744242 0.5418733861333973
0.24178713875864072 0.1529828142344033
0.25338385441934147 0.4965620971232796
0.27075188216134854 1.1327956138412196
0.2722384770642587 0.4512508081131619
0.2905677383170504 0.15623660241064455
0.2910930997091756 0.4059395191030449
0.3099477223540924 0.36062823009292827
0.3158497589554712 1.1273837420192236
0.32880234499900907 0.3153169410828119
0.33875045272482524 0.1643995757425558
0.34730990427425523 1.0910558854257983
0.3476569676439258 0.27000565207269545
0.3665115902888428 0.22469436306257828
0.37865194758518766 1.0545118993137774
0.3852230654533431 0.17944189184782983
0.40999399089612015 1.0179679132017565
0.4413360342070526 0.9814239270897355
0.4726780775179851 0.9448799409777144
0.5040201208289175 0.9083359548656935
0.5353621641398499 0.8717919687536724
0.5667042074507824 0.8352479826416515
0.5980462507617148 0.7987039965296305
0.6293882940726473 0.7621600104176094
0.6607303373835798 0.7256160243055885
0.6920723806945122 0.6890720381935674
0.7234144240054446 0.6525280520815464
0.7547564673163771 0.6159840659695255
0.7860985106273095 0.5794400798575045
0.817440553938242 0.5428960937454834
0.8487825972491744 0.5063521076334625
0.8801246405601069 0.46980812152144147
0.9114666838710394 0.43326413540942044
0.9428087271819717 0.3967201492973994
0.9741507300974838 0.3601761419027967
0.9827898182959942 0.3278159291391477
0.9914289064945058 0.295455716375495
1.0 0.2630865836623061
nan nan
