# CURVE 2D, normalized by CHORD
# COLUMN#1 = X-coordinate, COLUMN#2 = Y-coordinate
#-------------------------------------------------------------------------------
-0.09682319967955397 0.7596725526864375
-0.09074306708599665 0.8001468021397996
-0.08119758051333444 0.7141900258875733
-0.0655719613471149 0.6687074990887091
-0.062029433043072804 0.8386140799487195
-0.04994634218089541 0.623224972289845
-0.04300214568316051 0.8808956648713432
-0.034320723014675876 0.5777424454909807
-0.03278737377524648 0.9261567398013889
-0.027796458871658176 0.9723418312702625
-0.018695103848456386 0.5322599186921166
-0.009807178501154284 1.0123668221860582
-0.0030694846822369964 0.4867773918932529
0.0 0.0
0.007232617234471044 1.0033580344640425
0.01255613448398215 0.44129486509438987
0.028181753650201587 0.3958123382955259
0.04380737281642112 0.3503298114966617
0.045931822416388025 0.9734347861377759
0.05943299198264063 0.3048472846977976
0.07505861114886009 0.2593647578989336
0.08407116859076313 0.21284865066457398
0.0847068607799007 0.9435741573090798
0.1234818991434132 0.9137135284803838
0.16225693750692569 0.8838528996516879
0.20103197587043836 0.8539922708229917
0.23980701423395087 0.8241316419942958
0.27858205259746355 0.7942710131655997
0.31735709096097603 0.7644103843369037
0.3561321293244885 0.7345497555082077
0.3949071676880012 0.7046891266795116
0.4336822060515137 0.6748284978508157
0.47245724441502623 0.6449678690221197
0.5112322827785389 0.6151072401934234
0.5500073211420513 0.5852466113647276
0.6275573978690765 0.5255253537073354
0.7051074745961015 0.46580409604994355
0.7438825129596143 0.43594346722124744
1.0 0.21837692793598537
nan nan
0.5887823595055639 0.5553859825360316
0.6663324362325891 0.49566472487863944
0.7826575513231266 0.40608283839255155
0.8214325896866392 0.37622220956385544
0.8602076280501518 0.3463615807351593
0.8989826664136646 0.3165009519064632
0.9377576437163178 0.28664025661611237
0.968952666052241 0.2525372716932348
