# CURVE 2D, normalized by CHORD
# COLUMN#1 = X-coordinate, COLUMN#2 = Y-coordinate
#-------------------------------------------------------------------------------
0.0 0.0
0.0 0.018851289064966626
0.02815341217318965 0.05056907832062329
0.0645345000800055 0.07011421797361109
0.06761558071657742 1.0530045445428085
0.06871033509535071 1.0269432762451733
0.09117066670145332 0.9835129870755767
0.09901145092182292 1.0773173187492606
0.10342688164221608 0.08419295915657377
0.11363087636090895 0.9400826271043939
0.13609108602036438 0.8966522671332113
0.14387709496745882 0.0959450170933719
0.14480230983144898 1.0924007442712553
0.1585512956798198 0.8532219071620288
0.18101150533927585 0.8097915471908453
0.1845899710113801 0.1067628087068052
0.1919537639489254 1.1027669310270904
0.2034717149987318 0.7663611872196617
0.2252448309964345 0.11779492305840301
0.22593192465818773 0.7229308272484782
0.23882326878374252 1.114292548894658
0.2483921343176437 0.6795004672772947
0.26554351543182775 0.13005497131462482
0.2708523439770996 0.6360701073061112
0.2734486910119115 1.127219766463598
0.2933125536365555 0.592639747334928
0.3050448962109842 0.14466197371536663
0.3055832559426621 1.145447712521545
0.3157727632960112 0.5492093873637449
0.3363858534982908 1.1707955431571295
0.33823297295546695 0.5057790273925619
0.34291767784164434 0.1630467862653626
0.3606931826149229 0.46234866742137837
0.36321246703432525 1.2003481689632944
0.3683598509710722 0.1797270675184266
0.3831533922743789 0.41891830745019476
0.3909257482299354 0.20010354444487743
0.3974576307545191 1.167199901608463
0.40561360193383483 0.3754879474790114
0.4140044389532771 0.2343408383616051
0.4226325369141286 0.33005557294614496
0.4250803847911316 0.27355842201291086
0.4260411541211432 0.30189445623384514
0.4317982804930538 1.1320690031979985
0.46613893023158853 1.096938104787534
0.5004795799701234 1.0618072063770692
0.5348202297086582 1.0266763079666044
0.5691608794471928 0.9915454095561398
0.6035015291857274 0.9564145111456753
0.6378421789242623 0.9212836127352105
0.7408641281398666 0.8158909175038165
0.9999046553533184 0.545225641464546
nan nan
0.6721828286627971 0.8861527143247457
0.7065234784013317 0.8510218159142813
0.7752047778784011 0.7807600190933519
0.809545427616936 0.7456291206828871
0.8438860773554708 0.7104982222724223
0.8782266708775622 0.6753672701184873
0.9086461669965014 0.6428318629550019
0.9390656631154402 0.6102964557915168
0.9694851592343793 0.5777610486280315
