# CURVE 2D, normalized by CHORD
# COLUMN#1 = X-coordinate, COLUMN#2 = Y-coordinate
#-------------------------------------------------------------------------------
-0.012216082470728728 0.22825629048769103
-0.005798813762019709 0.2737550975971972
-0.00013958304758084606 0.19178836402671634
0.0 0.0
0.008438394341892263 0.3176229298230224
0.023035159267596885 0.47809792120030975
0.02311792834480437 0.3613510999421038
0.03316837358638399 0.40631902549488147
0.03351149373145783 0.4430132806235646
0.04543735477855274 0.5214031783279632
0.06813078302745353 0.5647056769366868
0.09082421127635429 0.6080081755454104
0.1135176395252551 0.6513106741541341
0.13621106777415584 0.6946131727628577
0.15890449602305667 0.7379156713715813
0.18159792427195745 0.781218169980305
0.20429135252085823 0.8245206685890286
0.22698478076975895 0.8678231671977521
0.24967820901865975 0.9111256658064758
0.27237163726756 0.9544281644151984
0.2950650655164601 0.9977306630239208
0.3177584937653609 1.0410331616326443
0.3404519220142617 1.084335660241368
0.3631453502631625 1.1276381588500917
0.3858387785120633 1.1709406574588153
0.4085322067609641 1.214243156067539
0.4376729058639257 1.2271633849874286
0.4707738023864028 1.224946575805755
0.4902415825218943 1.2001962595287468
0.5079343129503526 1.1559575247475706
0.5256270433788112 1.1117187899663943
0.5433197738072696 1.067480055185218
0.5610125042357279 1.0232413204040418
0.5787052346641864 0.9790025856228655
0.5963979650926448 0.9347638508416892
0.6140906955211032 0.8905251160605129
0.6317834259495617 0.8462863812793365
0.6494761563780201 0.8020476464981602
0.6671688868064785 0.757808911716984
0.684861617234937 0.7135701769358077
0.7025543476633953 0.6693314421546315
0.7202470780918538 0.6250927073734551
0.7379398085203123 0.5808539725922788
0.7556325389487707 0.5366152378111024
0.7733252693772292 0.4923765030299261
0.8087107302341459 0.4038990334675737
0.826403600644356 0.3596603973528714
0.8958053737194774 0.29838413804952896
nan nan
0.7910179998056874 0.44813776824875007
0.8611044871819167 0.3290222677012003
0.9305062602570351 0.26774600839786034
0.9652071467945977 0.2371078787461874
0.9999080333321659 0.20646974909450952
