# CURVE 2D, normalized by CHORD
# COLUMN#1 = X-coordinate, COLUMN#2 = Y-coordinate
#-------------------------------------------------------------------------------
0.0 0.0
nan nan
0.17451307824744772 0.1371910081525114
0.22137356569128014 0.12235635980687695
0.2688754783747827 0.12899833264581595
0.2826548815459478 0.1709140888899339
0.27604385477298893 0.21969220085552688
0.26943282800003004 0.26847031282111955
0.26282180122707116 0.3172484247867122
0.2562107744541122 0.36602653675230507
0.2495997476811533 0.41480464871789774
0.24298872090819443 0.46358276068349047
0.23637769413523552 0.5123608726490837
0.22976666736227638 0.561138984614678
0.22315564058931722 0.6099170965802727
0.2165446138163581 0.6586952085458673
0.20993358704339896 0.7074733205114617
0.2033225602704398 0.7562514324770564
0.19671153349748066 0.805029544442651
0.1900892581136193 0.8538057012161594
0.19768409389728153 0.8922800130445273
0.22243094308455824 0.9238384742771608
0.24901761429169633 0.9539540718412725
0.27504635778033454 0.984475620358611
0.3125151475936768 0.9967207358940309
0.35421962813642427 0.9725337369279333
0.3958449763661088 0.948028796438693
0.4374703245957934 0.9235238559494525
0.47909567282547794 0.8990189154602122
0.5207210210551623 0.8745139749709718
0.5623463692848469 0.8500090344817314
0.6039717175145314 0.8255040939924909
0.645597065744216 0.8009991535032506
0.6872224139739005 0.7764942130140101
0.7288477622035852 0.7519892725247697
0.7704731104332695 0.7274843320355294
0.812098458662954 0.702979391546289
0.8537238068926387 0.6784744510570486
0.8953491551223232 0.6539695105678082
0.9369745033520078 0.6294645700785677
0.9785998515816923 0.6049596295893274
1.0202249780725652 0.5804545904540174
1.013451156907579 0.5473035616116185
1.0066773357425929 0.5141525327692195
1.0 0.48099174718824367
