# CURVE 2D, normalized by CHORD
# COLUMN#1 = X-coordinate, COLUMN#2 = Y-coordinate
#-------------------------------------------------------------------------------
0.0 0.0
nan nan
0.01403547250383421 0.14359158977617997
0.04210881142151821 0.1825171625570866
0.07681450040007294 0.2156865454187987
0.11592948760911517 0.24357478633647545
0.15725035219880007 0.268116093910581
0.19926669282121504 0.29145858855848406
0.24100308963881253 0.31529511179883224
0.28177099961425445 0.34074637664312346
0.3210535067508111 0.3684306344913961
0.35847915153114596 0.3985758443392348
0.3938199924095219 0.4311402194778036
0.4269801103365471 0.4659238129460561
0.39146043163863375 0.4934759375995124
0.3557568281930226 0.5210111726202854
0.32005322474741194 0.5485464076410582
0.28434962130180064 0.5760816426618314
0.24864601785618912 0.6036168776826047
0.21294241441057757 0.631152112703378
0.1772388109649662 0.6586873477241514
0.14153520751935136 0.6862225827449272
0.10583160407373532 0.713757817765704
0.07010979996016349 0.7412620991479497
0.05182092990538737 0.7658320348727523
0.06015516483226096 0.8134558739974657
0.08082786306355964 0.8576312113493285
0.1060040262791335 0.8994373947851632
0.13402066865563605 0.939400620585735
0.16481020092575266 0.977261076626925
0.20035738518639845 1.0105685838553797
0.24646899472145511 1.0163942656500433
0.27201155813241135 0.9976007908419917
0.3132831198264794 0.9721032431919568
0.35461231668729976 0.9466861250147451
0.39594151354811996 0.9212690068375334
0.4372707104089404 0.8958518886603217
0.47859990726976054 0.8704347704831101
0.5199291041305808 0.8450176523058985
0.5612583009914012 0.8196005341286868
0.6025874978522214 0.7941834159514752
0.6439166947130416 0.7687662977742636
0.685245891573862 0.7433491795970519
0.7265750884346824 0.7179320614198401
0.7679042852955025 0.6925149432426287
0.8092334821563227 0.6670978250654169
0.8505626790171428 0.6416807068882056
0.8918918758779633 0.6162635887109937
0.9332210727387835 0.5908464705337821
0.974550269599604 0.5654293523565703
1.0158794664604245 0.5400122341793586
1.0572084731548268 0.5145950404950071
1.0457510040544795 0.472122651771569
1.0342935349541325 0.42965026304813125
1.022836065853785 0.387177874324693
1.0113785967534379 0.3447054856012553
1.0 0.30222264527355575
