# CURVE 2D, normalized by CHORD
# COLUMN#1 = X-coordinate, COLUMN#2 = Y-coordinate
#-------------------------------------------------------------------------------
0.0 0.0
nan nan
0.013382061389823605 0.3186868167360309
0.04118882755110683 0.3566858693928664
0.07357685037342336 0.37796523312632885
0.10928463779173658 0.3932668226022972
0.14516517153989253 0.4081726847763781
0.1680907961210471 0.42127185903486025
0.18765064031705683 0.43893937414327566
0.20617984503373005 0.4748676476382877
0.201895996454846 0.5203030711347618
0.19365282392246713 0.5658448584160548
0.18540965139008833 0.6113866456973478
0.17716647885770948 0.6569284329786409
0.16892330632533062 0.7024702202599338
0.16068013379295182 0.7480120075412268
0.15243696126057296 0.7935537948225199
0.14419378872819413 0.8390955821038129
0.13595061619581533 0.8846373693851057
0.12783370493106083 0.9297777272353408
0.14614134002247814 0.9247056920395262
0.18809965708954565 0.9430594539961151
0.21807688444460743 0.966951282047514
0.24398474195884234 0.9952291573784123
0.2661587976820194 1.0265349986978658
0.28753032780140986 1.0637027535276151
0.3079961366293218 1.1013841809326004
0.3339341999167444 1.1353215468071867
0.3624529684752957 1.1516686418213296
0.3874710514410681 1.1560661120716034
0.4129097030301228 1.1555858901131277
0.4417404861408487 1.115773896960217
0.47001008290507995 1.0749965526056027
0.498279679669311 1.0342192082509885
0.5265492764335423 0.9934418638963741
0.5548188731977735 0.9526645195417598
0.5830884699620047 0.9118871751871457
0.6113580667262359 0.8711098308325314
0.6396276634904672 0.830332486477917
0.6678972602546984 0.7895551421233027
0.6961668570189297 0.7487777977686885
0.7244364537831607 0.7080004534140742
0.7527060505473921 0.6672231090594598
0.7809756473116231 0.6264457647048458
0.8092452440758543 0.5856684203502315
0.8375148408400855 0.5448910759956171
0.8657844376043168 0.5041137316410028
0.8940538137764712 0.4633362895809149
0.9046484337262677 0.4176173786338776
0.9152430536760641 0.37189846768684026
0.9258376736258603 0.3261795567398035
0.9364322935756568 0.28046064579276614
0.9470269135254532 0.23474173484572886
0.9576215334752496 0.18902282389869154
0.9682161534250461 0.14330391295165423
0.9788107733748423 0.09758500200461738
0.9894053933246388 0.051866091057580097
1.0 0.006147178592586949
