# CURVE 2D, normalized by CHORD
# COLUMN#1 = X-coordinate, COLUMN#2 = Y-coordinate
#-------------------------------------------------------------------------------
0.0 0.0
nan nan
0.0 0.013977182002659844
0.011511285589068335 0.05379580145218852
0.025654686279791457 0.07398930289793576
0.0465343734506559 0.09092944178851571
0.08312983768766181 0.10646012407571764
0.12411095254540744 0.11447445162169653
0.1657601886584806 0.11787457376094479
0.20753871363002505 0.11910192333170194
0.24932903883212426 0.11989994750445523
0.29879202249703113 0.1226832396652075
0.34743431478519465 0.13169905551337782
0.3759487533203559 0.14449969394707787
0.366544304497694 0.18963175170035113
0.35119975747350696 0.23677957873421618
0.3358552104493199 0.2839274057680815
0.32051066342513285 0.3310752328019466
0.3051661164009458 0.37822305983581167
0.2898215693767588 0.4253708868696767
0.27447702235257176 0.47251871390354183
0.2591324753283849 0.5196665409374065
0.24378792830419804 0.5668143679712712
0.22844338128001154 0.6139621950051345
0.21309883425582501 0.6611100220389982
0.19775428723163915 0.7082578490728596
0.18240974020745343 0.7554056761067207
0.1670651931832678 0.8025535031405816
0.15172064615908212 0.8497013301744424
0.13637609913489648 0.8968491572083034
0.12104850607975026 0.9439829235107403
0.16079359390115297 0.9545476811798728
0.18684493710442673 0.974017794295003
0.21021674698807208 0.9966859599194141
0.23933266039387036 1.029104181210727
0.26743512187076424 1.062410936594519
0.29580259380825696 1.0954903192056298
0.3267360584729306 1.126114389038114
0.34664751816761324 1.13497495023443
0.3732649531900377 1.096672795743142
0.3977478041060971 1.0559876377573953
0.4222306550221565 1.015302479771649
0.4467135059382159 0.9746173217859024
0.47119635685427524 0.933932163800156
0.49567920777033464 0.8932470058144095
0.520162058686394 0.8525618478286631
0.5446449096024534 0.8118766898429166
0.5691277605185128 0.77119153185717
0.593610611434572 0.7305063738714238
0.6180934623506316 0.6898212158856771
0.6425763132666911 0.6491360578999306
0.6670591641827504 0.6084508999141842
0.6915420150988096 0.567765741928438
0.7160248660148691 0.5270805839426913
0.7405077169309287 0.4863954259569446
0.7649908119120743 0.44571045689169225
0.7985644799377315 0.41148103618456927
0.8321381479633887 0.3772516154774463
0.8657118159890457 0.3430221947703233
0.8992854840147027 0.3087927740632006
0.9328591520403597 0.2745633533560776
0.9664328200660169 0.24033393264895464
1.0 0.2061018611695093
