# CURVE 2D, normalized by CHORD
# COLUMN#1 = X-coordinate, COLUMN#2 = Y-coordinate
#-------------------------------------------------------------------------------
0.0 0.0
nan nan
0.0 0.027224872105255146
0.03117000688615493 0.06474296137376896
0.07306136651510976 0.09003223928370929
0.11802503536017087 0.10732287227443171
0.16363020233126035 0.12289946955407213
0.20837873249640806 0.140751674833261
0.25089995647018576 0.1633604437285258
0.2897560123446413 0.19179050571238485
0.3238718355133607 0.22576617960364775
0.2972057265338553 0.26732651158176834
0.2702450220157608 0.30890735943271913
0.2432843174976666 0.35048820728366953
0.21632361297957237 0.3920690551346199
0.1893629084614781 0.43364990298557043
0.1624022039433839 0.4752307508365208
0.13544149942528935 0.5168115986874716
0.10848079490719392 0.558392446538424
0.0815200903890986 0.5999732943893761
0.054559385871003195 0.6415541422403284
0.02759868135290772 0.6831349900912806
0.0006379768348128836 0.7247158379422319
-0.02632272768327838 0.7662966857931778
0.015836126814437936 0.7786526293111011
0.058078617696648946 0.7924103397066415
0.09975142265596558 0.8078069893766678
0.1407431679805808 0.824933106197295
0.180887145309305 0.8439591710707609
0.22096895406629108 0.8657597650216099
0.25944357279262664 0.8902777380262691
0.29555351316423434 0.9181466238107189
0.3279133141610983 0.9502637817634393
0.3538521712662796 0.9876934399673144
0.36855771129382525 1.0306726627509804
0.36752586083369915 1.0726966315460138
0.352714407130486 1.112118021884005
0.3290412529313054 1.1470676580046495
0.357081532628404 1.1092369836600733
0.38590990663810065 1.07037859759697
0.41473828064779744 1.0315202115338666
0.44356665465749423 0.9926618254707632
0.4723950286671911 0.9538034394076598
0.5012234026768878 0.9149450533445567
0.5300517766865845 0.8760866672814532
0.5588801506962813 0.83722828121835
0.5877085247059781 0.7983698951552465
0.6165368987156749 0.7595115090921433
0.6453652727253718 0.7206531230290396
0.6741936467350684 0.6817947369659365
0.703022020744765 0.6429363509028333
0.7318503947544621 0.6040779648397296
0.7606787687641587 0.5652195787766265
0.7895071427738554 0.5263611927135233
0.8183355167835524 0.4875028066504197
0.847163976084252 0.4486445527251423
0.8853504952689495 0.4403512492751531
0.9235370144536473 0.4320579458251638
0.9617235336383448 0.42376464237517464
0.9999100528230424 0.4154713389251854
