# CURVE 2D, normalized by CHORD
# COLUMN#1 = X-coordinate, COLUMN#2 = Y-coordinate
#-------------------------------------------------------------------------------
0.0 0.0
nan nan
0.0 0.28281264994252475
0.033862531836081164 0.29982636022568626
0.07043202251479802 0.3101818087781104
0.1157623437934086 0.3175655242378216
0.16151247302856447 0.32173409326544256
0.20738476041790643 0.3242963765472945
0.2532647316185468 0.3267210731484443
0.29891097056231586 0.331714168385318
0.300677857558435 0.36205216381924943
0.2770055402988475 0.4030131919875951
0.25333322303926 0.4439742201559408
0.22966090577967269 0.4849352483242862
0.20598858852008595 0.5258962764926305
0.1823162712604996 0.5668573046609742
0.15864395400091327 0.6078183328293179
0.1349716367413268 0.6487793609976616
0.11129931948173998 0.6897403891660062
0.08762700222215151 0.7307014173343536
0.06395468496256364 0.7716624455026999
0.040282367702976864 0.8126234736710441
0.016610050443389267 0.85358450183939
-0.007062266816199142 0.8945455300077373
-0.030734584075787247 0.9355065581760842
-0.04824676493634169 0.9456079056588228
-0.04526691780357889 0.9651718210880721
-0.02326447504377404 0.9863355740883962
0.01794340946352397 1.0130213205039078
0.06132905654052696 1.0360557856840165
0.10572265472342376 1.0570922036913741
0.15072914279125635 1.0767865773255285
0.1961550094319625 1.0954948491462446
0.24188131108215388 1.1134571852322968
0.2878175208982294 1.130876312620717
0.3338749087769026 1.1479729026818788
0.3799357462571198 1.1650601748717944
0.42271911751095964 1.1814877927110938
0.4648738262381078 1.1994523739724803
0.5045215414532733 1.2222602629023698
0.5227720779051832 1.2455485863663511
0.522091426335369 1.2677536818994832
0.5057952300378981 1.2980501316805388
0.4817474266737754 1.3295103501843406
0.5000464868574 1.2880853451371272
0.520083105389036 1.2438400476356275
0.5401197239206722 1.199594750134127
0.5601563424523082 1.1553494526326271
0.5801929609839444 1.1111041551311267
0.6002295795155803 1.066858857629627
0.6202661980472166 1.0226135601281265
0.6403028165788526 0.9783682626266266
0.6603394351104888 0.9341229651251264
0.6803760536421248 0.889877667623626
0.7004126721737609 0.845632370122126
0.7204492907053971 0.8013870726206258
0.7404859092370331 0.7571417751191258
0.7605225277686692 0.7128964776176255
0.7805591463003052 0.6686511801161256
0.8005957648319415 0.6244058826146253
0.8206323833635776 0.580160585113125
0.8406690018952137 0.535915287611625
0.8607056204268497 0.4916699901101247
0.8807422389584858 0.4474246926086247
0.9007788574901219 0.4031793951071244
0.920815476021758 0.35893409760562456
0.9408519622479853 0.31468875622476067
0.9507101173346952 0.2695994964840099
0.9605682724214052 0.22451023674325912
0.970426427508115 0.1794209770025083
0.980284582594825 0.1343317172617571
0.9901427376815348 0.0892424575210063
1.0 0.04415310132366781
