# CURVE 2D, normalized by CHORD
# COLUMN#1 = X-coordinate, COLUMN#2 = Y-coordinate
#-------------------------------------------------------------------------------
0.0 0.0
nan nan
0.0 0.1295764914905739
0.025676054029739805 0.15369621357863864
0.05436139327417547 0.17417376795938277
0.09216988490233055 0.19184406439159832
0.132977795917564 0.20053540857708332
0.17472789210474823 0.20030067370572388
0.21535356437490463 0.1935194233696729
0.2552424251562116 0.1831699417820619
0.2949915451961666 0.1722834755764033
0.3354436554483126 0.16456397066499975
0.376494093220764 0.1655835147414047
0.4103301978981012 0.17838724943583348
0.4382450286087598 0.20149836495897863
0.4609286014356451 0.23197509413237383
0.47874401441794756 0.26557155018960915
0.4480902219479582 0.3029446282212007
0.4173439747890608 0.34030583918414614
0.38659772763016337 0.37766705014709157
0.3558514804712658 0.41502826111003716
0.3251052333123679 0.4523894720729831
0.29435898615347045 0.4897506830359285
0.26361273899457366 0.527111893998873
0.23286649183567865 0.5644731049618157
0.20212024467678372 0.601834315924758
0.1713739975178887 0.6391955268877004
0.1406277503589937 0.676556737850643
0.10988150320009878 0.7139179488135853
0.07913525604120358 0.7512791597765278
0.04838900888230883 0.78864037073947
0.02315780448895368 0.819862699681751
0.02002424765452511 0.8628890694444974
0.03648274620750236 0.9037488445553464
0.05953834248695624 0.9414153286076192
0.08529557757761028 0.97730366359667
0.11271614149589347 1.0119411167957526
0.14137021633785468 1.0455667242710902
0.17099702103452258 1.0783393442246256
0.20141258192276715 1.110381814052308
0.23248019848714563 1.141792825574713
0.26803982888256495 1.112758853742593
0.30367294637886394 1.0806919066737686
0.33930606387516293 1.0486249596049442
0.37493918137146176 1.01655801253612
0.4105722988677609 0.9844910654672954
0.4462054163640596 0.9524241183984713
0.4818385338603586 0.9203571713296469
0.5174716513566575 0.8882902242608225
0.5531047688529566 0.8562232771919981
0.5887378863492556 0.8241563301231737
0.6243710038455546 0.7920893830543493
0.6600041213418535 0.7600224359855249
0.6956372388381526 0.7279554889167005
0.7312703563344516 0.6958885418478761
0.7669034738307503 0.663821594779052
0.8025365913270495 0.6317546477102273
0.8381697088233482 0.5996877006414031
0.8738028263196471 0.5676207535725787
0.9094359438159463 0.5355538065037543
0.9450690613122452 0.5034868594349299
0.9807016997551209 0.47141968635574766
0.9828460972884632 0.42228859265483276
0.9849904948218053 0.3731574989539178
0.9871348923551475 0.32402640525300336
0.9892792898884898 0.27489531155208846
0.991423687421832 0.22576421785117354
0.9935680849551742 0.17663312415025859
0.9957124824885163 0.1275020304493441
0.9978568800218586 0.07837093674842924
1.0 0.029239815180409058
