# CURVE 2D, normalized by CHORD
# COLUMN#1 = X-coordinate, COLUMN#2 = Y-coordinate
#-------------------------------------------------------------------------------
0.0 0.0
nan nan
-2.9400405442069527e-07 0.18477913043485775
0.008237947860138279 0.2299963351072259
0.015019213953226805 0.27618227618223845
0.021800480046315334 0.32236821725725107
0.028581746139403865 0.3685541583322637
0.035363012232492406 0.4147400994072763
0.042144278325580944 0.4609260404822889
0.048925544418669455 0.5071119815573013
0.055706810511757965 0.5532979226323139
0.062488076604846496 0.5994838637073265
0.06926934269793505 0.6456698047823392
0.07605060879102356 0.6918557458573518
0.08283187488411213 0.7380416869323645
0.08961314097720065 0.7842276280073771
0.12572238616197837 0.8074204708041299
0.15838371626361505 0.8354144818366238
0.187347423489326 0.8672303873175663
0.21281099062697745 0.9019195690227577
0.23523708293456833 0.9388489934864109
0.2551079346604929 0.9772197764430474
0.27335918532314224 1.0163919598581894
0.2916510754493296 1.0555442313874266
0.31312629123375635 1.0930030225817946
0.35493985976410525 1.0688204226792617
0.3969120831006268 1.0439068501588535
0.4388843064371482 1.0189932776384456
0.48085652977366977 0.9940797051180374
0.5228287531101912 0.9691661325976294
0.5648009764467126 0.9442525600772214
0.6067731997832342 0.9193389875568132
0.6487454231197556 0.8944254150364053
0.6907176464562772 0.8695118425159971
0.7326898697927986 0.8445982699955892
0.7746620931293201 0.819684697475181
0.8166343164658415 0.794771124954773
0.8586065398023629 0.7698575524343649
0.9005787631388845 0.7449439799139569
0.9425509864754059 0.7200304073935488
0.9845232098119273 0.6951168348731409
1.0264951950534404 0.6702031353018876
1.023844651582395 0.6218524567050908
1.0211941081113491 0.5735017781082938
1.0185435646403036 0.5251510995114967
1.0158930211692576 0.47680042091469393
1.0132424776982114 0.4284497423178867
1.0105919342271648 0.3800990637210705
1.007941390756118 0.3317483851242539
1.0052908472850715 0.2833977065274369
1.0026403038140248 0.23504702793062035
1.0 0.18669606887966123
