# CURVE 2D, normalized by CHORD
# COLUMN#1 = X-coordinate, COLUMN#2 = Y-coordinate
#-------------------------------------------------------------------------------
0.0 0.0
nan nan
0.006833055915789474 0.17218891291715965
0.04052770055259675 0.1768591976891123
0.07511645353284548 0.16876461504331292
0.11035718470873318 0.16753356858058496
0.13701623705411112 0.18646706578888347
0.14127827700593237 0.23394824953260004
0.13799216444025794 0.2830048700437795
0.1347060518745835 0.3320614905549592
0.13141993930890905 0.3811181110661385
0.12813382674323473 0.4301747315773165
0.12484771417756033 0.47923135208849554
0.12156160161188588 0.5282879725996753
0.11827548904621142 0.5773445931108551
0.11498937648053698 0.6264012136220348
0.11170326391486252 0.6754578341332146
0.10841715134918807 0.7245144546443945
0.10513103878351363 0.7735710751555741
0.10184492621783917 0.8226276956667539
0.09855881365216473 0.8716843161779334
0.09540288076472417 0.9206446446683745
0.13345541333281874 0.9358168340860749
0.16562220328185542 0.9612250043531041
0.19096301213949948 0.9935266875788779
0.2130230858770186 1.028221313129691
0.2364376172789558 1.0517838542164824
0.26759712467087754 1.0633893001796781
0.300886970915022 1.028688212396479
0.3330639023853666 0.9908501785197747
0.36524083385571116 0.9530121446430705
0.39741776532605577 0.9151741107663663
0.42959469679640033 0.8773360768896622
0.4617716282667449 0.8394980430129579
0.4939485597370895 0.8016600091362538
0.526125491207434 0.7638219752595496
0.5583024226777786 0.7259839413828454
0.5904793541481232 0.6881459075061412
0.6226562856184679 0.650307873629437
0.6548332170888124 0.6124698397527328
0.687010148559157 0.5746318058760287
0.7191870800295015 0.5367937719993244
0.7513640114998461 0.4989557381226203
0.7835409429701907 0.46111770424591614
0.8157178744405353 0.4232796703692119
0.8478946847817931 0.3854415414564226
0.873262671019892 0.35034166367625863
0.8986306572579907 0.31524178589609464
0.9239986434960895 0.2801419081159307
0.9493666297341884 0.2450420303357667
0.9747346159722872 0.20994215255560272
1.0 0.17480907875687812
