# CURVE 2D, normalized by CHORD
# COLUMN#1 = X-coordinate, COLUMN#2 = Y-coordinate
#-------------------------------------------------------------------------------
0.0 0.0
nan nan
0.001751607765516569 0.1962484003268169
0.019076130505669992 0.22142357168687973
0.05197437224661829 0.2449240766407534
0.06282229942474774 0.2646448706973235
0.037924948910295006 0.3076415057846432
0.012975155292350259 0.3506270848029062
-0.0119746383255945 0.3936126638211692
-0.03692443194353927 0.4365982428394323
-0.061874225561483046 0.47958382185769366
-0.08682401917942542 0.5225694008759525
-0.11177381279736708 0.5655549798942102
-0.13672360641530876 0.6085405589124679
-0.11460127257475167 0.6175731126399224
-0.09151193496153491 0.6340963322365253
-0.07299811146482843 0.6586164209387708
-0.055543032853661696 0.7032368853688902
-0.04115779477100348 0.7490291912392438
-0.022805968015044732 0.7881290121927806
0.0013540205151186687 0.8239634994462949
0.028877304662724246 0.858092211715013
0.057293111394621614 0.8914875498799784
0.0855345326728621 0.9250301021801828
0.11310221141016372 0.9591276885744809
0.13976469932995694 0.9939372061459258
0.16542359588144193 1.0294928379086425
0.19004983746752324 1.0657713984287513
0.21365226779804616 1.1027243519154912
0.24462436284601194 1.0700391028443312
0.2759499396646442 1.0322499962191078
0.30727551648327656 0.9944608895938842
0.33860109330190896 0.9566717829686606
0.36992667012054126 0.9188826763434371
0.4012522469391736 0.8810935697182135
0.43257782375780585 0.84330446309299
0.4639034005764383 0.8055153564677664
0.49522897739507066 0.7677262498425428
0.5265545542137029 0.7299371432173194
0.5578801310323354 0.6921480365920958
0.5892057078509677 0.6543589299668722
0.6205312846696 0.6165698233416487
0.6518568614882323 0.5787807167164251
0.6831824383068648 0.5409916100912014
0.714508015125497 0.503202503465978
0.7458335919441295 0.4654133968407542
0.7771591687627617 0.4276242902155307
0.8084847455813939 0.3898351835903072
0.8398103224000262 0.35204607696508383
0.8711358083930786 0.3142569040268061
0.8969056211896951 0.27397746425707836
0.9226754339863116 0.2336980244873502
0.9484452467829279 0.1934185847176228
0.9742150595795437 0.15313914494789582
0.9999848723761599 0.11285970517816844
