# CURVE 2D, normalized by CHORD
# COLUMN#1 = X-coordinate, COLUMN#2 = Y-coordinate
#-------------------------------------------------------------------------------
0.0 0.0
nan nan
0.0 0.10830870212939168
0.04127349572041807 0.12665950969841477
0.083464626382431 0.14291609802337712
0.1264227476170417 0.1570222912727173
0.1699770208424947 0.16916993220564086
0.21385051261448154 0.18011928168321784
0.25762117902082776 0.1914652290245021
0.3005836450580876 0.20552222206456777
0.33620585043802004 0.22145737024387155
0.3697460022631497 0.24140254538769737
0.40091436742863484 0.26489098179804116
0.4298402484128185 0.2911006735920648
0.3966018710055462 0.3262440356259059
0.36320334935044674 0.36139034117716684
0.32980482769534764 0.39653664672842726
0.29640630604024887 0.43168295227968745
0.2630077843851504 0.46682925783094725
0.22960926273005255 0.5019755633822064
0.1962107410749549 0.5371218689334654
0.1628122194198573 0.5722681744847242
0.12941369776476047 0.6074144800359824
0.09601517610966603 0.642560785587238
0.06261665445457132 0.6777070911384938
0.029218132799477048 0.7128533966897492
0.06802132094500711 0.7376632399885228
0.10726107565368438 0.7624361553573138
0.14613826147249911 0.7877730552297363
0.18432992801273188 0.8141296476171074
0.2205601783695062 0.8413578483119954
0.2550692851078884 0.8707275940037209
0.28660401678970177 0.9032462898828182
0.3124480568757772 0.940378628941453
0.32675004344343245 0.9831239884529898
0.3227621538035653 1.0284906843726191
0.3038509586018624 1.0701674452384966
0.34273955061718686 1.0419537337018696
0.38269870115607707 1.0125543637965104
0.42265785169496717 0.9831549938911512
0.4626170022338574 0.9537556239857921
0.5025761527727476 0.9243562540804328
0.5425353033116378 0.8949568841750735
0.5824944538505279 0.8655575142697143
0.6224536043894181 0.8361581443643551
0.6624127549283083 0.8067587744589958
0.7023719054671986 0.7773594045536365
0.7423310560060887 0.7479600346482773
0.782290206544979 0.7185606647429179
0.8222493570838691 0.6891612948375587
0.862208507622759 0.6597619249321998
0.9021676581616493 0.6303625550268404
0.9421268087005397 0.6009631851214812
0.9820859592394298 0.5715638152161219
1.0220448983085382 0.542164347499727
1.0188933462391059 0.49724019445992784
1.0157417941696745 0.4523160414201362
1.0125902421002426 0.4073918883803446
1.0094386900308112 0.36246773534055343
1.0062871379613794 0.31754358230076185
1.0031355858919477 0.2726194292609702
1.0 0.2276947168730433
