# CURVE 2D, normalized by CHORD
# COLUMN#1 = X-coordinate, COLUMN#2 = Y-coordinate
#-------------------------------------------------------------------------------
0.0 0.0
0.034414491359017516 0.007586548590469251
0.054288130810626424 0.010347675924403374
0.07348872903073693 0.0011964510311253294
0.09062142796340297 -0.011956986154226015
0.10922138922709637 -0.025449660019823052
0.11215738516726251 -0.49225233207634206
0.11215738516726251 -0.4445315168080743
0.11215738516726251 -0.39681070153980547
0.11215738516726251 -0.3490898862715386
0.11543139059186887 -0.3027948731694009
0.1314045172494208 -0.28901173509160105
0.13203207611095236 -0.04071317960793949
0.14554917435756407 -0.07936083297430922
0.14866828031141593 -0.27483695106810846
0.14911543949928652 -0.12401285116271228
0.15268170464100905 -0.1686648693511166
0.15624796978273167 -0.21331688753952183
0.15942923857447444 -0.4924385314742763
0.15981423492445432 -0.25796890572792736
0.20688729137962045 -0.4924385314742763
0.2543453441847666 -0.4924385314742763
0.30180339698991243 -0.4924385314742763
0.34926144979505763 -0.4924385314742763
0.3967195026002025 -0.4924385314742763
0.4441775554053472 -0.4924385314742763
0.49163560821049224 -0.4924385314742763
0.5390936610156382 -0.4924385314742763
0.5865517138207845 -0.4924385314742763
0.6340097666259303 -0.4924385314742763
0.6814678194310765 -0.4924385314742763
0.7289258722362226 -0.4924385314742763
0.7316238771515913 -0.26258612449662505
0.7444983545915721 -0.27846092391615096
0.7603732223399378 -0.2911223613585827
0.7763839250413688 -0.4924385314742763
0.7770302883308952 -0.4463201545047758
0.7770302883308952 -0.3995554142457487
0.7770302883308952 -0.35279067398672154
0.7770302883308952 -0.30602593372769443
