# CURVE 2D, normalized by CHORD
# COLUMN#1 = X-coordinate, COLUMN#2 = Y-coordinate
#-------------------------------------------------------------------------------
0.0 0.0
0.0202962012475576 -0.004631399564077837
0.04312083469165278 -0.008937143507788093
0.0626539956243284 -0.015036567402464698
0.07689955695925735 -0.4965744323866709
0.07689955695925735 -0.46558296825497375
0.07767067808345668 -0.43493567198262406
0.08232298372855985 -0.02601001035463259
0.08926010364861627 -0.0712392575839773
0.09164423220403103 -0.11913298419390625
0.0940283607594458 -0.16702671080383513
0.09433391015624217 -0.4228131055843567
0.09641248931486056 -0.21492043741376365
0.09879661787027527 -0.26281416402369184
0.10118074642568997 -0.3107078906336191
0.10356487498110466 -0.3586016172435465
0.10594900353651934 -0.4064953438534738
0.12245321229101452 -0.49663543999264426
0.1680678752287452 -0.49663543999264426
0.21368253816647587 -0.49663543999264426
0.2592972011042064 -0.49663543999264426
0.30491186404193693 -0.49663543999264426
0.3505265269796679 -0.49663543999264426
0.3961411899173991 -0.49663543999264426
0.4417558528551302 -0.49663543999264426
0.4873705157928613 -0.49663543999264426
0.5047853454435097 -0.40832230981349776
0.5171210182587742 -0.4236765648454331
0.532985178730592 -0.49663543999264426
0.5334104530751346 -0.466373984491642
0.5334104530751346 -0.43568725464609775
