# CURVE 2D, normalized by CHORD
# COLUMN#1 = X-coordinate, COLUMN#2 = Y-coordinate
#-------------------------------------------------------------------------------
0.0 0.0
0.019352822629187062 0.005906187791497699
0.0393220454849073 0.003439281170192282
0.06073678558991145 -0.011075746858782902
0.07835217657492964 -0.022792651567609307
0.09414281093735487 -0.7229865215536618
0.09414281093735487 -0.6772491938998351
0.09414281093735487 -0.6315118662460084
0.09414281093735487 -0.5857745385921815
0.09414281093735487 -0.5400372109383549
0.09414281093735487 -0.49429988328452823
0.09414281093735487 -0.44856255563070085
0.09414281093735487 -0.4028252279768732
0.09654553447730084 -0.031729817079492004
0.10648337443821847 -0.3660932855029246
0.10836711837344908 -0.06965413827963006
0.11186173072609287 -0.1138053757771504
0.11535634307873673 -0.15795661327467153
0.11885095543138062 -0.20210785077219307
0.12158027927064255 -0.353384997676099
0.1223455677840245 -0.24625908826971463
0.1258401801366684 -0.29041032576723613
0.12933479248931226 -0.33456156326475767
0.14058415544830613 -0.7233382092024638
0.1873771876080592 -0.7233382092024638
0.23417021976781183 -0.7233382092024638
0.28096325192756266 -0.7233382092024638
0.32775628408731067 -0.7233382092024638
0.3745493162470589 -0.7233382092024638
0.42134234840680884 -0.7233382092024638
0.46813538056655973 -0.7233382092024638
0.5149284127263114 -0.7233382092024638
0.5617214448860645 -0.7233382092024638
0.608514477045818 -0.7233382092024638
0.6553075092055708 -0.7233382092024638
0.6716755760922086 -0.34528015832767867
0.684070860525512 -0.36321753721198996
0.7021005413653238 -0.7233382092024638
0.7027041538233553 -0.6797493051589615
0.7027041538233553 -0.6355567886574276
0.7027041538233553 -0.5913642721558943
0.7027041538233553 -0.5471717556543605
0.7027041538233553 -0.5029792391528264
0.7027041538233553 -0.4587867226512949
0.7027041538233553 -0.41459420614976716
0.7027041538233553 -0.37040168964823916
