# CURVE 2D, normalized by CHORD
# COLUMN#1 = X-coordinate, COLUMN#2 = Y-coordinate
#-------------------------------------------------------------------------------
0.0 0.0
0.02154439072764354 -0.0008870064216538212
0.0427727689838365 -0.00350041042929497
0.06315031290264919 -0.008248077230821322
0.08242841089766707 -0.015849207550599955
0.09933189370091644 -0.027024667556393725
0.11283784477442883 -0.07093311330000432
0.11951764638701057 -0.11817660760495888
0.12367318317749566 -0.8041377131554661
0.12367318317749566 -0.7563158410353408
0.12367318317749566 -0.7084939689152154
0.12367318317749566 -0.6606720967950901
0.12367318317749566 -0.6128502246749647
0.12367318317749566 -0.5650283525548394
0.12367318317749566 -0.5172064804347141
0.12367318317749566 -0.46938460831458784
0.12619744799959226 -0.1654201019099133
0.13287724961217398 -0.2126635962148677
0.13918659075637013 -0.4327911008532229
0.13955705122475567 -0.2599070905198221
0.14623685283733737 -0.3071505848247764
0.1529166544499191 -0.35439407912973075
0.1548215905070394 -0.4210515585372392
0.15959645606250078 -0.40163757343468515
0.17188769686833938 -0.8045013871139108
0.22046588451762755 -0.8045013871139108
0.26904407216691584 -0.8045013871139108
0.3176222598162042 -0.8045013871139108
0.36620044746549224 -0.8045013871139108
0.4147786351147805 -0.8045013871139108
0.4633568227640688 -0.8045013871139108
0.4801410572748348 -0.41773006441809685
0.49341691674772564 -0.4316121059712124
0.5119350104133574 -0.8045013871139108
0.5123174963176378 -0.7590557143211965
0.5123174963176378 -0.7132275556242018
0.5123174963176378 -0.667399396927207
0.5123174963176378 -0.6215712382302121
0.5123174963176378 -0.5757430795332175
0.5123174963176378 -0.5299149208362226
0.5123174963176378 -0.4840867621392296
0.5123174963176378 -0.43825860344224005
