# CURVE 2D, normalized by CHORD
# COLUMN#1 = X-coordinate, COLUMN#2 = Y-coordinate
#-------------------------------------------------------------------------------
0.0 0.0
0.018381309860853418 0.011726155532232807
0.03676032207788337 0.020235525588072803
0.05669008732903793 0.02244792237202849
0.07459162956143947 0.013865836158894196
0.09129254061206889 -0.002955263074903299
0.0923651398917864 -0.31495486193860994
0.0923651398917864 -0.2736251248488882
0.0923651398917864 -0.23229538775917008
0.10535022030883619 -0.19644297684278558
0.11072464084998868 -0.025626317012774104
0.12029465657792987 -0.18303618772105032
0.12489227751288377 -0.041103022562328825
0.12845691770851914 -0.08290029178582863
0.13134687998028266 -0.12499689312050132
0.13423684225204618 -0.1670934944551741
0.1417410872332184 -0.3150606810767146
0.19122285371275521 -0.3150606810767146
0.24070462019229183 -0.3150606810767146
0.2901863866718285 -0.3150606810767146
0.3396681531513652 -0.3150606810767146
0.38914991963090195 -0.3150606810767146
0.4386316861104386 -0.3150606810767146
0.48811345258997524 -0.3150606810767146
0.5375952190695122 -0.3150606810767146
0.5870769855490495 -0.3150606810767146
0.6365587520285868 -0.3150606810767146
0.6860405185081235 -0.3150606810767146
0.7355222849876603 -0.3150606810767146
0.7850040514671969 -0.3150606810767146
0.8344858179467334 -0.3150606810767146
0.88396758442627 -0.3150606810767146
0.9334493509058068 -0.3150606810767146
0.9829311173853434 -0.3150606810767146
1.0324128838648805 -0.3150606810767146
1.0407345776641181 -0.16721856025947085
1.067641846889238 -0.19461124044649433
1.0818946503444178 -0.3150606810767146
1.082614865882724 -0.28025534386766454
1.082614865882724 -0.2447297911203083
1.082614865882724 -0.2092042383729523
