# CURVE 2D, normalized by CHORD
# COLUMN#1 = X-coordinate, COLUMN#2 = Y-coordinate
#-------------------------------------------------------------------------------
0.0 0.0
0.012964654975806816 0.015020710182670921
0.031137805385219746 0.008116427059555974
0.04544364163019868 -0.0059323938597157086
0.055143406445264206 -0.4623492481969552
0.055143406445264206 -0.41684037217534226
0.055143406445264206 -0.37133149615372774
0.055143406445264206 -0.3258226201321132
0.055143406445264206 -0.28031374411049875
0.062096048306101555 -0.019370909356540688
0.06578072720340354 -0.24118979184511172
0.06806188848921928 -0.0587465809591494
0.07033402581849992 -0.1002270738543613
0.0726061631477805 -0.1417075667495723
0.07487830047706097 -0.18318805964478177
0.07715043780634163 -0.2246685525399943
0.10228487283770692 -0.4625640097322137
0.14964110076540807 -0.4625640097322137
0.19699732869310926 -0.4625640097322137
0.2443535566208103 -0.4625640097322137
0.29170978454851154 -0.4625640097322137
0.339066012476212 -0.4625640097322137
0.3864222404039125 -0.4625640097322137
0.4337784683316132 -0.4625640097322137
0.48113469625931327 -0.4625640097322137
0.5284909241870128 -0.4625640097322137
0.575847152114714 -0.4625640097322137
0.6232033800424152 -0.4625640097322137
0.6705596079701163 -0.4625640097322137
0.7179158358978173 -0.4625640097322137
0.7652720638255186 -0.4625640097322137
0.8126282917532198 -0.4625640097322137
0.8446854292208268 -0.2352634887819431
0.8599845196809209 -0.4625640097322137
0.8607825915769106 -0.4201032623912458
0.8607825915769106 -0.3768444431542858
0.8607825915769106 -0.33358562391732477
0.8607825915769106 -0.29032680468036043
0.8607825915769106 -0.2470679854433971
