# CURVE 2D, normalized by CHORD
# COLUMN#1 = X-coordinate, COLUMN#2 = Y-coordinate
#-------------------------------------------------------------------------------
0.0 0.0
0.018676489989708493 0.012818771500577435
0.036776072085243194 0.020589746551247113
0.053783862948347555 0.01014390290970394
0.06879390760444852 -0.0033030198529726113
0.08762932033582113 -0.018880915927606396
0.10398293421215513 -0.03117175990234137
0.11794036462422743 -0.07173270775122886
0.12410706117510216 -0.11702013640466832
0.12955309633974688 -0.6488056222415534
0.12955309633974688 -0.6005139931455179
0.12955309633974688 -0.5522223640494826
0.12955309633974688 -0.5039307349534471
0.13027375772597677 -0.16230756505810678
0.13644045427685111 -0.20759499371154316
0.14260715082772543 -0.2528824223649796
0.14493911589001662 -0.46620241443277977
0.14877384737859975 -0.298169851018416
0.15494054392947404 -0.34345727967185224
0.15909002888069432 -0.4522806278725587
0.16110724048034838 -0.3887447083252886
0.16727393703122342 -0.4340321369787304
0.17780413784972093 -0.6489800423121799
0.22622959943032106 -0.6489800423121799
0.27465506101091963 -0.6489800423121799
0.32308052259151665 -0.6489800423121799
0.37150598417210917 -0.6489800423121799
0.38905726430506155 -0.44860096472907096
0.40162801516917107 -0.46428660689106255
0.41993144575269126 -0.6489800423121799
0.42022032027974376 -0.6050400828456775
0.42022032027974376 -0.5608112488521221
0.42022032027974376 -0.5165824148585667
0.42022032027974376 -0.4723535808650116
