# CURVE 2D, normalized by CHORD
# COLUMN#1 = X-coordinate, COLUMN#2 = Y-coordinate
#-------------------------------------------------------------------------------
0.0 0.0
0.020602553953835576 0.002060472330930427
0.039698687000966335 -0.003765917284342003
0.0565548609439978 -0.016363577042181138
0.06351959488160766 -0.39790693874403216
0.06351959488160766 -0.35622181396287034
0.06358320974079774 -0.3145924977145503
0.07590223051369832 -0.025253254559682876
0.07892080834800848 -0.06857281684630236
0.08096651944578451 -0.11259749273459836
0.08301223054356055 -0.15662216862289477
0.08332714438273138 -0.30790055668215077
0.08505794164133657 -0.20064684451119053
0.08710365273911247 -0.24467152039948395
0.08914936383688832 -0.28869619628777593
0.11041157681625866 -0.39799036384985215
0.15738698385672958 -0.39799036384985215
0.2043623908972005 -0.39799036384985215
0.2513377979376714 -0.39799036384985215
0.2983132049781424 -0.39799036384985215
0.34528861201861416 -0.39799036384985215
0.39226401905908637 -0.39799036384985215
0.43923942609955857 -0.39799036384985215
0.4862148331400308 -0.39799036384985215
0.533190240180503 -0.39799036384985215
0.5549591325844262 -0.2889588750554599
0.5617779244269508 -0.3093406672831096
0.5801656472209752 -0.39799036384985215
0.5806011075323544 -0.35655396528622746
0.5806011075323544 -0.3146821064112237
