# CURVE 2D, normalized by CHORD
# COLUMN#1 = X-coordinate, COLUMN#2 = Y-coordinate
#-------------------------------------------------------------------------------
0.0 0.0
0.015130219474404861 0.014001907028270257
0.03423742382865347 0.017291763291746354
0.05175369541274978 0.0036353727991810807
0.06677640984017447 -0.011283135280084743
0.07750312057896276 -0.2884172354769878
0.07968557335885831 -0.24451104871246757
0.08389548497322062 -0.025498800040795952
0.0946252053832739 -0.07013985590255127
0.09555967356623994 -0.2322064258472727
0.09902463169349535 -0.11850883856590014
0.10342405800371654 -0.16687782122924621
0.10782348431393801 -0.21524680389259537
0.12413364422555545 -0.28845986533662216
0.17080679773178312 -0.28845986533662216
0.21747995123800962 -0.28845986533662216
0.26415310474423526 -0.28845986533662216
0.31082625825046073 -0.28845986533662216
0.3574994117566863 -0.28845986533662216
0.40417256526291195 -0.28845986533662216
0.42222834900136963 -0.21780514171591905
0.43452255328186706 -0.23357597933071003
0.4508457187691376 -0.28845986533662216
0.4512056192683392 -0.24578383422757125
