# CURVE 2D, normalized by CHORD
# COLUMN#1 = X-coordinate, COLUMN#2 = Y-coordinate
#-------------------------------------------------------------------------------
0.0 0.0
0.01766979199532405 0.008804419564226952
0.037666304667455415 0.004533250410733273
0.05529952342984163 -0.0062772260586740625
0.06145776844774385 -0.3353810359778529
0.06145776844774385 -0.2938789106878659
0.06145776844774385 -0.25237678539787894
0.07368913589414104 -0.020940020359918658
0.07434959130876205 -0.2172982313519754
0.08208043278659062 -0.06351576624444982
0.08413965815495847 -0.10914711152656843
0.08619888352332629 -0.15477845680868674
0.08825810889169418 -0.20040980209080617
0.10789137932866577 -0.3354888833372166
0.15443283756895076 -0.3354888833372166
0.20097429580923382 -0.3354888833372166
0.24751575404951687 -0.3354888833372166
0.2940572122897998 -0.3354888833372166
0.34059867053008297 -0.3354888833372166
0.3871401287703659 -0.3354888833372166
0.43368158701064896 -0.3354888833372166
0.480223045250932 -0.3354888833372166
0.5267645034912165 -0.3354888833372166
0.5733059617315024 -0.3354888833372166
0.6049646874514284 -0.2138355756721976
0.6198474199717882 -0.3354888833372166
0.6203489825526421 -0.2998235811897576
0.6203489825526421 -0.2636567164614607
0.6203489825526421 -0.2274898517331663
