# CURVE 2D, normalized by CHORD
# COLUMN#1 = X-coordinate, COLUMN#2 = Y-coordinate
#-------------------------------------------------------------------------------
0.0 0.0
0.020183088354991763 0.008229199146670398
0.03908684328545293 0.008338672341759765
0.05474057387447646 -0.17556211564986282
0.06270483895581137 -0.15381358325505534
0.06317718243163271 -0.02096733530744071
0.06744267515043244 -0.05961299282274268
0.07163248685298008 -0.09828858157658517
0.07582229855552775 -0.13696417033042751
0.10374205053535371 -0.17557954522204763
0.15276095676841583 -0.17557954522204763
0.20177986300147782 -0.17557954522204763
0.25079876923454 -0.17557954522204763
0.29981767546760213 -0.17557954522204763
0.3488365817006642 -0.17557954522204763
0.39785548793372627 -0.17557954522204763
0.4468743941667883 -0.17557954522204763
0.4958933003998504 -0.17557954522204763
0.5449122066329125 -0.17557954522204763
0.5939311128659747 -0.17557954522204763
0.6429500190990368 -0.17557954522204763
0.6919689253320991 -0.17557954522204763
0.7409878315651612 -0.17557954522204763
0.7900067377982235 -0.17557954522204763
0.8390256440312857 -0.17557954522204763
0.8880445502643476 -0.17557954522204763
0.9370634564974095 -0.17557954522204763
0.9860823627304713 -0.17557954522204763
1.017329362849645 -0.14242492722613814
1.0325337691531522 -0.15720705770769175
1.035101239522468 -0.17557951578098227
