# CURVE 2D, normalized by CHORD
# COLUMN#1 = X-coordinate, COLUMN#2 = Y-coordinate
#-------------------------------------------------------------------------------
0.0 0.0
0.02014192164699945 -0.0029011959776884186
0.04049408442238387 -0.002333397945815989
0.06083297470599356 0.0012579253975528388
0.07924924978839112 -0.0039752225827143495
0.08933135473506211 -0.022189554890563054
0.09786782507190259 -0.07017002875303813
0.10426756696641612 -0.11869575608085774
0.11066730886092968 -0.16722148340867754
0.1170670507554429 -0.21574721073649472
0.1182259486379641 -0.964556285056622
0.1182259486379641 -0.9166900046472297
0.1182259486379641 -0.8688237242378365
0.1182259486379641 -0.8209574438284418
0.1182259486379641 -0.7730911634190472
0.1182259486379641 -0.7252248830096525
0.1182259486379641 -0.6773586026002578
0.1182259486379641 -0.6294923221908632
0.1182259486379641 -0.5816260417814685
0.1182259486379641 -0.5337597613720738
0.12101096254282438 -0.4871058580193782
0.12346679264995623 -0.2642729380643128
0.12986653454446986 -0.312798665392133
0.1362662764389835 -0.36132439271995326
0.1372649231170301 -0.47437569203118973
0.1426660183334971 -0.4098501200477735
0.14906576022801038 -0.4583758473755909
0.1666365873667409 -0.9650282454278126
0.21551918646670828 -0.9650282454278126
0.2644017855666755 -0.9650282454278126
0.3132843846666429 -0.9650282454278126
0.3621669837666101 -0.9650282454278126
0.41104958286657756 -0.9650282454278126
0.45993218196654473 -0.9650282454278126
0.5088147810665122 -0.9650282454278126
0.5576973801664811 -0.9650282454278126
0.6065799792664504 -0.9650282454278126
0.6554625783664185 -0.9650282454278126
0.7043451774663856 -0.9650282454278126
0.7229496913940692 -0.4588024996925738
0.7378120368320935 -0.4767450582231385
0.7532277765663531 -0.9650282454278126
0.7538457713773156 -0.9180956122860344
0.7538457713773156 -0.8705449843332937
0.7538457713773156 -0.8229943563805532
0.7538457713773156 -0.7754437284278124
0.7538457713773156 -0.7278931004750717
0.7538457713773156 -0.6803424725223309
0.7538457713773156 -0.6327918445695893
0.7538457713773156 -0.5852412166168466
0.7538457713773156 -0.5376905886641039
0.7538457713773156 -0.49013996071136245
