# CURVE 2D, normalized by CHORD
# COLUMN#1 = X-coordinate, COLUMN#2 = Y-coordinate
#-------------------------------------------------------------------------------
0.0 0.0
0.019499516165893162 0.005299548986040384
0.039326816753007574 0.0057344645393317475
0.05683858868259038 -0.004048122397320423
0.0732947333756239 -0.017554853182220966
0.0757008146440733 -0.4805006633179632
0.0757008146440733 -0.43381391215108134
0.0757008146440733 -0.38712716098419914
0.0757008146440733 -0.34044040981731694
0.0757008146440733 -0.29375365865043473
0.08787247591123969 -0.05747233840618112
0.09093957883025472 -0.25465671527793066
0.09193036577331895 -0.10262344382837325
0.09598825563539831 -0.14777454925056663
0.10004614549747773 -0.19292565467276057
0.10410403535955698 -0.23807676009495266
0.11925097117933994 -0.48071248998130905
0.1630129543779522 -0.48071248998130905
0.20677493757656382 -0.48071248998130905
0.25053692077517586 -0.48071248998130905
0.29429890397378605 -0.48071248998130905
0.3380608871723962 -0.48071248998130905
0.3537008509307521 -0.2382689619998667
0.366349609379205 -0.2539988122679946
0.3818228703710065 -0.48071248998130905
0.38212134551259636 -0.4381845173560302
0.38212134551259636 -0.3953580695891621
0.38212134551259636 -0.35253162182229336
0.38212134551259636 -0.30970517405543996
0.38212134551259636 -0.2668787262885845
