# CURVE 2D, normalized by CHORD
# COLUMN#1 = X-coordinate, COLUMN#2 = Y-coordinate
#-------------------------------------------------------------------------------
0.0 0.0
0.02035935589526081 0.0017190593320475082
0.04026142140343626 0.0033295287641111992
0.05696498239638622 -0.00813966276829791
0.07186163660512006 -0.023142621837175248
0.0788680507395358 -0.07142714340251363
0.08494593179677941 -0.12015164826855236
0.08495832288291964 -0.4872140199865136
0.08495832288291964 -0.4459893626043899
0.08495832288291964 -0.4047647052222669
0.08495832288291964 -0.3635400478401443
0.09102381285402289 -0.16887615313458998
0.09710169391126634 -0.21760065800062744
0.10016388110492921 -0.33134342417484336
0.1031795749685098 -0.26632516286666486
0.10925745602575326 -0.3150496677327024
0.1283528801939543 -0.4873616208128353
0.1718950383313103 -0.4873616208128353
0.2154371964686646 -0.4873616208128353
0.25897935460601934 -0.4873616208128353
0.302521512743373 -0.4873616208128353
0.34606367088072676 -0.4873616208128353
0.3723060448680682 -0.3298405061795713
0.3896058290180803 -0.4873616208128353
0.38990839201919675 -0.43837061835574054
0.38990839201919675 -0.3890770528975294
0.38990839201919675 -0.33978348743931824
