# CURVE 2D, normalized by CHORD
# COLUMN#1 = X-coordinate, COLUMN#2 = Y-coordinate
#-------------------------------------------------------------------------------
0.0 0.0
0.021720515270144215 -0.003304068680662818
0.0424222747487221 -0.0036283833132715604
0.06352574092307027 -0.0014576257842390757
0.0834683164769887 -0.0038264280647429053
0.10018372708431843 -0.015172982511927105
0.10755396484252343 -0.43870149335386793
0.10755396484252343 -0.3990816478001737
0.10755396484252343 -0.3594618022464782
0.10755396484252343 -0.3198419566927818
0.1078854896088792 -0.28052706018314927
0.11698745710803055 -0.032492343471871285
0.12694944310767475 -0.27338393916946624
0.12845778818841863 -0.0715259001930867
0.13362251581799567 -0.11333829462940824
0.1368225336991086 -0.2560181043784281
0.1387872434475727 -0.15515068906572987
0.1439519710771498 -0.1969630835020519
0.14911669870672678 -0.23877547793837317
0.1549665370166368 -0.43885950790902045
0.2025371237459033 -0.43885950790902045
0.25010771047516983 -0.43885950790902045
0.29767829720443667 -0.43885950790902045
0.3452488839337037 -0.43885950790902045
0.3928194706629705 -0.43885950790902045
0.4403900573922374 -0.43885950790902045
0.48796064412150414 -0.43885950790902045
0.5355312308507711 -0.43885950790902045
0.5831018175800362 -0.43885950790902045
0.6306724043093022 -0.43885950790902045
0.6782429910385676 -0.43885950790902045
0.7258135777678332 -0.43885950790902045
0.7733841644970988 -0.43885950790902045
0.8209547512263643 -0.43885950790902045
0.8685253379556297 -0.43885950790902045
0.9160959246848952 -0.43885950790902045
0.9228877415593975 -0.23896824884574597
0.9353487515638516 -0.25625971080002025
0.9460031419685242 -0.2744157306632964
0.963666511414161 -0.43885950790902045
0.9644742867657752 -0.39992830707840166
0.9644742867657752 -0.3601893308961689
0.9644742867657752 -0.32045035471393585
0.9644742867657752 -0.28071137853170286
