# CURVE 2D, normalized by CHORD
# COLUMN#1 = X-coordinate, COLUMN#2 = Y-coordinate
#-------------------------------------------------------------------------------
0.0 0.0
0.01949694735099229 0.005141309304732349
0.039463339314527876 0.004445652076430202
0.05809081137927772 -0.0031086442400712973
0.0822646509521394 -0.019723241154959593
0.10008744599454701 -0.03131312461515531
0.10845901445079187 -0.46354103164369975
0.10845901445079187 -0.4257715830399242
0.10845901445079187 -0.38800213443614834
0.10845901445079187 -0.3502326858323809
0.1159839311283596 -0.06840710950646674
0.12122724689770417 -0.320466862714234
0.12192677726947605 -0.11256933927958462
0.12786962341059255 -0.1567315690527029
0.13381246955170886 -0.20089379882581937
0.13675052272457158 -0.3074607753223879
0.13975531569282512 -0.24505602859893583
0.14569816183394163 -0.2892182583720541
0.15535601147900832 -0.4636773639434615
0.20238934080698617 -0.4636773639434615
0.24942267013496416 -0.4636773639434615
0.29645599946294066 -0.4636773639434615
0.343489328790917 -0.4636773639434615
0.35930858250083364 -0.30259899188137485
0.37313956732297215 -0.31734642761048243
0.3905226581188924 -0.4636773639434615
0.39080365469966305 -0.4182402836073382
0.39080365469966305 -0.3725222066904444
0.39080365469966305 -0.326804129773552
