# CURVE 2D, normalized by CHORD
# COLUMN#1 = X-coordinate, COLUMN#2 = Y-coordinate
#-------------------------------------------------------------------------------
0.0 0.0
0.01845176957163821 0.008463252303566648
0.03830649835063341 0.010906309500483095
0.05967731459879329 0.007170216489451073
0.07830569222107031 -0.00044222573031053907
0.09986966870906204 -0.013154845812062974
0.11908791005086106 -0.026971356835789488
0.12141158433663929 -0.3640801349821729
0.12141158433663929 -0.32544309856710296
0.13280233353888668 -0.29554471722152376
0.1368429605562207 -0.040864361825243195
0.15063890895627002 -0.07861965923952012
0.1525641197701424 -0.2865539925107326
0.1555940995946558 -0.12130148149120225
0.1605492902330416 -0.16398330374288436
0.16139009861958756 -0.26876988727284623
0.16550448087142736 -0.20666512599456624
0.1692844492236839 -0.36414565933282683
0.17045967150981312 -0.24934694824624806
0.21722283846138285 -0.36414565933282683
0.26516122769908285 -0.36414565933282683
0.3130996169367831 -0.36414565933282683
0.36103800617448356 -0.36414565933282683
0.40897639541218395 -0.36414565933282683
0.45691478464988455 -0.36414565933282683
0.5048531738875853 -0.36414565933282683
0.5527915631252867 -0.36414565933282683
0.6007299523629881 -0.36414565933282683
0.6486683416006895 -0.36414565933282683
0.6966067308383908 -0.36414565933282683
0.7445451200760922 -0.36414565933282683
0.7924835093137936 -0.36414565933282683
0.8404218985514949 -0.36414565933282683
0.8883602877891963 -0.36414565933282683
0.9362986770268977 -0.36414565933282683
0.9412829649179391 -0.2606902619233523
0.948893971414583 -0.27971147322967993
0.9641442739768472 -0.2925615612465806
0.9842370662645992 -0.36414565933282683
0.9846576950850574 -0.33161567619714
0.9846576950850574 -0.29866506424099337
