# CURVE 2D, normalized by CHORD
# COLUMN#1 = X-coordinate, COLUMN#2 = Y-coordinate
#-------------------------------------------------------------------------------
0.0 0.0
0.018813419614477415 0.012075179254576802
0.03763716607012948 0.020989082820149114
0.05693220509790244 0.026126403349128198
0.07735774644930607 0.025876269003375446
0.09648624563047496 0.01828430875887545
0.10039404455394496 -0.30836508826163267
0.10039404455394496 -0.26091949594188796
0.10927415366408105 -0.21911100427103822
0.11150335586573402 0.004921879331178263
0.12305127341910609 -0.01224732493616627
0.12873101105850848 -0.2125261907469342
0.13178672939856445 -0.031598727553400194
0.13890990748748475 -0.07980610941259783
0.141726705941227 -0.19795770633296558
0.14239251408020034 -0.12874690163025349
0.145875120672916 -0.17768769384790928
0.1473519992050371 -0.3084500518822929
0.19439491747678958 -0.3084500518822929
0.24143783574854197 -0.3084500518822929
0.2884807540202938 -0.3084500518822929
0.3355236722920458 -0.3084500518822929
0.3825665905637982 -0.3084500518822929
0.4296095088355502 -0.3084500518822929
0.4766524271073017 -0.3084500518822929
0.5236953453790528 -0.3084500518822929
0.5707382636508035 -0.3084500518822929
0.6177811819225539 -0.3084500518822929
0.6216860579569378 -0.18882846982820745
0.6288123187727807 -0.20731726444682272
0.6469038890826884 -0.2156605925750899
0.6648241001943058 -0.3084500518822929
0.6653176482952934 -0.2661601683793081
0.6653176482952934 -0.22337673677533554
