# CURVE 2D, normalized by CHORD
# COLUMN#1 = X-coordinate, COLUMN#2 = Y-coordinate
#-------------------------------------------------------------------------------
0.0 0.0
0.014617365016650547 0.014576034844952622
0.04009202586096493 0.003409617641630448
0.059974325069782175 -0.015230809385920413
0.07737797431993199 -0.26848136455296634
0.07791310261487701 -0.02592766876790573
0.0834300696111819 -0.06773655434359768
0.08845679088694572 -0.10991809121625053
0.09348351216270948 -0.15209962808890296
0.09558109603838753 -0.2552828619969789
0.09851023343847348 -0.19428116496155734
0.10353518701541549 -0.23646257967703577
0.12624059400127952 -0.26848723658574697
0.1751090857154076 -0.26848723658574697
0.22397757742953578 -0.26848723658574697
0.2728460691436639 -0.26848723658574697
0.32171456085779215 -0.26848723658574697
0.37058305257192026 -0.26848723658574697
0.41945154428604836 -0.26848723658574697
0.46832003600017647 -0.26848723658574697
0.5171885277143047 -0.26848723658574697
0.5660570194284327 -0.26848723658574697
0.6149255111425607 -0.26848723658574697
0.6637940028566888 -0.26848723658574697
0.7126624945708168 -0.26848723658574697
0.7353725613360078 -0.23645798492977507
0.7462988400253606 -0.25669681171472597
0.761530979622668 -0.2684872299234707
