# CURVE 2D, normalized by CHORD
# COLUMN#1 = X-coordinate, COLUMN#2 = Y-coordinate
#-------------------------------------------------------------------------------
0.0 0.0
0.017489168065808153 0.01042212022030786
0.0361912617253892 0.01758549647984367
0.05303504556156668 0.008909355022943145
0.05461456078942058 -0.2655583465229965
0.05461456078942058 -0.22522581397191194
0.05461456078942058 -0.18489328142082784
0.0629217045297047 -0.009220359485640916
0.06653117780670044 -0.1510155799286008
0.07289186047681742 -0.04967385577348863
0.07562168621418228 -0.09230677720176933
0.07835151195154712 -0.13493969863004954
0.10080601834348879 -0.26566523713331747
0.14710436650787792 -0.26566523713331747
0.19340271467226677 -0.26566523713331747
0.23970106283665582 -0.26566523713331747
0.285999411001045 -0.26566523713331747
0.3322977591654341 -0.26566523713331747
0.37859610732982324 -0.26566523713331747
0.42489445549421245 -0.26566523713331747
0.47119280365860167 -0.26566523713331747
0.5174911518229905 -0.26566523713331747
0.5637894999873787 -0.26566523713331747
0.595092556933345 -0.14654713529438043
0.610087848151767 -0.26566523713331747
0.6106139509573523 -0.23042595448889427
0.6106139509573523 -0.194660569038888
0.6106139509573523 -0.15889518358888152
