# CURVE 2D, normalized by CHORD
# COLUMN#1 = X-coordinate, COLUMN#2 = Y-coordinate
#-------------------------------------------------------------------------------
0.0 0.0
0.027032879306540622 0.01588036981541376
0.044721242565350185 0.024983028907141398
0.07066013022858593 -0.002406125835360007
0.07983502439781834 -0.21979048435111323
0.08556978686299828 -0.19963114700254123
0.08633140818493802 -0.02199665122029876
0.0973994883830437 -0.05714330337553592
0.10201416396288353 -0.0950988360702752
0.10314883343998169 -0.18932219641559647
0.1066288395427232 -0.133054368765013
0.11124351512256321 -0.17100990145975356
0.12757035209852033 -0.21980773718375382
0.17532293263186144 -0.21980773718375382
0.22307551316520272 -0.21980773718375382
0.27082809369854416 -0.21980773718375382
0.31858067423188596 -0.21980773718375382
0.36633325476522827 -0.21980773718375382
0.4140858352985701 -0.21980773718375382
0.461838415831912 -0.21980773718375382
0.47816681020946133 -0.17113891361402914
0.48728900173151174 -0.19074703434299664
0.5047562248028244 -0.20005435499699764
0.5095909863743929 -0.2198077271928928
