# CURVE 2D, normalized by CHORD
# COLUMN#1 = X-coordinate, COLUMN#2 = Y-coordinate
#-------------------------------------------------------------------------------
0.0 0.0
0.022415234049866065 0.0019593457763337745
0.04277126273959302 0.00528394101368391
0.06327109644577758 0.01011667623474765
0.08280035135737639 0.007975181687185808
0.10001182018043912 -0.007381296746641429
0.11769905127150886 -0.026137626595331823
0.13533806532012607 -0.04493974527122749
0.1407862779981055 -0.09451705686867046
0.14603238145792882 -0.14418735013691356
0.15127848491775203 -0.19385764340515574
0.15652458837757524 -0.24352793667339803
0.16177069183739826 -0.29319822994163836
0.16701679529722122 -0.3428685232098783
0.17226289875704423 -0.3925388164781187
0.17750900221686747 -0.442209109746361
0.16831584198299832 -0.46017746792359754
0.16142993660967334 -0.478922454443216
0.14344673888428672 -0.4870230802030784
0.13235509219489705 -0.5221632513503617
0.13235509219489705 -0.5676835046202966
0.13235509219489705 -0.6132037578902314
0.13235509219489705 -0.6587240111601663
0.18156107673209454 -0.6588951602043307
0.2309382103134564 -0.6588951602043307
0.28031534389481827 -0.6588951602043307
0.32969247747618 -0.6588951602043307
0.3790696110575418 -0.6588951602043307
0.42844674463890375 -0.6588951602043307
0.4778238782202655 -0.6588951602043307
0.5272010118016277 -0.6588951602043307
0.5765781453829895 -0.6588951602043307
0.6259552789643514 -0.6588951602043307
0.6753324125457132 -0.6588951602043307
0.7247095461270749 -0.6588951602043307
0.7740866797084369 -0.6588951602043307
0.8234638132897987 -0.6588951602043307
0.8728409468711604 -0.6588951602043307
0.9222180804525224 -0.6588951602043307
0.9229995809824949 -0.6167412611363051
0.9229995809824949 -0.573805861538307
0.9229995809824949 -0.5308704619403111
0.9229995809824949 -0.4879350623423119
0.903251584358827 -0.48521526101787077
0.890328647180132 -0.4710114443668606
0.8834459880935043 -0.45168438031400904
