# CURVE 2D, normalized by CHORD
# COLUMN#1 = X-coordinate, COLUMN#2 = Y-coordinate
#-------------------------------------------------------------------------------
0.0 0.0
0.022625595273488255 0.002203226077706529
0.04381648198381234 0.002896755443417332
0.06380132393093191 0.0011517007230358505
0.08341926882043195 -0.004553501474286973
0.10126327478188674 -0.014860607267382074
0.1176248703542239 -0.029372015666625804
0.13248385465487722 -0.07360892935885369
0.13651204650815651 -0.12247616930911522
0.14054023836143578 -0.17134340925937638
0.14456843021471494 -0.2202106492096362
0.14859662206799407 -0.2690778891598959
0.15262481392127317 -0.317945129110155
0.15665300577455227 -0.36681236906041415
0.16068119762783156 -0.41567960901067585
0.16470938948111116 -0.46454684896094134
0.16041626376365947 -0.4852781525943522
0.15085844171098844 -0.5024527512756332
0.12907769901675015 -0.5075367896163696
0.12140591162798547 -0.549004266039116
0.12140591162798547 -0.5975188134603415
0.12140591162798547 -0.6460333608815672
0.12140591162798547 -0.6945479083027927
0.12140591162798547 -0.7430624557240182
0.12140591162798547 -0.7915770031452438
0.12140591162798547 -0.8400915505664693
0.12140591162798547 -0.8886060979876964
0.16805105321953442 -0.8889844138578782
0.21507451068126487 -0.8889844138578782
0.26209796814299513 -0.8889844138578782
0.30912142560472555 -0.8889844138578782
0.3561448830664561 -0.8889844138578782
0.4031683405281865 -0.8889844138578782
0.45019179798991693 -0.8889844138578782
0.4972152554516474 -0.8889844138578782
0.5442387129133812 -0.8889844138578782
0.5912621703751143 -0.8889844138578782
0.6382856278368485 -0.8889844138578782
0.6853090852985848 -0.8889844138578782
0.7323325427603213 -0.8889844138578782
0.7793560002220579 -0.8889844138578782
0.7800113374160333 -0.8420033588066334
0.7800113374160333 -0.7943669665614134
0.7800113374160333 -0.7467305743161923
0.7800113374160333 -0.6990941820709692
0.7800113374160333 -0.6514577898257456
0.7800113374160333 -0.6038213975805211
0.7800113374160333 -0.5561850053352952
0.7800113374160333 -0.5085486130900743
0.7602159347070654 -0.505958079751416
0.744284937410798 -0.49492448208246625
0.7366820496297305 -0.4648599572433256
