# CURVE 2D, normalized by CHORD
# COLUMN#1 = X-coordinate, COLUMN#2 = Y-coordinate
#-------------------------------------------------------------------------------
0.0 0.0
0.014556434315044116 0.015080475439464846
0.03238878588754551 0.024009602438299058
0.05258031904641766 0.020351940368458235
0.07202798863626937 0.008520029545721048
0.08979254484683583 -0.005696650848485167
0.10935732416564879 -0.02317237124407053
0.13087655297985762 -0.04347138854657032
0.1357181960466536 -0.09005961510853745
0.14034712747526787 -0.13675127583529023
0.14497605890388215 -0.1834429365620433
0.14960499033249644 -0.23013459728879634
0.15423392176111084 -0.27682625801555055
0.15886285318972534 -0.32351791874230573
0.16349178461833985 -0.3702095794690609
0.16812071604695406 -0.4169012401958132
0.1727496474755682 -0.46359290092256494
0.1773785789041823 -0.5102845616493161
0.16474670190254853 -0.5271410752118093
0.1506908783411631 -0.5413967457978927
0.13437785700222538 -0.5540353709442725
0.13371347225672803 -0.6011783592587691
0.13371347225672803 -0.6487037621815733
0.13371347225672803 -0.6962291651043777
0.13371347225672803 -0.743754568027182
0.13371347225672803 -0.7912799709499863
0.13371347225672803 -0.8388053738727905
0.13371347225672803 -0.8863307767955937
0.13371347225672803 -0.9338561797183949
0.13371347225672803 -0.9813815826411969
0.18191530801924846 -0.9818065918094544
0.23054215295002656 -0.9818065918094544
0.2791689978808022 -0.9818065918094544
0.32779584281157587 -0.9818065918094544
0.37642268774235005 -0.9818065918094544
0.425049532673126 -0.9818065918094544
0.4736763776039017 -0.9818065918094544
0.5223032225346769 -0.9818065918094544
0.5709300674654503 -0.9818065918094544
0.6195569123962235 -0.9818065918094544
0.6681837573269969 -0.9818065918094544
0.7168106022577705 -0.9818065918094544
0.7654374471885442 -0.9818065918094544
0.814064292119318 -0.9818065918094544
0.8626911370500917 -0.9818065918094544
0.9113179819808653 -0.9818065918094544
0.9599448269116392 -0.9818065918094544
1.008571671842413 -0.9818065918094544
1.0571985167731863 -0.9818065918094544
1.0581030726768978 -0.9351684106582945
1.0581030726768978 -0.8876256736034236
1.0581030726768978 -0.8400829365485524
1.0581030726768978 -0.7925401994936815
1.0581030726768978 -0.7449974624388106
1.0581030726768978 -0.6974547253839397
1.0581030726768978 -0.6499119883290689
1.0581030726768978 -0.6023692512741976
1.0581030726768978 -0.5548265142193267
1.0422013462711297 -0.5423759808448227
1.025549759496296 -0.5254352724526502
