# CURVE 2D, normalized by CHORD
# COLUMN#1 = X-coordinate, COLUMN#2 = Y-coordinate
#-------------------------------------------------------------------------------
0.0 0.0
0.014705727925514165 0.014279882282247282
0.032274343311692856 0.024259734056193142
0.05225294204903633 0.023424765894143915
0.07089247996187346 0.0131551163900975
0.09077696656391972 -0.0027489595847542993
0.11112212240858038 -0.020744264574697305
0.13140231733259933 -0.03881327232058978
0.14475981960444198 -0.08308591307374308
0.1503225540942256 -0.13144606708144202
0.15588528858400952 -0.17980622108914385
0.1614480230737934 -0.22816637509684556
0.16701075756357744 -0.2765265291045481
0.15386789487040556 -0.293562946453894
0.13860084676347728 -0.3080820061300181
0.12136385994788286 -0.322567309036461
0.1201717373199502 -0.36419119040967435
0.1201717373199502 -0.406355442920617
0.16789223303545542 -0.40643822128193685
0.21569550711228042 -0.40643822128193685
0.2634987811891056 -0.40643822128193685
0.31130205526593047 -0.40643822128193685
0.3591053293427553 -0.40643822128193685
0.40690860341957946 -0.40643822128193685
0.4547118774964035 -0.40643822128193685
0.5025151515732277 -0.40643822128193685
0.5503184256500516 -0.40643822128193685
0.5981216997268767 -0.40643822128193685
0.6459249738037017 -0.40643822128193685
0.6937282478805269 -0.40643822128193685
0.694208014201305 -0.3653062547706942
0.694208014201305 -0.32369452193867276
0.6786521744555972 -0.3103764795684981
0.6614136596820995 -0.2947521961876858
0.6473435589702323 -0.27674765055349454
