# CURVE 2D, normalized by CHORD
# COLUMN#1 = X-coordinate, COLUMN#2 = Y-coordinate
#-------------------------------------------------------------------------------
0.0 0.0
0.013688438036258925 0.0147336207568278
0.03045443194823106 0.025606281006414974
0.050368269047074005 0.02716596138580113
0.06880827053357198 0.01824343301571157
0.0845403493251817 0.004192923018583429
0.09916214470507054 -0.012913223727036882
0.1122396378505198 -0.030692229524812556
0.12154114461154328 -0.07403513273004021
0.12590100071933366 -0.11917156535731249
0.13026085682712404 -0.1643079979845849
0.13462071293491448 -0.20944443061185758
0.13898056904270492 -0.2545808632391307
0.12605296566495078 -0.27004279156053523
0.11646178626219161 -0.2870362805237667
0.09960262208140241 -0.3248416698356387
0.09960262208140241 -0.37381328919595996
0.09960262208140241 -0.42278490855628126
0.09960262208140241 -0.47175652791660205
0.09960262208140241 -0.5207281472769227
0.09960262208140241 -0.5696997666372438
0.1444928913889757 -0.5699726157201905
0.18965600977949648 -0.5699726157201905
0.23481912817001768 -0.5699726157201905
0.2799822465605398 -0.5699726157201905
0.3251453649510634 -0.5699726157201905
0.3703084833415862 -0.5699726157201905
0.4154716017321145 -0.5699726157201905
0.4157837013752 -0.5243140735569168
0.4157837013752 -0.47834343175055766
0.4157837013752 -0.4323727899441984
0.4157837013752 -0.3864021481378386
0.4157837013752 -0.34043150633147895
0.4157837013752 -0.294460864525119
0.3976811573384511 -0.286308527826577
0.38835898747524084 -0.2686857076861016
