# CURVE 2D, normalized by CHORD
# COLUMN#1 = X-coordinate, COLUMN#2 = Y-coordinate
#-------------------------------------------------------------------------------
0.0 0.0
0.02189231277696581 0.0032550720065897573
0.04350589781628607 0.0004035120469861861
0.06357967889417292 -0.006924671949767092
0.08714774300614761 -0.020258770464570135
0.10706697414839544 -0.03451648031558795
0.11226256793899354 -0.07984925237697467
0.11497772337679497 -0.12649222334553786
0.11769287881459643 -0.17313519431410138
0.1204080342523979 -0.21977816528266506
0.12312318969019931 -0.2664211362512278
0.12583834512800063 -0.313064107219789
0.12855350056580195 -0.3597070781883501
0.11730742927593081 -0.37685995549058
0.09207955392188773 -0.39653476069508775
0.09199041406471564 -0.4266552507547505
0.139372309296721 -0.426685317869236
0.18678427164321187 -0.426685317869236
0.23419623398970277 -0.426685317869236
0.2816081963361936 -0.426685317869236
0.32902015868268497 -0.426685317869236
0.3764321210291758 -0.426685317869236
0.4238440833756667 -0.426685317869236
0.47125604572215757 -0.426685317869236
0.5186680080686487 -0.426685317869236
0.56607997041514 -0.426685317869236
0.6134919327616324 -0.426685317869236
0.6609038951081251 -0.426685317869236
0.708315857454616 -0.426685317869236
0.7557278198011093 -0.426685317869236
0.8031397821476005 -0.426685317869236
0.8505517444940934 -0.426685317869236
0.8979637068405852 -0.426685317869236
0.9453756691870772 -0.426685317869236
0.9461620791699528 -0.39663094614092376
0.9274194276490498 -0.3830057466377632
0.9095807868996608 -0.36001983050933584
