# CURVE 2D, normalized by CHORD
# COLUMN#1 = X-coordinate, COLUMN#2 = Y-coordinate
#-------------------------------------------------------------------------------
0.0 0.0
0.011930817684129333 0.01785888760577174
0.026362597455778933 0.032075528846911054
0.0440217614571786 0.027583403671491914
0.052696934146612875 0.009408216938845639
0.05902674702939877 -0.013751395781358287
0.06193133605342063 -0.059993784460798234
0.0636913091354825 -0.10638154627750782
0.06545128221754437 -0.1527693080942178
0.06721125529960617 -0.19915706991092583
0.06897122838166797 -0.24554483172763367
0.07073120146372984 -0.29193259354434364
0.07249117454579172 -0.33832035536105376
0.07425114762785362 -0.3847081171777639
0.07601112070991546 -0.43109587899447277
0.07777109379197725 -0.4774836408111807
0.06750656400532143 -0.49430836708119297
0.057633946332061856 -0.5282102768112685
0.057633946332061856 -0.5692472707407529
0.057633946332061856 -0.6102842646702372
0.10522817867903954 -0.6103970060976862
0.15293515245346623 -0.6103970060976862
0.2006421262278929 -0.6103970060976862
0.24834910000231958 -0.6103970060976862
0.29605607377674625 -0.6103970060976862
0.3437630475511728 -0.6103970060976862
0.3914700213255995 -0.6103970060976862
0.43917699510002617 -0.6103970060976862
0.48688396887445284 -0.6103970060976862
0.5345909426488795 -0.6103970060976862
0.5822979164233062 -0.6103970060976862
0.6300048901977329 -0.6103970060976862
0.6777118639721595 -0.6103970060976862
0.7254188377465862 -0.6103970060976862
0.7731258115210129 -0.6103970060976862
0.8208327852954396 -0.6103970060976862
0.8685397590698661 -0.6103970060976862
0.9162467328442929 -0.6103970060976862
0.9639537066187196 -0.6103970060976862
0.9646787271232846 -0.5733489747014116
0.9646787271232846 -0.5355759228005725
0.9646787271232846 -0.4978028708997332
0.948271650360482 -0.48728200811660954
