# CURVE 2D, normalized by CHORD
# COLUMN#1 = X-coordinate, COLUMN#2 = Y-coordinate
#-------------------------------------------------------------------------------
0.0 0.0
0.012968600502428497 0.015651595942631828
0.031019061565602725 0.025842599868242114
0.05246572397131126 0.023886005121459893
0.07240450831463766 0.010228403629863563
0.08859680148937972 -0.008860780257167643
0.10399194471591441 -0.03389808537618324
0.10689431547884273 -0.07964893279031794
0.10935326922188848 -0.12552387150037286
0.11181222296493423 -0.17139881021042735
0.11427117670797998 -0.2172737489204824
0.11673013045102572 -0.26314868763053695
0.1191890841940714 -0.3090236263405907
0.10716224158935403 -0.3272158973165134
0.09175853610101972 -0.34154942172685915
0.08437303209133354 -0.36186086609550977
0.1331164464605682 -0.3618786320235127
0.18187762675780503 -0.3618786320235127
0.23063880705504208 -0.3618786320235127
0.2793999873522791 -0.3618786320235127
0.3281611676495163 -0.3618786320235127
0.3769223479467553 -0.3618786320235127
0.42568352824399414 -0.3618786320235127
0.474444708541233 -0.3618786320235127
0.5232058888384719 -0.3618786320235127
0.5719670691357107 -0.3618786320235127
0.6207282494329492 -0.3618786320235127
0.6694894297301877 -0.3618786320235127
0.718250610027426 -0.3618786320235127
0.7670117903246645 -0.3618786320235127
0.8157729706219027 -0.3618786320235127
0.8645341509191412 -0.3618786320235127
0.9132953312163795 -0.3618786320235127
0.9620565115136179 -0.3618786320235127
1.0108176918108565 -0.3618786320235127
1.0595788721080952 -0.3618786320235127
1.0575297268016168 -0.34325348748993
1.0413426639810162 -0.3318927555218912
1.0256586601442088 -0.30929628422418065
