# CURVE 2D, normalized by CHORD
# COLUMN#1 = X-coordinate, COLUMN#2 = Y-coordinate
#-------------------------------------------------------------------------------
0.0 0.0
0.026292019128974674 0.011891899787746255
0.04518859185215316 0.019377781129669515
0.06479890320797586 0.01959346482252755
0.08577189043509507 -0.003072859202140863
0.1021317535184874 -0.02154966962244001
0.11675045275288655 -0.035910212628739294
0.12506668065745635 -0.07104846850433345
0.12887906366923574 -0.10845867437206225
0.1326914466810152 -0.14586888023979186
0.13650382969279456 -0.1832790861075205
0.1289122312344912 -0.20175463200543703
0.1120379014428726 -0.2132433053987988
0.09586185666240568 -0.2458474429659891
0.09586185666240568 -0.2871194224242943
0.14396853223427758 -0.2871824001586629
0.1921381855405181 -0.2871824001586629
0.24030783884675783 -0.2871824001586629
0.28847749215299834 -0.2871824001586629
0.336647145459239 -0.2871824001586629
0.3848167987654808 -0.2871824001586629
0.43298645207172315 -0.2871824001586629
0.4811561053779655 -0.2871824001586629
0.5293257586842077 -0.2871824001586629
0.57749541199045 -0.2871824001586629
0.6256650652966924 -0.2871824001586629
0.6260973286713452 -0.2558774432562474
0.6260973286713452 -0.22414022297917946
0.608676620429231 -0.21257325373942224
0.5924804465021097 -0.20102268582473334
