# CURVE 2D, normalized by CHORD
# COLUMN#1 = X-coordinate, COLUMN#2 = Y-coordinate
#-------------------------------------------------------------------------------
0.0 0.0
0.01758387862989336 0.010177516990477612
0.03753849876627183 0.012455006366190438
0.05749454936561807 0.008103805356013277
0.07608553785495412 -0.00018185430465783928
0.09431619649888863 -0.011192032159955703
0.11377304112692253 -0.02510633153312888
0.13316004860167185 -0.03995192034241506
0.14580855106309135 -0.07971648680144734
0.1474783279069654 -0.12536730527464848
0.14914810475083948 -0.17101812374784955
0.15081788159471354 -0.21666894222105057
0.1524876584385876 -0.2623197606942515
0.15415743528246167 -0.3079705791674525
0.15582721212633574 -0.3536213976406535
0.1574969889702098 -0.3992722161138545
0.14965041938003157 -0.4179758838453136
0.1366026996650565 -0.43291344657723774
0.11777785601929555 -0.44360448357070387
0.10928964962902851 -0.48179456633290774
0.10928964962902851 -0.5252549956267941
0.10928964962902851 -0.5687154249206822
0.10928964962902851 -0.6121758542145702
0.10928964962902851 -0.6556362835084583
0.10928964962902851 -0.6990967128023462
0.10928964962902851 -0.7425571420962342
0.15352317789287212 -0.7428489879612994
0.19804855202178 -0.7428489879612994
0.24257392615068782 -0.7428489879612994
0.28709930027959435 -0.7428489879612994
0.3316246744085012 -0.7428489879612994
0.3761500485374093 -0.7428489879612994
0.4206754226663192 -0.7428489879612994
0.46520079679523085 -0.7428489879612994
0.4655568227442065 -0.694019973912093
0.4655568227442065 -0.644834933913911
0.4655568227442065 -0.5956498939157285
0.4655568227442065 -0.5464648539175463
0.4655568227442065 -0.49727981391936404
0.4655568227442065 -0.4480947739211858
0.4472272744608335 -0.43840885838616656
0.4308235349204037 -0.4266394404485503
0.42086466242310955 -0.4076956249026651
