# CURVE 2D, normalized by CHORD
# COLUMN#1 = X-coordinate, COLUMN#2 = Y-coordinate
#-------------------------------------------------------------------------------
0.0 0.0
0.01994844518480588 -0.004239307985971058
0.04031330360142171 -0.006876296811816594
0.061704748826193825 -0.008259169365900534
0.08247130939976088 -0.009972622388531327
0.10254421778175325 -0.015121525751432179
0.12056897877765475 -0.02488322689700429
0.1375506755522524 -0.038714517875339825
0.15045043821686177 -0.07763699538657676
0.1537242273771177 -0.12099327445977394
0.1569980165373738 -0.16434955353297317
0.16027180569763 -0.20770583260617376
0.1635455948578862 -0.2510621116793744
0.16681938401814242 -0.2944183907525754
0.17009317317839864 -0.33777466982577636
0.15783145902570567 -0.3537715352951167
0.14694580917415317 -0.37027519916669527
0.12969349069044664 -0.38215164305010896
0.12067393840832363 -0.4213458207993741
0.12067393840832363 -0.46567985765654746
0.12067393840832363 -0.5100138945137148
0.1655117576305152 -0.510136589238873
0.2104722715778649 -0.510136589238873
0.25543278552521453 -0.510136589238873
0.3003932994725642 -0.510136589238873
0.3453538134199139 -0.510136589238873
0.3903143273672636 -0.510136589238873
0.4352748413146133 -0.510136589238873
0.48023535526196304 -0.510136589238873
0.4805853440229354 -0.4695300481243175
0.4805853440229354 -0.42857351824879086
0.4805853440229354 -0.38761698837326425
0.46349345465273784 -0.37703341483766745
0.44846316346449316 -0.3639958016202898
0.4384183567035058 -0.34622494541467663
