# CURVE 2D, normalized by CHORD
# COLUMN#1 = X-coordinate, COLUMN#2 = Y-coordinate
#-------------------------------------------------------------------------------
0.0 0.0
0.02306321387885986 -0.0036398634554249878
0.04303835634671884 -0.005685370204416872
0.07352263707459183 -0.006949554706317275
0.0937039911859334 -0.008679917689870318
0.11198238064690808 -0.016554225557790677
0.12774257483534257 -0.03080162674075837
0.14157504406571278 -0.04706097009057569
0.14474383236011243 -0.09592476484045485
0.14778460686384282 -0.1448378963910879
0.15082538136757315 -0.19375102794172022
0.15386615587130353 -0.24266415949235323
0.15690693037503378 -0.291577291042984
0.159947704878764 -0.3404904225936144
0.16298847938249422 -0.38940355414424477
0.16602925388622483 -0.4383166856948813
0.16907002838995544 -0.48722981724551784
0.1565834545449994 -0.5045123314110026
0.14297205005134636 -0.5199075913981868
0.12192019398266096 -0.5348335918299738
0.12185618056337011 -0.5822354563175384
0.12185618056337011 -0.6296723679027957
0.12185618056337011 -0.6771092794880529
0.12185618056337011 -0.7245461910733102
0.12185618056337011 -0.7719831026585675
0.12185618056337011 -0.8194200142438247
0.12185618056337011 -0.866856925829082
0.12185618056337011 -0.9142938374143338
0.16947733590017502 -0.9146736199403371
0.21747827376298356 -0.9146736199403371
0.2654792116257919 -0.9146736199403371
0.31348014948860026 -0.9146736199403371
0.3614810873514086 -0.9146736199403371
0.4094820252142169 -0.9146736199403371
0.4574829630770255 -0.9146736199403371
0.5054839009398339 -0.9146736199403371
0.553484838802645 -0.9146736199403371
0.601485776665456 -0.9146736199403371
0.6494867145282652 -0.9146736199403371
0.6974876523910736 -0.9146736199403371
0.7454885902538819 -0.9146736199403371
0.7934895281166903 -0.9146736199403371
0.8414904659794988 -0.9146736199403371
0.8894914038423072 -0.9146736199403371
0.9374923417051155 -0.9146736199403371
0.9382914940839792 -0.867940331673554
0.9382914940839792 -0.8204078910279076
0.9382914940839792 -0.7728754503822616
0.9382914940839792 -0.7253430097366182
0.9382914940839792 -0.6778105690909754
0.9382914940839792 -0.6302781284453325
0.9382914940839792 -0.5827456877996892
0.9382914940839792 -0.5352132471540463
0.9213668058095894 -0.5234510529611478
0.9068228791788151 -0.5086377796313325
0.8910524285511658 -0.487635462907956
