# CURVE 2D, normalized by CHORD
# COLUMN#1 = X-coordinate, COLUMN#2 = Y-coordinate
#-------------------------------------------------------------------------------
0.0 0.0
0.0308965483872257 0.016920068534086483
0.0491676305816335 0.025495123877907522
0.06773978851736273 0.022431712917465842
0.0780030791528303 0.004831698681454682
0.08750983073879637 -0.021985821517726906
0.09410477307558938 -0.06627913161745343
0.09907620588230556 -0.1109176124956963
0.10404763868902157 -0.15555609337393775
0.09574279585434242 -0.1732934505359983
0.07788647351071276 -0.18336644751689118
0.07403843343057433 -0.2249518156648466
0.07403843343057433 -0.2687259849445146
0.07403843343057433 -0.3125001542241796
0.12221093531763622 -0.3126267636728576
0.1705100466533781 -0.3126267636728576
0.21880915798912115 -0.3126267636728576
0.26710826932486426 -0.3126267636728576
0.3154073806606064 -0.3126267636728576
0.36370649199634825 -0.3126267636728576
0.4120056033320899 -0.3126267636728576
0.4603047146678318 -0.3126267636728576
0.508603826003573 -0.3126267636728576
0.5569029373393135 -0.3126267636728576
0.605202048675054 -0.3126267636728576
0.6535011600107948 -0.3126267636728576
0.7018002713465379 -0.3126267636728576
0.7500993826822807 -0.3126267636728576
0.7983984940180235 -0.3126267636728576
0.8466976053537666 -0.3126267636728576
0.8949967166895095 -0.3126267636728576
0.8956736891797211 -0.27079808701203345
0.8956736891797211 -0.22829243786099881
0.8956736891797211 -0.18578678870996954
0.877966262248205 -0.17643017405026581
0.8664137349163117 -0.16056507074556678
