# CURVE 2D, normalized by CHORD
# COLUMN#1 = X-coordinate, COLUMN#2 = Y-coordinate
#-------------------------------------------------------------------------------
0.0 0.0
0.017971083883247578 0.008850605409539095
0.03778152525503535 0.010595515217188003
0.05545828343910002 0.0012615307104087998
0.06857478078995644 -0.014315795461004057
0.0771243857792873 -0.05543031299472518
0.07969782124936033 -0.09845484846386382
0.08227125671943332 -0.1414793839330022
0.08484469218950631 -0.18450391940214034
0.08741812765957949 -0.22752845487128157
0.08999156312965256 -0.2705529903404212
0.09256499859972554 -0.3135775258095591
0.08290046888891645 -0.3314688508775725
0.06747804884355728 -0.3699445446527574
0.06747804884355728 -0.4193570605065549
0.06747804884355728 -0.46876957636036
0.06747804884355728 -0.5181820922141596
0.11104745803482305 -0.5183594193730355
0.1547941943849649 -0.5183594193730355
0.19854093073510665 -0.5183594193730355
0.24228766708524835 -0.5183594193730355
0.2860344034353901 -0.5183594193730355
0.32978113978553186 -0.5183594193730355
0.37352787613567356 -0.5183594193730355
0.37382803038710305 -0.4737784634798471
0.37382803038710305 -0.42889735333522533
0.37382803038710305 -0.38401624319060024
0.37382803038710305 -0.3391351330459754
0.35745136420042856 -0.3292306778734686
