# CURVE 2D, normalized by CHORD
# COLUMN#1 = X-coordinate, COLUMN#2 = Y-coordinate
#-------------------------------------------------------------------------------
0.0 0.0
0.020592230121941252 -0.001206756758107536
0.04346495989206513 -0.0016163305860983042
0.06331465318682829 -0.004120281690515357
0.07851447653716882 -0.01825020565057669
0.08866646896009625 -0.062382084965505076
0.09449574367789422 -0.1079908510542327
0.10032501839569219 -0.15359961714296044
0.10615429311349006 -0.19920838323168738
0.11198356783128777 -0.24481714932041296
0.11781284254908574 -0.2904259154091406
0.12364211726688373 -0.33603468149786847
0.12947139198468172 -0.3816434475865963
0.13530066670247973 -0.4272522136753242
0.14112994142027735 -0.4728609797640493
0.14695921613807514 -0.5184697458527756
0.13674624867698817 -0.5355282615117233
0.11990501241834012 -0.5464268367796652
0.11888724304407128 -0.5896727964585473
0.11888724304407128 -0.6336687396537422
0.11888724304407128 -0.6776646828489369
0.11888724304407128 -0.7216606260441316
0.11888724304407128 -0.7656565692393265
0.11888724304407128 -0.8096525124345212
0.16831335612378603 -0.809914022066457
0.21800097883543684 -0.809914022066457
0.26768860154708685 -0.809914022066457
0.3173762242587349 -0.809914022066457
0.3670638469703826 -0.809914022066457
0.41675146968203025 -0.809914022066457
0.4664390923936782 -0.809914022066457
0.5161267151053279 -0.809914022066457
0.565814337816978 -0.809914022066457
0.6155019605286279 -0.809914022066457
0.665189583240276 -0.809914022066457
0.7148772059519237 -0.809914022066457
0.7645648286635718 -0.809914022066457
0.8142524513752198 -0.809914022066457
0.8639400740868675 -0.809914022066457
0.8646467227515161 -0.7666799369058935
0.8646467227515161 -0.7227392030806816
0.8646467227515161 -0.67879846925547
0.8646467227515161 -0.634857735430259
0.8646467227515161 -0.590917001605048
0.8646467227515161 -0.5469762677798371
0.8472885765549812 -0.5360144970843643
0.8366428912515042 -0.5193502254060431
