# CURVE 2D, normalized by CHORD
# COLUMN#1 = X-coordinate, COLUMN#2 = Y-coordinate
#-------------------------------------------------------------------------------
0.0 0.0
0.01628482494947873 0.012360855354383435
0.03580995455090492 0.01761220658185912
0.05551439719059632 0.013302622971923255
0.07354119827360338 0.0033817519203505225
0.09005070867223627 -0.00846016012062783
0.11810198891317512 -0.03044938271318681
0.13509427623340883 -0.043465095512363924
0.1408294018791677 -0.08992487546403832
0.1429240896708088 -0.13831871934580586
0.14501877746244973 -0.18671256322756888
0.1471134652540906 -0.23510640710933167
0.14920815304573154 -0.2835002509910945
0.14134055332635717 -0.30292423542396424
0.12868422508855193 -0.31846187402852816
0.10299945756206057 -0.33001260010522754
0.10290451256739981 -0.3675028926769805
0.10290451256739981 -0.4050569047451841
0.10290451256739981 -0.4426109168133876
0.10290451256739981 -0.4801649288815911
0.15215765650151117 -0.4803152533842092
0.20156112493824171 -0.4803152533842092
0.25096459337497345 -0.4803152533842092
0.3003680618117055 -0.4803152533842092
0.34977153024843716 -0.4803152533842092
0.39917499868516876 -0.4803152533842092
0.44857846712190036 -0.4803152533842092
0.49798193555863246 -0.4803152533842092
0.5473854039953653 -0.4803152533842092
0.5967888724320982 -0.4803152533842092
0.6461923408688317 -0.4803152533842092
0.6955958093055651 -0.4803152533842092
0.7449992777422987 -0.4803152533842092
0.7944027461790316 -0.4803152533842092
0.8438062146157653 -0.4803152533842092
0.844472763849658 -0.44328591446481375
0.844472763849658 -0.40559002631152546
0.844472763849658 -0.3678941381582372
0.844472763849658 -0.3301982500049491
0.8256623051542675 -0.32221725490799313
0.8098869861428173 -0.30976864610064314
0.8007901045174552 -0.29059945363511297
