# CURVE 2D, normalized by CHORD
# COLUMN#1 = X-coordinate, COLUMN#2 = Y-coordinate
#-------------------------------------------------------------------------------
0.0 0.0
0.017002464124273826 0.011425906921985932
0.03594691862624971 0.008258245411205031
0.05432302721696989 -0.010958932862527285
0.06660277142269062 -0.054339547510771566
0.06895972577602584 -0.10211392918842013
0.07131668012936107 -0.14988831086606913
0.07367363448269626 -0.19766269254371735
0.0760305888360313 -0.24543707422136227
0.07838754318936651 -0.29321145589901093
0.06703082737898867 -0.30954435009455433
0.05673391290892849 -0.3384418652157963
0.05673391290892849 -0.37354148792203556
0.10481496733194423 -0.3736000252986594
0.15295455913158382 -0.3736000252986594
0.20109415093122343 -0.3736000252986594
0.24923374273086293 -0.3736000252986594
0.2973733345305025 -0.3736000252986594
0.34551292633014213 -0.3736000252986594
0.39365251812978164 -0.3736000252986594
0.44179210992942125 -0.3736000252986594
0.4899317017290605 -0.3736000252986594
0.538071293528699 -0.3736000252986594
0.5862108853283378 -0.3736000252986594
0.6343504771279762 -0.3736000252986594
0.6824900689276145 -0.3736000252986594
0.7306296607272528 -0.3736000252986594
0.7787692525268911 -0.3736000252986594
0.8269088443265287 -0.3736000252986594
0.8750484361261668 -0.3736000252986594
0.8757050601254417 -0.3446945493987311
0.8757050601254417 -0.3151324494995229
0.8592316477236118 -0.3030455497981171
