# CURVE 2D, normalized by CHORD
# COLUMN#1 = X-coordinate, COLUMN#2 = Y-coordinate
#-------------------------------------------------------------------------------
0.0 0.0
0.028458635119500232 0.0011815145029146004
0.0564736183789367 0.006325537444649645
0.07405066249927734 -0.003328911534629886
0.10154111014460408 -0.0338023644061594
0.10561553211404791 -0.07960111844389231
0.10964145496959683 -0.12542069079396886
0.11366737782514576 -0.1712402631440455
0.11769330068069463 -0.21705983549412167
0.12171922353624354 -0.2628794078441979
0.12574514639179246 -0.30869898019427466
0.12977106924734141 -0.35451855254435155
0.13379699210289034 -0.4003381248944283
0.137822914958439 -0.4461576972445018
0.14184883781398752 -0.49197726959457383
0.1290803592078355 -0.5093022861920945
0.10798851479570573 -0.5259037601281538
0.15363866339905316 -0.5275018316184055
0.20088688349265268 -0.5275018316184055
0.24813510358625313 -0.5275018316184055
0.2953833236798552 -0.5275018316184055
0.3426315437734566 -0.5275018316184055
0.38987976386705936 -0.5275018316184055
0.43712798396066266 -0.5275018316184055
0.48437620405426507 -0.5275018316184055
0.5316244241478638 -0.5275018316184055
0.5788726442414623 -0.5275018316184055
0.6261208643350609 -0.5275018316184055
0.6733690832390306 -0.5275018304287764
0.6553170344928473 -0.5146147267600069
0.63950341640509 -0.49203808828330353
