# CURVE 2D, normalized by CHORD
# COLUMN#1 = X-coordinate, COLUMN#2 = Y-coordinate
#-------------------------------------------------------------------------------
0.0 0.0
0.020474648049671352 -0.0006730340965766693
0.04225438977957339 -0.0029015383633650416
0.06217261810024447 -0.007791960830046054
0.07990091417923381 -0.017456483240273202
0.09578545965710719 -0.03007859251847693
0.10521441132727091 -0.07320450605763916
0.1103507097785849 -0.11887085352104028
0.11548700822989884 -0.1645372009844409
0.12062330668121285 -0.2102035484478423
0.12575960513252693 -0.2558698959112443
0.1308959035838414 -0.3015362433746497
0.12310223010931946 -0.3205429737235508
0.10808853555352982 -0.33319567727338245
0.09733665444898715 -0.36732555958740876
0.09733665444898715 -0.4102635093334374
0.09733665444898715 -0.45320145907947185
0.09733665444898715 -0.4961394088255039
0.09733665444898715 -0.5390773585715322
0.09733665444898715 -0.5820153083175601
0.1453279920578883 -0.5822622968815099
0.19356631823073844 -0.5822622968815099
0.2418046444035888 -0.5822622968815099
0.2900429705764384 -0.5822622968815099
0.33828129674928764 -0.5822622968815099
0.3865196229221377 -0.5822622968815099
0.43475794909498616 -0.5822622968815099
0.48299627526783245 -0.5822622968815099
0.5312346014406811 -0.5822622968815099
0.5794729276135292 -0.5822622968815099
0.6277112537863783 -0.5822622968815099
0.6759495799592283 -0.5822622968815099
0.7241879061320784 -0.5822622968815099
0.7724262323049285 -0.5822622968815099
0.8206645584777787 -0.5822622968815099
0.8689028846506288 -0.5822622968815099
0.9171412108234789 -0.5822622968815099
0.9653795369963292 -0.5822622968815099
1.0136178631691792 -0.5822622968815099
1.0618561893420293 -0.5822622968815099
1.062821917222908 -0.5336933136111282
1.062821917222908 -0.48415860245986775
1.062821917222908 -0.43462389130860596
1.062821917222908 -0.38508918015734506
1.062821917222908 -0.33555446900608443
1.0442261678742655 -0.32914394221743276
1.0329366425704285 -0.3122140434520172
