# CURVE 2D, normalized by CHORD
# COLUMN#1 = X-coordinate, COLUMN#2 = Y-coordinate
#-------------------------------------------------------------------------------
0.0 0.0
0.017802294939983084 0.009317478638058142
0.03678408461137652 0.015082506515475944
0.055042968381558914 0.006371935367478913
0.06927278821935097 -0.009237597276428677
0.08151277283219936 -0.027017429983497186
0.08545279072099997 -0.06721198292330988
0.08929193311112453 -0.10744098838565833
0.09313107550124909 -0.1476699938480069
0.09697021789137349 -0.18789899931035361
0.10080936028149755 -0.22812800477269712
0.08894464336808619 -0.24410757482274537
0.07361603284373837 -0.28045623142320697
0.07361603284373837 -0.3245423022589506
0.07361603284373837 -0.3686283730946942
0.07361603284373837 -0.412714443930438
0.07361603284373837 -0.45680051476618677
0.1225564184775498 -0.4570014772950128
0.17169776664018732 -0.4570014772950128
0.2208391148028248 -0.4570014772950128
0.2699804629654622 -0.4570014772950128
0.3191218111280996 -0.4570014772950128
0.3682631592907371 -0.4570014772950128
0.4174045074533726 -0.4570014772950128
0.4665458556160084 -0.4570014772950128
0.5156872037786435 -0.4570014772950128
0.5648285519412783 -0.4570014772950128
0.6139699001039132 -0.4570014772950128
0.6631112482665477 -0.4570014772950128
0.663689035968369 -0.4172099958125435
0.663689035968369 -0.3768407266282529
0.663689035968369 -0.33647145744396206
0.663689035968369 -0.2961021882596715
0.663689035968369 -0.2557329190753807
0.6479650966302347 -0.24358687414373384
