# CURVE 2D, normalized by CHORD
# COLUMN#1 = X-coordinate, COLUMN#2 = Y-coordinate
#-------------------------------------------------------------------------------
0.0 0.0
0.02207090020866954 -0.0006055712640456448
0.04380067477936353 0.00011266675920770008
0.06405001188267478 -0.001118592910285483
0.08350024574606738 -0.006333480049152625
0.10067993768353696 -0.016497531862924047
0.1150762859365436 -0.03145575602687536
0.1230617622419528 -0.06979547210599286
0.12566954682436748 -0.10998890853608106
0.12827733140678216 -0.150182344966169
0.1308851159891972 -0.19037578139626257
0.12537068068340274 -0.20945780951206353
0.11008728991768571 -0.22259948019702858
0.09059477798705536 -0.23085455041128128
0.09050881667197967 -0.27605470401541354
0.09050881667197967 -0.3213143064472193
0.09050881667197967 -0.366573908879025
0.09050881667197967 -0.4118335113108287
0.09050881667197967 -0.45709311374263084
0.13656007281387664 -0.457319398206022
0.18283761341916838 -0.457319398206022
0.22911515402446245 -0.457319398206022
0.27539269462975946 -0.457319398206022
0.3216702352350561 -0.457319398206022
0.32189838496561735 -0.41225957824361303
0.32189838496561735 -0.36697160855064265
0.32189838496561735 -0.3216836388576719
0.32189838496561735 -0.2763956691646997
0.32189838496561735 -0.23110769947173423
0.3031788798052826 -0.22303836498535126
0.2877389003737354 -0.21057922918020427
0.28164002419253803 -0.19148092684674928
