# CURVE 2D, normalized by CHORD
# COLUMN#1 = X-coordinate, COLUMN#2 = Y-coordinate
#-------------------------------------------------------------------------------
0.0 0.0
0.02348051769755372 0.006877095042436724
0.043092069526796 0.009823160368730398
0.05757229122399494 -0.005297366476724398
0.06766353161970938 -0.02256402252894075
0.07260932919796279 -0.05857967809106627
0.07755512677621602 -0.09459533365319059
0.08250092435446926 -0.1306109892153149
0.07466825980143454 -0.14863978410529544
0.059960226521099225 -0.17587739987552076
0.059960226521099225 -0.21393398396362548
0.059960226521099225 -0.2519905680517302
0.059960226521099225 -0.29004715213983545
0.10879323244324776 -0.29018390948655415
0.15776299571211497 -0.29018390948655415
0.2067327589809822 -0.29018390948655415
0.2557025222498494 -0.29018390948655415
0.30467228551871667 -0.29018390948655415
0.35364204878758376 -0.29018390948655415
0.402611812056451 -0.29018390948655415
0.45158157532531823 -0.29018390948655415
0.5005513385941854 -0.29018390948655415
0.5495211018630527 -0.29018390948655415
0.59849086513192 -0.29018390948655415
0.6474606284007872 -0.29018390948655415
0.6964303916696546 -0.29018390948655415
0.7454001549385216 -0.29018390948655415
0.7943699182073897 -0.29018390948655415
0.8433396814762562 -0.29018390948655415
0.892309444745124 -0.29018390948655415
0.9412792080139925 -0.29018390948655415
0.9421087691228303 -0.24514156732920267
0.9421087691228303 -0.19926966406301963
0.9421087691228303 -0.15339776079683992
0.9244368698627289 -0.14530584403103386
