# CURVE 2D, normalized by CHORD
# COLUMN#1 = X-coordinate, COLUMN#2 = Y-coordinate
#-------------------------------------------------------------------------------
0.0 0.0
0.009864227110001336 0.01683029562361595
0.018244358129424442 0.03341720634830123
0.02568899035099858 0.04947501620881413
0.03245134788013442 0.06491618787710488
0.03867514272405129 0.07971512094507059
0.044452654260308436 0.09387150324018688
0.04984827343546966 0.10739687993152375
0.054909720293242835 0.12030874773387464
0.05967393745428793 0.13262765715002342
0.06417056541177212 0.14437562322266012
0.06842405252685024 0.15557522742364385
0.07245498936090816 0.16624909397194634
0.07628105255202246 0.17641955325848635
0.07991763846010552 0.18610844229213022
0.08337832487866662 0.1953369795008701
0.08667521074885222 0.20412568969211542
0.08981917961013344 0.21249435899876193
0.09282008445484081 0.22046201902508272
0.0956869127090128 0.22804693724177102
0.09842792043191813 0.23526661713833816
0.10105069850448319 0.24213782209668458
0.10356230958907854 0.24867657015355546
0.10596929242652563 0.254898177098844
0.10827777901212879 0.2608172541297986
0.11049352665576595 0.2664477357160518
0.11262192124550513 0.2718029169881391
0.11466809425242583 0.27689544396625015
0.11663688679688856 0.2817373620057947
0.1185329488817629 0.28634010800368903
0.12036069881229944 0.29071455694198495
0.12212441565079918 0.2948710117565819
0.12382823995705405 0.29881922815645684
0.12547626267087647 0.3025683987457069
0.12707243977019458 0.30612720985778535
0.12862076706743877 0.3095037806391339
0.1301252937487045 0.3127056657701749
0.1315901723645075 0.31573983538740247
0.13301972982001617 0.3186126354641519
0.13441862740389077 0.32132968816989205
0.13579200122909063 0.3238957742719803
0.13714570785593738 0.3263146178947469
0.13848680165326327 0.3285884591482164
0.13982390478117696 0.33071753325317005
0.14116854515974167 0.33269863818687356
0.14253663456738289 0.33452280054386213
0.14395226388700294 0.336169157976304
0.14545427007232953 0.33758913000434143
0.14710439365146452 0.33865557353951925
0.14892331914429757 0.33901302537916883
0.1493262117969159 0.338970871640926
0.14976939371479606 0.33892450252885886
0.15025689382446425 0.338873496505585
0.15079314394509924 0.3388173898799838
0.15138301907779775 0.33875567259182243
0.15203188172376608 0.3386877835748449
0.15274563063433128 0.3386131056561697
0.15353075443595296 0.33853095994562693
0.15439439061773683 0.3384405996640299
0.1553443904176991 0.33834120335427315
0.15638939019765757 0.3382318674135407
0.1575388899556119 0.33811159787873507
0.15880333968936167 0.33797930139044885
0.16019423439648642 0.337833775253334
0.16172421857432362 0.33767369650250767
0.16340720116994456 0.3374976098765987
0.16525848202512758 0.33730391458809883
0.16729489096582892 0.337090849770749
0.1695349408006004 0.33685647847166417
0.17177499063537185 0.33662210717257934
0.1738113995760732 0.3364090423552295
0.1756626804312562 0.3362153470667296
0.17734566302687715 0.33603926044082066
0.17887564720471436 0.3358791816899943
0.1802665419118391 0.3357336555528795
0.18153099164558886 0.33560135906459326
0.18268049140354317 0.3354810895297876
0.18372549118350168 0.3353717535890552
0.18467549098346392 0.33527235727929844
0.18553912716524779 0.3351819969977014
0.1863242509668695 0.33509985128715863
0.18703799987743466 0.3350251733684834
0.187686862523403 0.3349572843515059
0.1882767376561015 0.33489556706334456
0.1888129877767365 0.3348394604377433
0.1893004878864047 0.33478845441446947
0.18974366980428484 0.33474208530240235
0.19014656245690317 0.3346999315641595
0.19457354208701505 0.33420898758416756
0.1992158515227296 0.3336417870746642
0.20408421758085535 0.33299853981613625
0.20918983277749267 0.332277954055911
0.2145444058569586 0.3314778021138186
0.2201601645209939 0.33059495557403906
0.22604989982138854 0.3296256246907236
0.23222698182445276 0.32856534926120534
0.2387053884961336 0.3274090460320168
0.24549973330285516 0.326151022533494
0.2526252935553613 0.3247849769641042
0.26009803950771565 0.32330398760253715
0.2679346642438674 0.3217004940260989
0.2761525952926346 0.31996618243120734
0.2847700539631504 0.31809209303013236
0.29380604571497626 0.3160683913650469
0.30328041338559514 0.31388443192779736
0.3132138692885851 0.3115287086671816
0.32362798505151696 0.3089886271165452
0.33454526369878446 0.30625062083983484
0.34598912412662125 0.30329989819732045
0.35798394226773006 0.3001204232838073
0.370555053561423 0.29669474317996675
0.38372878512504244 0.29300392937211983
0.3975324646906458 0.2890274312311428
0.41199441054105673 0.28474287045699753
0.42714389993111623 0.2801257800249293
0.4430112431408138 0.27514969898239167
0.4596276567493619 0.2697856181142776
0.4770252994911751 0.2640019792961116
0.49523719685193934 0.25776433470910554
0.5142971212127325 0.2510349190542381
0.5342396019275383 0.24377262764172247
0.5550996928408158 0.2359323420897948
0.5769128275401965 0.22746457932502187
0.5997146899933583 0.21831522633851916
0.623540877839928 0.20842481535720436
0.6484265848135449 0.19772796694071207
0.6744062953436971 0.18615296073248208
0.7015131612942351 0.173620710142653
0.7297785086261384 0.16004421751692388
0.7592310813649863 0.14532764201255494
0.7898961630364102 0.12936536427229928
0.8217944759943706 0.11204090337023871
0.8549408634581336 0.09322577783303918
0.8893426996392936 0.07277829318415918
0.9249979845173525 0.05054228075356751
0.9618930746002079 0.02634582085745088
1.0 0.0
