# CURVE 2D, normalized by CHORD
# COLUMN#1 = X-coordinate, COLUMN#2 = Y-coordinate
#-------------------------------------------------------------------------------
0.0 0.0
0.010495587041511503 0.02388608209040904
0.020935051150215933 0.04643462982156625
0.03127156643122126 0.06772256037603772
0.04146647035756357 0.0878228010314275
0.05148801834604121 0.10680438675572998
0.061310609984750485 0.12473244228832249
0.07091388305140234 0.14166832568897886
0.08028189674738839 0.1576698167686145
0.08940248720773626 0.17279128352061138
0.09826689530924093 0.1870837392877268
0.10686901368939043 0.20059517832258603
0.11520513668880952 0.21337064810006418
0.1232735211236758 0.22545246783202366
0.13107411398503396 0.23688036764460263
0.13860832350762942 0.24769161696404904
0.14587866571059663 0.25792125811950767
0.15288861987413116 0.26760221282460417
0.159642553182742 0.27676534504822087
0.1661453580481107 0.2854397440591693
0.17240254823084528 0.2936526792238688
0.17841999527036437 0.30142982535782
0.1842039092936501 0.3087953109274037
0.18976073142516786 0.31577183587491525
0.19509706284562053 0.322380764506151
0.20021960503806033 0.3286422115712583
0.20513516660574635 0.33457507444760787
0.2098504969045984 0.3401972090857859
0.2143723621246421 0.34552540712778895
0.21870751120642695 0.35057546169504783
0.2228625436662195 0.3553623191258238
0.22684402216965383 0.3599000206406976
0.2306583804433867 0.36420181847571115
0.2343119181467087 0.3682802173293501
0.2378107991590639 0.37214701150542867
0.2411610802292163 0.37581329285143716
0.2443686062925634 0.37928957948832165
0.2474391354469816 0.382585733858214
0.25037822616397637 0.3857110975892528
0.25319131838259684 0.3886744462654844
0.255883685832126 0.3914840627760433
0.25846049323160114 0.3941477102267646
0.26092675532570503 0.39667269706757485
0.2632874001900108 0.3990658402309742
0.2655472883717325 0.40133346790800295
0.2677112824780354 0.4034813691525356
0.26978438467492344 0.4055146682763998
0.2717720769265075 0.4074374769808525
0.2736815237564449 0.4092515998697176
0.2755397750238606 0.4109352014689902
0.2772419409513267 0.4113887466087286
0.27911432347153936 0.4118876462624408
0.2811739442437733 0.41243643588152423
0.2834395270932306 0.41304010446251604
0.28593166822763366 0.41370413990160704
0.288673023475477 0.4144345788846071
0.2916885142481047 0.41523806176590716
0.29500555409799517 0.41612189293533725
0.2986542979328747 0.4170941072217103
0.3026679161512421 0.4181635429367207
0.30708289619144635 0.41933992222323213
0.311939374235671 0.4206339394383947
0.3172815000843181 0.4220573583750736
0.32315783851782987 0.4236231192054203
0.3296218107946929 0.4253454561188017
0.3367321802992421 0.42724002672352124
0.34455358675424635 0.42932405438871274
0.353157133854751 0.43161648482042336
0.3626210356653061 0.43413815829530505
0.37208493747586124 0.43665983177018675
0.3806884845763659 0.43895226220189737
0.3885098910313701 0.44103628986708887
0.39562026053591937 0.4429308604718084
0.4020842328127824 0.4446531973851898
0.40796057124629415 0.44621895821553653
0.4133026970949413 0.4476423771522154
0.4181591751391659 0.448936394367378
0.42257415517937014 0.4501127736538894
0.42658777339773757 0.4511822093688998
0.4302365172326171 0.45215442365527286
0.43355355708250753 0.45303825482470295
0.43656904785513523 0.453841737706003
0.4393104031029786 0.45457217668900307
0.44180254423738163 0.45523621212809406
0.44406812708683896 0.4558398807090859
0.4461277478590729 0.4563886703281693
0.44800013037928554 0.4568875699818815
0.4497022963067516 0.4573411151216199
0.4534019263127416 0.4582832863352694
0.4573081495624312 0.4591833784362932
0.4614317810604788 0.4600267610864796
0.4657836507606345 0.46079653072308446
0.47037450270925496 0.4614726409922276
0.4752145665975374 0.46203270365430477
0.4803133788802175 0.462451078990837
0.4856794142776013 0.46269791642066027
0.491319496042128 0.4627407146242007
0.4972384238335534 0.46254381879524314
0.5034384519487646 0.46206798427906204
0.5099187812441698 0.46127126533996976
0.5166751877957774 0.46010975576284824
0.5237000565142864 0.4585394388379215
0.530982111981519 0.4565153943815652
0.5385071737022956 0.4539947771418176
0.5462584242485877 0.4509364150773489
0.5542178580257445 0.4473031907002394
0.5623668353532669 0.44306119291467716
0.5706874943747319 0.43818070661052994
0.5791640456566394 0.4326363408420642
0.5877832144819981 0.4264058000172535
0.5965346883037482 0.4194691154339553
0.6054122530375111 0.41180885698829356
0.6144138473112829 0.40340900507735955
0.6235411259306665 0.39425370709115537
0.6328000653893148 0.3843273711690517
0.6422009429289656 0.37361414306187174
0.6517579514249155 0.36209723648701014
0.6614900707578649 0.34975942167188634
0.6714211916939321 0.336582840035879
0.681580256690868 0.3225489133338532
0.692002489650915 0.30763906855574763
0.7027301218290859 0.29183506086874594
0.7138142387408914 0.2751200899001332
0.7253164682548549 0.2574798277112098
0.7373119085404692 0.23890437328662434
0.7498929803783363 0.21939101571373243
0.7631746376685694 0.19894832615234326
0.7773018746942981 0.17760263800650603
0.7924603973586319 0.15540840073951614
0.808891856894317 0.13246524267240817
0.8269163194350733 0.10894773161856904
0.8469626739307579 0.08515768896738002
0.869607346031153 0.06162120213192702
0.8956012060603568 0.039265716174114326
0.9258039223586992 0.019713482326068614
0.9607962433298537 0.005569293911884357
1.0 0.0
