# CURVE 2D, normalized by CHORD
# COLUMN#1 = X-coordinate, COLUMN#2 = Y-coordinate
#-------------------------------------------------------------------------------
0.0 0.0
0.0037467714839818354 0.007653829097117646
0.007725717123250875 0.014727804388513973
0.011844030514248982 0.02126934910275934
0.01603114505132548 0.027324715080301095
0.020233770098915305 0.03293719246542536
0.024411957526335733 0.03814632993445739
0.028535835099584336 0.04298791113275486
0.03258337176671871 0.0474939947485757
0.0365384453046025 0.05169330680544337
0.040389532872498746 0.05561152321094579
0.04412864376794642 0.059271625732417045
0.047750480827239254 0.06269426075160037
0.05125188293063246 0.06589796879389226
0.054631326028033125 0.06889946186978825
0.05788854904599 0.07171385174654418
0.06102430297373987 0.07435479896659626
0.06404005459814806 0.07683476158232015
0.06693787673990577 0.07916505886809537
0.06972029126320141 0.08135601248590708
0.07239012322973563 0.08341709717703845
0.07495046021733379 0.08535697250042323
0.07740454086402307 0.08718361570589025
0.07975572491907111 0.0889043573667565
0.08200743272189458 0.09052596326896376
0.08416311645876991 0.09205467857925581
0.08622622260307661 0.09349628791248035
0.08820018494093058 0.09485613486815732
0.09008838198981235 0.09613919471983969
0.09189414633682784 0.09735007382514563
0.09362074170704128 0.0984930565420577
0.09527135617594418 0.09957212958804727
0.09684909408107654 0.10059100877965148
0.09835698113901055 0.10155314551661457
0.09979794957069686 0.10246176422381355
0.10117484307142526 0.10331986911739635
0.10249041670758001 0.1041302583557413
0.10374734382038656 0.10489552635576929
0.1049482005252839 0.10561810244975754
0.1060954859799503 0.10630023058995332
0.10719162253319159 0.1069439808239521
0.10823896351635563 0.10755124718367225
0.10923979607055052 0.10812375292352877
0.11019636831128746 0.10866301154016256
0.11111090972564187 0.10917029514551907
0.11198568255069262 0.1096465404402773
0.11282308957993138 0.11009213351776057
0.11362593721597945 0.1105063512105877
0.11439841478206215 0.11088517616868962
0.11515533666525118 0.11119646320577686
0.1151553366652512 0.11119646320577686
0.12149132486386521 0.11258028793214768
0.12846091188234066 0.11410249513115558
0.1361274576026636 0.11577692305006428
0.14456065789501887 0.11761879376086383
0.1538371782166097 0.11964485154274335
0.16404135057035957 0.12187351510281083
0.17526594015948438 0.12432504501888504
0.18761298870752174 0.12702172792656669
0.20119474211036284 0.12998807912501648
0.21613467085348803 0.13325106544331128
0.23256859247092576 0.13684035039343553
0.2506459062501072 0.14078856383857222
0.27053095140720684 0.14513159862822256
0.2924045010800165 0.14990893689683796
0.31646540572010706 0.1551640089923149
0.3429324008242067 0.1609445882973395
0.37204609543871625 0.1673032255328666
0.4040711595146768 0.17429772649194641
0.4392987299982335 0.1819916775469342
0.4745263004817902 0.189685628601922
0.5065513645577507 0.1966801295610018
0.5356650591722603 0.2030387667965289
0.5621320542763599 0.20881934610155353
0.5861929589164505 0.21407441819703046
0.60806650858926 0.21885175646564586
0.6279515537463597 0.2231947912552962
0.6460288675255412 0.2271430047004329
0.662462789142979 0.23073228965055714
0.6774027178861042 0.23399527596885195
0.6909844712889452 0.23696162716730174
0.7033315198369825 0.2396583100749834
0.7145561094261075 0.2421098399910576
0.7247602817798573 0.24433850355112507
0.7340368021014481 0.2463645613330046
0.7424700023938033 0.24820643204380416
0.7501365481141262 0.24988085996271284
0.7571061351326017 0.25140306716172073
0.7634421233312157 0.25278689188809156
0.7652034296145053 0.2531196315529234
0.7670696858983882 0.2533630779298246
0.7690408325155045 0.253503763130089
0.7711156377692944 0.2535294373741859
0.7732919932836854 0.2534280207096785
0.7755671369658826 0.2531889793876578
0.7779378926488849 0.2528023885523969
0.7804011172982229 0.25226018297080843
0.7829538749080275 0.2515551237819368
0.7855935399694038 0.250680527753904
0.7883183334617085 0.24963122981479652
0.7911269595596263 0.24840191527675937
0.7940188904827541 0.2469877064802459
0.796994371931053 0.24538389886369
0.8000541649649384 0.243585375708408
0.8031998484695783 0.2415871076300098
0.8064334366979792 0.23938346176179556
0.8097575446807839 0.23696848160851133
0.8131752006757212 0.23433561094923702
0.8166899532110611 0.23147784471734986
0.8203056646207726 0.22838746758617673
0.82402668903865 0.22505627230010575
0.8278576599070991 0.22147530434957197
0.8318036483048383 0.21763503174181328
0.8358700602422635 0.21352521506966898
0.8400626142686778 0.20913487183282395
0.8443874442414987 0.20445235348967736
0.8488511648684736 0.19946536703535186
0.8534606426438286 0.194160733881122
0.8582233743202894 0.18852468726977517
0.8631472008320583 0.18254257572093704
0.8682406468157522 0.17619909990829213
0.8735127717109299 0.16947813061511796
0.8789733796876397 0.16236281709857464
0.8846330777377691 0.15483556266127965
0.8905034768147917 0.14687810263735723
0.896597335735685 0.13847152860247755
0.9029288597934139 0.12959641718495313
0.9095140860103447 0.12023300733169458
0.9163714183654631 0.11036147042034126
0.9235224756060848 0.09996238515780113
0.9309933754118427 0.08901750282326436
0.9388169050421965 0.07751112304673288
0.9470363506793831 0.06543264998777257
0.955712915920947 0.0527818034220855
0.9649419686077346 0.03958068664749819
0.9748957646406412 0.02590786317030942
0.9859771134516944 0.012035726826088484
1.0 0.0
