# CURVE 2D, normalized by CHORD
# COLUMN#1 = X-coordinate, COLUMN#2 = Y-coordinate
#-------------------------------------------------------------------------------
0.0 0.0
0.010664283873739494 0.025589111399705353
0.02093391956369926 0.04991221768735095
0.030824731917653076 0.07303023877341404
0.04035193660846721 0.09500114705094992
0.04953017130003025 0.1158801046913954
0.05837353897852358 0.13571958801497874
0.06689555410675956 0.15456954841255952
0.07510927233285479 0.17247748484386505
0.08302720744071249 0.18948860550164617
0.0906614338539538 0.20564589937817093
0.09802351014387246 0.22099028511712643
0.10512463183282282 0.2355606460066761
0.11197549683874043 0.2493939969862441
0.11858640188190808 0.26252553662334677
0.12496729829758413 0.27498871148479676
0.13112769497197105 0.28681535404767317
0.13707680027141003 0.29803569448649486
0.1428234176020104 0.30867849535844466
0.14837608946397707 0.31877105120754284
0.15374299749815207 0.328339314355179
0.15893199930165153 0.33740794513321265
0.16395071288779664 0.34600032891709465
0.16880642756525466 0.35413868897098516
0.17350626697136529 0.3618440479568569
0.17805697733783646 0.3691364100891727
0.18246519015134943 0.376034652305742
0.1867371850115478 0.3825567204861036
0.19087914723669683 0.38871950942504624
0.19489701033024526 0.39453900391191754
0.1987964695109064 0.40003031082962914
0.20258315087931902 0.4052075720825654
0.20626239565048712 0.41008414634502394
0.2098394408027685 0.4146725033584864
0.21331934132656297 0.4189842988987097
0.21670710315115913 0.42303027703902196
0.2200073903051022 0.4268205174231918
0.22322490392225408 0.43036411317737366
0.226364120933843 0.43366937263594524
0.22942933759080356 0.43674375791203396
0.23242469700722757 0.43959381068336034
0.23535412462591546 0.4422251447756839
0.23822129456912158 0.4446423837063851
0.24102956335951026 0.44684909691403274
0.24378177825783887 0.44884786243575686
0.24648023101351202 0.4506401080116316
0.24912641694790041 0.45222614927633575
0.25172076053635484 0.45360525729022144
0.2542622711974262 0.4547758449778852
0.2567481466803516 0.45573584121911725
0.26022072833850385 0.4569429962129823
0.26404056816247123 0.4582708667062338
0.2682423919688355 0.4597315242488105
0.2728643981558361 0.46133824754564484
0.2779486049615367 0.46310564317216263
0.28354123244780743 0.4650497783613322
0.2896931226827052 0.4671883270694187
0.2964602019410928 0.4695407306483139
0.30390398912531913 0.4721283745850986
0.31209215502796805 0.4749747829155617
0.3210991375208819 0.4781058320790712
0.3310068182630872 0.48154998615893163
0.34190526707951296 0.4853385556467781
0.35389356077758133 0.48950598208340923
0.3670806838454565 0.4940901511637035
0.3815865192201192 0.4991327371520271
0.3975429381322482 0.5046795817391831
0.4150949989355901 0.5107811107850547
0.4344022658192662 0.5174927927355135
0.45370953270294234 0.5242044746859723
0.4712615935062842 0.5303060037318439
0.4872180124184132 0.5358528483189999
0.5017238477930759 0.5408954343073236
0.5149109708609512 0.5454796033876178
0.5268992645590195 0.549647029824249
0.5377977133754452 0.5534355993120954
0.5477053941176505 0.5568797533919558
0.5567123766105644 0.5600108025554653
0.5649005425132133 0.5628572108859284
0.5723443296974396 0.5654448548227131
0.5791114089558272 0.5677972584016083
0.585263299190725 0.5699358071096948
0.5908559266769957 0.5718799422988644
0.5959401334826964 0.5736473379253821
0.600562139669697 0.5752540612222166
0.6047639634760612 0.5767147187647932
0.6085838033000286 0.5780425892580447
0.6120563849581808 0.5792497442519098
0.6153242464560653 0.5782177471635548
0.6182663833564224 0.5759754523551974
0.6211305187476112 0.5733482492309365
0.6240056877182311 0.5704516131717555
0.6269324509382275 0.5673211848857846
0.6299348430803577 0.563969453999507
0.6330298444730139 0.5603994208529439
0.6362307441890184 0.5566090667928288
0.6395489756489344 0.5525935019407548
0.6429948869427488 0.5483458482589835
0.6465782008594518 0.5438577245779956
0.6503083583909648 0.5391195656528392
0.6541947504919463 0.5341208116559757
0.658246770028106 0.5288499357539225
0.6624739444219885 0.523294522832954
0.6668860150320013 0.5174412967495416
0.6714930006397306 0.5112761285666314
0.6763052501055726 0.504784031187084
0.6813333933585186 0.4979490747727129
0.6865885806535357 0.49075451075672877
0.692082298349576 0.4831825796512737
0.6978265199978059 0.4752145626353702
0.7038337160345906 0.4668307251126992
0.710116845155333 0.45801024425234466
0.7166893971372864 0.44873117016067315
0.7235654696663113 0.4389704067923948
0.7307596978170386 0.4287035849648316
0.7382873352243391 0.4179050390209132
0.7461642401689212 0.40654771238179477
0.7544068761299814 0.3946030696205564
0.7630323945232237 0.38204106084786615
0.7720585180732398 0.3688299443874886
0.7815036149844161 0.35493623685439274
0.7913866175535939 0.34032455215116975
0.8017270255244706 0.3249574941936502
0.8125447592108308 0.3087954441865567
0.8238601238837099 0.29179641960782465
0.8356935249757307 0.2739157639691212
0.8480652849233979 0.25510590410940054
0.8609951300002902 0.23531589121710608
0.8745015670898362 0.21449087848787288
0.8886007009878657 0.1925712531101493
0.9033044542456827 0.169491424043314
0.918617099521789 0.14517761921658515
0.934528643028614 0.11954390576888699
0.9510001162738038 0.09248373497892456
0.9679241325582316 0.06384826553097488
0.9849763809243758 0.033369592561307136
1.0 0.0
