# CURVE 2D, normalized by CHORD
# COLUMN#1 = X-coordinate, COLUMN#2 = Y-coordinate
#-------------------------------------------------------------------------------
0.0 0.0
0.008838583782428694 0.025922032530095927
0.016448869355028154 0.05087340304298938
0.023392208834569585 0.07472766893115454
0.029867979616565118 0.09748548487056348
0.0359766168068438 0.11917624381734766
0.041778455970059566 0.13983858598841267
0.04731403103909899 0.1595141915980682
0.052612769671188886 0.1782453117003045
0.05769727195345585 0.196073654090528
0.06258567680901353 0.2130398330832673
0.06729306071880213 0.22918309328362985
0.07183227485870498 0.24454118681788173
0.07621450898164653 0.2591503210331525
0.08044969140245245 0.2730451453908883
0.08454676291857204 0.28625876755021157
0.08851385926664533 0.2988227899141477
0.09235848683906955 0.3107673413104763
0.09608758925930085 0.3221211370309827
0.09970770213571631 0.33291150465321656
0.1032249352498818 0.3431644611670417
0.10664514226631253 0.35290472230152675
0.10997387078199193 0.36215578121347447
0.11321647215576912 0.3709399277526932
0.11637813124685413 0.379278289796688
0.11946387923482008 0.38719087672951724
0.12247863620888434 0.39469660706559384
0.1254272745497396 0.40181332116388474
0.12831462996346232 0.4085578082551237
0.13114552630210435 0.414945821961614
0.13392489630489174 0.4209920436293157
0.1366577603371105 0.426710096126676
0.13934921940716788 0.43211254355705686
0.14200473387608625 0.43721073005084365
0.14462994964125178 0.4420148158963768
0.14723082859546482 0.4465336389507944
0.14981410790742397 0.45077431784079813
0.15238679477729844 0.4547423453931478
0.1549568396470395 0.45844088127150134
0.15753313550308842 0.4618702429362338
0.16012533751968225 0.4650272982104074
0.16274426603958625 0.46790396353178243
0.16540129521130534 0.4704857381326425
0.16810782204596644 0.4727488467428964
0.17087178546912335 0.47465851099016076
0.17369316132447546 0.47616584334029644
0.17655335996080915 0.47721185944631017
0.17940396405716716 0.4777418415861881
0.18216486126503245 0.47773702260352574
0.18474754690856604 0.4772416001400869
0.18952268626533697 0.4758686453966197
0.194775339557785 0.47435839517880585
0.20055325817947783 0.4726971199392106
0.20690896866333994 0.4708697171756558
0.21390025019558828 0.4688595741357455
0.22159065988106144 0.4666484167918442
0.2300501105350819 0.4642161437135528
0.23935550625450444 0.4615406433274322
0.2495914415458692 0.45859759290269964
0.26085097036637045 0.45536023743549375
0.2732364520689219 0.45179914642156727
0.28686048194172836 0.4478819463062481
0.3018469148018155 0.4435730261793971
0.3183319909479114 0.438833214039861
0.33646557470861693 0.4336194206863712
0.35641251684539293 0.4278842479975325
0.3783541531958466 0.4215755580398099
0.40248995318134556 0.41463599908631504
0.42903933316539455 0.40700248423747065
0.45558871314944355 0.39936896938862626
0.4797245131349425 0.3924294104351314
0.5016661494853962 0.3861207204774088
0.5216130916221722 0.3803855477885701
0.5397466753828777 0.37517175443508033
0.5562317515289736 0.3704319422955442
0.5712181843890608 0.3661230221686932
0.5848422142618673 0.36220582205337404
0.5972276959644187 0.35864473103944755
0.6084872247849199 0.35540737557224167
0.6187231600762847 0.3524643251475091
0.6280285557957073 0.3497888247613885
0.6364880064497277 0.3473565516830971
0.6441784161352009 0.3451453943391958
0.6511696976674493 0.3431352512992855
0.6575254081513113 0.3413078485357307
0.6633033267730042 0.33964657329613546
0.6685559800654521 0.3381363230783216
0.6733311194222231 0.33676336833485443
0.6756117240109367 0.33606944082104456
0.6779835292918183 0.33526960603958195
0.6804487520603986 0.3343585147192465
0.683009730646536 0.33333048447474456
0.6856690836556169 0.3321798660696286
0.6884296435538441 0.33090079062948674
0.6912944484105504 0.32948711564167044
0.6942668762101738 0.3279326461878879
0.6973504774327449 0.3262307491877892
0.7005491293423607 0.32437461387779376
0.7038670103264353 0.3223571453155326
0.7073085170269494 0.320170790921553
0.7108783532837458 0.31780765693533225
0.7145815922269967 0.31525955269591005
0.7184235432161313 0.312517751506041
0.7224098880626348 0.30957315180782274
0.7265465929004686 0.3064161117434426
0.7308400114340199 0.30303654686699133
0.735296800454829 0.2994237763493775
0.7399240776528223 0.2955666747631694
0.7447292353652707 0.291453396837088
0.7497201233395302 0.28707155217429003
0.7549050709407918 0.2824081714792974
0.7602927659502757 0.2774495170765367
0.7658924097112512 0.2721812020512207
0.7717136849035637 0.2665880941668072
0.7777667918921117 0.2606542938729161
0.7840625026836441 0.25436312500105523
0.7906121381726626 0.2476970447128572
0.797427680021092 0.2406376843791772
0.8045217435599997 0.2331657480344687
0.8119076779260095 0.22526103112398385
0.8195995471144615 0.2169023210472497
0.827612278904993 0.20806744991076773
0.8359616293416118 0.1987331711535881
0.8446643199650408 0.18887518977009765
0.8537381030712531 0.17846811986519828
0.8632018262224335 0.1674854368330792
0.8730755675337135 0.15589948491708236
0.8833807613393736 0.1436814684319663
0.8941403026826803 0.130801418495183
0.9053787875686481 0.11722826628431253
0.9171226685243564 0.10292983660122879
0.9294005376340541 0.08787293946661057
0.9422434508978872 0.07202348636016521
0.9556853453908098 0.05534667363181619
0.9697635630376887 0.03780724487870352
0.9845195881770399 0.01936992051971891
1.0 0.0
