# CURVE 2D, normalized by CHORD
# COLUMN#1 = X-coordinate, COLUMN#2 = Y-coordinate
#-------------------------------------------------------------------------------
0.0 0.0
0.012999899413652054 0.02481105181085126
0.02730116158024905 0.04733777025324043
0.04213710345728145 0.06797264853268688
0.05709847496979282 0.08700049937617525
0.07194967743570278 0.10463269820765389
0.08654848223788475 0.12103177168892448
0.10080715781435311 0.13632668274021925
0.11467135709503623 0.15062286897460514
0.12810842587141213 0.164008403432289
0.14110006495435432 0.17655838422301123
0.15363784998410937 0.18833780248577636
0.1657201741845211 0.1994037003674403
0.17735029224851068 0.20980661920584168
0.18853485068349124 0.21959180182640373
0.1992828801825761 0.22880007029069802
0.20960517959711814 0.2374683732074813
0.21951363978303284 0.24563048685575486
0.229020986148246 0.25331727963857714
0.23814032288254264 0.2605572560203859
0.24688513190311825 0.26737656703651436
0.255268906447482 0.2737994951862702
0.2633051186606403 0.2798485358939033
0.27100711634994185 0.28554457462890886
0.2783880595030059 0.2909070183128295
0.28546082740785217 0.29595397282576613
0.2922380064661788 0.3007023141966369
0.29873191011510797 0.3051677110294359
0.3049544411684584 0.30936487552863506
0.3109171893528662 0.31330747615405397
0.31663137831262145 0.3170082646344761
0.3221078847537095 0.32047909518099954
0.3273572387671633 0.3237309674097314
0.33238960697617065 0.32677409491645004
0.3372148050680937 0.32961792390839634
0.34184236028056086 0.3322710571567879
0.3462814552747348 0.33474136972098806
0.3505409567066799 0.33703597596500945
0.35462947328537964 0.33916111948484257
0.3585553686798003 0.34112211529480574
0.3623266785710033 0.34292346129565343
0.3659512389131527 0.34456848526686373
0.36943664427272743 0.34605924850813446
0.3727902979786341 0.3473961211130645
0.3760192464567014 0.3485776762745244
0.3791302405759536 0.34959965687836253
0.3821294332970157 0.35045416293971127
0.38502191800349295 0.35112792447206215
0.3878106629686922 0.35159913382819613
0.39049362820168465 0.3518334217029726
0.3953949285471626 0.352019257070829
0.40078635892718845 0.35222367597547105
0.4067169323452168 0.35244853677057725
0.413240563105048 0.3526958836451941
0.42041655694086233 0.3529679652072727
0.42831015016025814 0.35326725492555905
0.43699310270159347 0.3535964736156741
0.4465443504970623 0.3539586141748007
0.4570507230720781 0.35435696878983985
0.46860773290459545 0.35479515886638296
0.48132044372036453 0.3552771679505804
0.4953044256177105 0.35580737794319756
0.5106868057047911 0.35639060893507646
0.5276074238005798 0.35703216302614327
0.5462201037059473 0.3577378725263167
0.5666940516018515 0.3585141529765075
0.5892153942873463 0.3593680614717174
0.6139888712413905 0.36030736081644826
0.6412396958908391 0.3613405900956522
0.6684905205402877 0.3623738193748562
0.6932639974943319 0.36331311871958705
0.7157853401798266 0.36416702721479693
0.7362592880757309 0.3649433076649878
0.7548719679810985 0.36564901716516124
0.771792586076887 0.366290571256228
0.7871749661639676 0.3668738022481069
0.8011589480613137 0.3674040122407241
0.8138716588770828 0.36788602132492154
0.8254286687096001 0.36832421140146465
0.8359350412846158 0.3687225660165038
0.8454862890800847 0.36908470657563036
0.8541692416214202 0.3694139252657454
0.8620628348408159 0.3697132149840318
0.8692388286766302 0.3699852965461104
0.8757624594364615 0.37023264342072726
0.8816930328544899 0.37045750421583346
0.8870844632345156 0.3706619231204755
0.8919857635799936 0.3708477584883319
0.8940105464252336 0.3708504815501817
0.896130714393212 0.37069352015925305
0.8983370199498545 0.37035431853452566
0.9006173402718681 0.36981245300942844
0.902957537442257 0.3690508436341591
0.9053426257269833 0.36805642105795866
0.9077580304665233 0.36682026686516234
0.9101906436876782 0.36533713328112905
0.9126294845609069 0.3636045472597565
0.9150659639922508 0.3616218096108949
0.9174938266973579 0.3593890659500798
0.9199087891386125 0.3569064633754117
0.9223083166612029 0.35417376137485107
0.9246909979161272 0.3511897543006549
0.9270565134174973 0.3479523426128138
0.9294050582021485 0.3444581949588682
0.931737350617713 0.3407028948856992
0.9340543545476544 0.33668086445888057
0.9363570584912831 0.3323853464698751
0.9386466216652246 0.3278085720462172
0.9409241461370685 0.32294169796893213
0.943190643319683 0.31777484722116944
0.9454469858649496 0.31229712837419527
0.9476940327254273 0.3064967106882898
0.9499324648650272 0.3003607668194784
0.9521628219829322 0.2938754948338233
0.9543855006773411 0.28702611405972916
0.9566006691934564 0.2797968288180859
0.9588084753276797 0.27217087664872935
0.9610088420809245 0.264130440816037
0.9632014816244399 0.2556566321017697
0.9653860212056188 0.24672949056012744
0.9675618981321698 0.23732792029242877
0.9697283489129171 0.2274296486702651
0.9718844515842119 0.21701119252505535
0.9740291249380365 0.20604780897720357
0.9761610902916301 0.19451343566901322
0.9782788359872496 0.18238062977630676
0.9803807108681455 0.1696205255576169
0.9824648488837479 0.15620275671117723
0.9845291682489464 0.14209538942856204
0.9865712820449707 0.127264839138125
0.9885887362482573 0.1116758281049871
0.9905786903733284 0.09529126120954395
0.9925380962105466 0.0780721668302279
0.9944636891221158 0.0599776049658675
0.996351818158856 0.04096455519036945
0.9981986494512539 0.020987839404134335
1.0 0.0
