# CURVE 2D, normalized by CHORD
# COLUMN#1 = X-coordinate, COLUMN#2 = Y-coordinate
#-------------------------------------------------------------------------------
0.0 0.0
0.01634116425600976 0.020579565468696923
0.02600544484857561 0.044470001189494124
0.03384378154505089 0.06773612913620183
0.04067935983319674 0.09009757468652604
0.04683563438634216 0.1114994001983856
0.052481124110185386 0.13194352514343513
0.057718030407641945 0.15145220738506962
0.06261449847729206 0.1700561257703327
0.06721927202722494 0.1877894517773076
0.07156891439619953 0.2046876071063967
0.0756919944341859 0.2207860803003186
0.07961150973643613 0.2361198092561298
0.08334644075530083 0.25072283400235185
0.08691277831905138 0.2646281044517212
0.0903242402352611 0.27786737531759664
0.09359275069530965 0.2904711634481907
0.09672881194387314 0.30246873160718
0.09974179248942054 0.31388809093664494
0.10264009783184273 0.32475603068281483
0.10543136759277454 0.33509813724315535
0.10812257645207428 0.34493883484215054
0.11072012756263305 0.3543014248134356
0.11323001713765139 0.3632081010135515
0.11565779793765259 0.3716800172756044
0.11800863709062535 0.3797373264405372
0.12028753110992557 0.38739916893371
0.12249916290595257 0.3946837616926541
0.12464797389918676 0.4016084230577901
0.12673835491136773 0.40818955507092586
0.1287745553435002 0.4144427078962115
0.1307606952301491 0.42038261120487785
0.13270084823344083 0.42602317828060193
0.13459923905987967 0.4313774616002775
0.13646003147916871 0.43645774399722115
0.1382875451258934 0.44127547517642834
0.1400863332558556 0.44584124237571454
0.14186124871723058 0.45016473099011173
0.14361758101277772 0.4542546364153986
0.14536123587000274 0.4581185243265614
0.14709897345062756 0.4617626124023877
0.14883872678948085 0.46519142948610503
0.15059002764662627 0.46840727910020763
0.1523646743345444 0.47140931893201926
0.15417814888848683 0.47419166432728255
0.15605072042429152 0.47674053104863756
0.1580096844962859 0.4790281190570844
0.16009204737895988 0.4809992785148157
0.16233959802797288 0.4825461709778031
0.16476305445672662 0.4834688567462686
0.1665869313914844 0.48385077960683653
0.16859319601971795 0.4842708947534612
0.17080008711077488 0.4847330214147484
0.17322766731093747 0.4852413607421643
0.17589800553111637 0.48580053400232176
0.17883537757331314 0.48641562458849497
0.18206648681972956 0.4870922242332855
0.18562070699078764 0.4878364838425551
0.1895303491789515 0.4886551694127517
0.1938309555859318 0.4895557235399679
0.1985616226336101 0.49054633307990575
0.20376535638605625 0.4916360035738374
0.20948946351374698 0.4928346411171622
0.21578598135420682 0.49415314241481945
0.2227121509787126 0.49560349384224245
0.230330937565669 0.49719888041240773
0.23871160281132103 0.4989538056395896
0.24793033458153826 0.5008842233894896
0.25807093952877724 0.5030076829143796
0.2682115444760162 0.5051311424392696
0.27743027624623345 0.5070615601891696
0.28581094149188546 0.5088164854163514
0.2934297280788418 0.5104118719865167
0.30035589770334764 0.5118622234139397
0.30665241554380746 0.513180724711597
0.31237652267149824 0.5143793622549218
0.31758025642394433 0.5154690327488534
0.32231092347162266 0.5164596422887913
0.3266115298786029 0.5173601964160075
0.3305211720667668 0.518178881986204
0.3340753922378249 0.5189231415954736
0.3373065014842413 0.5195997412402642
0.3402438735264381 0.5202148318264375
0.34291421174661696 0.5207740050865949
0.34534179194677955 0.5212823444140108
0.3475486830378365 0.521744471075298
0.34955494766607004 0.5221645862219226
0.3513788246008278 0.5225465090824906
0.35582641849079255 0.5234621170816797
0.3605029719966067 0.5243909596095072
0.3654205456867555 0.5253292972491517
0.3705918720855635 0.5262723378787854
0.3760302344951568 0.5272148855833014
0.3817496700890926 0.5281501807904515
0.3877648678086421 0.5290703451734551
0.3940912419271372 0.5299657397006062
0.4007448597206558 0.5308251332212751
0.4077424951854929 0.5316348284464347
0.41510152194236316 0.5323787129466229
0.4228398424466836 0.5330378306412875
0.43097579035328176 0.5335896450502877
0.4395279555976818 0.534007105874231
0.4485148574305198 0.534259094579841
0.4579546452976615 0.5343085929894937
0.4678645653962483 0.5341122245039831
0.47826029462004616 0.5336195706906237
0.48915508481593045 0.5327722893465837
0.5005587071679727 0.5315036174274903
0.5124760270351607 0.5297369487246829
0.5249057780558707 0.5273877849908242
0.5378387092146589 0.524362213912672
0.5512565380693177 0.5205603367442527
0.5651307889938706 0.515877613187747
0.5794229406391689 0.510209233191381
0.5940857249256932 0.503454555059879
0.6090655475739541 0.49552110163263124
0.6243073517119604 0.4863300841629246
0.6397586530746276 0.47581725214174453
0.655375748546286 0.46393550693787944
0.6711271460141304 0.45065228527579176
0.6869969431837872 0.4359475145434939
0.7029864842313758 0.41981031815629655
0.7191137600129394 0.4022347842688029
0.7354129777341557 0.38321739490835266
0.7519331153902319 0.36275458687063905
0.7687358751500679 0.34084076469563873
0.7858948248235109 0.3174678764847391
0.8034937201097587 0.29262468135901437
0.8216260204823258 0.2662971097145832
0.8403942142682183 0.2384685392972855
0.8599093706952791 0.20912026061021008
0.8802912360576306 0.17823229539858848
0.9016681172807921 0.14578404893016417
0.9241770341790088 0.11175512362183158
0.9479638672790746 0.0761261172624475
0.9731835418325074 0.038879441864635544
1.0 0.0
