# CURVE 2D, normalized by CHORD
# COLUMN#1 = X-coordinate, COLUMN#2 = Y-coordinate
#-------------------------------------------------------------------------------
0.0 0.0
0.009446916025249268 0.022329996215237173
0.018313469749891224 0.0436514738560525
0.02671879847611615 0.06397383363595713
0.034737422288478946 0.08332285006731323
0.04242047667186671 0.10173123459966307
0.04980546336916555 0.11923457313700885
0.0569213244259297 0.13586934479448937
0.06379130685563082 0.15167188244373386
0.07043464473703707 0.16667782023050295
0.07686769879314936 0.18092175286697212
0.08310468710122758 0.1944370518269295
0.08915813732095139 0.20725578839285255
0.09503929383168105 0.2194086609657591
0.10075835255879688 0.23092498785203747
0.10632463832065132 0.2418327165817313
0.11174679418191849 0.2521584152858973
0.11703284751749819 0.26192731637629907
0.1221903603478497 0.2711633063429105
0.12722636211137445 0.27988902665989157
0.1321476428810904 0.288125762356086
0.13696050836293533 0.29589363063287466
0.14167104304122197 0.30321146563252116
0.1462850881105833 0.3100968554567489
0.15080804270137568 0.31656630005911024
0.1552452295303734 0.32263497707902555
0.15960167291016095 0.32831688523352115
0.16388191364164958 0.33362498771800275
0.16809045714987148 0.33857083580480235
0.1722313078431963 0.3431648889723463
0.17630790441693617 0.3474165462583394
0.18032346327835766 0.3513337408682083
0.18428023243660274 0.3549235717611852
0.18817976646829435 0.35819196090954003
0.19202278737403528 0.3611436472675186
0.19580837255312042 0.36378314233025244
0.19953450971806988 0.3661139901462954
0.20319732786117511 0.3681398713925567
0.20679105395462577 0.3698649972434604
0.21030785297642082 0.3712950776096182
0.2137383024403608 0.37243727800312354
0.21707141919774722 0.37330169486829845
0.22029533351424177 0.37390229663890556
0.22339848065982107 0.37425576259673815
0.22637025380228842 0.37438300889769016
0.22920213055151217 0.3743074444563817
0.23188821735892315 0.3740539400952864
0.23442567102208434 0.3736488213558215
0.23681444415504102 0.37311691450007256
0.23905722907260107 0.3724824963321267
0.24344972772202003 0.3711096460701229
0.2482814762363809 0.36959951078191877
0.25359639960217784 0.36793836196489416
0.2594428153045545 0.3661110982661671
0.26587387257716877 0.36410110819756736
0.2729480355770445 0.36189011912210767
0.28072961487690784 0.35945803113910196
0.28928935210675744 0.35678273435779567
0.29870506305959205 0.3538399078983588
0.30906234510771013 0.35060279879297823
0.32045535536063996 0.34704197877705956
0.3329876666388628 0.34312507675954906
0.346773209044908 0.3388164845402875
0.36193730569155763 0.3340770330990998
0.37861781200287226 0.32886363651379336
0.39696636894531834 0.3231289002699562
0.41714978158200905 0.3168206904017353
0.4393515354823688 0.30988165954669245
0.46377346477276465 0.3022487256061452
0.4881953940631605 0.2946157916655979
0.5103971479635202 0.287676760810555
0.530580560600211 0.28136855094233415
0.548929117542657 0.275633814698497
0.5656096238539716 0.27042041811319056
0.5807737205006214 0.2656809666720028
0.5945592629066665 0.2613723744527413
0.6070915741848893 0.25745547243523076
0.6184845844378192 0.25389465241931214
0.6288418664859372 0.25065754331393153
0.6382575774387719 0.24771471685449464
0.6468173146686215 0.24503942007318838
0.6545988939684848 0.2426073320901827
0.6616730569683605 0.24039634301472296
0.6681041142409748 0.2383863529461232
0.6739505299433515 0.23655908924739616
0.6792654533091484 0.2348979404303716
0.6840972018235093 0.23338780514216742
0.6884897004729282 0.23201495488016363
0.6903776048718622 0.23141887174789502
0.6923562038283277 0.23078138326796252
0.694429597073352 0.2300993185623785
0.6966020816174934 0.22936938095384876
0.698878098273168 0.22858795574835442
0.7012622769835316 0.2277512167376088
0.7037594008442689 0.2268549934411032
0.70637443009274 0.22589481348616006
0.7091125102672609 0.22486589600940596
0.7119789450603933 0.22376305115985445
0.7149792792651767 0.22258086694431894
0.7181191554409203 0.22131331256658995
0.7214044672709855 0.21995410227037576
0.7248412694520877 0.2184964378024564
0.7284358231811807 0.2169330906848399
0.7321945074172017 0.21525617194975213
0.7361239922630123 0.21345749736000105
0.7402310283169872 0.21152808652492616
0.7445226457881301 0.2094585711649524
0.7490059709692287 0.20723877407799385
0.7536883721536001 0.20485798657567544
0.7585773766634342 0.2023047656032277
0.7636806742835943 0.19956691518769093
0.7690061632194073 0.1966315411815656
0.774561850517758 0.19348483746355033
0.7803559616752387 0.19011225399620718
0.7863969024151656 0.18649838786246772
0.7926931672837363 0.18262679833293738
0.7992534542268231 0.17848016527206007
0.806086608680444 0.17404015615135565
0.8132015904689472 0.1692873388168078
0.8206075249443293 0.16420122054308575
0.82831365871592 0.15876013830598795
0.8363293482693054 0.15294120120540675
0.8446640604377912 0.14672024752044474
0.8533273002447891 0.1400717044020779
0.862328716175675 0.13296868058273567
0.8716779435140998 0.12538271367063591
0.8813845730065739 0.1172836929826739
0.8914581990199273 0.10863987336191548
0.9019082389601691 0.09941761693609355
0.9127438800283068 0.08958129970040189
0.9239739324889911 0.07909311913152034
0.9356066169037311 0.0679128487106828
0.9476492745796785 0.055997538752126645
0.9601078974266553 0.04330107367286512
0.972986431240418 0.029773571641746217
0.986285490247045 0.015360331250615734
1.0 0.0
