# CURVE 2D, normalized by CHORD
# COLUMN#1 = X-coordinate, COLUMN#2 = Y-coordinate
#-------------------------------------------------------------------------------
0.0 0.0
0.0028856580428452704 0.020906251138173928
0.00570187957534794 0.04080746406742209
0.00845394418171486 0.05975096828917636
0.01114679539117212 0.07778181653631185
0.013785162974978506 0.09494287498760798
0.01637350984247621 0.11127493350467028
0.018916146808264485 0.1268167847096122
0.021417099627899196 0.1416053374362276
0.02388025873919394 0.15567567999134196
0.02630939837482471 0.16906115804146704
0.02870805437000098 0.18179347449340746
0.031079722121699342 0.1939027268152254
0.03342776261973083 0.2054174922214195
0.03575541785648101 0.21636488962965303
0.038065904223029745 0.22677061952359034
0.040362324773342555 0.23665903743103558
0.04264779395637557 0.24605317606517346
0.04492538001285022 0.25497480252527427
0.04719812063011869 0.2634444549141225
0.04946903825329126 0.27148147331750105
0.05174121413795087 0.27910400649700173
0.05401772720888922 0.28632904899243317
0.05630169383154761 0.2931724429698744
0.058596213450496135 0.29964890173727915
0.060904497438898184 0.30577195989055284
0.06322973745297349 0.31155400110348574
0.06557506777941621 0.3170062487474586
0.06794360726088064 0.32213870824829194
0.07033835036610261 0.32696015592567845
0.07276208041736931 0.3314781086794492
0.07521726159718514 0.33569879022030624
0.07770568908139494 0.3396272381188907
0.0802284093191681 0.3432672741211729
0.08278535128153987 0.34662167164767843
0.08537505199417975 0.34969232336198564
0.08799396670062135 0.3524808839780353
0.09063640186245228 0.35498911385072623
0.09329415004287245 0.3572197119870801
0.09595643085516278 0.3591772242213769
0.09861035148381893 0.3608686434366797
0.10124121032646596 0.3623045760122227
0.10383385437676837 0.36349888744486386
0.10637343902708811 0.36446909118194304
0.1088467232103561 0.3652350754651945
0.11124262708109264 0.3658185673026717
0.11355271402948586 0.36624186947428444
0.11577124032336454 0.3665268636813998
0.11789495160857386 0.3666940727559843
0.11992267786347403 0.36676231265371995
0.11995564572532232 0.36676272126536424
0.11999191037335544 0.36676317073817294
0.12003180148619186 0.3667636651582625
0.12007568171031192 0.366764209020361
0.120123949956844 0.3667648072686694
0.12017704502802928 0.36676546534180865
0.1202354496063331 0.3667661892222618
0.12029969464246729 0.36676698549076026
0.1203703641822149 0.3667678613861085
0.12044810067593728 0.36676882487099166
0.12053361081903188 0.3667698847043631
0.12062767197643595 0.36677105052107173
0.12073113924958043 0.36677233291945116
0.12084495325003936 0.36677374355766856
0.12097014865054417 0.3667752952597077
0.12110786359109947 0.36677700213195075
0.12125935002571031 0.3667788796914181
0.12142598510378222 0.36678094500683217
0.12160928368966133 0.3667832168537877
0.12179258227554043 0.3667854887007432
0.12195921735361234 0.36678755401615726
0.12211070378822318 0.3667894315756246
0.12224841872877848 0.36679113844786765
0.1223736141292833 0.3667926901499068
0.12248742812974223 0.3667941007881242
0.1225908954028867 0.3667953831865036
0.12268495656029077 0.36679654900321224
0.12277046670338537 0.3667976088365837
0.12284820319710775 0.36679857232146684
0.12291887273685537 0.3667994482168151
0.12298311777298955 0.36680024448531356
0.12304152235129337 0.3668009683657667
0.12309461742247865 0.36680162643890596
0.12314288566901073 0.36680222468721435
0.1231867658931308 0.3668027685493129
0.12322665700596722 0.3668032629694024
0.12326292165400034 0.3668037124422111
0.12329588951584862 0.3668041210538554
0.1281925543704842 0.3668312427149151
0.13333397927381246 0.3667914960602982
0.13873148038634642 0.36667967181935956
0.14439692567775664 0.3664907621793573
0.15034275381342055 0.36621921406371244
0.15658200821791238 0.3658592490326449
0.16312833789160444 0.3654043916205067
0.1699960829657827 0.3648483275414393
0.17720024847738947 0.3641839812251376
0.18475656798478338 0.36340397068787966
0.192681483176787 0.3625000728944262
0.20099227833330588 0.3614641200815503
0.20970701379723386 0.3602870314866269
0.218844599544691 0.358959155692301
0.22842484126096776 0.35747028041881457
0.2384684333646165 0.3558093052697356
0.24899706593842136 0.35396462726834615
0.26003339726262176 0.35192367522601825
0.27160112397389824 0.34967304318083725
0.2837249792604216 0.34719821783637106
0.29643082866253745 0.34448379703072746
0.3097456613385362 0.34151316916247515
0.32369759036564216 0.3382682799813267
0.33831596526076535 0.33472988032234247
0.3536313370858737 0.33087711517053114
0.36967545469281393 0.3266872894137901
0.38648134502703685 0.32213595761872993
0.40408323725056566 0.3171964175749059
0.4225165454779167 0.3118394716427873
0.44181788805894723 0.3060333229450282
0.46202495150725553 0.29974296676293155
0.48317632310760533 0.2929295697889216
0.5053115008834177 0.28555045988818406
0.5284704460072799 0.27755777900657536
0.5526933124268792 0.26889785333806926
0.5780198929422716 0.25950991056698697
0.6044889360840346 0.24932470723833916
0.6321370315570803 0.2382623769374296
0.6609969495891995 0.22622947808771773
0.6910953765192853 0.21311542851400284
0.7224490475384303 0.1987865253627514
0.755058989982339 0.1830780224894707
0.7889005507054003 0.16578109099256932
0.8239058720476057 0.1466218860818245
0.859930946601763 0.12522606891523222
0.8966869584930514 0.1010531493155274
0.9335786451488735 0.07326532352614086
0.9692525701837067 0.04044351716237548
1.0 0.0
