# CURVE 2D, normalized by CHORD
# COLUMN#1 = X-coordinate, COLUMN#2 = Y-coordinate
#-------------------------------------------------------------------------------
0.0 0.0
0.010062310299423028 0.006217497736249906
0.01803374977506538 0.014335830201912867
0.025036620616661284 0.022610427468982126
0.03140924702166687 0.03073375124005544
0.037305619085224916 0.03860297933434232
0.04281324932948166 0.046177258811725935
0.04798893939332213 0.05344104275399421
0.05287297262543633 0.060390928552434414
0.057495804920224054 0.0670299001810619
0.06188155252244947 0.07336450211112386
0.06605000631050642 0.07940329821971423
0.07001785836690831 0.08515598459217934
0.07379949549619257 0.09063284898104798
0.07740753772010311 0.09584442740921571
0.0808531967294491 0.10080129409559349
0.08414655439467349 0.10551390985995696
0.08729675765124534 0.10999252875046636
0.0903121653173468 0.11424713704811476
0.09320047246527526 0.11828740603738795
0.09596880287810414 0.12212266489439812
0.09862375103160903 0.12576190776862123
0.10117150268255497 0.12921374141439101
0.10361782294787877 0.13248642667442026
0.10596814206392734 0.1355878464232019
0.10822757679484027 0.13852551820360576
0.11040096326475655 0.1413065963632298
0.11249286073151196 0.14393789493223114
0.11450763130003995 0.1464258480978348
0.11644941636493912 0.14877654926012765
0.11832213490965642 0.15099577310423026
0.12012962313930278 0.15308887424668788
0.12187547218186932 0.15506093809442037
0.12356317970766999 0.15691666270798407
0.12519616637907782 0.15866034551228672
0.12677763178255347 0.1602960205088831
0.12831084857699937 0.1618271737457287
0.12979886481330494 0.16325701648757043
0.1312447414514414 0.16458822801360082
0.13265147894955429 0.16582298343044982
0.1340220249348202 0.1669628808002846
0.13535927292343808 0.16800884354897852
0.13666604439910812 0.16896099143979618
0.13794504091568127 0.16981847315900508
0.1391988056740834 0.1705791478976015
0.14042938935450874 0.1712395469894689
0.14163814308157524 0.17179438771637282
0.14282518526717355 0.1722361456450257
0.14398830094883686 0.17255535346763465
0.1451216828345267 0.17274113492428023
0.15151453923549585 0.17340209011933025
0.15854668127656196 0.17412914083388525
0.16628203752173465 0.1749288966198958
0.1747909293914246 0.17580862798450736
0.18415071044808357 0.1767763324855801
0.19444646961040846 0.17784080743676012
0.20577180468896578 0.17901172988305813
0.2182296732753789 0.18029974457398593
0.23193332872043326 0.18171656073400652
0.24700734970999308 0.18327505851002918
0.2635887727985089 0.18498940606365408
0.28182833819587627 0.1868751883726415
0.3018918601329804 0.18894954891252763
0.32396173426379504 0.19123134550640242
0.348238595807691 0.19374132175966463
0.37494314350597663 0.1965022956382531
0.4043181459740908 0.19953936690470042
0.4366306486890164 0.20288014529779247
0.4721744016754347 0.2065550015301937
0.5077181546618529 0.21022985776259495
0.5400306573767786 0.213570636155687
0.5694056598448928 0.2166077074221343
0.5961102075431783 0.2193686813007228
0.6203870690870743 0.221878657553985
0.6424569432178889 0.2241604541478598
0.6625204651549931 0.22623481468774592
0.6807600305523605 0.22812059699673334
0.6973414536408763 0.22983494455035824
0.7124154746304361 0.2313934423263809
0.7261191300754906 0.2328102584864015
0.7385769986619036 0.23409827317732929
0.7499023337404609 0.2352691956236273
0.7601980929027858 0.2363336705748073
0.7695578739594449 0.23730137507588006
0.7780667658291347 0.23818110644049162
0.7858021220743074 0.23898086222650217
0.7928342641153736 0.23970791294105717
0.7992271205163427 0.2403688681361072
0.800884379588272 0.2405153896600956
0.8026283382213878 0.2406167825634967
0.804461908424083 0.24066647246797424
0.8063878370914224 0.24065709799901733
0.8084086565687182 0.24058116113049094
0.8105266566371082 0.24043046081442535
0.81274390297525 0.24019684280779519
0.8150621557316415 0.2398713389289205
0.817482991866644 0.23944529907207623
0.8200077192090853 0.23890956216695416
0.8226373815160566 0.23825463890694268
0.8253729204552874 0.237471282444172
0.8282150340422267 0.23654979035481216
0.8311644117590984 0.23548070800137785
0.834221622571632 0.2342543114649717
0.8373871486045511 0.23286066061759889
0.8406615728108731 0.2312899285996232
0.8440454535625105 0.22953199314131742
0.8475394733140355 0.2275766603184146
0.8511443237843951 0.22541336339988685
0.8548608731196514 0.22303138821970972
0.8586900378110566 0.22041958788904592
0.8626328419907479 0.21756643190997038
0.8666904565491971 0.21446000216620467
0.870863987793846 0.21108767636882952
0.8751547365950758 0.20743643195845832
0.8795639728926822 0.2034925233665388
0.8840929096517401 0.19924144313286832
0.8887427363840443 0.1946679412330611
0.8935144403493538 0.18975582601931176
0.8984089092014581 0.18448805996804368
0.9034265740067071 0.17884641994678135
0.9085676090640865 0.17281169348490477
0.9138315278704813 0.1663633343574623
0.9192171753481042 0.15947949274805726
0.9247224784477164 0.15213685141600802
0.9303440090633661 0.1443103594650329
0.9360769207990332 0.13597327585060698
0.9419141606598421 0.1270967317518771
0.9478459566159618 0.11764957262902268
0.9538589674353054 0.10759805632145328
0.9599348201381951 0.09690531814467586
0.9660484923307959 0.0855309633125016
0.9721652512917767 0.07343018267762631
0.9782365858324105 0.06055291706556687
0.984192804723595 0.04684236471054124
0.9899305486731643 0.03223313259664515
0.9952890370270854 0.01664882466956763
1.0 0.0
