# CURVE 2D, normalized by CHORD
# COLUMN#1 = X-coordinate, COLUMN#2 = Y-coordinate
#-------------------------------------------------------------------------------
0.0 0.0
0.022161510243899094 0.025130158443307096
0.041109090676547604 0.050813977777249025
0.05752524873064908 0.07640026333471828
0.07193433316448027 0.10151399587199575
0.08473256282070275 0.12594009677397522
0.09622126182116413 0.14955717537338406
0.10663162501481033 0.17230069548199523
0.11614400381839435 0.19414101129498673
0.12490089801715906 0.2150705759570369
0.13301633242454755 0.23509599729193267
0.1405828088729281 0.25423292096424743
0.14767610681049537 0.27250281015515043
0.15435895161125768 0.28993076033343895
0.1606837558911518 0.30654402511063134
0.16669467159177795 0.32237101587834327
0.1724291594362289 0.337440611174893
0.17791924378915755 0.35178166142467227
0.18319245394191055 0.36542265783450945
0.18827265596520296 0.3783914681239306
0.19318056135773917 0.3907152104328471
0.19793435675050192 0.4024200849943761
0.20254998369775953 0.4135313443820557
0.2070415293779987 0.4240732178412536
0.21142156870530426 0.43406884688616926
0.21570130094942455 0.4435403010449027
0.2198906138929556 0.45250862585330615
0.22399855269303962 0.46099369518413946
0.2280331085749871 0.4690143693172703
0.2320016383889158 0.47658834441991815
0.23591072992792592 0.4837322611649224
0.2397660932682335 0.49046181675345696
0.24357317656575603 0.49679145269556946
0.24733647571719244 0.5027347777582382
0.25106024263525045 0.5083041608589496
0.25474762354472025 0.5135113071511663
0.25840152531772315 0.5183666995386824
0.2620239967237968 0.5228800252161615
0.26561611983831546 0.5270603163562435
0.2691783543300545 0.5309156984256402
0.27270990090552805 0.5344539994127859
0.2762090232625926 0.5376825692156679
0.27967261808157257 0.5406088741631313
0.2830967456928338 0.5432400892213228
0.2864756317786372 0.5455846609038555
0.28980266123874954 0.5476515471229911
0.293070289075852 0.549450792872331
0.2962700428156433 0.5509943171254041
0.29939334576226617 0.5522952514282092
0.30243146907202756 0.5533690343670646
0.30735628239398105 0.554957277505248
0.3127735770481298 0.5567043449572497
0.31873260116769353 0.5586261191544516
0.3252875276992136 0.5607400707713736
0.3324979468838857 0.5630654175499878
0.340429407987025 0.5656232990064636
0.3491540152004782 0.5684369686085868
0.3587510831352767 0.5715320051709224
0.36930785786355513 0.5749365453894915
0.3809203100646613 0.5786815396299175
0.3936940074858782 0.5828010332943862
0.4077450746492167 0.5873324763253017
0.4232012485288891 0.5923170636593087
0.44020303979652875 0.5978001097267165
0.4589050101909323 0.6038314604008651
0.47947717762477626 0.6104659461424284
0.5021065618020046 0.6177638804581482
0.5269988843969559 0.6257916082054399
0.5543804392514022 0.6346221087274608
0.5817619941058486 0.6434526092494818
0.6066543167007998 0.6514803369967734
0.6292837008780282 0.6587782713124932
0.6498558683118721 0.6654127570540567
0.6685578387062758 0.6714441077282052
0.6855596299739154 0.676927153795613
0.7010158038535879 0.68191174112962
0.7150668710169263 0.6864431841605356
0.7278405684381433 0.6905626778250042
0.7394530206392494 0.6943076720654303
0.7500097953675278 0.6977122122839994
0.7596068633023264 0.7008072488463349
0.7683314705157795 0.7036209184484582
0.7762629316189189 0.7061787999049339
0.7834733508035909 0.7085041466835482
0.790028277335111 0.7106180983004702
0.7959873014546748 0.7125398724976721
0.8014045961088235 0.7142869399496737
0.806329409430777 0.7158751830878571
0.8101641751040382 0.7160974156582312
0.8141177897729345 0.7151852481234908
0.8180834026612522 0.7136172741135017
0.8220618953557245 0.7115602915623755
0.8260624950127795 0.709087252387964
0.8300931832060321 0.7062333999771536
0.8341599593163723 0.7030156166826165
0.8382671507208116 0.6994404861184224
0.8424177082104567 0.6955081096506222
0.8466136065561845 0.691214312958961
0.8508559741736023 0.6865517464115856
0.8551450505596259 0.6815104550057423
0.8594807158988994 0.6760787103754938
0.8638621292230705 0.6702429235637433
0.868287995307002 0.6639880268681803
0.8727564353513763 0.6572974813948795
0.8772652182504154 0.6501535043764404
0.8818116624354042 0.6425370317166984
0.8863924662531485 0.6344276466794269
0.891004099973295 0.6258038154394994
0.8956423306903649 0.6166426153846462
0.9003026694201618 0.6069199626742965
0.9049798782901195 0.5966103447980986
0.9096685270570569 0.5856870567924986
0.9143622855607078 0.5741218507919122
0.9190545247133687 0.5618851633862253
0.9237379899449268 0.5489459281879325
0.9284047651463834 0.5352715206458004
0.9330463189990651 0.5208277246941037
0.9376534835449759 0.5055786663269505
0.9422161186821707 0.4894866559089889
0.9467238736115364 0.472512340497218
0.9511649853212328 0.4546142972153507
0.955527373507978 0.43574925470014814
0.9597978263973133 0.4158718003632009
0.9639622796235122 0.3949343682793999
0.9680055955861875 0.37288710278136855
0.9719117321465378 0.34967779533024695
0.9756634538258748 0.32525172970729044
0.9792425139564368 0.29955160405409004
0.9826293762452986 0.27251737244009444
0.9858030988424218 0.2440861155008322
0.9887416699092086 0.2141919496628511
0.9914212881466351 0.18276581485575108
0.9938170231888978 0.14973539645196837
0.9959019397521104 0.11502490096973558
0.9976479551705454 0.07855495559724379
0.9990245805414028 0.04024236737808669
1.0 0.0
