# CURVE 2D, normalized by CHORD
# COLUMN#1 = X-coordinate, COLUMN#2 = Y-coordinate
#-------------------------------------------------------------------------------
0.0 0.0
0.026117937359287555 0.016059105001961557
0.04840626318641229 0.03501051377643371
0.06826397137952281 0.054566698510129505
0.08634506379322968 0.07400200148292825
0.10301386883882448 0.09301064773946956
0.11850146729948899 0.11144703720494367
0.13296852899800393 0.12923959371865387
0.14653406613317604 0.14635565619381788
0.15929085051330352 0.16278441172193406
0.17131378250704168 0.17852819813993762
0.18266517482115122 0.1935973994267089
0.19339803360263932 0.20800744897183365
0.20355825789166213 0.2217769391963199
0.21318624937017938 0.23492632893463467
0.22231787658144056 0.2474772143762007
0.23098542252067583 0.2594516614556512
0.2392180897633768 0.27087189000885953
0.247042507027651 0.2817599721349337
0.25448309353478765 0.29213764241035783
0.26156234686431795 0.3020261673266284
0.26830109026622295 0.3114462452800435
0.2747186544434034 0.3204179531782643
0.280833050282024 0.32896069809748546
0.28666110303012743 0.3370931944116274
0.2922185771634039 0.34483344502307933
0.29752027892724003 0.3521987357338178
0.3025801209525232 0.359205653977076
0.30741126157228266 0.36587005057711125
0.31202610757758253 0.3722070969102778
0.31643644645389296 0.3782312451755129
0.3206534305601519 0.38395629317874314
0.324687727336411 0.38939532430896306
0.32854952999106474 0.3945607457654531
0.3322486088921897 0.39946429350992974
0.33579437425878816 0.40411702454867177
0.33919594708627804 0.4085292977519843
0.3424623189934614 0.41271067820691565
0.34560226684486217 0.4166700229524157
0.3486246564155923 0.4204152514360882
0.3515385112224483 0.4239532767571788
0.35435321467981806 0.4272898012324201
0.357078957802788 0.430428847010715
0.35972717348624533 0.4333721815078195
0.362311627426785 0.4361179267420235
0.36485004975089025 0.43865808699433156
0.36736777471141796 0.4409725443356278
0.36990630614234044 0.4430121410720772
0.37254538318038655 0.44463471143865463
0.3753928375987826 0.44520394853811607
0.3799646749901366 0.4442013108945495
0.38499369612062595 0.44309840948662627
0.3905256193641643 0.4418852179379107
0.39661073493205645 0.4405507072343236
0.40330436205673786 0.4390827454603778
0.41066735189388737 0.43746798750903737
0.41876664071475184 0.4356917537625629
0.4276758584177028 0.433737896641441
0.43747599789094876 0.43158865380820693
0.44825615131151936 0.4292244866916495
0.46011432007414704 0.4266239028634362
0.4731583057130375 0.42376326065240166
0.48750668991581697 0.4206165542202636
0.5032899125388743 0.4171551771449118
0.5206514574242376 0.4133476623620248
0.5397491567981371 0.4091593961008491
0.5607566261094266 0.40455230321355584
0.5838648423518449 0.3994845010375332
0.6092838802185052 0.39390991864390834
0.6347029180851655 0.3883353362502835
0.6578111343275839 0.3832675340742609
0.6788186036388734 0.3786604411869676
0.6979163030127729 0.3744721749257919
0.7152778478981361 0.3706646601429049
0.7310610705211935 0.36720328306755307
0.7454094547239729 0.3640565766354151
0.7584534403628633 0.3611959344243805
0.7703116091254911 0.35859535059616726
0.7810917625460616 0.3562311834796098
0.7908919020193077 0.3540819406463757
0.7998011197222585 0.3521280835252538
0.8079004085431231 0.35035184977877937
0.8152633983802726 0.34873709182743895
0.821957025504954 0.34726913005349314
0.8280421410728461 0.34593461934990605
0.8335740643163845 0.34472142780119047
0.8386030854468738 0.34361852639326723
0.8431749228382278 0.34261588874970067
0.8450087199669283 0.34203192521065634
0.846833323913707 0.341160227346964
0.8486553310077187 0.3400690198288358
0.8504848962997712 0.33879365795929084
0.8523310690701255 0.33735284847355057
0.8542013890808384 0.33575638387251056
0.8561021488813962 0.3340088297035752
0.8580387447100277 0.33211147639596866
0.8600157978032255 0.3300632691090354
0.8620374251319701 0.3278615283527882
0.8641073379211957 0.32550229569490985
0.8662289744223146 0.32298060624619196
0.868405518900633 0.32029059806142757
0.870639970825843 0.31742562960888393
0.8729351651787184 0.3143783313953755
0.8752938534414917 0.31114068615448026
0.8777186615639161 0.3077040040193224
0.8802121249579723 0.30405894956173846
0.8827767003935949 0.3001955443493909
0.8854147229291448 0.29610312938070976
0.8881285367113576 0.2917704362916603
0.890920338145617 0.28718546906065207
0.8937922838970564 0.2823355540070082
0.8967464084731535 0.27720726820557895
0.8997846763577431 0.2717864476968543
0.9029089809745577 0.26605815975800157
0.9061210246075517 0.26000661063729125
0.9094224813781003 0.2536152053281401
0.9128148450058996 0.24686643466148592
0.9162994384370835 0.23974185058241232
0.9198774763788765 0.23222206253246677
0.9235499237766915 0.22428663300176702
0.9273176001312832 0.21591409013799728
0.9311810646199161 0.2070818347507206
0.9351406496775683 0.19776611487188098
0.939196415999026 0.18794196247678413
0.9433480711657022 0.1775831154958291
0.9475950570101312 0.16666200655110416
0.9519364135988596 0.15514965849031526
0.9563708282012864 0.1430156519803425
0.9608965368929835 0.1302280338962769
0.9655112534752414 0.11675323713523185
0.9702122610355967 0.10255605333863298
0.9749962281416242 0.0875995076610437
0.9798592807847304 0.07184481816306906
0.9847968101757472 0.05525126745284867
0.989803596482767 0.037776169946746284
0.9948736303361435 0.019374742975821507
1.0 0.0
