# CURVE 2D, normalized by CHORD
# COLUMN#1 = X-coordinate, COLUMN#2 = Y-coordinate
#-------------------------------------------------------------------------------
0.0 0.0
0.031182494755773876 0.011652508086726004
0.060366972109620644 0.024046381180722297
0.0879082003985222 0.03643226703187022
0.11404249799982395 0.0484388038480461
0.13893373542723056 0.05987048973337261
0.16270070667848222 0.0706237934616516
0.1854330411155811 0.08064743909801839
0.20720070271282773 0.0899218131497832
0.22806000332148016 0.09844725288160631
0.24805746231364925 0.10623720650809347
0.26723249980890934 0.11331376205801784
0.2856192878775435 0.11970478901895112
0.30324803377423004 0.1254421508880393
0.3201460060984466 0.130560243311892
0.336338312830401 0.13509486889619457
0.35184837884973225 0.13908278639771796
0.3666985091703574 0.14256062956359372
0.3809100435701648 0.14556513132043075
0.3945037353431001 0.14813223568353232
0.4074998844081839 0.15029698137829994
0.4199184629750717 0.15209327545595414
0.43177919861456177 0.15355371712867819
0.4431016523280443 0.1547091497913418
0.4539051480592407 0.15558942084457997
0.4642088967363171 0.156222021877774
0.47403186986556145 0.15663328606034885
0.483392834747586 0.15684754383757998
0.4923102932640413 0.1568873470442024
0.5008024430109276 0.15677376600504297
0.5088871395208445 0.1565260138967374
0.5165818606195263 0.15616188004097792
0.5239036492938564 0.15569730951349556
0.5308691233449454 0.15514724253362455
0.5374943872035406 0.15452475710625965
0.5437950732052015 0.1538420174698899
0.5497862698130372 0.15310972595162461
0.5554825388785429 0.15233754328251223
0.560897909062093 0.15153414148560543
0.5660458368885608 0.15070705405109655
0.5709392793831246 0.14986322102426722
0.5755905964066276 0.14900843830138308
0.5800116744716828 0.14814810934557893
0.5842138139706781 0.14728664212930112
0.5882078722496825 0.14642818702977572
0.592004129158019 0.14557597594545194
0.5956124600489345 0.14473311616225754
0.5990422370729314 0.14390210848821816
0.60230234818058 0.14308493225651095
0.6054013401232 0.142283588143989
0.6054295576553765 0.1422761802750397
0.6054605969407708 0.14226803161919543
0.6054947401547045 0.14225906809776673
0.6055322976900315 0.14224920822419518
0.6055736109788912 0.14223836236326648
0.6056190555966369 0.1422264319162449
0.6056690446761571 0.14221330842452115
0.6057240326636294 0.14219887258362504
0.6057845194498489 0.14218299315863933
0.6058510549146904 0.14216552579115505
0.6059242439260161 0.14214631168692232
0.6060047518384742 0.14212517617226633
0.6060933105421782 0.14210192710614472
0.6061907251162526 0.142076353133411
0.6062978811477344 0.14204822176340384
0.6064157527823644 0.142017277256396
0.6065454115804574 0.1419832382986874
0.6066880362583598 0.1419457954452079
0.6068449234040523 0.14190460830638046
0.6070018105497448 0.14186342116755304
0.6071444352276472 0.14182597831407354
0.6072740940257402 0.14179193935636492
0.6073919656603702 0.14176099484935709
0.607499121691852 0.14173286347934996
0.6075965362659265 0.1417072895066162
0.6076850949696304 0.14168404044049462
0.6077656028820886 0.14166290492583863
0.6078387918934142 0.1416436908216059
0.6079053273582556 0.14162622345412162
0.6079658141444751 0.1416103440291359
0.6080208021319475 0.14159590818823978
0.6080707912114678 0.14158278469651606
0.6081162358292135 0.14157085424949448
0.6081575491180732 0.14156000838856578
0.6081951066534002 0.14155014851499423
0.6082292498673338 0.14154118499356552
0.6082602891527281 0.14153303633772127
0.6082885066849046 0.14152562846877195
0.6103202546646375 0.1409913731783299
0.6124531305275227 0.14042866055448144
0.6146921347839277 0.13983586224424488
0.6170425073330007 0.1392112302754225
0.6195097419105984 0.13855290107257917
0.6220996031889627 0.13785890664202943
0.6248181207026581 0.13712709681395238
0.627671626048557 0.13635522039497427
0.6306667378241967 0.13554080924587028
0.6338104024866915 0.13468126682669326
0.6371098845762303 0.13377376696720508
0.6405727868770796 0.13281526060814097
0.644207072989163 0.13180248744937464
0.6480210618558135 0.13073188382741935
0.652023465634136 0.12959964338936739
0.6562233726213501 0.12840157908321073
0.6606302869421002 0.12713318426421388
0.6652541328070806 0.12578956495779434
0.6701052547119917 0.12436535757999033
0.6751944424130223 0.1228547302216472
0.6805329394593097 0.12125132480712711
0.6861324362690339 0.11954814784485587
0.6920051166673095 0.11773763693113357
0.69816362303435 0.11581145840582716
0.7046211095058363 0.11376059226962563
0.7113912199790111 0.11157517338211813
0.7184881456501646 0.1092445827121337
0.7259266339423894 0.10675738006319847
0.7337220374255193 0.1041013544052952
0.7418904126284039 0.10126370550783984
0.7504485923268707 0.09823112468053785
0.759414368831094 0.09499016402838034
0.7688066555373609 0.09152749893371588
0.7786457561381294 0.08783044003899973
0.7889536128690591 0.0838873339882122
0.799754115284729 0.07968808268693146
0.8110733392149094 0.07522445310462272
0.8229397465188117 0.07049029033591944
0.8353842825669561 0.06548149966790719
0.848440345360412 0.06019575585665059
0.8621436779030801 0.05463207327136092
0.8765321787305703 0.048790210609855875
0.8916457030348606 0.04267006466185767
0.9075258916194059 0.03627111787914474
0.9242160485375596 0.029591971026356988
0.9417610996555758 0.022630031229052428
0.960207612542141 0.015381307394632346
0.9796038723375502 0.007840305759707641
1.0 0.0
