# CURVE 2D, normalized by CHORD
# COLUMN#1 = X-coordinate, COLUMN#2 = Y-coordinate
#-------------------------------------------------------------------------------
0.0 0.0
0.01443215407095354 0.006077498890073895
0.028137416077691657 0.011958920190277476
0.041165565773186086 0.017617005568684025
0.05355866242152855 0.02303931099338954
0.06535362859969966 0.028221623099215398
0.07658366001391022 0.033164594951171966
0.08727907571873483 0.03787185160029363
0.09746786110838984 0.042348869199117505
0.10717604033002795 0.04660226954521912
0.1164279414916331 0.050639366308866236
0.12524639560538625 0.05446786136421056
0.13365289196945862 0.05809563583890849
0.141667700768996 0.06153060990558775
0.14930997561414472 0.06478064174815575
0.15659783915392325 0.06785345856684534
0.163548462087576 0.0707565955752305
0.17017811431917193 0.07349739438816984
0.1765022430820816 0.07608292994608798
0.18253550719930853 0.07852003633836671
0.18829182310261472 0.08081529937746229
0.1937844302426273 0.08297499355281718
0.1990258957930939 0.08500516572746912
0.20402818021370256 0.08691156008496885
0.20880265895625602 0.0886996481118347
0.21336014188885002 0.09037466218673997
0.21771092943439968 0.09194152473702408
0.2218648182228239 0.09340490723125709
0.22583112174568584 0.0947692472264239
0.22961871710954898 0.09603868343372961
0.23323604340977028 0.09721712445423261
0.23669115199256177 0.09830815645622613
0.2399916799474088 0.0993151811259341
0.24314490499423258 0.10024129483484183
0.24615776040050255 0.10108927530397399
0.24903680641125148 0.10186171992964811
0.25178830040441125 0.10256082009808255
0.2544181669187799 0.10318847211349003
0.2569320034137167 0.10374625017154358
0.2593350979517923 0.10423528551615314
0.26163240428714934 0.10465628154956948
0.263828524556454 0.10500944228534893
0.2659276819038628 0.10529433110373342
0.26793365644260453 0.1055097440016752
0.26984968121595515 0.10565352653364171
0.27167826948309315 0.10572233702993641
0.27342093113393606 0.10571135054908705
0.275077695811205 0.10561373293901076
0.27664628970127136 0.10542013518602222
0.27812077260647233 0.10511829458162084
0.2796622138595657 0.10472755545260581
0.28135779923796833 0.10429774241068929
0.28322294315421126 0.1038249480645811
0.28527460146207845 0.1033048742838621
0.2875314256007324 0.10273279312507122
0.2900139321532517 0.10210350385040122
0.292744689361023 0.10141128564826424
0.2957485222895714 0.10064984562591356
0.29905273851097464 0.0998122616013278
0.3026873763545182 0.09889091917428347
0.3066854779824161 0.09787744250453471
0.3110833897731038 0.09676261816781108
0.3159210927428603 0.09553631139741509
0.3212425660095924 0.09418737394997947
0.3270961866029978 0.09270354275780032
0.3335351692557436 0.09107132844640324
0.34061805017376406 0.08927589270386646
0.3484092191835866 0.08730091338707599
0.35697950509439136 0.08512843613860648
0.36554979100519613 0.08295595889013696
0.37334096001501865 0.08098097957334649
0.3804238409330391 0.07918554383080971
0.38686282358578494 0.07755332951941263
0.39271644417919027 0.07606949832723348
0.39803791744592243 0.07472056087979786
0.40287562041567887 0.07349425410940187
0.4072735322063666 0.07237942977267824
0.4112716338342645 0.07136595310292948
0.414906271677808 0.07044461067588514
0.4182104878992113 0.06960702665129939
0.42121432082775967 0.06884558662894871
0.42394507803553094 0.06815336842681173
0.42642758458805025 0.06752407915214173
0.4286844087267042 0.06695199799335085
0.4307360670345714 0.06643192421263185
0.43260121095081433 0.06595912986652366
0.434296796329217 0.06552931682460714
0.43583823758231033 0.06513857769559211
0.4386173221327067 0.06443867685255222
0.44153758907367957 0.06371268592426133
0.44460628903306754 0.0629601954117164
0.44783097341250416 0.062180551015564064
0.4512196140594981 0.06137326655158596
0.4547805730774754 0.06053782684053116
0.4585226363616387 0.059673746547882524
0.462455039116565 0.058780593965305876
0.46658748103967596 0.05785796663044671
0.4709301628619523 0.0569055572666186
0.47549378058695596 0.0559230232753206
0.48028958818775275 0.05491016297229067
0.48532938291211053 0.053866728880862476
0.4906255902536639 0.05279270766067171
0.49619121687759943 0.05168795685330541
0.5020399643294078 0.0505526223368551
0.5081861763633267 0.04938671874842814
0.5146449375273124 0.048190466160078084
0.5214320965018986 0.046964246150341955
0.5285642605378313 0.04570837443569945
0.5360588977197153 0.04442346232017567
0.5439343118593486 0.04311005257678047
0.5522097439667362 0.04176897036983884
0.5609053681747582 0.04040104258899377
0.5700423762461169 0.039007338269464134
0.5796429928515936 0.03758896282578951
0.5897305611062685 0.036147291633883194
0.6003295633872431 0.03468375616059216
0.6114656963146577 0.03319997471151558
0.6231659255506893 0.031697728843126466
0.6354585466034536 0.030178957899843463
0.6483732513978898 0.028645772851197366
0.6619411939567896 0.027100434735835507
0.6761950630454273 0.02554535848114657
0.6911691566932247 0.023983099153790575
0.7068994588212647 0.022416315468540834
0.7234237184892996 0.02084770674985145
0.7407815366355961 0.019279968275704346
0.7590144529468729 0.01771568371975606
0.778166037552286 0.016157190577318157
0.7982819699604988 0.014606177300360235
0.819410136326176 0.013063351682674581
0.8416006972636848 0.011527529173333991
0.8649061360667479 0.009994121194157194
0.8893812299397493 0.008452033789214447
0.9150827972817793 0.006876504178124772
0.9420686555159978 0.005209481374519596
0.970392281603786 0.003283990524974536
1.0 0.0
