# CURVE 2D, normalized by CHORD
# COLUMN#1 = X-coordinate, COLUMN#2 = Y-coordinate
#-------------------------------------------------------------------------------
0.0 0.0
0.01575885809544022 0.010371448164789446
0.0300661113909159 0.021242985978756367
0.04313919396341322 0.03228824388476637
0.05515907765155331 0.043297881082963174
0.0662731464184103 0.05413649021783927
0.0766009429719566 0.06471638480774282
0.08624006276525711 0.0749811195985841
0.09527083794630269 0.08489526488018162
0.10376009348666573 0.09443771820978375
0.11176396849975895 0.10359733275996064
0.11933010374692386 0.11236993255000266
0.12649928860404278 0.12075627692946479
0.13330673556929692 0.12876062678919384
0.13978309037454628 0.13638970533108105
0.14595520056395 0.14365196584723772
0.1518467515682341 0.15055703298417986
0.1574787335027515 0.15711532426029068
0.16286987412477744 0.16333772133586047
0.168036943852115 0.1692353618733887
0.17299502214043658 0.1748194703029063
0.17775773425865524 0.18010121515493557
0.18233741050365995 0.1850916337887737
0.1867452584812815 0.1898015427975496
0.1909914505286822 0.19424152327617722
0.19508533904663972 0.19842177928754198
0.19903538952621133 0.20235226213046378
0.20284935321205183 0.20604256289873024
0.20653433609753566 0.20950189625141405
0.21009680902561123 0.21273914342269176
0.2135427218121168 0.2157627797681824
0.21687737905216495 0.21858106830762628
0.220105740317004 0.22120176248264628
0.22323221810319574 0.22363238459752321
0.22626067827894694 0.22588029691167344
0.22919473748537178 0.22795235806340386
0.2320375046318588 0.22985531013982669
0.23479160983898342 0.23159582746183852
0.23745946819479133 0.2331801688061405
0.24004305931858838 0.23461457390421855
0.24254393370673266 0.2359053762711833
0.2449634719651007 0.23705861208992768
0.24730265024310982 0.23808057625293377
0.24956232919567445 0.23897732936486912
0.251743017746844 0.23975539908394053
0.25384521057578324 0.24042110128771732
0.2558692400143789 0.24098110366615508
0.2578154694971554 0.2414420244661631
0.2596842525627904 0.24181079486490537
0.26147606187308314 0.24209441176214433
0.26449878723056974 0.24251363650927366
0.26782378512380506 0.24297478373111592
0.27148128280636386 0.24348204567514242
0.2755045302571786 0.24404003381357156
0.2799301024530747 0.24465382076584363
0.28479823186856046 0.2453289864133429
0.29015317422559483 0.24607166862559207
0.29604361081833264 0.24688861905906617
0.3025230910703442 0.2477872645358877
0.30965051934755694 0.24877577456039135
0.31749069045249095 0.2498631355873454
0.32611487866791833 0.2510592327169948
0.33560148570488846 0.2523749395596092
0.3460367534455556 0.25382221708648506
0.3575155479602895 0.25541422236604844
0.37014222192649676 0.2571654281735682
0.38403156328932475 0.2590917545618399
0.39930983878843557 0.2612107135889388
0.4161159418374575 0.2635415685187476
0.4329220448864794 0.2658724234485564
0.4482003203855902 0.2679913824756553
0.4620896617484182 0.269917708863927
0.47471633571462546 0.2716689146714467
0.48619513022935934 0.27326091995101015
0.4966303979700265 0.274708197477886
0.5061170050069966 0.27602390432050034
0.5147411932224241 0.2772200014501498
0.522581364327358 0.2783073624771038
0.5297087926045707 0.2792958725016075
0.5361882728565823 0.280194517978429
0.5420787094493201 0.2810114684119031
0.5474336518063545 0.2817541506241523
0.5523017812218403 0.2824293162716516
0.5567273534177364 0.2830431032239236
0.5607506008685511 0.2836010913623528
0.56440809855111 0.28410835330637924
0.5677330964443452 0.2845695005282215
0.5707558218018318 0.28498872527535085
0.5733810345356497 0.2853145057046375
0.5761463344459933 0.2855756765749354
0.5790569087494907 0.28576110123055676
0.5821176477259163 0.2858585440111119
0.5853330399755746 0.2858548032209986
0.588707109421407 0.2857361696633477
0.5922433815281568 0.28548819761798944
0.5959448221320599 0.2850956406377909
0.5998138624295469 0.28454305723508005
0.6038524923620145 0.28381510134792115
0.6080622198957089 0.28289597295046665
0.6124442552306701 0.28177015177453135
0.6169996233209886 0.28042236232611284
0.6217293268494046 0.27883770590267243
0.6266344539786104 0.2770015608832766
0.6317164635589425 0.27489994086537767
0.636977223219491 0.2725191375240029
0.6424192889755536 0.2698459867267707
0.6480459374912202 0.26686755940914875
0.6538613218371077 0.26357117265862423
0.6598707757822164 0.2599446221853496
0.6660805444909432 0.2559754593119468
0.6724983071779315 0.2516516274675466
0.6791330051483921 0.24696095360084733
0.6859949592581759 0.24189115534118907
0.6930962468868155 0.23643017555068066
0.7004504722659521 0.23056570022299092
0.7080732357144213 0.22428561478474038
0.7159820904303534 0.21757779035063862
0.7241969480749139 0.21043042867542358
0.7327402148918434 0.20283207650382973
0.7416372087854014 0.1947719713567662
0.7509164822569022 0.1862402820990473
0.7606103201100413 0.17722855903102125
0.7707553325056395 0.16773031095858987
0.7813931031086995 0.15774168819932258
0.7925710389601707 0.14726245937596974
0.8043433916781154 0.13629729686449144
0.8167724452432665 0.12485744274526613
0.8299299787734805 0.11296299132434046
0.8438990223526759 0.10064600264260133
0.8587758178632948 0.08795465728782373
0.8746720742660159 0.07495904757849728
0.8917172932617222 0.06175916735218168
0.9100605873328721 0.04849570460167668
0.9298713099130134 0.03536486941134886
0.9513365837926956 0.02263803989665281
0.9746518427834613 0.010685145604618194
1.0 0.0
