# CURVE 2D, normalized by CHORD
# COLUMN#1 = X-coordinate, COLUMN#2 = Y-coordinate
#-------------------------------------------------------------------------------
0.0 0.0
0.015139377834380097 0.017562757260288248
0.028004837266977296 0.035547241137303225
0.03983889166658944 0.052968809347769416
0.05099306767809238 0.06963938196291827
0.06162625747328166 0.08550930754907828
0.07182721341022359 0.10057357473380138
0.08165228727897779 0.11484544321691889
0.09114048453068142 0.1283465620558271
0.10032061181931241 0.1411025126599639
0.10921497832293552 0.1531406187802366
0.11784145132595857 0.16448880953723308
0.12621488436407996 0.17517484088022564
0.1343477083862434 0.18522608021677545
0.14225065065968936 0.1946691441559995
0.14993301755727986 0.20352983862070878
0.15740295148359934 0.21183309845268447
0.16466760256567453 0.21960297995351652
0.17173340218025296 0.22686253419434732
0.17860580728195705 0.2336341781954859
0.18528983971740604 0.23993928685776575
0.19178982386549911 0.24579855918636992
0.19810949744017983 0.2512320290565326
0.20425220118986254 0.25625895994265624
0.21022068773420763 0.2608981868094248
0.21601751406020792 0.2651677394450202
0.22164472791742046 0.2690853528466923
0.22710398290887276 0.2726684757533332
0.23239676045881222 0.2759340802339083
0.2375244552721429 0.27889861271607164
0.2424881890240354 0.2815784255389389
0.24728890263603584 0.2839898148135574
0.2519276780405167 0.286148538960246
0.2564055980360221 0.2880701840059234
0.26072379458688755 0.2897702186133659
0.26488365777001655 0.2912635966347066
0.26888669053054576 0.2925652209694159
0.2727346623830348 0.29368965374133427
0.27642976594728424 0.29465055437278465
0.27997431985948734 0.2954617485022057
0.2833710314225907 0.296136305725229
0.28662291856915856 0.29668673695368625
0.28973330107684053 0.2971248991276427
0.2927057416976548 0.2974622502485941
0.29554409666025844 0.2977091825720147
0.29825240179072204 0.29787552577019183
0.3008348410661298 0.297970975869503
0.30329577453700485 0.29800368780630687
0.30563962576473386 0.29798152947370027
0.30787088961613307 0.2979121033250104
0.31173666974132513 0.2977501653068351
0.3159890278790364 0.2975720334868423
0.3206666218305188 0.29737608848485025
0.32581197517714944 0.297160548982659
0.3314718638584432 0.29692345553024857
0.33769774140786624 0.2966626527325971
0.34454620671223163 0.29637576965518053
0.35207951854703357 0.2960601982700223
0.36036616156531565 0.2957130697463482
0.369481468885426 0.2953312283703067
0.37950830693754734 0.29491120285666106
0.39053782879488086 0.29444917479165084
0.4026703028379477 0.29394094392013964
0.41601602428532125 0.2933818899614773
0.4306963178774321 0.2927669306069487
0.4468446408287541 0.2920904753169673
0.4646077960752083 0.29134637449798767
0.4841472668463079 0.29052786359711014
0.5056406846945175 0.28962750160614487
0.5271341025427271 0.2887271396151796
0.5466735733138267 0.28790862871430206
0.5644367285602809 0.28716452789532243
0.5805850515116029 0.28648807260534104
0.5952653451037138 0.28587311325081244
0.6086110665510873 0.2853140592921501
0.6207435405941542 0.2848058284206389
0.6317730624514877 0.2843438003556287
0.641799900503609 0.28392377484198306
0.6509152078237194 0.28354193346594153
0.6592018508420014 0.28319480494226745
0.6667351626768034 0.2828792335571092
0.6735836279811688 0.2825923504796926
0.6798095055305918 0.28233154768204116
0.6854693942118856 0.28209445422963075
0.6906147475585163 0.2818789147274395
0.6952923415099986 0.28168296972544743
0.6995446996477099 0.2815048379054546
0.7034104797729019 0.28134289988727934
0.7054509220030568 0.2808681115683864
0.7075017033914272 0.28005556204103754
0.709601739489526 0.27907746849730863
0.7117704360952803 0.2779755660207848
0.7140198290334575 0.27676544162427497
0.7163590017332558 0.27545347193190156
0.7187956690496736 0.27404174176152163
0.7213368829926615 0.2725299699380871
0.7239893961355218 0.27091640268888134
0.7267598562020485 0.26919825434862354
0.7296549352829109 0.2673719658829108
0.7326813673124154 0.2654332795711352
0.7358460871413242 0.26337745244949307
0.7391562123113965 0.26119920841853106
0.7426190425156404 0.25889271549035203
0.7462422010968018 0.25645176962140975
0.7500335186401317 0.25386958580290303
0.7540011456690638 0.25113892997662973
0.758153533520671 0.24825205035301473
0.7624994271752337 0.2452006261600826
0.7670479382190535 0.2419758280796953
0.7718084624610051 0.23856815535050982
0.7767907449680187 0.23496748117142013
0.7820048924544654 0.23116301959562172
0.7874612882231627 0.22714315832717316
0.7931706667940565 0.2228955102452585
0.7991440796254478 0.2184068131154723
0.8053928033065483 0.21366275489558678
0.8119284070252969 0.20864801124725774
0.8187625780711232 0.2033459652986229
0.8259071721702254 0.1977387253408732
0.8333739941369518 0.1918067985430334
0.8411747502720252 0.18552899503138748
0.8493207805143778 0.1788820664207947
0.8578228549451935 0.17184044699832077
0.8666907920885851 0.16437580517218725
0.8759328646800723 0.15645639179178572
0.8855552507229671 0.14804651447911232
0.8955607899670296 0.13910531769750153
0.9059474879637686 0.12958548058537675
0.9167060763520661 0.1194311868244857
0.9278160821074829 0.10857506753638947
0.9392392998502801 0.09693352309491608
0.9509080019068862 0.08439896093648644
0.9627022749140594 0.07082651557468227
0.9744010579122485 0.056009378430928056
0.9855601397448343 0.0396305169264629
0.9951375227026497 0.021173211646956208
1.0 0.0
