# CURVE 2D, normalized by CHORD
# COLUMN#1 = X-coordinate, COLUMN#2 = Y-coordinate
#-------------------------------------------------------------------------------
0.0 0.0
0.03639469085328648 0.03366020615195841
0.07195203765965183 0.06472128292658684
0.10660095167900116 0.09338029250856722
0.14028695159364357 0.11982219736425952
0.1729702992137115 0.1442194875742888
0.20462337228007269 0.16673324068905612
0.23522962692282257 0.18751247262854887
0.26478161396479205 0.20669507155720393
0.2932795005773952 0.2244084188681158
0.3207298048671773 0.24076999937640878
0.3471445576932752 0.2558875544460992
0.3725398920554475 0.26986045425766997
0.39693554843804424 0.28277973883751173
0.42035390224259395 0.29472918296664075
0.44281955198898343 0.3057855000862844
0.46435872692191454 0.31601901015027656
0.48499875402918496 0.32549435017700545
0.5047678056899726 0.3342707064163726
0.523694535363655 0.34240236563832904
0.541807770635098 0.3499392412995024
0.5591364457466701 0.356926897284911
0.5757091942071408 0.36340745295528387
0.5915544375874199 0.36941932489765555
0.6067000746768929 0.37499800856018584
0.6211735312795621 0.38017596971624995
0.6350015839737768 0.38498316073565775
0.6482103910766759 0.3894469937565444
0.6608253533771618 0.3935928187161932
0.6728711459883743 0.397443927141639
0.684371688618282 0.4010217402620314
0.6953501199937657 0.4043460005936074
0.705828787335704 0.4074349285183288
0.7158292858946236 0.41030521255732333
0.7253723926194674 0.41297236735788617
0.7344781351991619 0.41545063184333475
0.7431657830464127 0.4177531338997721
0.7514538602890001 0.4198919819385513
0.7593601654081078 0.42187833077608494
0.7669018004345606 0.4237224050711977
0.7740951604804089 0.42543368241062957
0.7809559859383415 0.42702082002601205
0.7874993749228091 0.4284917347825686
0.7937398136297023 0.4298536017358001
0.7996911896595508 0.43111292171015386
0.8053668415764211 0.43227541010741116
0.8107795844297799 0.4333459740918818
0.815941778558191 0.4343284412060854
0.820865426752268 0.435225048587983
0.8255624393756831 0.43603477166751214
0.8258743452291285 0.43608672221386663
0.8262174416679184 0.4361438678148566
0.8265948477505873 0.43620672797594556
0.8270099944415232 0.4362758741531434
0.8274666558015527 0.436351934948061
0.8279689832975851 0.43643560182247043
0.8285215435432206 0.43652763538432077
0.8291293598134198 0.43662887230235614
0.8297979577106389 0.436740232912195
0.8305334153975799 0.4368627295830178
0.8313424188532149 0.43699747592092286
0.8322323226544136 0.43714569689261845
0.8332112168357321 0.4373087399614836
0.8342880004351824 0.43748808733723527
0.8354724623945776 0.4376853694505621
0.8367753705499126 0.43790237977522156
0.8382085695207809 0.438141091132347
0.8397850883887361 0.438403673625185
0.8415192591434868 0.4386925143673068
0.8432534298982375 0.43898135510942854
0.8448299487661927 0.43924393760226654
0.846263147737061 0.439482648959392
0.8475660558923959 0.43969965928405147
0.8487505178517912 0.4398969413973783
0.8498273014512415 0.44007628877312993
0.85080619563256 0.4402393318419951
0.8516960994337586 0.4403875528136907
0.8525051028893936 0.44052229915159574
0.8532405605763347 0.44064479582241856
0.8539091584735538 0.4407561564322574
0.8545169747437529 0.4408573933502928
0.8550695349893884 0.4409494269121431
0.8555718624854208 0.44103309378655253
0.8560285238454503 0.44110915458147015
0.8564436705363861 0.441178300758668
0.856821076619055 0.44124116091975696
0.857164173057845 0.4412983065207469
0.8574760789112904 0.4413502570671014
0.8599015109398481 0.4417049669011758
0.8624627448445868 0.4419577705369777
0.8651627736550331 0.4420664747499674
0.8679987362352405 0.4419843632114109
0.8709601168511745 0.44166247082856264
0.8740279124102814 0.4410537528248723
0.877175643290493 0.44011795910999313
0.8803725008125256 0.4388259301463849
0.8835877811484244 0.43716145051780014
0.8867950077006791 0.4351201123970723
0.8899742570456651 0.43270582548927655
0.8931127148893084 0.42992704032690227
0.8962038520570995 0.42679348592563665
0.8992456598615168 0.4233136756849374
0.9022394192606465 0.4194939930428407
0.9051883954706912 0.41533810647745256
0.9080969430077152 0.41084690402994434
0.9109698406214339 0.4060186041098318
0.9138121035727018 0.4008490978940202
0.916628549845062 0.39533205797003906
0.9194238576236219 0.3894592545151575
0.9222023494404428 0.3832206541876007
0.9249680136278903 0.376604592358532
0.9277246071467395 0.3695979247521003
0.9304755451799286 0.3621860552042274
0.9332239377403518 0.35435300312236545
0.935972648799756 0.34608145370263044
0.9387243052584773 0.3373527711023134
0.9414813095637609 0.3281469999743408
0.9442457887452942 0.3184428383024967
0.9470197786280825 0.30821766803725736
0.9498051326977397 0.29744749435266943
0.9526035090976438 0.2861069048574483
0.955416413042924 0.27416903635949336
0.9582451979406827 0.26160552412329935
0.9610911209039427 0.2483864573141767
0.9639552992298336 0.23448030637765818
0.9668387139404359 0.21985385710159358
0.9697422788359316 0.20447215161494625
0.9726667996291384 0.18829840171139334
0.9756128052255804 0.1712938775609476
0.9785809724736331 0.15341789498547462
0.9815716923823031 0.13462764573226096
0.984585269961545 0.1148781349946777
0.9876219270882428 0.09412207694289955
0.9906818045751498 0.07230978438147374
0.9937648792816186 0.04938904124185041
0.9968710428160126 0.02530499197381119
1.0 0.0
