# CURVE 2D, normalized by CHORD
# COLUMN#1 = X-coordinate, COLUMN#2 = Y-coordinate
#-------------------------------------------------------------------------------
0.0 0.0
0.014708950412401013 0.013498140817645983
0.028941902181484232 0.026104566454045918
0.04271150452898727 0.03786414908414017
0.05602974938704612 0.048819953287436275
0.0689080038086878 0.059013363782899377
0.08135706208625726 0.06848418568495578
0.0933872149821587 0.07727071480405023
0.10500819732037651 0.0854099726574499
0.11622942858353924 0.09293752825344669
0.12705991125643337 0.09988778549562391
0.13750830580306705 0.10629403045069971
0.1475831094271965 0.112188281982572
0.15729253859731052 0.11760161406725403
0.16664472959425664 0.12256393925339143
0.17564771506220644 0.12710415118709315
0.18430945845919197 0.13125016726483918
0.1926379616029507 0.13502879613517807
0.20064124015236814 0.13846585226753516
0.20832737284661917 0.14158610453293616
0.21570454376114226 0.14441320393850646
0.2227809932022402 0.14696982599650135
0.22956511167409932 0.14927741753515797
0.236065335639079 0.15135646516414064
0.24229021916353757 0.15322625524428135
0.24824838877806424 0.15490494636052216
0.2539484926452823 0.15640968558379612
0.25939923185060126 0.15775641978794933
0.2646092939861653 0.1589600508881754
0.26958733546477787 0.1600344220991859
0.2743419601072703 0.16099230957628102
0.27888167754607024 0.16184551768170063
0.2832148814719524 0.16260489856529314
0.2873498308873274 0.16328035826171866
0.29129461804819357 0.16388095620316045
0.29505715191758053 0.16441493930484785
0.29864515048666557 0.16488972190528464
0.30206610910464987 0.16531206135523405
0.3053272994329524 0.16568804291847467
0.30843576328227806 0.16602310577271148
0.3113983026330781 0.1663221238885971
0.31422147674662815 0.1665894487317305
0.3169115997033303 0.16682896684231208
0.3194747431723138 0.16704411778586473
0.3219167378713847 0.1672379376638184
0.32424317473245784 0.16741312425210006
0.32645941168539944 0.16757204411765456
0.3285705785660514 0.16771676898473392
0.3305815826276292 0.16784911317750317
0.3324971139106097 0.16797068138317572
0.3354892473211025 0.16815739288388223
0.3387805940726446 0.1683627755346594
0.34240107549934085 0.16858869645051427
0.3463836050687068 0.16883720945795466
0.35076438759500933 0.16911057376613906
0.35558324837394206 0.16941127450514193
0.36088399523076814 0.16974204531804504
0.3667148167732768 0.17010589321223848
0.3731287204700363 0.1705061258958513
0.38018401453647177 0.17094638184782535
0.38794483800955076 0.17143066339499682
0.39648174382993767 0.17196337309688547
0.4058723402323633 0.17254935376896294
0.4162019962750314 0.1731939325082482
0.42756461792196643 0.17390296912146194
0.4400635017335949 0.1746829093959971
0.45381227392638623 0.17554084369798573
0.4689359233384567 0.17648457143017326
0.48557193769173423 0.17752267193557952
0.5022079520450118 0.1785607724409858
0.5173316014570822 0.17950450017317332
0.5310803736498736 0.18036243447516198
0.543579257461502 0.1811423747496971
0.5549418791084371 0.1818514113629109
0.5652715351511053 0.1824959901021961
0.5746621315535309 0.1830819707742736
0.5831990373739178 0.18361468047616222
0.5909598608469968 0.1840989620233337
0.5980151549134323 0.18453921797530778
0.6044290586101917 0.18493945065892056
0.6102598801527004 0.18530329855311403
0.6155606270095264 0.18563406936601715
0.6203794877884592 0.18593477010502002
0.6247602703147617 0.1862081344132044
0.6287427998841276 0.18645664742064477
0.632363281310824 0.18668256833649965
0.6356546280623661 0.18688795098727684
0.6386467614728588 0.18707466248798335
0.6409149445635778 0.18720879494678533
0.6432973777972266 0.18733461318738986
0.6457996971758885 0.18745135372718114
0.6484278227631916 0.18755811582708343
0.6511879699656755 0.18765387807039133
0.6540866651923603 0.18773740381551335
0.6571307555141142 0.18780732965726604
0.6603274253691568 0.1878620429069824
0.6636842084362837 0.18789975201308706
0.667209003374804 0.18791843086955456
0.6709100889707981 0.18791583659782454
0.6747961391374393 0.1878893190755108
0.6788762384452391 0.18783602484189843
0.6831598963191086 0.18775264307020026
0.687657064474838 0.1876355485608079
0.6923781467831569 0.18748053861238909
0.6973340162447391 0.18728294715438626
0.7025360270726373 0.18703753743069929
0.7079960193913366 0.18673831880757646
0.7137263286124165 0.18637853478795216
0.7197397926315472 0.1859506087726167
0.7260497361694532 0.1854458272608331
0.7326699730590954 0.18485437676849978
0.7396147720522166 0.1841649943384596
0.7468988324598189 0.1833648733033607
0.7545372207814393 0.1824392990323479
0.762545294012892 0.18137136411367105
0.7709385858384189 0.18014158058762378
0.7797326426568076 0.1787273875317383
0.7889427962039821 0.17710256811377784
0.7985838380919024 0.17523649194553295
0.8086695855865804 0.1730932861132755
0.8192122472702421 0.17063067142736954
0.8302215024484532 0.16779843287440777
0.8417032831135576 0.1645368606128351
0.8536579313079278 0.16077440745951127
0.8660775090030548 0.15642475020085794
0.8789419837043045 0.15138350120040753
0.892213438934964 0.14552379414460617
0.9058276246412605 0.1386915446798733
0.9196814828646258 0.13070062155540468
0.933615258348122 0.1213297533224925
0.9473882296334346 0.11032484854389851
0.960650338723963 0.09741431011325366
0.9729198366017582 0.0823475655013161
0.9835915245884002 0.06496337022347558
0.992007425721919 0.0452707527198044
0.9975942597135286 0.023489880162663655
1.0 0.0
