# CURVE 2D, normalized by CHORD
# COLUMN#1 = X-coordinate, COLUMN#2 = Y-coordinate
#-------------------------------------------------------------------------------
0.0 0.0
0.038868062914701136 0.017783710849191826
0.07510015993677197 0.03638431571393276
0.10945927828561887 0.05438468161263285
0.14217122399473878 0.07154894108084245
0.17336670394326475 0.08781697146426282
0.20314223529776892 0.10318394680246179
0.2315776484355037 0.11766746242993695
0.25874295025314265 0.13129517786491837
0.284701462902031 0.1440994520879736
0.3095115259293996 0.15611461017499143
0.33322744760956674 0.16737557501289207
0.3559001991580076 0.17791691937610535
0.37757777521577857 0.18777254074852995
0.3983055287061658 0.19697534116756613
0.418126414512103 0.20555705822020107
0.4370811664728049 0.21354821022559015
0.4552084442247881 0.22097808488365514
0.47254498111064025 0.22787469961019496
0.4891257001553287 0.23426481392947918
0.5049838210084441 0.24017394244949317
0.5201509316668581 0.24562644432587247
0.534657037371115 0.2506456729196871
0.5485307274730048 0.2552537743433996
0.561799238206317 0.2594717379398074
0.5744883876633373 0.26331986310220906
0.586622850229727 0.2668171354836988
0.5982260403376752 0.2699818325583724
0.6093201942162302 0.27283152882896133
0.619926496468478 0.27538288064727834
0.6300651717389734 0.27765144294336025
0.639755309969954 0.27965269626018807
0.6490151818630492 0.2814009095769848
0.6578620792019672 0.2829101556634073
0.6663125221641932 0.2841934893027372
0.6743821564289197 0.28526384149683737
0.682085908306562 0.2861333647414177
0.6894379598046245 0.2868139458041384
0.6964518230958772 0.2873170516899513
0.7031404023668109 0.2876532793775995
0.7095159607687564 0.28783367574888397
0.7155902446612536 0.2878684318637165
0.7213744910145803 0.287767747555487
0.7268794521011644 0.2875408646271531
0.7321154851216013 0.2871977469380837
0.7370925645964358 0.2867476599246417
0.7418202881246596 0.2861993423364494
0.746308034814788 0.2855620411658785
0.7505647980880235 0.2848438506914952
0.7545994926446614 0.2840536128088893
0.7559630649445358 0.2837675366853875
0.7574629944743976 0.28345285294953554
0.7591129169572456 0.28310670084009837
0.7609278316883784 0.2827259335197175
0.7629242378926245 0.28230708946729854
0.7651202847172952 0.28184636100963767
0.767535936224433 0.2813395597062107
0.7701931528822845 0.28078207827244106
0.7731160912059212 0.28016884869529446
0.7763313233619215 0.2794942961604332
0.7798680787335219 0.27875228837208577
0.7837585096422823 0.27793607980490365
0.7880379836419188 0.27703825038100327
0.7927454050415189 0.2760506380147129
0.797923568581079 0.27496426441179345
0.8036195484745952 0.2737692534485821
0.8098851263574629 0.27245474138904957
0.8167772620286174 0.27100877812356383
0.8243586112668875 0.2694182185315295
0.8319399605051575 0.2678276589394951
0.838832096176312 0.2663816956740094
0.8450976740591798 0.2650671836144769
0.8507936539526959 0.2638721726512655
0.855971817492256 0.2627857990483461
0.8606792388918562 0.2617981866820557
0.8649587128914926 0.26090035725815536
0.868849143800253 0.2600841486909732
0.8723858991718535 0.2593421409026258
0.8756011313278538 0.25866758836776454
0.8785240696514904 0.25805435879061794
0.881181286309342 0.2574968773568483
0.8835969378164797 0.25699007605342133
0.8857929846411504 0.25652934759576046
0.8877893908453965 0.25611050354334153
0.8896043055765294 0.25572973622296064
0.8912542280593774 0.25538358411352347
0.8927541575892392 0.2550689003776715
0.8941177298891135 0.2547828242541697
0.895466159564434 0.2543822141025237
0.8968037920712862 0.25375496759421257
0.8981136086629115 0.25292312835284675
0.8993898403029709 0.25190993696980646
0.9006332281320053 0.2507342582898317
0.9018478772788245 0.24941005305796865
0.9030391559582895 0.2479468111741008
0.9042123965979172 0.246350275920213
0.9053727473072918 0.24462355517608148
0.906524844658257 0.24276763865003928
0.9076728804819159 0.24078194146884158
0.9088207216353108 0.2386646830898405
0.9099718829482947 0.23641307081265112
0.9111296102127819 0.2340234807320763
0.9122969531388021 0.23149158192506533
0.913476724967398 0.228812377195492
0.9146717914128764 0.22598036731979973
0.91588477947613 0.22298944344822183
0.9171184441661511 0.21983305226724995
0.918375488689292 0.21650412062511865
0.9196586132832635 0.21299507347237434
0.9209707189325804 0.20929789849088784
0.9223147191943286 0.2054040626613299
0.9236937325474112 0.2013045644520995
0.9251110565623684 0.19698990349702894
0.9265702309353665 0.192450078934458
0.9280750808187171 0.1876745781610774
0.9296297648947875 0.1826523648437657
0.9312388705507041 0.17737187919642114
0.9329074703901372 0.1718210238807126
0.9346412212182306 0.16598716123288618
0.9364465042512641 0.15985712094209872
0.9383305431231179 0.15341719990211494
0.940301616847698 0.14665318966753427
0.9423692888892993 0.13955040926370071
0.9445447271074092 0.13209376740189513
0.9468411083614817 0.12426785572659146
0.9492741992130234 0.11605710595310197
0.951863105414838 0.10744601968096334
0.9546314156614015 0.09841955772071316
0.9576087468954139 0.08896372891882634
0.9608332677743326 0.07906662961894761
0.9643554146835194 0.06872015740871248
0.968244365223235 0.057923252330274254
0.9725992677250145 0.04668820605103753
0.9775706956693205 0.035054338136030955
0.9834064142064367 0.023122098319751115
0.9905616773231382 0.011155956223756277
1.0 0.0
