# CURVE 2D, normalized by CHORD
# COLUMN#1 = X-coordinate, COLUMN#2 = Y-coordinate
#-------------------------------------------------------------------------------
0.0 0.0
0.021774935724777622 0.020884288181938923
0.0430294047412431 0.04022119967919202
0.0637568820588955 0.05808949965860778
0.08395142410944888 0.07456547519646624
0.10360776560430514 0.0897230432186184
0.12272138771688951 0.10363386816560215
0.14128851376440044 0.11636756809381972
0.15930613575951938 0.12799189004018785
0.1767722397994815 0.13857255654815573
0.19368566940938742 0.14817365050971604
0.2100463980235605 0.15685731912561218
0.22585550084400471 0.16468392170327098
0.2411152276948333 0.17171197863018534
0.25582915841072534 0.17799785325802675
0.2700019617325373 0.18359628341979406
0.28363974273208875 0.18855948294444308
0.2967497331177884 0.19293775735531785
0.30934039722235623 0.19677904965860993
0.32142133757845787 0.20012892748751124
0.33300322113830183 0.20303046304410374
0.3440976183939466 0.20552442541716384
0.3547169374820382 0.2076491106670305
0.36487432033445133 0.20944023587026456
0.3745834845065815 0.2109311086042065
0.3838586009815117 0.21215268128098735
0.3927141819185377 0.21313356845783707
0.4011649689132275 0.21390006489459426
0.40922580917748635 0.2144763898807664
0.4169115758731304 0.21488453830712043
0.42423705506880605 0.21514475751301193
0.43121688841561256 0.2152753294565829
0.43786549523091256 0.2152928136517764
0.4441970162647497 0.215212214059219
0.45022526852262695 0.21504706967294054
0.4559637000141949 0.21480940130928206
0.4614253707079436 0.21451016262670386
0.4666229208998822 0.2141590506193034
0.47156854780662105 0.2137645976653815
0.4762740280130408 0.21333466402109877
0.48075067590911996 0.21287603844224467
0.4850093506444767 0.2123946825419884
0.48906046055393815 0.21189583295670658
0.49291401163234794 0.2113843868875167
0.49657951862137445 0.21086420893224697
0.5000661022444837 0.21033888659003983
0.5033824962546822 0.209811691558246
0.5065369815050016 0.2092851369756556
0.5095374771677528 0.20876153415423254
0.512391559741868 0.20824302573345088
0.5148124456394416 0.20779462490567588
0.5174754201267727 0.20730138399512335
0.5204046920628368 0.2067588189935156
0.5236268911925074 0.20616199749174705
0.527171310235145 0.20550549383980166
0.5310701711820464 0.20478333982266173
0.5353589182236378 0.2039889704038078
0.5400765399693885 0.20311516404306848
0.5452659238897142 0.20215397704625523
0.5509742462020725 0.20109667134976064
0.5572534007456666 0.1999336350836166
0.5641604707436201 0.19865429519085817
0.571758247741369 0.1972470213088239
0.5801158024388927 0.1956990200385862
0.5893091126061689 0.1939962186413247
0.5994217537901727 0.19212313710433707
0.6105456590925769 0.19006274741365067
0.6227819549252214 0.18779631875389566
0.6362418803411304 0.1853032472281651
0.6497018057570394 0.18281017570243455
0.6619381015896839 0.18054374704267953
0.6730620068920881 0.1784833573519931
0.6831746480760919 0.1766102758150055
0.692367958243368 0.174907474417744
0.7007255129408918 0.1733594731475063
0.7083232899386407 0.171952199265472
0.7152303599365941 0.17067285937271356
0.7215095144801883 0.16950982310656953
0.7272178367925466 0.16845251741007494
0.7324072207128722 0.1674913304132617
0.737124842458623 0.1666175240525224
0.7414135895002144 0.16582315463366845
0.7453124504471158 0.16510100061652852
0.7488568694897534 0.16444449696458313
0.752079068619424 0.1638476754628146
0.755008340555488 0.16330511046120683
0.7576713150428191 0.1628118695506543
0.7600922009403928 0.1623634687228793
0.7615284407960771 0.16202759565907596
0.7630038336925289 0.16155603159405207
0.7645181507454006 0.16096248681670164
0.7660733885133253 0.16025672006035113
0.7676726791541963 0.15944535968415896
0.7693196974613439 0.15853259203823228
0.7710184835428002 0.15752091839195256
0.7727732724239021 0.15641147710382997
0.7745883788394259 0.1552042562656271
0.7764683515781399 0.15389856743840896
0.7784177554226904 0.1524928667382601
0.7804414253400949 0.15098521334896278
0.7825443026173765 0.1493730903897553
0.7847315331984323 0.14765357434560253
0.787008497058416 0.14582338538098566
0.7893808375921634 0.14387892540330668
0.7918544903118416 0.14181630644427776
0.7944356564908867 0.1396313078676317
0.7971309453077721 0.13731952862213614
0.799947318826939 0.13487629937507026
0.8028921691377905 0.13229674870549393
0.8059733628920326 0.12957582666113623
0.8091992799838076 0.12670831932373483
0.8125788622019073 0.12368887292293837
0.8161216915439508 0.12051204942491288
0.8198380355396659 0.1171723440164869
0.8237389386385282 0.11366425369037181
0.8278362975723118 0.10998232828949517
0.8321429695549045 0.10612125964294034
0.8366728773412505 0.10207597029861494
0.841441153007683 0.09784175076206006
0.8464642803243172 0.09341440356388332
0.851760287899646 0.08879045723361663
0.8573489663848816 0.08396742722230943
0.8632521066227311 0.07894412897541325
0.8694938284575344 0.0737211384248101
0.8761009545957587 0.06830137050341674
0.8831034500203394 0.06269083215545534
0.8905349331424749 0.056899606136583764
0.8984334126781155 0.05094334595714527
0.9068419926305 0.04484508999487433
0.9158098895161877 0.03863806468858841
0.9253934243868126 0.03236941413953058
0.9356572981820334 0.02610598780922809
0.9466753059388382 0.0199421510055625
0.9585306902442079 0.014012253130386523
0.9713138150596976 0.0085083446179197
0.9851143384402202 0.0037063982666787126
1.0 0.0
