# CURVE 2D, normalized by CHORD
# COLUMN#1 = X-coordinate, COLUMN#2 = Y-coordinate
#-------------------------------------------------------------------------------
0.0 0.0
0.014317984030022816 0.019306210925437377
0.028908142583865617 0.036945094765837475
0.04373612177643306 0.05292635461914875
0.05874752472456313 0.06726961255022378
0.07386849041424301 0.0800110368149649
0.08900966724706029 0.09120840001559538
0.10407266166387291 0.10094367800997044
0.11895808329882611 0.10932194779744861
0.1335737580596229 0.11646592450243924
0.1478404722540206 0.12250907497966736
0.161695549460142 0.1275870512358567
0.17509318232075327 0.13183149743696743
0.1880033371106503 0.13536457457837228
0.2004093247426203 0.1382961829798966
0.21230508979584525 0.14072285430958562
0.22369264720432153 0.1427278537286397
0.2345798823965882 0.14438203499923083
0.24497879224992655 0.14574496801034448
0.2549040704006876 0.14686666952585675
0.26437212381507647 0.1477887436926329
0.2734003157992319 0.1485457475021211
0.2820064347872095 0.14916632719721964
0.2902083239101536 0.14967415431323006
0.29802361636711205 0.15008887422060874
0.3054695680406235 0.150426736475181
0.3125629449361565 0.15070114871595247
0.319319950177197 0.150923204747824
0.3257561834453078 0.15110210007474
0.3318866217815725 0.1512454744962102
0.3377256166717595 0.1513596056192879
0.34328689690613834 0.15144972963131925
0.3485835821342747 0.1515201495906588
0.35362819812469637 0.15157445729979882
0.3584326966783424 0.15161561725841588
0.3630084763670715 0.15164606959273688
0.36736640401601717 0.15166784733365488
0.37151683689719994 0.15168263087580552
0.37546964461281246 0.15169181082520367
0.37923423067104894 0.15169650412606814
0.3828195533592473 0.15169767428795206
0.38623414623061564 0.15169607574247546
0.3894861376887128 0.1516923554987522
0.3925832698577608 0.15168702104347187
0.3955329167191649 0.15168049971024966
0.39834210140091664 0.1516731256839591
0.4010175128097389 0.15166518100916354
0.40356552141134844 0.1516568860957687
0.4059921943431359 0.15164841421202077
0.4083033098573131 0.15163990917464393
0.41278508048185025 0.1516230432918699
0.4177150281688412 0.15160449082081845
0.4231379706245312 0.15158408310266186
0.4291032073257902 0.15156163461268962
0.4356649676971751 0.15153694127372017
0.44288290410569847 0.15150977860085374
0.4508226341550742 0.1514798996607007
0.4595563372093875 0.15144703282653232
0.46916341056913213 0.15141087930894714
0.4797311912648512 0.1513711104396034
0.4913557500301422 0.15132736468332533
0.5041427646719623 0.15127924435141943
0.5182084807779644 0.15122631198632297
0.5336807684945668 0.15116808638471682
0.5507002849828293 0.15110403822295007
0.5694217531199182 0.15103358524500665
0.5900153680707159 0.1509560869692689
0.6126683445165932 0.15087083886595734
0.6375866186070586 0.15077706595231466
0.6625048926975239 0.15068329303867198
0.6851578691434013 0.15059804493536044
0.705751484094199 0.15052054665962267
0.7244729522312878 0.15045009368167925
0.7414924687195503 0.1503860455199125
0.7569647564361527 0.15032781991830638
0.7710304725421548 0.1502748875532099
0.7838174871839749 0.150226767221304
0.7954420459492659 0.1501830214650259
0.806009826644985 0.1501432525956822
0.8156169000047296 0.150107099078097
0.824350603059043 0.15007423224392866
0.8322903331084186 0.1500443533037756
0.839508269516942 0.15001719063090918
0.8460700298883269 0.14999249729193972
0.852035266589586 0.1499700488019675
0.8574582090452759 0.1499496410838109
0.8623881567322669 0.14993108861275944
0.866869927356804 0.14991422272998542
0.8679227802256029 0.14987184316799412
0.8690232201343325 0.14975661010002378
0.8701704868580066 0.1495732537335319
0.8713649171997577 0.14932502843055695
0.8726075523110546 0.14901398906105554
0.8738999196741521 0.14864128072319926
0.8752438455217894 0.14820716010827217
0.8766414112135344 0.1477112937666767
0.8780948803347928 0.1471527860737281
0.8796066445070757 0.1465302067527636
0.8811792476103025 0.14584176002190677
0.8828153344288804 0.14508522390408393
0.8845176385531869 0.14425797701465415
0.8862889911586475 0.1433570488756232
0.8881323182990347 0.14237912977939685
0.8900506389148778 0.14132057441778195
0.8920470043704113 0.1401772996303061
0.8941245756269597 0.13894492654821652
0.8962865547493366 0.13761865691507932
0.8985361654950605 0.13619324501908545
0.9008767132620946 0.13466309023440712
0.9033114895155682 0.13302208191131165
0.9058437803172397 0.13126361492647526
0.9084768558972333 0.12938057260336605
0.9112139283940939 0.12736526611072677
0.914058073605009 0.12520933315639565
0.9170122475344945 0.12290376983751061
0.9200792083863502 0.12043883775141989
0.9232614101321179 0.11780394926992113
0.9265609159916463 0.11498759262881342
0.9299793055182869 0.11197726117598619
0.933517536631523 0.10875934562369757
0.9371757285836546 0.10531896346068849
0.940952960516942 0.10163983987471928
0.9448469678548167 0.0977041199228611
0.948853769579523 0.09349216777833656
0.9529671757993955 0.08898232460712964
0.9571782452207672 0.08415071558783027
0.9614743749356008 0.07897086143329428
0.9658382790527612 0.0734133987031538
0.9702466194683272 0.06744577641490977
0.9746680136848959 0.06103186275260414
0.9790605808492692 0.05413178993710773
0.9833685559778148 0.04670197664153533
0.9875174386295158 0.038695489837680855
0.991408294962192 0.03006376232180118
0.9949094946888265 0.020759710299182308
0.9978478863166708 0.010744586836926915
1.0 0.0
