# CURVE 2D, normalized by CHORD
# COLUMN#1 = X-coordinate, COLUMN#2 = Y-coordinate
#-------------------------------------------------------------------------------
0.0 0.0
0.003982612504420621 0.01322364933347344
0.010124043419729039 0.024863138393737133
0.017615614921039323 0.03491921239091419
0.025845744019215557 0.043578514094350325
0.034413144503736406 0.051068271838012026
0.04306765985803318 0.05759368574648853
0.05165530032220871 0.0633229605873145
0.06008136299419714 0.06838977267900515
0.06828786472110795 0.07289985805055364
0.07624000885134098 0.07693730018519629
0.083917953612228 0.08056958340830082
0.09131163207778273 0.08385156973221368
0.0984175451009189 0.08682826137481955
0.10523658452837738 0.08953704959951939
0.1117726319691724 0.09200928142109378
0.11803159140740685 0.09427147582326467
0.12402071431501127 0.09634626854615663
0.12974814477131896 0.09825308572469625
0.13522255500409144 0.10000879439295099
0.14045294420154733 0.10162802891672203
0.14544842534827143 0.10312366871676608
0.15021814571458672 0.10450697215375122
0.15477114863059116 0.10578796371893145
0.15911633676446443 0.10697552653980281
0.16326242718752304 0.10807754629881884
0.16721789052169625 0.1091011444878716
0.17099096585199244 0.11005264524803554
0.17458961885243668 0.1109377684979134
0.17802153374461108 0.11176170807095917
0.18129413205896977 0.11252910181056584
0.1844145446033263 0.11324420015922934
0.1873896312078563 0.11391083921207228
0.19022597156184762 0.11453253889905343
0.19292988603928427 0.11511246883160048
0.1955074290555133 0.115653537559603
0.19796439990008174 0.11615840348714974
0.20030635342543512 0.11662948358447023
0.20253860743990265 0.11706897593600069
0.20466624741910697 0.1174788952526595
0.20669414060850042 0.11786105869233661
0.2086269438925108 0.11821709990264716
0.210469113413165 0.11854847126387848
0.212224916249839 0.11885643061259676
0.21389844365185343 0.11914201262336224
0.21549362868470437 0.11940596371583026
0.21701427197979592 0.11964860703971661
0.21846410078757322 0.1198694437381802
0.21984692715457066 0.12006588593444056
0.2211675722522083 0.12022440440482535
0.47398378642464256 0.14341209687531886
0.44650798038531836 0.14089208231492267
0.4215299748950237 0.13860115998728975
0.39882269717657404 0.1365185033258053
0.3781797174325289 0.13462517908809216
0.3594133722106696 0.13290397523562567
0.34235305837261576 0.13133924446065615
0.3268436821562032 0.12991676193795657
0.3127442492321917 0.12862359600822967
0.29992658293763585 0.12744799061756887
0.2882741590334942 0.12637925844424086
0.2776810463933653 0.1254076837412154
0.26805094399324825 0.12452443401119223
0.2592963054476872 0.1237214797111712
0.25133754313354084 0.12299152125660662
0.24410230466613508 0.1223279226615479
0.23752481515031165 0.12172465121149452
0.2315452792268358 0.12117622262053691
0.22610933747822137 0.12067765117421181
0.7268000005970768 0.16659978934581238
0.7218582353710638 0.16614654257642592
0.7164222936224494 0.16564797113010082
0.7104427576989735 0.1650995425391432
0.7038652681831501 0.16449627108908982
0.6966300297157443 0.1638326724940311
0.6886712674015979 0.16310271403946652
0.6799166288560369 0.1622997597394455
0.6702865264559198 0.16141651000942234
0.6596934138157909 0.16044493530639686
0.6480409899116493 0.15937620313306886
0.6352233236170934 0.15820059774240805
0.6211238906930819 0.15690743181268116
0.6056145144766694 0.15548494928998158
0.5885542006386155 0.15392021851501206
0.5697878554167563 0.15219901466254557
0.5491448756727111 0.1503056904248324
0.5264375979542614 0.14822303376334797
0.5014595924639668 0.14593211143571505
0.7285683889793731 0.1667587181390269
0.7304258149573453 0.1669185638684719
0.7323767664702805 0.16707861579395486
0.7344259634920507 0.167237932057301
0.7365783527800004 0.16739550755087845
0.7388391327053017 0.16755006338587033
0.7412137480604766 0.16770023772237597
0.7437079142455786 0.167844362700997
0.7463276211027642 0.1679805181031986
0.7490791426607115 0.16810650239401864
0.7519690473595398 0.16821977709527233
0.7550042076482761 0.1683173801640833
0.7581918035621346 0.16839597642087412
0.7615393330197684 0.16845161513346651
0.7650546092629334 0.16847987896919478
0.7687457644496276 0.16847562962283313
0.7726212424541712 0.1684329294308016
0.7766897901198384 0.16834507637705445
0.7809604375460758 0.16820428322501757
0.7854424711549958 0.1680016450175662
0.7901453890563881 0.16772688008571165
0.7950788523335953 0.1673682951208399
0.800252600300847 0.1669124163049433
0.8056763457780155 0.16634376970531745
0.8113596358972788 0.16564460267369205
0.8173116731283485 0.1647945874679172
0.8235410496178861 0.1637702840395804
0.8300554925222667 0.162545086557112
0.8368613805811702 0.16108827794641897
0.8439633445474202 0.15936511375814558
0.8513635065666132 0.15733575816703407
0.8590608397769824 0.15495541273691266
0.8670500426125282 0.15217330138552865
0.875320586160947 0.1489329879285752
0.8838553144979406 0.14517196995503118
0.8926290551147198 0.1408220427980519
0.9016072606112114 0.13581017513973198
0.910744738853161 0.13005980773883782
0.9199848529377389 0.12349294393247347
0.9292593470738465 0.11603276462270969
0.9384892343503118 0.1076068188959756
0.9475867933208663 0.09815021901839217
0.9564587329626444 0.08760845358797878
0.965010195364706 0.07593923686704632
0.9731487578443107 0.06311283259529213
0.9807885617948043 0.049111312264250126
0.9878526782280097 0.03392608916482457
0.9942749320225143 0.017555181449009662
1.0 0.0
