# CURVE 2D, normalized by CHORD
# COLUMN#1 = X-coordinate, COLUMN#2 = Y-coordinate
#-------------------------------------------------------------------------------
0.0 0.0
0.006668874281494235 0.028016463339622107
0.013679829968161883 0.05453306750735058
0.021005014798638193 0.07960660817070231
0.02861673302283222 0.10329124842852713
0.036488072414976445 0.12563851576536791
0.044592443903101464 0.14669760611399235
0.05290366669467841 0.16651552584843612
0.061395525356929805 0.18513745589864994
0.07004208229764056 0.20260682130297095
0.0788172127237839 0.2189657181001951
0.0876948747244013 0.23425501868045887
0.09664899841036309 0.2485146647180501
0.10565352732626801 0.26178389932540874
0.11468236740839656 0.2741015824427846
0.12370961287717727 0.2855063311122045
0.1327097364535746 0.296036657463781
0.1416577100162481 0.30573114863604123
0.1505291691274222 0.314628609357391
0.15930075272340258 0.3227680004519146
0.16795018730085623 0.3301885879422773
0.1764567888303386 0.336929569611812
0.18480143563627247 0.34303021429750263
0.19296673117473875 0.3485297714089932
0.20093737759079366 0.35346695649767607
0.20870016743501799 0.3578798484527281
0.21624389928433327 0.3618059106696238
0.2235596201134137 0.3652813350950314
0.23064032630404743 0.368341320429492
0.23748108503941018 0.3710194656284981
0.24407877699946773 0.37334791384296173
0.2504319953785565 0.37535715251512347
0.2565409276357818 0.3770757697622481
0.2624070777584988 0.37853075448642104
0.26803317972477153 0.37974719952502034
0.27342299806727133 0.38074838960803437
0.2785811454562456 0.38155594893474265
0.2835129620864839 0.38218972289698117
0.28822435253646916 0.38266796786654667
0.2927216624566901 0.38300744398424
0.2970115781559069 0.38322332722949976
0.30110100714461907 0.38332960566571955
0.3049970109958471 0.38333891073975956
0.30870672323036946 0.38326267160851174
0.31223728494119085 0.3831112107317217
0.31559580772457174 0.3828940559891607
0.3187893071285033 0.38261954980302193
0.3218246856793017 0.3822953230386154
0.3247087175880451 0.3819283627595683
0.32744798158413585 0.3815247152475709
0.3572528888137003 0.3768337554314424
0.3540137221615922 0.3773435641178358
0.35106902520513034 0.3778070265600117
0.34839202797198315 0.37822835605289884
0.3459583941236676 0.3786113828646144
0.3437459997161079 0.3789595890570831
0.34173473207287186 0.3792761401411456
0.3399063069426573 0.3795639138539296
0.33824410227882584 0.379825526320097
0.3367330071298882 0.3800633558347945
0.33535928426721756 0.3802795644845196
0.33411044530115336 0.38047611780245144
0.33297513715018595 0.38065480263693496
0.33194303883112464 0.3808172433955564
0.33100476763197795 0.3809649168124849
0.33015179381457194 0.38109916537332905
0.3293763630714755 0.38122120951955096
0.328671426032297 0.38133215874338905
0.3280305741784983 0.381433021674151
0.38705779604326485 0.3721427956153139
0.3864752034489024 0.3722344891887338
0.3858343515951037 0.37233535211949575
0.3851294145559252 0.37244630134333384
0.38435398381282876 0.37256834548955575
0.3835010099954227 0.3727025940503999
0.38256273879627606 0.3728502674673284
0.38153064047721474 0.3730127082259498
0.3803953323262473 0.3731913930604333
0.37914649336018313 0.3733879463783652
0.3777727704975125 0.37360415502809025
0.3762616753485748 0.37384198454278783
0.37459947068474336 0.3741035970089551
0.3727710455545288 0.3743913707217392
0.3707597779112928 0.37470792180580165
0.3685473835037331 0.37505612799827037
0.3661137496554175 0.37543915480998596
0.3634367524222703 0.3758604843028731
0.3604920554658084 0.37632394674504893
0.390883729136729 0.3715409256629471
0.3949010235075729 0.37090937312544503
0.39911920435425746 0.3702463813679295
0.4035482612685807 0.36955003026856637
0.4081986696979731 0.3688182174387012
0.4130814139556505 0.3680486419283796
0.41820800673588887 0.3672387582224258
0.4235905139254196 0.36638575626631464
0.42924158124669815 0.36548654512551115
0.4351744480583392 0.3645376482617483
0.441402979653604 0.3635352080493332
0.44794169254791194 0.36247493831079514
0.4548057657720061 0.36135198442969907
0.46201107767026633 0.3601609356486969
0.4695742095737253 0.35889563076098424
0.47751248185367046 0.35754915886271127
0.485843959849033 0.3561136783007033
0.49458746196440906 0.35458025637240537
0.5037625733288539 0.35293875028163746
0.5133896391733653 0.3511775868195701
0.5234897379158479 0.34928345932976784
0.534084683210525 0.3472412166107405
0.5451969514125433 0.3450334002627884
0.5568495969633636 0.3426398095462521
0.5690661943766755 0.3400372864598967
0.5818706431770791 0.33719895636748454
0.5952869519083529 0.3340935769462228
0.6093389855428121 0.3306849450972041
0.6240500314217682 0.3269308241987907
0.6394422466193221 0.3227818287606846
0.6555359420949769 0.31818021411948133
0.6723485271726444 0.3130581452873417
0.6898931918014193 0.30733602287748873
0.7081769634411886 0.3009200402946915
0.7271982601471578 0.29369990000852964
0.7469433075980482 0.28554552972871494
0.7673816914169191 0.27630443816202355
0.788460278968775 0.2657986796317549
0.8100950193784435 0.25382184407519603
0.8321612766279199 0.24013866617368626
0.8544821561832898 0.224486961027914
0.8768163282571176 0.20658472041881903
0.8988481768638832 0.18614472566203197
0.9201845132205351 0.1628975738251198
0.9403663033021487 0.1366237456294472
0.9588959979907387 0.10718416845085803
0.9752834254296169 0.07454248148842378
0.9890962711392765 0.03876541824895161
1.0 0.0
