# CURVE 2D, normalized by CHORD
# COLUMN#1 = X-coordinate, COLUMN#2 = Y-coordinate
#-------------------------------------------------------------------------------
0.0 0.0
0.004427192190936099 0.02294465283819978
0.0098634936129226 0.04452705369459437
0.015953015103856195 0.06483099905594383
0.022452534876672807 0.08394464448139602
0.02919145843535924 0.10195240461729126
0.0360481187386166 0.1189322170999843
0.0429345992461798 0.13495508084454583
0.04978651620808593 0.15008557059907016
0.05655667245427812 0.16438235939420745
0.06321043054237425 0.17789891757098378
0.06972255614438974 0.19068411238678423
0.07607479726241147 0.2027828198515518
0.08225446954953053 0.21423626037074722
0.0882529265109393 0.22508255003252695
0.09406481126678139 0.23535694469679147
0.09968728490429152 0.2450921629477407
0.10511947201855576 0.25431863994351456
0.11036204225928767 0.2630647383785523
0.11541688678433663 0.2713569282050163
0.12028676394467176 0.27922000476902914
0.12497525080334809 0.2866771324616882
0.1294863872639114 0.293750086968592
0.13382472547201155 0.3004592511216187
0.13799503416053996 0.3068238337090562
0.1420023747656472 0.31286185315379655
0.14585191477494258 0.31859029290329627
0.14954894842882413 0.324025122223788
0.1530987747331806 0.3291814127574711
0.15650677706568353 0.33407331786339184
0.15977824741126717 0.3387142272273923
0.16291850549199446 0.3431167167820748
0.1659327629406538 0.34729267599340086
0.16882623083133408 0.35125326158376213
0.1716040149554192 0.35500900180651257
0.17427118772865777 0.35856977168043
0.17683276431850692 0.36194483565860514
0.17929372300751573 0.3651428556899487
0.18165903417822493 0.36817188938147144
0.18393370142808876 0.37103937433267603
0.18612282031331073 0.37375209230289264
0.18823166351109052 0.3763161027207511
0.19026580679193986 0.37873662763616134
0.19223139458519758 0.38101779136762315
0.19413553921774898 0.38316218557734777
0.19598716422223614 0.38516990917115435
0.19779872479451624 0.38703644333033926
0.19959077991236268 0.3887465538775846
0.2014081892350446 0.39024941588720324
0.20341560065120873 0.39116821891552134
0.2771199660391609 0.381826866827709
0.26910985144156774 0.38284207536150466
0.2618279290801194 0.3837649922104098
0.25520799966062097 0.3846040075275963
0.24918988200653147 0.38536674872503857
0.2437188659573592 0.38606014981362247
0.2387452150035662 0.38669051443960784
0.2342237141364817 0.3872635731905036
0.23011325880276848 0.38778453569131793
0.22637648122666557 0.3882581379647855
0.22297941070293564 0.3886886854861197
0.21989116477227208 0.38908009232369617
0.21708366847166882 0.389435916721493
0.2145313991074841 0.38975939344676286
0.21221115423095246 0.3900534631970082
0.21010184070683283 0.3903207993335948
0.20818428295763314 0.3905638321850372
0.20644104864017893 0.39078477114089394
0.20485629016976595 0.39098562473712734
0.350824331427113 0.37248551473989666
0.34938364190855575 0.37266810891829066
0.3477988834381428 0.37286896251452406
0.3460556491206886 0.3730899014703808
0.3441380913714889 0.3733329343218232
0.3420287778473693 0.3736002704584098
0.3397085329708377 0.37389434020865514
0.3371562636066529 0.374217816933925
0.3343487673060497 0.37457364133172183
0.3312605213753861 0.3749650481692983
0.3278634508516562 0.3753955956906325
0.3241266732755533 0.37586919796410007
0.3200162179418401 0.3763901604649144
0.31549471707475557 0.37696321921581016
0.3105210661209626 0.37759358384179553
0.3050500500717903 0.37828698493037943
0.2990319324177008 0.3790497261278217
0.29241200299820236 0.37988874144500817
0.28513008063675405 0.38081165829391334
0.35472845320465785 0.37197874664729186
0.35882456653839495 0.3714224354515229
0.36312195370016964 0.37081286743210345
0.36763036826629775 0.37014629664504284
0.3723600020932901 0.36941854731567064
0.3773215493083637 0.36862529007836453
0.3825261800723969 0.3677617148929632
0.38798560243819674 0.36682276379704176
0.3937120605249512 0.36580295524788836
0.39971833643152926 0.36469625116581883
0.4060178380401625 0.36349638264342543
0.41262455261071446 0.36219643103186266
0.4195530897210156 0.3607889073357202
0.4268187203481424 0.3592657869715225
0.4344373627166734 0.3576182836614494
0.4424256500427761 0.3558370118180228
0.45080087581276895 0.3539115825370364
0.45958108008936954 0.35183084259128716
0.4687850384980124 0.3495826659214104
0.4784322186865469 0.3471536388894709
0.48854287472553654 0.3445293092817709
0.4991379705457547 0.3416937483636176
0.5102391699846007 0.3386294104885743
0.5218688719155734 0.33531715957251035
0.5340500894164746 0.33173575229313507
0.5468064330504698 0.3278617364839854
0.5601620202732096 0.3236691233669716
0.5741413624429064 0.3191290387042314
0.588769118580761 0.3142090390248892
0.6040700329304065 0.3088730736749114
0.6200684860661759 0.30308039956199295
0.6367881174316522 0.2967849102204266
0.6542514032832893 0.28993451510104107
0.6724786573356112 0.28246930084354616
0.6914873676537202 0.2743209537945062
0.7112904216506455 0.2654099936792599
0.7318945365311624 0.25564431218508943
0.7532973421750909 0.24491573888187704
0.775483439814851 0.23309615146090415
0.7984190710635718 0.2200331367568037
0.822043564390531 0.20554315662111464
0.846257074015595 0.18940381819758234
0.8709013118123818 0.17134350226117231
0.8957301634216276 0.15103007934248225
0.9203638254699313 0.12806028250630916
0.9442171991212729 0.10195600354302332
0.9663989371229688 0.07218971951458286
0.9855917689899438 0.038277274328421276
1.0 0.0
