# CURVE 2D, normalized by CHORD
# COLUMN#1 = X-coordinate, COLUMN#2 = Y-coordinate
#-------------------------------------------------------------------------------
0.0 0.0
0.003799555411721646 0.03830941197415129
0.008354268359547914 0.07468944541394004
0.013634353659020954 0.1092059354127312
0.01961131473727353 0.1419195116474376
0.026257538789879332 0.17288568670653937
0.03354581760040237 0.20215497253864526
0.04144908639686169 0.22977295445862145
0.04993892175252265 0.2557807680162426
0.05898555843578532 0.28021527237973337
0.06855719057573627 0.3031094647418626
0.07861836414361949 0.3244934682373237
0.08912972606248894 0.34439524196735394
0.10004719089400117 0.3628417557427706
0.11132125670660063 0.37986045663089163
0.1228966371352961 0.3954809708888596
0.134712693049393 0.4097366431266001
0.14670439816350722 0.4226658674183312
0.15880271415269112 0.4343142216141993
0.17093740307999233 0.4447343870809373
0.18303860251161283 0.45398683175683896
0.19503914692071092 0.4621392594534557
0.20687680871946326 0.4692652300561177
0.2184958560862687 0.4754427166313646
0.22984841763307343 0.4807518357639643
0.24089484834262778 0.48527332986532373
0.2516040975365424 0.4890860392446216
0.26195300894700946 0.4922661158193242
0.271925841173538 0.4948852827410535
0.281513302579437 0.4970101927276628
0.290711587231766 0.4987019221092097
0.2995213490001799 0.5000162183382993
0.3079469303896066 0.5010028649758227
0.31599543732068436 0.5017068335815941
0.32367617736642806 0.5021675276597504
0.33099998546939047 0.5024202052686398
0.3379788080212409 0.5024954517119254
0.3446252885122484 0.5024205857168045
0.35095248220364134 0.5022191675423546
0.35697360811522527 0.5019118390438779
0.36270186918167063 0.5015165878084411
0.36815031720597297 0.5010490976157987
0.373331727563849 0.5005227965525462
0.3782585676015991 0.49994957729355627
0.38294288470798094 0.49933944458021234
0.3873963290834781 0.4987012345722162
0.3916300886898624 0.4980424348658252
0.3956549123689934 0.49736958115768404
0.39948107011015915 0.4966881610652661
0.40311839787939174 0.4960029830057343
0.5290772594937599 0.4716444015362603
0.5153881800097598 0.47429166710836423
0.5029435622970324 0.4766982721739133
0.4916302734672803 0.47888609496077605
0.4813454654402328 0.48087502476701494
0.47199563996109883 0.48268314277268665
0.46349579861643153 0.4843268864142064
0.4557686701212794 0.48582119881558794
0.44874400785295937 0.48717966463502577
0.4423579512453957 0.4884146335617874
0.4365524452385196 0.48953733258611615
0.4312747125049959 0.4905579680627786
0.42647677365633796 0.4914858184961082
0.42211501106664895 0.49232931889004417
0.41814977234874984 0.4930961374299859
0.4145450098779324 0.4937932451935694
0.4112679530862803 0.49442697952409975
0.4082888105484147 0.49500310164276373
0.40558049915035504 0.49552684902336736
0.6550361211081281 0.44728582006678635
0.6525740198371648 0.4477619540491533
0.6498657084391052 0.44828570142975693
0.6468865659012396 0.4488618235484209
0.6436095091095875 0.4494955578789513
0.64000474663877 0.45019266564253474
0.6360395079208709 0.4509594841824765
0.6316777453311819 0.4518029845764125
0.6268798064825241 0.45273083500974204
0.6216020737490003 0.4537514704864045
0.6157965677421242 0.4548741695107333
0.6094105111345605 0.4561091384374949
0.6023858488662405 0.45746760425693267
0.5946587203710884 0.45896191665831426
0.586158879026421 0.460605660299834
0.5768090535472871 0.4624137783055057
0.5665242455202396 0.46440270811174456
0.5552109566904875 0.4665905308986073
0.54276633897776 0.4689971359641564
0.6578428349419811 0.44665364117883966
0.6607458559776206 0.44581795161062837
0.6637401326386986 0.4447710919737941
0.6668213888840187 0.4435065393975167
0.6699866644954791 0.4420193774521493
0.6732338289773334 0.4403045826633952
0.6765621146842538 0.4383578905162507
0.6799716472488151 0.4361746819686619
0.6834635450258186 0.43375013867801443
0.6870395982221895 0.4310787592019812
0.69070264847274 0.4281548859528217
0.6944558110844055 0.42497170629123354
0.6983031108323677 0.4215220936055283
0.7022489499366706 0.41779797556133685
0.7062980867934615 0.4137903721258748
0.710456051656867 0.40948982333993317
0.7147284236191924 0.4048856691423539
0.7191215004796142 0.399966703101703
0.7236418598772784 0.39472073802424334
0.7282966613606938 0.38913485822912985
0.733093387266488 0.3831951686138027
0.7380401138901183 0.37688698983979924
0.7431453427126323 0.370194681144466
0.7484182996064324 0.3631018262067398
0.7538687023000905 0.3555910028511857
0.7595070879649546 0.34764396967981465
0.7653447447298144 0.33924154896479497
0.7713937510102469 0.3303635897213854
0.7776672586905714 0.3209890895355435
0.7841795981786898 0.31109618160397856
0.790946290917898 0.3006620590096661
0.7979844291229179 0.2896631345145948
0.8053127793118006 0.2780750114554059
0.8129522316467178 0.2658726710350899
0.8209260892996605 0.2530305513056424
0.8292606161611841 0.23952278624892762
0.8379856837307832 0.22532350622205127
0.8471356208317635 0.2104072716308721
0.856750399145306 0.19474973401696716
0.8668772401644157 0.17832860125878702
0.8775729410793548 0.16112513695462283
0.8889071911410971 0.1431264550585564
0.9009677256032368 0.1243293298785564
0.9138684060667239 0.10474663324004556
0.9277627458838947 0.08441900950867866
0.9428679778741906 0.06343772373905773
0.9595115135565353 0.0419943680110644
0.9782296029376676 0.02050563536632055
1.0 0.0
