# CURVE 2D, normalized by CHORD
# COLUMN#1 = X-coordinate, COLUMN#2 = Y-coordinate
#-------------------------------------------------------------------------------
0.0 0.0
0.010893914639112127 0.038669066480891086
0.027044725320801568 0.07337432617709087
0.04658762931424274 0.10416269843730944
0.06822781930082826 0.13133506320412605
0.09108533606096997 0.155256253790067
0.11455974051161502 0.1762801675358773
0.13823510410001386 0.19472706451229468
0.16181891607068663 0.2108800253381108
0.18510331538459615 0.2249873959062093
0.20793944036453108 0.23726777476591793
0.23022074655319813 0.24791446943135464
0.2518717504602666 0.25709925430538266
0.272840249407978 0.264975331900074
0.2930915731569844 0.2716803011306928
0.3126045445612548 0.27733833146305276
0.33136863709282693 0.2820613419734605
0.34938160936626916 0.28595056578886724
0.366647714540684 0.2890978256267138
0.38317634508037607 0.29158639161564587
0.3989809479694517 0.2934916131542865
0.4140780777713335 0.29488200803490433
0.428486719975411 0.29581946089957195
0.4422276616559673 0.29635988157395726
0.45532298509063085 0.2965537586041432
0.46779565575751786 0.2964467057049481
0.47966917554396965 0.2960795616138556
0.49096730236493846 0.295489220044536
0.5017137918509504 0.29470842386191026
0.5119322527803836 0.2937668886000432
0.5216459098117437 0.29269057215942984
0.5308775601252234 0.2915029363095995
0.5396494494324298 0.2902248136194863
0.5479831187422203 0.2888742038332834
0.555899524707023 0.28746764090905236
0.5634187975510114 0.28601912669743484
0.5705603553056013 0.2845411833626079
0.5773428432319316 0.2830447384855657
0.58378408242238 0.2815390997341759
0.5899012062049003 0.28003268421491445
0.5957104772258204 0.2785323370445666
0.6012275135598821 0.27704431921632905
0.6064670915362043 0.2755735807221243
0.6114433971270554 0.2741247139438982
0.6161697780885276 0.27270108421290173
0.6206590685635698 0.27130594390148505
0.6249233976922669 0.26994176086891747
0.6289741988059661 0.2686102658323533
0.6328225163142851 0.267313364845624
0.6364786224542247 0.2660519467408926
0.7399500282186317 0.2299468201230092
0.728704862299566 0.23387068813608528
0.7184819841913246 0.23743784087524536
0.7091884586383778 0.24068070700175448
0.7007397990447898 0.24362876711676282
0.6930591994142552 0.24630882176677035
0.6860768361137694 0.24874523508495905
0.6797292331133276 0.2509601562833124
0.6739586849311078 0.25297372100908816
0.6687127320381807 0.25480423439615707
0.6639436839537015 0.2564683374753106
0.6596081856950842 0.25798115845635927
0.6556668236417955 0.2593564502573126
0.6520837672297151 0.26060671553090653
0.6488264432187327 0.26174332032508285
0.6458652395723853 0.2627765974106977
0.6431732362575239 0.2637159402158021
0.6407259605167408 0.2645698882204424
0.6385011643887561 0.2653462045882973
0.8434214339830386 0.19384169350512584
0.8413988920485072 0.19454743565772117
0.8391740959205225 0.19532375202557603
0.8367268201797394 0.1961777000302164
0.834034816864878 0.19711704283532078
0.8310736132185306 0.1981503199209356
0.8278162892075482 0.1992869247151119
0.8242332327954678 0.20053718998870584
0.8202918707421791 0.20191248178965918
0.8159563724835618 0.20342530277070783
0.8111873243990826 0.20508940584986138
0.8059413715061555 0.20691991923693026
0.8001708233239357 0.20893348396270603
0.793823220323494 0.21114840516105937
0.7868408570230081 0.21358481847924807
0.7791602573924735 0.21626487312925563
0.7707115977988855 0.21921293324426394
0.7614180722459387 0.2224557993707731
0.7511951941376973 0.22602295210993315
0.8445547863833539 0.19328902086652383
0.8456409403833716 0.19252901535429007
0.8467030099897326 0.19162857774166317
0.8477582044606577 0.19061636754437317
0.848818521418966 0.18950591145069046
0.8498926109157031 0.18830363250003065
0.8509872459244441 0.18701235320739512
0.8521080192742883 0.18563276295197417
0.8532596937749014 0.18416411757381168
0.8544466376525596 0.18260479212236938
0.8556729022860903 0.18095244294753257
0.856942384223863 0.17920418817074676
0.8582589125512775 0.17735670054125022
0.859626316854458 0.17540626903788073
0.8610484815907704 0.1733488399154311
0.8625293888977075 0.17118004252565724
0.8640731367308515 0.16889519356857846
0.8656840296462067 0.16648934682483982
0.8673665496148053 0.16395725881208087
0.8691254223535446 0.16129341705085629
0.8709656493847782 0.15849204310007484
0.8728925235758497 0.15554708336211157
0.8749116970953739 0.15245223294854723
0.8770291943696455 0.14920092227963852
0.8792514734606734 0.14578633438863497
0.8815854682739908 0.1422014088519268
0.8840386475250157 0.13843885603586722
0.8866190817122337 0.13449117624055976
0.8893355095721539 0.13035067855701885
0.8921974392798852 0.1260095230653861
0.8952152244302197 0.12145974778584348
0.8984002118693969 0.11669334534181981
0.9017648510422972 0.1117023180079936
0.9053228903237028 0.10647879663813714
0.9090895533046015 0.1010151551716463
0.9130818190014374 0.09530420926592173
0.9173186750755011 0.08933941600921654
0.9218215827765835 0.08311525186915394
0.9266148300214055 0.07662755571293625
0.9317262746859285 0.06987422140142698
0.9371880154340648 0.06285594567468229
0.9430374763785223 0.055577453081627516
0.9493187680384139 0.048049213949327
0.9560844640271258 0.04028995261963452
0.9633980341615055 0.03233049017425447
0.9713372293314813 0.024219851961088175
0.9799983977743365 0.016034933109027434
0.9895022833667282 0.007897020709784179
1.0 0.0
