# CURVE 2D, normalized by CHORD
# COLUMN#1 = X-coordinate, COLUMN#2 = Y-coordinate
#-------------------------------------------------------------------------------
0.0 0.0
0.005412020139402169 0.013644382870043669
0.01213171946244891 0.025937288992139845
0.0190586421870128 0.03734269306132328
0.025941381204847732 0.04802664804762642
0.03268163636068246 0.058080206210810635
0.03923363559802232 0.06756475959546658
0.0455750474404127 0.0765267901611041
0.05169560813267305 0.08500408947160071
0.05759185936164747 0.09302881024153065
0.0632644495969487 0.10062911209108777
0.06871655846225463 0.10783018080278815
0.07395293072542578 0.11465489330247546
0.07897938129181077 0.1211241773164303
0.0838023374169722 0.12725737057012812
0.08842858615076793 0.13307243998179827
0.09286515394003768 0.1385861054885631
0.09711910225498038 0.1438140366541145
0.10119750317318506 0.14877090899141154
0.10510735807874247 0.1534705068010588
0.10885554194373107 0.15792580659396332
0.1124487809787668 0.16214903296198951
0.11589366452608202 0.1661516841705775
0.11919656232822468 0.16994463803029106
0.12236368772658293 0.1735381317694572
0.12540104347349537 0.17694184174583366
0.12831447602217286 0.18016486651306082
0.1311095870772448 0.18321583629944507
0.13379185427516424 0.18610283212319242
0.1363665484417393 0.1888334873254721
0.13883877695681954 0.19141497289687934
0.1412134949200833 0.19385400931432678
0.143495530102272 0.19615686211618355
0.14568956411639677 0.19832937756951927
0.14780015275612207 0.2003769778353944
0.1498317505703232 0.20230464707309778
0.15178883225143888 0.2041168052648642
0.15367568796426198 0.2058175229908101
0.15549674089585241 0.20741016198774628
0.15725636396508058 0.20889754080773812
0.15895907853742428 0.21028164719064485
0.16060958230945857 0.21156348876271497
0.1622128966446253 0.21274270701851472
0.16377442950506044 0.21381713576917813
0.16530034154555073 0.2147815833798863
0.16679754943442174 0.21562635976758535
0.16827405272770068 0.21633333052454284
0.1697379884981194 0.2168682041725153
0.17119125654179107 0.2171635164190653
0.17259710042133003 0.21708628989760742
0.24086324898173722 0.20049736828008502
0.23344415419370226 0.20230023521350773
0.22669952256821593 0.20393920515298294
0.2205680392723193 0.20542917782523312
0.2149939635487769 0.20678369843636962
0.20992662198192014 0.20801508081013012
0.20531994783023222 0.20913451933173055
0.20113206223778862 0.21015219071500366
0.19732489351738536 0.21107734651797921
0.1938638310442915 0.21191839724795702
0.19071741061420616 0.21268298882066408
0.18785702840503768 0.21337807206857962
0.18525668094215725 0.214009965930321
0.18289272870317502 0.21458441489554045
0.18074368121319118 0.21510664122755813
0.17879000167684225 0.2155813924384833
0.17701392937107047 0.21601298444841524
0.17539931818400523 0.21640534082108065
0.17393148983212775 0.21676202843259468
0.3091293975421444 0.18390844666256265
0.3077950081313467 0.1842327081275754
0.3063271797794692 0.18458939573908942
0.304712568592404 0.18498175211175483
0.3029364962866322 0.18541334412168678
0.30098281675028327 0.18588809533261194
0.2988337692602994 0.18641032166462962
0.2964698170213172 0.18698477062984906
0.29386946955843674 0.18761666449159045
0.2910090873492683 0.18831174773950599
0.28786266691918294 0.18907633931221304
0.2844016044460891 0.18991739004219083
0.2805944357256858 0.19084254584516638
0.2764065501332422 0.19186021722843952
0.2717998759815543 0.19297965575003995
0.2667325344146976 0.19421103812380042
0.26115845869115517 0.19556555873493695
0.2550269753952585 0.19705553140718712
0.24828234376977218 0.1986945013466623
0.31263308775071885 0.18306463490343375
0.3163121365611531 0.18217935428069423
0.32017495890996744 0.1812490664763132
0.3242307020010877 0.18027134967854955
0.3284889915675478 0.17924374917584435
0.33295993851653444 0.17816370382207278
0.33765415843431057 0.17702852098794036
0.34258279709199774 0.17583537112185627
0.347757554470316 0.17458127066015133
0.353190713340776 0.1732630779704587
0.3588951679359292 0.17187748355459598
0.3648844540421891 0.1704209997295543
0.3711727806358572 0.16888994996509796
0.37777506311243964 0.16728045774940775
0.38470695817114986 0.16558843488681027
0.39198490042469325 0.1638095691484721
0.399626140810752 0.16193931120504795
0.40764878537609367 0.15997285461390506
0.41607184008259773 0.1579051315017035
0.424915250511512 0.15573077811978717
0.4341999514496948 0.15344413092778966
0.4439479131165231 0.15103919873819863
0.4541821920130574 0.14850964295572108
0.4649269817844014 0.14584874667661182
0.47620766980396134 0.14304939522289897
0.48805089009340685 0.14010402965352808
0.5004845882625005 0.13700463590685327
0.5135380762828424 0.13374267967337072
0.5272421009741952 0.13030908245301573
0.5416289035587663 0.12669414735933043
0.5567322932749174 0.12288752605114847
0.5725877083670804 0.11887811982783866
0.5892322870822858 0.11465400469778884
0.606704941766188 0.11020235209013501
0.6250464137815789 0.10550925765886601
0.6442993443291068 0.10055961651185939
0.6645083291400724 0.09533691931501706
0.6857199614627384 0.08982298873523246
0.7079828564568627 0.08399763268036668
0.7313476435191347 0.07783816827547134
0.7558669092807562 0.07131876122297125
0.7815950437017183 0.06440942064955162
0.8085879601679241 0.05707457826340298
0.8369024808663111 0.049270556137925865
0.8665952353585753 0.04094154683960324
0.8977203430068872 0.03201189100159467
0.9303241973684939 0.02236992165705361
0.964431910822682 0.011828777367195634
1.0 0.0
