# CURVE 2D, normalized by CHORD
# COLUMN#1 = X-coordinate, COLUMN#2 = Y-coordinate
#-------------------------------------------------------------------------------
0.0 0.0
0.019453790558530207 0.02226306063646406
0.038321669419250894 0.043163556220787075
0.05662230600248904 0.06276466537283255
0.07437321107905118 0.08112670122640182
0.09159027063147417 0.09830779326496988
0.10828816445319772 0.11436374268608852
0.12448034655187042 0.12934827953886402
0.14017889120694996 0.14331349175543998
0.1553948852599399 0.15630966488163295
0.170138170366532 0.16838584416838628
0.18441776283296318 0.17958962123749958
0.19824161262635276 0.18996771577384514
0.2116171080742716 0.19956561554166577
0.22455094382026308 0.20842801679545334
0.23704934891900498 0.21659879062069023
0.2491183260071618 0.22412087608754433
0.2607636832391091 0.23103645752550342
0.2719913503104937 0.23738664327113665
0.28280736765260894 0.24321162829767914
0.29321805049032407 0.24855052685563134
0.3032301734914937 0.25344107563485013
0.31285097779772264 0.25791960951592263
0.32208822044047164 0.262020913587275
0.33095020833085065 0.2657780514212697
0.3394457691242507 0.2692222924057188
0.3475842761551527 0.2723828721913851
0.35537549274008956 0.27528718713890943
0.36282960971375117 0.27796049730625927
0.36995710790138936 0.28042608416414266
0.3767687125109549 0.2827051839221488
0.383275273180758 0.28481715975276056
0.3894877445943333 0.2867794050890351
0.39541706321855274 0.2886075956291354
0.40107409964939317 0.2903157498636963
0.4064696183505888 0.2919162927251529
0.4116142091458252 0.29342024522578997
0.41651825979192125 0.2948373073069189
0.42119191385095217 0.2961760145983689
0.42564505367977507 0.29744382932674407
0.4298872757253229 0.29864727369202376
0.4339278791329527 0.2997920289372167
0.43777585579450545 0.3008830377628599
0.4414398852697712 0.3019245950441795
0.44492833329333786 0.30292042887910287
0.4482492472443405 0.3038737930918674
0.4514103646570063 0.3047875133365147
0.4544191184439236 0.30566404338775355
0.45728263024708715 0.30650555930597584
0.4600077380952049 0.30731393307601246
0.5255198186852842 0.3268435282621386
0.5184000331706656 0.32472107195087313
0.5119275008846488 0.3227915662133591
0.5060433806246335 0.3210374700883463
0.500694180388256 0.3194428372474256
0.4958312710824582 0.3179931710284068
0.4914104444408239 0.3166752926474806
0.4873915111302472 0.31547722139209317
0.48373793539335935 0.3143880657053773
0.48041650290527943 0.31339792417199924
0.4773970188252068 0.31249779550529194
0.4746520332978681 0.31167949671737616
0.4721565919093783 0.31093558872836186
0.46988800882893306 0.31025930873834884
0.46782566057398284 0.30964450874742794
0.46595079852402804 0.30908559966477256
0.46424637847861466 0.3085775004987222
0.462696905710057 0.30811559216594914
0.46128829410227734 0.3076956754997918
0.5910318992753635 0.34637312344826465
0.589751343268291 0.3459913810244853
0.5883427316605114 0.345571464358328
0.5867932588919538 0.34510955602555493
0.5850888388465403 0.34460145685950455
0.5832139767965856 0.3440425477768492
0.5811516285416354 0.3434277477859283
0.5788830454611901 0.34275146779591525
0.5763876040727003 0.34200755980690095
0.5736426185453616 0.34118926101898517
0.5706231344652889 0.34028913235227787
0.5673017019772091 0.3392989908188998
0.5636481262403211 0.33820983513218394
0.5596291929297446 0.3370117638767965
0.5552083662881102 0.3356938854958703
0.5503454569823124 0.3342442192768515
0.5449962567459349 0.33264958643593084
0.5391121364859196 0.3308954903109181
0.5326396041999027 0.32896598457340404
0.5940251598955745 0.34723668278164843
0.5971831720656697 0.3480893916366992
0.6005136021927712 0.34892913339087667
0.6040245584863275 0.3497533375356523
0.6077245928656906 0.3505589491836258
0.6116227492036647 0.35134216033985927
0.6157284662379985 0.35209883289034394
0.6200516861472405 0.35282392034070426
0.6246027962389336 0.35351167759245755
0.6293926525318299 0.3541554173614213
0.6344325485127337 0.35474757977669
0.6397342303524192 0.3552794127890102
0.6453098545107213 0.3557410388155596
0.6511719842101162 0.3561210269319413
0.657333526832812 0.3564064042356289
0.6638076773199942 0.3565826103310023
0.6706078592174203 0.35663272608996305
0.6777476024912663 0.3565378284847517
0.6852404162404013 0.35627621153636774
0.6930996020295443 0.35582319065102586
0.7013380481928273 0.3551510165690661
0.7099679099159105 0.3542279471220859
0.7190002562578524 0.35301811177495973
0.7284446064895738 0.35148096516806576
0.7383083611990376 0.3495707923062948
0.7485960341909105 0.34723592013750504
0.7593084795346107 0.3444186805568662
0.7704417551116755 0.3410545186382162
0.7819860709100527 0.33707223093876165
0.7939241896750087 0.33239313531587594
0.8062300595048769 0.3269317550150415
0.8188673073182064 0.32059647766769506
0.8317875781665174 0.31329030575653327
0.8449294913356218 0.30491297572306303
0.8582177420596596 0.2953630334223956
0.8715634332330826 0.2845411981024529
0.8848644877932674 0.2723528788234853
0.8980085979909684 0.25871246341465437
0.9108760496395051 0.24354560538632192
0.9233434945283278 0.22679101186847014
0.935288868846665 0.20840160903509217
0.9465945206734786 0.1883432124293219
0.9571516057489521 0.16659335422991922
0.966861379086846 0.1431379749768367
0.9756363507118253 0.11796842836631083
0.9834000998184219 0.09107834121857641
0.99008618380954 0.06246080117250573
0.9956366171918661 0.032106096977055555
1.0 0.0
