# CURVE 2D, normalized by CHORD
# COLUMN#1 = X-coordinate, COLUMN#2 = Y-coordinate
#-------------------------------------------------------------------------------
0.0 0.0
0.009370428344009146 0.03641224998803782
0.018889959881338188 0.07093195079137626
0.02849971807432244 0.10365313282965352
0.038153623399370604 0.13466441158771786
0.047815177204700035 0.16404940511664423
0.05745559754445539 0.19188696216093085
0.06705168672566256 0.2182516401265966
0.07658505563354435 0.24321383595309184
0.08604099046340324 0.26684010754175735
0.09540765398661077 0.2891934406250282
0.1046759097703887 0.31033329464694814
0.11383827201788133 0.3303160486315812
0.12288911228572028 0.34919493180979994
0.131824102614192 0.36702029459460395
0.14063998242752554 0.3838397551658271
0.14933424413577365 0.3996984023982231
0.15790526274991798 0.41463876485141027
0.16635180182880185 0.4287011231620212
0.17467328136101393 0.44192339375479034
0.1828691057861272 0.45434158190580143
0.1909390539050692 0.4659895904230798
0.19888300810720375 0.4768994287312076
0.20670078714187645 0.48710137884955107
0.21439205764302663 0.49662412030579484
0.22195637350053454 0.505494753526906
0.22939303445265452 0.5137389660205142
0.23670083767550026 0.5213813320082769
0.2438785265173786 0.5284449613248083
0.2509238589990807 0.534952511098633
0.2578345683880488 0.5409253245672503
0.2646073717703684 0.5463846447342879
0.2712386107806154 0.5513510997820769
0.2777242665871781 0.5558448085471732
0.28405945035833335 0.5598863540829568
0.29023904454599975 0.5634961992646035
0.2962575160199689 0.5666953086806416
0.3021093559160915 0.569504752783755
0.30778882956783415 0.5719466603324961
0.3132906192086061 0.574043400972841
0.318609945867007 0.5758176198641646
0.32374252420387667 0.5772929151468227
0.32868514102619284 0.578492488172083
0.33343546847236055 0.5794400794182922
0.33799240323181495 0.580158818189037
0.34235596664761814 0.5806717319941814
0.3465274394604456 0.5810004016033202
0.3505091377982901 0.5811663951872568
0.3543044736533875 0.5811895542072457
0.35791774790739894 0.5810883292290554
0.4112774741209654 0.57870162683732
0.4054783939767012 0.5789610111976292
0.40020650293646115 0.5791968151615466
0.395413874718061 0.5794111824014716
0.39105693997406094 0.5796060617104943
0.3870960902067881 0.5797832247186968
0.3834953176910856 0.5799442819988808
0.38022188813135593 0.580090697708139
0.37724604307705634 0.5802238028983738
0.3745407293913294 0.580344807616769
0.3720813533133958 0.5804548119062193
0.36984555687891074 0.5805548158057194
0.36781301466574245 0.5806457284416287
0.36596524901740773 0.5807283762924553
0.3642854620643761 0.5808035107022976
0.36275838301616553 0.5808718147112453
0.3613701293359741 0.580933909264834
0.3601080805358001 0.5809903588590055
0.3589607634447328 0.5810416766718888
0.4646372003345318 0.5763149244455845
0.46359418479719794 0.5763615770027511
0.46244686770613064 0.5764128948156344
0.46118481890595664 0.5764693444098059
0.45979656522576523 0.5765314389633946
0.45826948617755464 0.5765997429723423
0.456589699224523 0.5766748773821846
0.4547419335761883 0.5767575252330113
0.45270939136302 0.5768484378689205
0.45047359492853495 0.5769484417684206
0.4480142188506014 0.5770584460578709
0.4453089051648744 0.5771794507762661
0.4423330601105748 0.5773125559665009
0.4390596305508452 0.5774589716757591
0.43545885803514267 0.5776200289559431
0.4314980082678698 0.5777971919641456
0.42714107352386976 0.5779920712731683
0.4223484453054696 0.5782064385130933
0.41707655426522955 0.5784422424770107
0.4686578175397934 0.576027752546457
0.47285858760562055 0.575510938485375
0.4772376441668175 0.5747533288606821
0.4817939388106863 0.5737458171190766
0.4865272330691759 0.5724796289120057
0.4914381112894883 0.5709460746985764
0.4965283938435082 0.5691374775870051
0.5018005282838409 0.5670450584346519
0.5072581837670692 0.5646605593085401
0.512905789692666 0.5619749120528843
0.518748465653248 0.5589781989824234
0.5247924417965076 0.5556604565645029
0.5310442555709521 0.552010137417258
0.537511489490817 0.5480154817288577
0.5442021057166111 0.5436633465475613
0.5511249348059353 0.538940000098553
0.5582891511025802 0.5338302996601096
0.5657047395094572 0.5283183594613783
0.5733820030792975 0.5223868313815136
0.58133211827021 0.5160176092620593
0.5895665780434627 0.5091910558037094
0.5980976190563024 0.5018864946331104
0.6069378262524249 0.4940816791441289
0.6161005652853553 0.485753236216036
0.6255997830907816 0.47687635453110405
0.6354498255758764 0.46742452565438497
0.6456659050090731 0.4573699597604259
0.6562636236507573 0.4466830016089237
0.6672593535725887 0.4353324317378882
0.6786699731858594 0.4232851088334512
0.6905131115391131 0.4105061072690381
0.7028069497854117 0.3969584231173785
0.7155702566599735 0.38260290441277695
0.7288224881846027 0.3673982269896847
0.742583642837871 0.3513006477316019
0.7568742565212155 0.33426388236064597
0.7717152912014759 0.31623888997998106
0.7871281839312612 0.297173788523931
0.8031346056996201 0.2770135290672031
0.8197563001155963 0.25569964323053573
0.8370148742829316 0.23316995667049964
0.854931361867179 0.20935813717883836
0.8735258000339722 0.1841932736033035
0.8928164404100647 0.15759920814009276
0.9128185556639153 0.1294936259689189
0.9335426073842829 0.0997867751309907
0.9549914023607752 0.06837962387414183
0.9771547605125108 0.035160584011700434
1.0 0.0
