# CURVE 2D, normalized by CHORD
# COLUMN#1 = X-coordinate, COLUMN#2 = Y-coordinate
#-------------------------------------------------------------------------------
0.0 0.0
0.012760067609741575 0.027635186598307715
0.026693215888172497 0.05305668689839394
0.041579909518298125 0.0763085716870442
0.05719897145208573 0.09746172876470469
0.07333669276935993 0.11661172073762541
0.08979387227093845 0.13387502355535913
0.10639273549712994 0.1493820727265657
0.12297952140081776 0.1632713848934452
0.13942523391218828 0.1756839890152582
0.15562513064537087 0.1867582517540645
0.17149652089104578 0.1966265361448604
0.18697618316885214 0.20541276936628564
0.20201728764031637 0.21323156626737158
0.21658687755214295 0.22018733800255808
0.23066328905437913 0.2263744380479189
0.24423394799488765 0.23187758254643404
0.25729354755406675 0.23677235280856182
0.2698423355059207 0.2411263553075765
0.2818850610712069 0.24499940426130445
0.29342978999385255 0.24844468011960083
0.30448711486160607 0.2515093400895265
0.3150694961168342 0.2542351565987298
0.325190701552564 0.25665924292194553
0.334865448524926 0.2588143422409629
0.344108996912618 0.2607296230940257
0.3529369077634217 0.26243106373057434
0.3613648727723621 0.2639416708155079
0.36940855377977977 0.26528179240733524
0.3770834065310409 0.2664697355920766
0.38440464365780413 0.2675217082291847
0.3913871383481658 0.268452205098656
0.3980453804818584 0.26927416247470454
0.4043934447089739 0.26999908711272985
0.41044494743978616 0.27063736484463063
0.41621304894243993 0.2711982474795213
0.42171043701431377 0.2716900370561929
0.42694932800884955 0.27212014623569486
0.4319414577208282 0.2724953240423353
0.4366980990642496 0.27282159352678015
0.4412300639099284 0.27310439547959314
0.44554771276116634 0.27334866477116493
0.44966096666364963 0.27355888986583454
0.45357931976124694 0.27373917369399436
0.45731185232078475 0.27389329853423744
0.46086724403735857 0.27402479896462245
0.46425378737662315 0.2741370493711201
0.46747940093114004 0.27423336376132607
0.47055164051062637 0.2743171766457757
0.47347770724872684 0.2743923221850787
0.49343890431563336 0.27489766674669797
0.4912695419560302 0.2748427464196789
0.48929739435639097 0.2747928188496615
0.4875045329021735 0.27474743014964575
0.48587465885288483 0.27470616769508593
0.4843929551717134 0.27466865637275883
0.4830459518251939 0.27463455517064334
0.48182140332835793 0.274603554077811
0.48070817742214345 0.2745753712661453
0.47969615387103937 0.27454975052826736
0.47877613246094475 0.2745264589483783
0.47793974936085876 0.2745052847848428
0.4771794010880533 0.27448603554526513
0.47648817538550287 0.2744685362365581
0.4758597883831843 0.2744526277740972
0.4752885274719856 0.2744381655354963
0.4747691993708959 0.2744250180458592
0.47429708291535977 0.27441306578255276
0.47386788613759967 0.27440220008863775
0.5134001013825399 0.27540301130831724
0.5130099224936671 0.2753931334047582
0.512580725715907 0.2753822677108432
0.5121086092603708 0.2753703154475367
0.5115892811592812 0.2753571679578996
0.5110180202480824 0.27534270571929875
0.5103896332457638 0.27532679725683784
0.5096984075432135 0.2753092979481308
0.508938059270408 0.2752900487085531
0.508101676170322 0.27526887454501764
0.5071816547602274 0.2752455829651286
0.5061696312091233 0.27521996222725065
0.5050564053029089 0.2751917794155849
0.5038318568060729 0.2751607783227526
0.5024848534595533 0.2751266771206371
0.5010031497783819 0.27508916579831
0.49937327572909324 0.2750479033437502
0.49758041427487576 0.27500251464373443
0.49560826667523655 0.27495258707371706
0.5163433609317458 0.27546977407460194
0.5194341121826533 0.2755234224719558
0.5226796668747983 0.27556142798081595
0.5260876758999914 0.27558108511157126
0.5296661436957856 0.2755790806239987
0.5334234374932032 0.27555208117128627
0.5373682998695206 0.27549609810067677
0.5415098536736542 0.2754065627510651
0.5458576162598955 0.275278566360668
0.5504214993201092 0.27510645407811074
0.5552118121748029 0.27488385776671737
0.5602392691581739 0.27460375313754204
0.5655149789906533 0.27425819931241346
0.5710504357496753 0.27383826546366763
0.5768575180650862 0.27333409148616566
0.5829484533944574 0.27273455779571737
0.5893357918751498 0.2720272231436603
0.5960324010233184 0.2711984551803781
0.6030513635477345 0.2702328040432341
0.610405980227184 0.2691133568751345
0.6181096059989816 0.26782095969370995
0.6261756854466098 0.2663348565450422
0.6346175034024628 0.264631669470862
0.6434482113082468 0.2626860512467668
0.6526804904721003 0.2604695944350513
0.6623265647578792 0.2579515189219916
0.672397872979444 0.25509792027624656
0.6829048943468811 0.2518718269302538
0.6938569018379966 0.24823304966897367
0.7052616996739456 0.24413807437387083
0.7171252789155325 0.23953982413058247
0.7294517074346135 0.23438809725996426
0.7422426094714113 0.22862898903054
0.7554970806507079 0.22220545143558584
0.7692113407675608 0.21505720354941532
0.7833784779113171 0.2071208822436747
0.7979884768087623 0.19833064977620918
0.8130279091876661 0.18861811522360383
0.8284800577336975 0.17791293642424025
0.8443249641077136 0.16614314284209228
0.8605394661355967 0.15323535358352605
0.8770976621126185 0.1391154204890627
0.8939710204195646 0.12370846097118232
0.9111286878657635 0.10693905811689483
0.9285381736604713 0.0887317069631884
0.9461654364501398 0.0690105285388152
0.9639754075138458 0.04769936669687733
0.9819323219556753 0.02472162066319813
1.0 0.0
