# CURVE 2D, normalized by CHORD
# COLUMN#1 = X-coordinate, COLUMN#2 = Y-coordinate
#-------------------------------------------------------------------------------
0.0 0.0
0.015650169774066882 0.024959447619526915
0.029754347562020108 0.04921445081928275
0.04251395325746184 0.0726931772786547
0.05410582062660671 0.09534953731047557
0.06468424444509065 0.11715712326376143
0.07438330094121601 0.1381044228814084
0.0833193300536763 0.15819102274711813
0.0915930588470232 0.17742476832357687
0.09929189660348992 0.1958194285924684
0.10649170664465414 0.21339301637495142
0.11325842463523837 0.2301664740338896
0.11964954755178661 0.24616263299630717
0.12571526355937854 0.26140547455749
0.13149953418857593 0.2759195189503426
0.13704096111249606 0.2897293768222314
0.1423735638007778 0.302859387627752
0.1475273770924279 0.3153333637940062
0.15252907906476054 0.32717434184170147
0.15740233302826498 0.33840446142435565
0.16216828534089148 0.34904478170060216
0.16684589932361427 0.35911515948830486
0.1714519706706247 0.36863427028791873
0.17600177267119735 0.3776193207318815
0.18050877679095959 0.38608618551102125
0.18498497318518028 0.39404924665530144
0.18944085636658062 0.40152138165564133
0.19388542444197918 0.40851393688729265
0.1983260180141374 0.41503679728641996
0.2027683545225895 0.4210983313787626
0.20721597003898662 0.42670577814315824
0.21167008334355528 0.43186543629624163
0.2161295180699963 0.4365828495748516
0.22059006098385697 0.4408636424347712
0.22504443490918927 0.44471405932747776
0.22948213679093582 0.4481419004128123
0.23388969409139984 0.45115732841739575
0.2382511959530863 0.4537735833240178
0.24254887199286534 0.4560079478921767
0.2467645564672018 0.457881216854007
0.25088038070746915 0.45941835256944885
0.254880261601708 0.4606469452461118
0.258750449216244 0.46159704757050696
0.26248029207175283 0.46229936513406583
0.2660623693513365 0.46278394806224793
0.2694922055312418 0.4630803653844564
0.27276813337603284 0.46321594263409516
0.2758907738884074 0.46321522470734205
0.27886254283524514 0.463100789372442
0.2816872586661437 0.4628925618052647
0.4090652570401566 0.4513522588987001
0.3952219472332363 0.45260644714502657
0.382637120136036 0.45374661827805063
0.3711963682294903 0.45478313748989063
0.3607956846780851 0.45572542768247254
0.3513405178131713 0.4565820551302742
0.34274491157234055 0.45736080735554846
0.33493072408067626 0.4580687639239796
0.3278269172700724 0.45871236080437156
0.32136891107861426 0.45929744887745516
0.3154979963591069 0.45982934712571294
0.3101608011595548 0.4603128909877655
0.3053088055235983 0.4607524763169042
0.3008979004000015 0.4611520993433939
0.2968879866512771 0.4615153930038391
0.2932426105160731 0.4618456599678802
0.28992863221134224 0.462145902662463
0.2869159246615869 0.4624188505666292
0.28417709961635473 0.46266698502496206
0.5364432554141695 0.43981195599213546
0.5339534144639585 0.4400375327724381
0.5312145894187263 0.440285667230771
0.528201881868971 0.44055861513493716
0.5248879035642401 0.44085885782952
0.5212425274290361 0.4411891247935611
0.5172326136803117 0.4415524184540063
0.5128217085567149 0.441952041480496
0.5079697129207584 0.4423916268096347
0.5026325177212063 0.44287517067168725
0.4967616030016989 0.4434070689199451
0.4903035968102408 0.44399215699302863
0.4831997899996369 0.4446357538734206
0.4753856025079726 0.4453437104418517
0.4667899962671419 0.446122462667126
0.4573348294022281 0.4469790901149277
0.4469341458508229 0.44792138030750955
0.4354933939442772 0.4489578995193496
0.42290856684707695 0.45009807065237367
0.5396790118267422 0.43941622628225246
0.5430458253467914 0.43879904911413137
0.5465391363469255 0.43795373917088976
0.5501556853723872 0.4368753609967939
0.5538936532431226 0.4355599821375419
0.5577525390488958 0.43400383952682564
0.5617332654237822 0.43220346006285393
0.5658377627766821 0.4301546676985087
0.5700691356512718 0.42785305860079453
0.5744312133233507 0.42529322148963333
0.5789289226039283 0.4224694960738679
0.5835677934879917 0.41937517784409395
0.5883539220332529 0.4160025938595621
0.593294252086849 0.412343551178472
0.5983961264202589 0.4083887291717724
0.603667592514826 0.4041281228308006
0.6091171926192324 0.39955076851941423
0.6147540507811246 0.3946448518974604
0.620587856487392 0.38939766898114386
0.6266289341509274 0.38379567598219355
0.6328882143568132 0.377824418289677
0.6393774136580853 0.3714686721370954
0.6461088208523668 0.3647121694134234
0.6530955693446386 0.35753781958372516
0.6603517519680485 0.3499277455070427
0.667892226065468 0.34186302153799014
0.6757330370218463 0.3333239960863906
0.6838912304111036 0.3242900261451425
0.692385280174747 0.3147397751590108
0.7012349528210012 0.3046509881100196
0.7104617892285369 0.29400081214592716
0.7200891212111761 0.28276569480409736
0.730142443207667 0.27092158802963856
0.7406498138023858 0.2584441665997181
0.7516422699635065 0.24530905201450592
0.7631544364704034 0.2314921997362602
0.7752253206452836 0.216970445713684
0.7878993734468993 0.20172229177184176
0.8012279405560313 0.18572905568812803
0.8152713295607689 0.1689766189221654
0.8301018084163128 0.15145812535397113
0.8458081636665784 0.13317834759033698
0.8625029317365897 0.11416108462163663
0.8803343756979827 0.09446236991297545
0.8995079015986827 0.07419622792008404
0.9203274334863357 0.05359037234750317
0.9432842054165187 0.03312650997652528
0.9692686853759708 0.013982220785092763
1.0 0.0
