# CURVE 2D, normalized by CHORD
# COLUMN#1 = X-coordinate, COLUMN#2 = Y-coordinate
#-------------------------------------------------------------------------------
0.0 0.0
0.007707394337210883 0.03258936021381431
0.015393956736532096 0.06354297087672928
0.023007344588629033 0.09294835739915719
0.030509497494696527 0.12088723441042738
0.037872827345898884 0.14743608815045173
0.04507744070480444 0.17266670568704737
0.05210926927017528 0.1966465912596094
0.058958728518915614 0.21943931584523554
0.06561965915902032 0.2411048386348266
0.07208856861107929 0.26169977496344743
0.07836407677357847 0.28127762410489615
0.084446366980508 0.29988901155788883
0.09033693602936646 0.3175818457335405
0.09603831163821484 0.3344014891435631
0.1015537129670379 0.35039095389601255
0.10688706204642874 0.3655909795451033
0.11204269913897205 0.38004021161969426
0.1170253086474523 0.3937753080885812
0.1218398611160351 0.4068310375499337
0.12649151401877115 0.4192403903299045
0.13098554990827715 0.43103467438526927
0.13532734626115164 0.4422435968225129
0.13952231691704262 0.45289535381279455
0.14357592659350724 0.4630166893718841
0.1474936121693643 0.47263298817390753
0.15128081382304362 0.4817683221589751
0.15494293474255938 0.49044552280254367
0.1584853402920542 0.4986862348507372
0.16191346483025135 0.5065109193015
0.16523257706701208 0.5139390017605021
0.1684480128613079 0.5209888148224436
0.17156513445905605 0.5276776532821087
0.17458929121266742 0.5340218272424752
0.17752591810115753 0.540036646277192
0.18038051821002188 0.545736451345716
0.1831587917965699 0.5511345669201421
0.1858666598292883 0.55624329265992
0.18851036870168866 0.5610738392239294
0.1910966288359855 0.5656362220026783
0.1936328691881898 0.5699390511187
0.19612737143955378 0.5739893322894974
0.19858976586766697 0.5777919588185757
0.20103177709609424 0.5813488457904755
0.20346803266789865 0.5846576545637855
0.20591773589668413 0.5877091617072457
0.20840782260590174 0.5904815907005618
0.21097724153879194 0.5929288185065454
0.21368449411889476 0.5949480459650226
0.21659971613521734 0.5962892213165789
0.3784978113717917 0.6414134253759455
0.3609028929548021 0.6365093733060556
0.34490751257572067 0.6320511441516103
0.33036625768564665 0.62799820855666
0.31714693505830666 0.6243137216521598
0.3051293690334521 0.6209641881026141
0.29420430901085703 0.6179191576030272
0.2842724362630433 0.615150948057948
0.2752434610377582 0.612634393926058
0.2670353017420444 0.6103466174425216
0.2595733387459409 0.6082668206393066
0.25278973602221055 0.6063760962727476
0.24662282445518288 0.6046572559395121
0.2410165412124305 0.603094673818389
0.23591992008265558 0.6016741446173679
0.2312866281464966 0.6003827544346215
0.22707454456817022 0.5992087633593974
0.2232453776787826 0.5981414987455574
0.21976431687024842 0.597171258187521
0.5403959066083661 0.686537629435312
0.537231305873335 0.6856555925643699
0.5337502450648008 0.6846853520063335
0.5299210781754132 0.6836180873924935
0.5257089945970869 0.6824440963172694
0.5210757026609278 0.6811527061345231
0.5159790815311529 0.679732176933502
0.5103727982884005 0.6781695948123788
0.5042058867213729 0.6764507544791434
0.49742228399764254 0.6745600301125844
0.4899603210015391 0.6724802333093693
0.48175216170582524 0.670192456825833
0.4727231864805401 0.667675902693943
0.4627913137327264 0.6649076931488638
0.45186625371013134 0.6618626626492768
0.4398486876852768 0.6585131290997311
0.4266293650579368 0.654828642195231
0.4120881101678628 0.6507757066002806
0.39609272978878135 0.6463174774458353
0.5451197153817378 0.687829007613436
0.5500934682089995 0.6891335877845873
0.5553308362154562 0.6904451490611454
0.560846232541686 0.6917560496420249
0.5666547988243286 0.6930570816594941
0.5727723511265174 0.6943374590099248
0.5792154649217574 0.6955840567638238
0.5860013741325786 0.696781313736145
0.5931478886511269 0.697910914926537
0.6006733451541806 0.6989509216259308
0.6085963566980906 0.6998757416860124
0.6169356357017535 0.7006550359105185
0.6257096040768186 0.7012534468680802
0.6349359630575917 0.7016294893962471
0.6446310495712172 0.7017346231576277
0.654808997224904 0.701513018574115
0.6654806784360705 0.7008998883278854
0.676652360801657 0.6998213793798999
0.6883241207067942 0.6981940869149741
0.7004879073414657 0.695924503515687
0.7131256144431635 0.6929102933153201
0.7262069298709591 0.6890409419443894
0.7396877431023371 0.6842007072511488
0.753509276259552 0.6782722198116828
0.767598048426773 0.6711402571257057
0.7818677445638051 0.6626970522496762
0.7962221575010443 0.6528462770941008
0.8105601397673642 0.6415071675032978
0.8247801333339994 0.628615330936768
0.838785469300151 0.6141229998871648
0.8524884162397043 0.5979969108867432
0.86581255345723 0.580214753788131
0.8786936772383092 0.5607612282281412
0.8910794590293082 0.5396242580573734
0.9029282113554625 0.5167917287206826
0.9142067345593115 0.49224874236585286
0.9248891091179884 0.46597613715618563
0.934954036349627 0.4379488974498321
0.9443837095391127 0.4081356760750349
0.9531619111244867 0.37649825751057553
0.9612732578856171 0.34299156597972147
0.968702266107385 0.3075636456235958
0.9754326155196472 0.27015572190835924
0.9814464596582799 0.23070228053990835
0.9867238478773093 0.18913116430499677
0.9912435178547855 0.14536378461914018
0.994980918831599 0.09931495316679008
0.9979095058026044 0.050893066453425076
1.0 0.0
