# CURVE 2D, normalized by CHORD
# COLUMN#1 = X-coordinate, COLUMN#2 = Y-coordinate
#-------------------------------------------------------------------------------
0.0 0.0
0.013290338914694149 0.038797589892082616
0.026414551257608908 0.0755844428856625
0.039387060080252057 0.11044703663098633
0.05222210900882301 0.14346677070659414
0.06493354832680381 0.1747201794769093
0.0775350156816831 0.204278973033498
0.09003976388544903 0.23221019204964943
0.10246062991849166 0.25857628663509863
0.11480997596733514 0.2834351807673723
0.12709980243369828 0.3068402137332574
0.13934120570743067 0.32884038527388143
0.15154453978786203 0.3494802190430784
0.16371874118736496 0.3688000655612589
0.17587153314539872 0.38683587391652996
0.18800834905989336 0.4036197641445461
0.20013207303282343 0.41918015129626185
0.21224240297897634 0.4335421780606535
0.22433502321009377 0.4467284526168695
0.23640080983523595 0.4587600252915058
0.24842507719897527 0.4696577066009493
0.2603873075098774 0.47944334285351975
0.27226035043311747 0.48814237649043984
0.284011446786994 0.4957849462350191
0.29560258410592566 0.5024085178510694
0.3069927103288147 0.5080583136334781
0.3181393687230889 0.5127888415697823
0.3290015187521189 0.5166629379094797
0.3395418629122184 0.5197505152961691
0.3497288137433238 0.5221264247122662
0.35953780294145493 0.5238677558097432
0.3689517694113609 0.5250513231649157
0.37796099840197545 0.5257513004456079
0.38656243496720205 0.5260370028681087
0.39475863445259846 0.5259727866560778
0.4025566984845134 0.525616023460691
0.4099671678192048 0.5250179962080425
0.4170030151011414 0.5242232766939178
0.42367883671312706 0.5232705727219612
0.43001021908256454 0.5221933084723056
0.4360131677731737 0.5210198140420306
0.4417037623205543 0.5197741783532099
0.44709788088178987 0.5184767752372238
0.45221092111783806 0.5171444347247477
0.45705779322224666 0.5157914148788248
0.4616528385997014 0.5144297278037087
0.46600962488622066 0.5130689551257845
0.47014113864174994 0.5117172727993393
0.474059652421942 0.5103812609497365
0.4777767242164105 0.5090661176721543
0.6732197161131019 0.4387064688406227
0.6519791728406831 0.44635308308416793
0.6326695880475751 0.4533045505783
0.6151154200538406 0.4596240664820564
0.5991570855140819 0.4653690809400167
0.5846495086597557 0.47059182135634436
0.5714608024285502 0.47533976718936943
0.5594710694910907 0.4796560815830286
0.5485713122752184 0.4835800037590824
0.5386624420789707 0.4871472057373131
0.5296543782642003 0.49039011662661375
0.5214652293416816 0.4933382174350689
0.5140205485030283 0.49601830907911904
0.5072526568315253 0.4984547560282555
0.5011000280392498 0.5006697078001978
0.4955067291371812 0.5026833003201453
0.4904219119534825 0.504513838974643
0.4857993508773927 0.5061779650241864
0.481597022626402 0.5076908068874076
0.8686627080097934 0.36834682000909114
0.8648424095998019 0.36972213079383776
0.8606400813488112 0.371234972657059
0.8560175202727214 0.3728990987066024
0.8509327030890227 0.3747296373611001
0.8453394041869541 0.37674322988104764
0.8391867753946786 0.3789581816529899
0.8324188837231756 0.38139462860212636
0.8249742028845223 0.3840747202461765
0.8167850539620036 0.38702282105463165
0.8077769901472331 0.39026573194393227
0.7978681199509855 0.393832933922163
0.7869683627351132 0.3977568560982168
0.7749786297976536 0.40207317049187596
0.7617899235664481 0.40682111632490103
0.747282346712122 0.4120438567412287
0.7313240121723633 0.417788871199189
0.7137698441786288 0.4241083871029454
0.6944602593855208 0.43105985459707746
0.8704861787916874 0.3674725566878076
0.87231595073002 0.3663922917185563
0.8741811117309457 0.36516768674926176
0.8760908278527841 0.3638104835395459
0.8780500128578569 0.36232274671966497
0.8800619190918932 0.3607027511762377
0.8821289109999547 0.3589467187543489
0.8842527512676422 0.3570494967026492
0.8864348847821905 0.35500504906256325
0.8886763652884136 0.35280646606027477
0.8909780300332903 0.35044620977917595
0.8933404436740606 0.3479160890005951
0.8957639518872564 0.34520733567640316
0.8982486135516894 0.342310559637543
0.9007943010428778 0.339215847722885
0.9034006312484578 0.3359127062583466
0.9060669590798371 0.33239005970859925
0.9087923770312187 0.3286362505834499
0.9115757045845901 0.3246390285384317
0.9144154621204917 0.32038552748251686
0.917309812865989 0.3158622232854473
0.9202567501254578 0.3110550442573054
0.9232537285941639 0.3059491291824797
0.9262980418802533 0.30052904849819606
0.9293864921947499 0.29477859301215514
0.9325155082245536 0.2886808323537463
0.9356811358971091 0.28221809124874975
0.9388790290702835 0.2753719232558145
0.9421043254609455 0.2681230320927009
0.9453517828187866 0.2604513122371428
0.9486155494513613 0.25233572460698284
0.9518893677211426 0.24375435717809232
0.9551664073359774 0.23468432572703468
0.9584394083812232 0.2251017929951965
0.9617002518574189 0.21498178710906363
0.9649405084720581 0.20429835165664692
0.9681509917722314 0.1930243539116562
0.9713217364687992 0.1811314470805656
0.9744423661862277 0.16859012193824183
0.977501504165255 0.1553695005745633
0.9804870920141986 0.14143737224994307
0.9833863660386978 0.12676012479196996
0.9861856796600987 0.11130264549054275
0.9888704578310573 0.09502825293898268
0.9914252089870264 0.0778986339538254
0.993833585451538 0.05987377747989288
0.9960779844029065 0.040911844116349
0.998140002932461 0.020969145260370387
1.0 0.0
