# CURVE 2D, normalized by CHORD
# COLUMN#1 = X-coordinate, COLUMN#2 = Y-coordinate
#-------------------------------------------------------------------------------
0.0 0.0
0.012706345417611113 0.0380131007305401
0.03349798965267299 0.0701142088993974
0.058211726207898974 0.09692157546094113
0.0845331829164629 0.11959285961436161
0.11127391586627085 0.13908477622383064
0.13780972507176165 0.1560911955497876
0.1638011156973983 0.17110919326385404
0.18905990751509874 0.18450138878828856
0.2134829223742241 0.19653904052989704
0.23701716255343996 0.2074300029368591
0.2596403507536539 0.21733716078263285
0.2813494837702466 0.22639088832892545
0.30215410883779187 0.23469692311274293
0.3220716758672327 0.2423428505101847
0.34112490356347164 0.24940174612802984
0.359339776812599 0.2559354643896202
0.3767442652378401 0.26199687016696055
0.39336744780139493 0.26763149204229797
0.4092388480681748 0.2728789487259141
0.42438802553114396 0.27777387904484324
0.43884424567865155 0.2823468040716572
0.45263627957303726 0.28662471094984954
0.46579222599186154 0.290631649692334
0.4783394242928553 0.29438909865873103
0.49030436642748526 0.2979163722858915
0.5017126646527517 0.30123087235074847
0.5125890383236908 0.304348289212077
0.5229572731920771 0.3072829112487124
0.5328402414377625 0.3100477316703526
0.5422599080523048 0.3126546036392252
0.5512373546959775 0.3151143328707521
0.5597927718179329 0.31743688459674196
0.567945506268056 0.31963138602569435
0.5757140827388803 0.32170621837378965
0.5831162107604528 0.32366915962052045
0.5901688326640548 0.32552736891114975
0.5968881410906962 0.3272874788214383
0.6032896075847409 0.32895564053441745
0.6093880111723965 0.3305375630097932
0.6151974621718285 0.3320385645452767
0.6207314322041654 0.333463594576397
0.6260027761672861 0.33481728069617817
0.631023763413811 0.33610393420725315
0.6358060968691709 0.33732759699155596
0.6403609377969296 0.3384920610397799
0.6446989292699471 0.339600887706094
0.6488302179947842 0.3406574282788777
0.6527644741666426 0.3416648472979452
0.6565109135778909 0.34262613226255445
0.7003234734344098 0.3538826147135103
0.6955619695069641 0.3526592717822829
0.6912333295729226 0.35154714184480346
0.6872982023601576 0.35053611462891304
0.6837208139849167 0.34961699897810355
0.6804686427346976 0.3487814392955495
0.6775121234163167 0.34802183958413674
0.674824378581425 0.3473312943919433
0.6723809741860688 0.34670352603540383
0.6701596974630178 0.34613282752945884
0.6681403549875169 0.3456140107058725
0.6663045891006978 0.3451423590480667
0.6646357110217714 0.3447135848136978
0.6631185491318383 0.34432379005518066
0.661739311050081 0.3439694311838014
0.6604854582484834 0.34364728675527484
0.6593455920652128 0.343354428183887
0.6583093500804215 0.343088193118989
0.6573673119124293 0.342846161241809
0.7441360332909287 0.36513909716446613
0.7432796349563904 0.3649190681852116
0.7423375967883982 0.36467703630803155
0.7413013548036068 0.3644108012431336
0.7401614886203363 0.36411794267174574
0.7389076358187386 0.36379579824321917
0.7375283977369813 0.3634414393718399
0.7360112358470482 0.3630516446133228
0.7343423577681218 0.36262287037895385
0.7325065918813027 0.3621512187211481
0.7304872494058018 0.36163240189756174
0.7282659726827508 0.36106170339161675
0.7258225682873947 0.36043393503507726
0.7231348234525029 0.35974338984288384
0.720178304134122 0.3589837901314711
0.716926132883903 0.358148230448917
0.713348744508662 0.35722911479810754
0.709413617295897 0.3562180875822171
0.7050849773618555 0.3551059576447377
0.7464238792730695 0.3653963305241766
0.7488327771740643 0.36515273325954495
0.7513022526750429 0.36454179002124654
0.7538199459716289 0.36364733434052676
0.7563887817134194 0.3625187930690898
0.7590157532990705 0.3611847842543773
0.7617087702392455 0.35966207285866336
0.7644755185200497 0.35795985202132913
0.7673235071416098 0.35608279751975275
0.7702598107435773 0.35403213057719596
0.7732912645637927 0.3518067441844873
0.7764245137734147 0.3494037262632935
0.779666071796843 0.346818710905711
0.783022375430737 0.34404611493203596
0.786499832584047 0.34107929673225634
0.7901048618449368 0.3379106614598484
0.7938439243911638 0.33453172842513956
0.7977234559702583 0.33093307196342214
0.8017500487774872 0.3271045219990963
0.8059302526186721 0.32303494239453445
0.8102707098291019 0.3187123634767319
0.8147781580409997 0.31412396182457675
0.8194592500420341 0.30925586189253934
0.8243207571556839 0.30409331260115036
0.8293692876768587 0.2986203928699267
0.8346115119908345 0.29282019868933534
0.8400538915366964 0.286674565859063
0.8457026152180974 0.280163996297888
0.8515636615342712 0.27326769194519457
0.857642543801198 0.26596331601757917
0.8639441580507486 0.25822685864647293
0.8704726826452244 0.2500325533299576
0.8772312006769061 0.24135258404243912
0.884221531734841 0.23215698335887233
0.8914436455750412 0.22241323493444468
0.8988953451461571 0.21208612573458765
0.9065713944571487 0.20113724165848587
0.9144626836446723 0.1895245841583425
0.9225549389643071 0.17720198921439897
0.9308270949708785 0.1641185010823269
0.9392488961949749 0.15021751536761654
0.9477775416545232 0.1354357525499208
0.9563525949889623 0.11970189080994759
0.9648889810300998 0.10293525124948835
0.973265276407586 0.0850439302218392
0.9813052677132109 0.06592327659299721
0.9887475593017854 0.04545601643216885
0.995191477052075 0.023517568449768714
1.0 0.0
