# CURVE 2D, normalized by CHORD
# COLUMN#1 = X-coordinate, COLUMN#2 = Y-coordinate
#-------------------------------------------------------------------------------
0.0 0.0
0.011713673816025096 0.03134382261670445
0.030391310652469014 0.05747688696214972
0.050637210562099084 0.08043715344391397
0.07112694749590118 0.10118196469551
0.09135746975771253 0.12020634256392844
0.11109714417414891 0.13780951877640854
0.13023037801718937 0.15419308675150017
0.1486994904085396 0.1695035108320254
0.1664784892066157 0.18385346005216066
0.18356016788599547 0.19733306548946733
0.1999486414990774 0.21001700656239378
0.21565533680051335 0.22196845806123947
0.23069617729632133 0.2332421197588723
0.245090023874832 0.24388595314771772
0.2588575082534838 0.25394258817553506
0.27202029277266826 0.2634502756591991
0.2846005385322726 0.2724436269439422
0.2966205311720927 0.28095418140926154
0.30810244648847007 0.28901080633558396
0.31906810861698504 0.29664012556983915
0.329538947305712 0.3038666749327427
0.33953583736260917 0.3107132314348378
0.34907906077566664 0.3172009698679391
0.3581882967844502 0.3233495775820028
0.36688255214793686 0.3291774567520991
0.3751801394986231 0.3347018556885031
0.38309875235275925 0.3399388519977725
0.39065539124769477 0.34490355584417
0.3978663913200512 0.34961015907786785
0.4047474719135642 0.3540719460313158
0.41131372318809317 0.35830139698738145
0.41757961530257154 0.3623102546699872
0.4235590248274293 0.36610956076974294
0.42926531062133644 0.3697096099998896
0.43471124612833 0.37312012700822667
0.439909127738165 0.3763501618473337
0.4448707705053984 0.37940815904315317
0.44960754483715 0.3823019577178735
0.4541304225601723 0.38503877113134016
0.45845002206390256 0.3876251612706935
0.4625766708915789 0.3900669763153483
0.4665204899151491 0.39236923954137826
0.47029157841500174 0.39453584316756185
0.47390014487170085 0.39656929414274705
0.477357017654993 0.39846970610091104
0.4806744132672501 0.4002330829715209
0.483868101282594 0.4018462433586847
0.48696450302034366 0.4032682011657667
0.4900443319083946 0.40426000125425
0.6041173121620755 0.4141362827812569
0.591719978035238 0.4130629386663865
0.5804496742835674 0.41208717128923156
0.5702039436002306 0.4112001100372725
0.5608896429790153 0.4103936907173098
0.5524220969597288 0.4096605822446164
0.5447243278512863 0.40899411999671326
0.5377263559345206 0.4083882452258923
0.5313645632829153 0.40783744997969135
0.5255811154178196 0.40733672702859963
0.5203234355404599 0.40688152434578895
0.515543726561042 0.406467703725052
0.5111985365797529 0.40609150316074566
0.5072483638694901 0.4057495026477399
0.5036572977692513 0.40543859309046193
0.5003926922235795 0.40515594803839106
0.4974248690002417 0.4048989979910539
0.4947268478881163 0.4046654070389292
0.4922741014225478 0.40445305162790673
0.7181902924157564 0.4240125643082639
0.7159605229016032 0.42381951393460715
0.7135077764360347 0.42360715852358466
0.7108097553239093 0.42337356757146
0.7078419321005714 0.42311661752412283
0.7045773265548997 0.42283397247205196
0.7009862604546608 0.422523062914774
0.6970360877443981 0.4221810624017682
0.692690897763109 0.42180486183746185
0.6879111887836911 0.4213910412167249
0.6826535089063314 0.42093583853391425
0.6768700610412357 0.4204351155828225
0.6705082683896304 0.4198843203366216
0.6635102964728646 0.4192784455658006
0.6558125273644223 0.41861198331789745
0.6473449813451356 0.4178788748452041
0.6380306807239204 0.4170724555252413
0.6277849500405835 0.41618539427328227
0.6165146462889131 0.41520962689612734
0.7210122908042405 0.42424593283164425
0.7239772968262608 0.42446666460275473
0.7270925477695701 0.42466983357863664
0.7303655700175397 0.42484967175918537
0.7338041738124074 0.4249991910475989
0.7374164130212177 0.4251100586944676
0.7412105308262376 0.4251724066557387
0.7451948827266623 0.42517449344734415
0.7493778204103692 0.42510243640364764
0.7537675307460453 0.42493984357235415
0.7583718280973412 0.4246676440766067
0.7631978533056787 0.4242633828055032
0.7682517266952961 0.42370123945772775
0.7735380713507498 0.42295145325076067
0.7790594563985132 0.4219801622855234
0.7848157535902945 0.42074934281437587
0.7908034729836938 0.41921707948010045
0.7970150568964148 0.4173378817884763
0.8034383079489786 0.4150635327081661
0.8100561114180301 0.41234444173210516
0.8168463865234404 0.4091309343200096
0.8237827575389177 0.40537530405176925
0.8308355117285736 0.40103325259424344
0.8379728766817464 0.39606499129579104
0.8451630370854329 0.3904365626099643
0.8523756646657408 0.3841196896935972
0.8595831337447398 0.37709108677082753
0.8667617892069543 0.36933181716309943
0.8738921893217316 0.3608257765538748
0.8809592561249628 0.3515584999734394
0.8879519717081411 0.341515935421055
0.8948627667762771 0.33068335580797614
0.9016871790641611 0.31904473300817326
0.9084231059143842 0.30658204461300037
0.9150700782709157 0.2932747944701388
0.9216290397302991 0.2790998994821103
0.9281018659112908 0.26403147494551227
0.9344909841488284 0.24804071402355723
0.9407990713932354 0.23109581933278134
0.9470291783989127 0.21316208569795503
0.9531840612899356 0.19420168279350392
0.9592665492546488 0.17417380021612297
0.9652793351110602 0.15303455946165967
0.9712245368439864 0.1307368688955281
0.9771044734040644 0.10723059488544019
0.982920652192967 0.08246223245860997
0.9886746776134496 0.05637506093362713
0.9943675657898132 0.028908886006147588
1.0 0.0
