# CURVE 2D, normalized by CHORD
# COLUMN#1 = X-coordinate, COLUMN#2 = Y-coordinate
#-------------------------------------------------------------------------------
0.0 0.0
0.0035980859557644402 0.029082233226386034
0.01122356582101447 0.055932102809605456
0.02200012229408653 0.0802379034637458
0.0350168052043931 0.10196350723852658
0.049486684039193374 0.12126657381842168
0.0648023280275864 0.13839638162193338
0.08052270439607798 0.15362319467499427
0.09633844768803491 0.1672012159674347
0.11203624377124864 0.17935489385632739
0.12747081311916272 0.1902764971973447
0.14254474858907154 0.20012825367707265
0.15719380529731913 0.20904701045548643
0.17137741799347253 0.21714778294921863
0.18507152738677837 0.2245279905956451
0.19826394580118872 0.2312703739156435
0.2109510298695674 0.2374454798181949
0.22313511540046235 0.24311409363696068
0.2348229678058341 0.2483285748895082
0.24602438661434947 0.2531345237615407
0.25675140003704694 0.25757163223453644
0.2670175023440274 0.2616747697007809
0.2768371468828893 0.2654747309711263
0.2862254525683005 0.2689986199014123
0.29519782465378513 0.2722705885470911
0.303769751148294 0.2753122361610892
0.3119567037256583 0.2781427840521423
0.3197739590585753 0.2807795276879042
0.3272365226699405 0.2832380490124073
0.33435908712541 0.2855323519650053
0.3411559446383218 0.28767516247298586
0.3476409737085136 0.2896780231590703
0.3538276209592101 0.2915514113339244
0.35972888302864003 0.2933048666942558
0.3653572939255899 0.2949471096996659
0.3707249341730461 0.29648609101265305
0.3758434114540125 0.297929142363348
0.3807238988216259 0.2992829278816629
0.3853771068330027 0.30055362867179364
0.3898133168188981 0.3017469104761624
0.39404239429104737 0.3028679579450219
0.39807376996078647 0.30392163162338504
0.4019164911925624 0.30491235787260523
0.40557921171535916 0.3058442486458718
0.4090702069673554 0.30672112343539243
0.4123973890092626 0.30754652973654856
0.4155683334551906 0.3083237109728393
0.41859026356527035 0.3090557456314189
0.42147009084351517 0.30974545465511294
0.4242144153181018 0.31039546934432366
0.5209919133839493 0.33319252880236805
0.5104742344663515 0.33071496783585125
0.5009127081776263 0.32846263968447237
0.49222041155151247 0.3264150686377643
0.48431832370959077 0.3245536404134842
0.47713460748966197 0.322861432936866
0.4706039563806358 0.3213230625035767
0.4646670008269756 0.31992454392785913
0.45926976850546636 0.3186531634044795
0.4543631936677307 0.3174973629286799
0.449902671087971 0.3164466352234075
0.4458476505609167 0.3154914282186144
0.44216126826359464 0.31462305821425707
0.4388100116296655 0.31383363093756855
0.4357634146897299 0.31311596977694267
0.43299378110797027 0.31246355054001
0.43047593239727966 0.3118704421427985
0.4281869790239246 0.3113312526907881
0.4261061123208746 0.3108410804616877
0.617769411449797 0.3559895882604124
0.6158777144470242 0.35554397714304836
0.6137968477439741 0.35505380491394795
0.6115078943706191 0.3545146154619375
0.6089900456599285 0.353921507064726
0.6062204120781689 0.35326908782779337
0.6031738151382333 0.3525514266671675
0.5998225585043041 0.351761999390479
0.5961361762069821 0.3508936293861216
0.5920811556799278 0.34993842238132855
0.5876206331001681 0.3488876946760562
0.5827140582624324 0.3477318942002565
0.5773168259409232 0.3464605136768769
0.571379870387263 0.34506199510115937
0.5648492192782367 0.34352362466787006
0.557665503058308 0.3418314171912518
0.5497634152163863 0.3399699889669718
0.5410711185902723 0.3379224179202637
0.5315095923015472 0.3356700897688848
0.6204773632457938 0.35659189203217956
0.6233357872523092 0.3571522027202741
0.6263517474437469 0.3576602682303739
0.6295320877414717 0.3581056056536072
0.6328836188035422 0.3584759224734395
0.6364128292289087 0.358758622410298
0.6401259739005773 0.3589391535217466
0.6440288516030402 0.35900272775372105
0.6481268137506645 0.35893309101884124
0.6524246775553099 0.35871344116951764
0.6569266462248063 0.35832566665318616
0.6616363489808377 0.3577515844619955
0.6665567804016551 0.35697212909977155
0.6716903345163578 0.3559678130466161
0.6770389148984884 0.3547190851011874
0.6826039593741243 0.35320612493444803
0.6883864890432766 0.351408836959885
0.6943872710286159 0.34930715819053454
0.7006071002156781 0.34688146116123664
0.7070465171027579 0.3441114706568835
0.7137063914233643 0.34097746049386723
0.7205874733452509 0.3374589372034595
0.7276910000021577 0.3335357062361026
0.7350186018451876 0.3291873470155441
0.7425722311480395 0.3243928919313065
0.7503540806203544 0.31913058166946007
0.7583670558931502 0.31337842779223685
0.7666144865269536 0.30711359373225783
0.7751000682461398 0.3003122214686573
0.7838280008471257 0.29294951025476895
0.7928028028289924 0.2849993924918163
0.8020296097215723 0.2764347824283617
0.8115135391527604 0.2672267958777062
0.82126031034236 0.25734535138970077
0.8312756157733087 0.24675844689376006
0.8415653754334638 0.23543236583370664
0.8521355101210943 0.22333140035292362
0.8629916881019324 0.21041758796815335
0.8741391978822246 0.19665057936198088
0.8855827736199147 0.18198747132394255
0.8973260603565558 0.16638238010201137
0.9093709138404568 0.14978595464782526
0.9217167598154802 0.13214500054115952
0.9343586920594886 0.11340131240360325
0.9472847569470353 0.0934901961291767
0.9604698926943678 0.07233722886417482
0.9738610130243659 0.049850561642025976
0.9873247591206519 0.025894687032549976
1.0 0.0
