# CURVE 2D, normalized by CHORD
# COLUMN#1 = X-coordinate, COLUMN#2 = Y-coordinate
#-------------------------------------------------------------------------------
0.0 0.0
0.011548599916738329 0.04560087881495793
0.025997613397433793 0.08800771542258033
0.04288476195271562 0.12719181730677315
0.06173797201519776 0.16319098842492985
0.0820995782861528 0.19610505140074105
0.10354816909137103 0.22608333251204743
0.1257112382633648 0.25330974437322085
0.14827045642092906 0.27798823633551556
0.17096222625856022 0.30032955903674613
0.19357317560648854 0.3205422000414548
0.2159345574764879 0.3388256340827177
0.2379159335278872 0.3553660649803628
0.2594179220168232 0.37033562398083086
0.28036743069552844 0.3838904896497308
0.30071224590785833 0.3961716684867897
0.32041661942526795 0.40730620861705563
0.33945815608955554 0.4174077491988342
0.35782488654799083 0.426577894242234
0.3755131342845415 0.43490713117965996
0.39252534017636775 0.44247673400289356
0.40886901774199563 0.449358987413613
0.4245553742714752 0.45561861830247113
0.43959844668707165 0.4613135431673721
0.45401435955401476 0.46649566168005646
0.46782074015815 0.4712115450896482
0.4810362530512844 0.47550304515865743
0.49368022233003234 0.4794078577205821
0.5057723809679289 0.48295985303458205
0.5173325646763118 0.486189735103844
0.5283806130773848 0.4891251197866352
0.5389361484484544 0.4917911343207872
0.5490185451394731 0.49421039179135773
0.5586467580341868 0.49640358113895344
0.5678393425794068 0.49838933284244213
0.5766143285760824 0.5001847533631177
0.5849892645216012 0.5018052260851312
0.5929811083116667 0.5032649835380686
0.6006062796327066 0.5045769074875903
0.6078806430235113 0.5057526663705028
0.6148194581623503 0.506803112811608
0.6214374291743796 0.507738104002179
0.6277487176682186 0.5085664964415438
0.6337668866913149 0.5092967039292176
0.6395049882484519 0.5099361889076229
0.6449755265132869 0.5104918963681395
0.6501904838427197 0.5109702270348269
0.6551613495117519 0.5113769160481453
0.6598991100428259 0.5117173428000003
0.6644142768101251 0.5119964599698507
0.7342119984521354 0.5159545556384606
0.726626453877393 0.515524393873592
0.7197305042639909 0.5151333377237114
0.713461459160898 0.514777832132911
0.7077623272489955 0.5144546452321832
0.7025812982381748 0.5141608389587944
0.6978712718647017 0.5138937423466227
0.6935894297069988 0.5136509272446484
0.6896968459272688 0.5134301862428536
0.6861581334002416 0.5132295126048584
0.682941122012035 0.5130470820248627
0.6800165662045745 0.5128812360430485
0.6773578791068832 0.5127304669686719
0.6749408908362546 0.5125934041737841
0.6727436287720469 0.5124688016329769
0.6707461178045853 0.5123555265958796
0.6689301987432567 0.5122525492894274
0.6672793632329578 0.512158933556289
0.6657786036781407 0.5120738283443451
0.8040097200941457 0.5199126513070704
0.8026453932261302 0.519835282932576
0.8011446336713131 0.519750177720632
0.7994937981610142 0.5196565619874937
0.7976778790996855 0.5195535846810415
0.7956803681322239 0.5194403096439442
0.7934831060680162 0.5193157071031371
0.7910661177973877 0.5191786443082492
0.7884074306996963 0.5190278752338727
0.7854828748922358 0.5188620292520584
0.7822658635040293 0.5186795986720627
0.778727150977002 0.5184789250340675
0.7748345671972721 0.5182581840322728
0.7705527250395692 0.5180153689302985
0.7658426986660959 0.5177482723181268
0.7606616696552754 0.517454466044738
0.7549625377433727 0.5171312791440102
0.7486934926402798 0.5167757735532097
0.7417975430268777 0.5163847174033293
0.8053284864744149 0.5174781904667487
0.8064034698481733 0.5147352082008803
0.807469578942988 0.5118311955713172
0.8085554211744004 0.5087698469289017
0.8096733887529396 0.5055476483217607
0.8108310475046462 0.5021587575777076
0.8120340467941111 0.49859616125744133
0.8132870867531654 0.4948520360197978
0.8145944312080313 0.49091792033458986
0.8159601386536616 0.4867847776363571
0.8173881999387764 0.482443022190187
0.8188826360560186 0.4778825280811158
0.8204475410160662 0.4730926176172415
0.822087128122573 0.46806204887518066
0.8238057838718376 0.4627790038706831
0.8256080752689124 0.45723105981918405
0.827498789127823 0.4514051691240062
0.8294829525304614 0.44528763149460904
0.8315658644401598 0.43886406791032523
0.8337531169809526 0.4321193893941569
0.8360506246168744 0.42503776644347246
0.8384646551673635 0.4176025970745182
0.8410018592142074 0.40979647228383026
0.8436693096765506 0.401601142669419
0.846474537966273 0.3929974817189057
0.8494255875823858 0.3839654524804576
0.852531049152004 0.3744840658047379
0.8558001341435594 0.364531348775045
0.8592427419021835 0.35408430851169564
0.8628695336634271 0.3431188957605142
0.8666920327443065 0.3316099746312561
0.8707227536943166 0.3195312996158947
0.8749753219075704 0.3068554872743941
0.8794646747755559 0.2935540133390221
0.884207245635277 0.2795972028721962
0.8892213020478912 0.26495427244529685
0.8945273027405114 0.24959338073185364
0.9001483636160271 0.2334817208115822
0.9061109778021659 0.21658570993165813
0.912445993885235 0.19887128873583984
0.9191900135445045 0.1803044039872336
0.9263875620427249 0.1608518350947374
0.9340945211075002 0.1404826124110963
0.9423839867617974 0.11917061176145487
0.9513568561461259 0.09689957355274154
0.9611634400859634 0.07367405482848996
0.9720538564066155 0.04954710951055408
0.9845262457804999 0.02471101821671236
1.0 0.0
