# CURVE 2D, normalized by CHORD
# COLUMN#1 = X-coordinate, COLUMN#2 = Y-coordinate
#-------------------------------------------------------------------------------
0.0 0.0
0.007032311888818241 0.03862514760266243
0.014917244102760583 0.07517504304709874
0.023499945035671065 0.10973562262332259
0.03265086651080277 0.14239243195948315
0.04226140879392391 0.17322930355094704
0.052239999105857846 0.20232761250350495
0.06250868901255417 0.22976596066439636
0.07300149831588941 0.2556196526517292
0.08366164933731995 0.2799608781575523
0.09444045048957321 0.30285851700513255
0.10529586657392764 0.32437822691614954
0.11619142103558995 0.34458254038742553
0.12709527928196318 0.36353099549515716
0.1379795788482608 0.3812802283051952
0.14881974311072815 0.39788415236999763
0.15959387385916946 0.41339417395838934
0.17028233803806359 0.4278593497782272
0.18086746044590232 0.44132651129986766
0.1913331933620817 0.45384044321953126
0.20166464323103572 0.4654442433930996
0.2118481041039264 0.4761793054421437
0.22187066321607327 0.4860857034682619
0.23172030650821693 0.4952021450534732
0.24138568026099722 0.5035662738722111
0.2508557881376567 0.511215150528037
0.2601204918782923 0.5181848004022411
0.2691701637303182 0.5245107524842583
0.2779958287970592 0.5302280269494978
0.28658914105645134 0.535371356338818
0.2949427567968657 0.5399747339055155
0.30304999225756346 0.5440721485740828
0.3109052283618111 0.5476970433370301
0.3185040175522177 0.5508821281094431
0.3258429057885167 0.5536598564685584
0.3329197124917903 0.5560618078550796
0.3397335643070338 0.558118429921209
0.34628465659547386 0.5598596638537299
0.35257447203444847 0.5613140628268537
0.358605717726982 0.5625084693212817
0.3643820583725182 0.5634686982719919
0.3699080856170711 0.5642193770000375
0.37518930193440114 0.5647832874889865
0.38023196756983973 0.5651811375851417
0.385042867729319 0.5654326979478316
0.3896292842826202 0.5655562427140851
0.39399887951566787 0.5655677463702917
0.39815954784604585 0.5654825224872456
0.40211934267543714 0.565313978428519
0.4058863981638311 0.5650745567353438
0.48312693680716334 0.5593681224954542
0.4747325145384649 0.5599882918974232
0.46710122156692085 0.5605520822628494
0.46016368250188083 0.5610646189586915
0.4538568288063899 0.561530561409457
0.4481233254468526 0.5619541454556075
0.4429110496654552 0.5623392218611989
0.438172617136912 0.5626892913208273
0.4338649512018728 0.5630075362841259
0.42994889126092806 0.5632968498871247
0.42638883676916006 0.5635598622534872
0.4231524235948256 0.5637989644047259
0.420210229799976 0.564016329996761
0.41753550816829466 0.5642139350804293
0.4151039430485842 0.5643935760655823
0.412893429303393 0.564556886052085
0.41088387135321913 0.5647053496761785
0.4090570004894247 0.5648403166071724
0.40739620879506616 0.564963013817167
0.5603674754504956 0.5536616882555646
0.5588576648192606 0.5537732311737414
0.557196873124902 0.553895928383736
0.5553700022611076 0.5540308953147299
0.5533604443109337 0.5541793589388234
0.5511499305657425 0.5543426689253261
0.548718365446032 0.5545223099104791
0.5460436438143507 0.5547199149941474
0.543101450019501 0.5549372805861825
0.5398650368451666 0.5551763827374212
0.5363049823533986 0.5554393951037837
0.5323889224124538 0.5557287087067825
0.5280812564774147 0.5560469536700811
0.5233428239488715 0.5563970231297095
0.5181305481674741 0.5567820995353009
0.5123970448079368 0.5572056835814514
0.5060901911124459 0.5576716260322169
0.49915265204740583 0.558184162728059
0.4915213590758618 0.5587479530934852
0.5641846817773503 0.5533510784781949
0.5681874095825852 0.5529649299464312
0.5723834219310794 0.5524938415623216
0.5767806534083065 0.5519279994619273
0.5813872042630321 0.5512570309694794
0.5862111760082858 0.5504689935274408
0.5912607781168923 0.5495513486452854
0.5965442784465762 0.5484906752342104
0.6020698661903602 0.5472721222068342
0.6078457498866987 0.5458800555348869
0.6138799298353881 0.5442972052429483
0.6201803169870118 0.5425053518647541
0.6267546755532744 0.5404851659267677
0.6336104366353527 0.5382157181568751
0.6407546618014885 0.535674583234513
0.6481941487913329 0.5328382605143703
0.6559350742414786 0.529681329533088
0.6639831193222999 0.5261769763077098
0.6723434483429185 0.5222970232403396
0.6810203984106482 0.518011369017121
0.6900174003176189 0.5132880356801214
0.6993370305193687 0.5080934273999715
0.7089808056928836 0.5023920774341207
0.7189489609821776 0.49614643924122054
0.7292403871489459 0.4893169749768549
0.7398521993858099 0.48186170286130636
0.7507799489321615 0.47373672762302976
0.7620169279502917 0.4648954866726711
0.7735540653952891 0.45528891992480036
0.7853793285617341 0.44486505608578775
0.7974777727423475 0.4335694208627363
0.8098305023425261 0.4213442700770077
0.8224142736892291 0.40812869150785147
0.8352007771099389 0.39385845280635096
0.8481557480178893 0.3784658304591143
0.8612379201789815 0.36187947477855964
0.8743977938171592 0.34402432796085164
0.8875761874452125 0.32482161908945795
0.9007025346434904 0.30418896653615335
0.9136924694799082 0.2820403983371296
0.926446226711139 0.2582872996902502
0.9388448331404202 0.23283858863351745
0.9507473467207653 0.20560222596357097
0.9619866379508144 0.17648679297211534
0.9723655691213609 0.145404260951903
0.9816513721980417 0.11227331480380136
0.9895719217325223 0.07702477080521493
0.9958099833855051 0.039608019481755095
1.0 0.0
