# CURVE 2D, normalized by CHORD
# COLUMN#1 = X-coordinate, COLUMN#2 = Y-coordinate
#-------------------------------------------------------------------------------
0.0 0.0
0.0072090333189084276 0.028434511439177856
0.013705962245010098 0.05560597251411037
0.019625745687057012 0.08154618150320504
0.025062772343406467 0.10629615602734042
0.030086618712195947 0.1299009407502428
0.03475064711142138 0.1524070259843661
0.03909710682658322 0.17386096308088161
0.043160267110337026 0.19430860319602863
0.0469685534049596 0.21379464730106196
0.05054592776335895 0.2323624045557953
0.05391286779516145 0.25005365975860167
0.057087096915675435 0.2669086054378922
0.06008413872744814 0.28296581622892447
0.06291768077461188 0.2982622629592996
0.06559989920988668 0.3128333349182323
0.06814170378342874 0.3267128763326315
0.07055292596216808 0.33993323163242933
0.07284247552517573 0.3525252941881271
0.07501846085359301 0.3645185590264134
0.07708829864281867 0.37594117464033583
0.07905879999720149 0.3868199961817069
0.08093623954587253 0.39718063880283966
0.08272642116778486 0.4070475287188772
0.08443472810398323 0.41644395426444814
0.08606617567263222 0.42539211371394714
0.08762544138344529 0.4339131645359779
0.08911690957980725 0.4420272674200431
0.09054470580638675 0.44975362965942955
0.0919127137070194 0.45711054935146683
0.0932246190099638 0.46411545226268425
0.09448391872919198 0.47078493288651746
0.09569397608754387 0.4771347847021131
0.09685799955863443 0.48318004262184105
0.09797912047057664 0.4889350045634933
0.09906039758134184 0.49441326466565316
0.10010485323841377 0.4996277382310608
0.10111551794238709 0.5045906824930129
0.10209548738181728 0.5093137119517219
0.10304799814558653 0.513807806236795
0.10397653183315621 0.5180833070927205
0.10488496322174251 0.5221498986660442
0.10577777851018609 0.526016560802149
0.10666054898702793 0.5296914419669668
0.10754053865958452 0.5331816550299568
0.10842825860750942 0.5364927363112748
0.10934055673748386 0.5396274081595519
0.11030971145724132 0.5425815991212875
0.11141880261750464 0.5453259677949879
0.11316843475160143 0.5474034581023474
0.3511942953717781 0.5421202871730044
0.32532588973905 0.5426944567538693
0.3018091573456609 0.54321642910011
0.28043030971530714 0.5436909494148744
0.26099499368771284 0.5441223315192055
0.24332652457171805 0.5445144970685976
0.22726427992081366 0.5448710112044085
0.2126622393290824 0.5451951149642366
0.1993876569729631 0.5454897547458986
0.18731985483103644 0.5457576090928639
0.1763491256111031 0.5460011130446506
0.16637573541116374 0.5462224802735476
0.1573090170475825 0.5464237232089085
0.14906654580796316 0.546606671331964
0.14157339013558196 0.5467729878074687
0.1347614304334172 0.5469241846033823
0.12856873979508565 0.547061636236031
0.12293902103296606 0.5471865922657116
0.11782109488558457 0.5473001886563303
0.5892201559919548 0.5368371162436616
0.5845674958579716 0.5369403856896786
0.5794495697105901 0.5370539820802973
0.5738198509484705 0.537178938109978
0.567627160310139 0.5373163897426266
0.5608152006079743 0.5374675865385402
0.553322044935593 0.537633903014045
0.5450795736959737 0.5378168511371004
0.5360128553323924 0.5380180940724614
0.5260394651324531 0.5382394613013584
0.5150687359125198 0.538482965253145
0.5030009337705931 0.5387508196001104
0.4897263514144738 0.5390454593817723
0.47512431082274253 0.5393695631416004
0.45906206617183815 0.5397260772774113
0.44139359705584336 0.5401182428268033
0.42195828102824906 0.5405496249311346
0.4005794333978953 0.5410241452458988
0.3770627010045062 0.5415461175921396
0.59277118562358 0.5366843037875848
0.5964901876743475 0.5363726085295042
0.6003791623276229 0.5358912115129482
0.6044401564601624 0.5352291628684396
0.6086753697244203 0.53437569149935
0.6130872739536515 0.5333202651661773
0.6176784528085099 0.5320516426558857
0.6224519576102386 0.5305590969985227
0.6274110624609093 0.5288312501026468
0.6325592884629286 0.5268561822403499
0.6379006392501374 0.5246219499003992
0.6434393182766223 0.5221157496596903
0.6491798806351565 0.5193242702122095
0.6551270069894978 0.516233184702152
0.661285846529122 0.5128278039508757
0.6676616277085828 0.5090922792685391
0.6742597696923324 0.5050098254777817
0.6810858761772605 0.5005626853191648
0.6881456007070789 0.4957319024905487
0.6954447297657399 0.4904974368539748
0.7029888673660608 0.48483771421620697
0.7107837009061451 0.47872999770821056
0.7188347380889097 0.4721500208473741
0.7271472406865935 0.4650719159308351
0.7357260096363167 0.4574679792443916
0.7445755136848349 0.4493088398451484
0.7536996666780234 0.4405632158801413
0.7631014570311282 0.43119756281150595
0.7727831119108564 0.4211762912072527
0.7827456343434134 0.4104613519902576
0.7929884284249444 0.39901197512875397
0.8035094499453195 0.3867849003375744
0.8143042489215396 0.3737336491672365
0.8253661188907042 0.3598088159547574
0.8366850474406651 0.3449573981085856
0.8482473860473302 0.329122802330582
0.8600350551570513 0.31224455099292786
0.8720243388408555 0.29425782251236104
0.8841853763478522 0.27509359654381055
0.896479982985761 0.25467785328491066
0.9088608109744339 0.23293186698732582
0.9212686292392892 0.2097716081625942
0.9336301586255665 0.18510787592621955
0.9458549446112917 0.158846352149679
0.9578316178366233 0.13088797103902466
0.9694229267031721 0.10112956055434792
0.9804604745006605 0.0694654478941798
0.9907371914915631 0.03578963999657125
1.0 0.0
