# CURVE 2D, normalized by CHORD
# COLUMN#1 = X-coordinate, COLUMN#2 = Y-coordinate
#-------------------------------------------------------------------------------
0.0 0.0
0.004529824223867771 0.015332226185698176
0.011190076002757968 0.02903277599236456
0.01919204089401644 0.04114061345532639
0.027975360189344968 0.05181677532771339
0.03716642524489125 0.061246760198822726
0.046520266968698064 0.06960188499074525
0.055875808486695745 0.07702920436367999
0.06512656711232097 0.0836516226331672
0.07420167603200725 0.08957164508624521
0.08305429945942523 0.09487477731950661
0.09165388481461832 0.09963299267574188
0.09998119153212084 0.1039073811638476
0.10802494157161052 0.1077502767613884
0.11577956776039221 0.11120683858355157
0.12324364976818056 0.11431625453006379
0.13041867373036797 0.11711300846251074
0.13730832575065194 0.11962743170825019
0.1439178725918135 0.12188637999461524
0.1502536801173229 0.12391386490819001
0.15632292272937923 0.12573136544603808
0.16213333163975766 0.1273581711569133
0.16769299638764049 0.12881169449359542
0.17301023177748132 0.13010766218385006
0.17809344987165437 0.13126037980194843
0.18295109599875733 0.13228280888499566
0.1875915685655478 0.1331867661312247
0.192023155834038 0.13398312377309543
0.19625404764189971 0.1346816358436827
0.2002922425038073 0.13529137714424777
0.20414556393512906 0.1358206136057484
0.20782163848755722 0.13627689148418273
0.21132787820354762 0.13666713640932923
0.21467147311138338 0.1369977076141997
0.21785938801668492 0.1372744288557428
0.2208983618543211 0.13750259367963844
0.22379489463809374 0.13768716680010143
0.22655526635601872 0.137832565696995
0.2291855213158416 0.1379429633126039
0.23169148584077912 0.13802201292393243
0.23407875737503167 0.1380732153120086
0.23635271886475617 0.13809966023803705
0.23851853843317136 0.1381042486683872
0.24058117685917524 0.13808960017477792
0.2425453904693986 0.13805801745397148
0.24441573989225746 0.13801174306734929
0.24619659099450744 0.1379526691058709
0.24789212544633835 0.13788259777180464
0.249506346056266 0.13780317241817752
0.2510430787983068 0.1377158237505428
0.4665188853099242 0.12465146919271555
0.4431011963564691 0.12607128980443866
0.42181238821696454 0.127362035815096
0.4024589262719604 0.12853544127932998
0.38486486995832025 0.12960217351954265
0.36887027330955646 0.13057193010155418
0.3543297309015894 0.13145352699429194
0.3411110559852557 0.13225497871496264
0.32909407878858876 0.13298357118829965
0.31816955406434605 0.13364592798224237
0.30823816795139813 0.1342480705221903
0.2992096351214455 0.13479547283123386
0.2910018780033067 0.13529311129400073
0.28354028062318054 0.13574550989651607
0.27675701027761135 0.13615678135334822
0.2705904008725484 0.13653066449592288
0.26498439232249116 0.13687055826189987
0.2598880209133482 0.13717955259460618
0.25525495599594555 0.13746045653343014
0.6819946918215416 0.11158711463488828
0.6777828146239029 0.11184248185200096
0.6731497497065002 0.1121233857908249
0.6680533782973572 0.11243238012353124
0.6624473697473 0.11277227388950821
0.656280760342237 0.11314615703208288
0.6494974899966679 0.11355742848891501
0.6420358926165417 0.11400982709143036
0.6338281354984029 0.11450746555419725
0.6247996026684502 0.11505486786324082
0.6148682165555024 0.11565701040318874
0.6039436918312596 0.11631936719713146
0.5919267146345927 0.11704795967046845
0.5787080397182589 0.11784941139113915
0.5641674973102919 0.11873100828387691
0.5481729006615281 0.11970076486588845
0.530578844347888 0.12076749710610114
0.5112253824028838 0.1219409025703351
0.4899365742633793 0.12323164858099246
0.6837205388688411 0.1114802680456956
0.6855323840673891 0.11136342524693506
0.6874344836230345 0.11123560909809668
0.6894313020204237 0.11109577488058818
0.6915275154985215 0.1109427162878203
0.6937280331197669 0.11077521341564515
0.696037996255069 0.1105918713813412
0.698462790413846 0.11039113519003925
0.7010080630758683 0.11017136216364576
0.7036797244003027 0.10993068348366714
0.7064839698392352 0.10966711862824276
0.7094272788537034 0.10937841641729185
0.712516440662964 0.10906218437509421
0.7157585512181079 0.10871571559399335
0.7191610416545832 0.10833612537470169
0.7227316722685655 0.10792015658809641
0.7264785623092206 0.10746431196562363
0.730410189616149 0.10696471377346302
0.7345353983194765 0.10641704753556759
0.7388634243227733 0.1058166374011638
0.7434038972467217 0.10515833522555962
0.7481668377276052 0.10443639675125865
0.7531626872601218 0.10364458146798067
0.7584022899437216 0.10277593424974842
0.7638969110742275 0.10182281999212726
0.7696582198322431 0.10077674700748879
0.7756982970217541 0.09962835500956338
0.7820296073781569 0.09836722299582401
0.7886649930390982 0.09698181710723777
0.7956176270702481 0.09545926499867352
0.802900974053059 0.09378521160376803
0.8105287252693381 0.09194360407967006
0.8185147023773712 0.0899164080113487
0.8268727504129519 0.0876833596590577
0.8356165634510868 0.08522155401281778
0.8447594677117025 0.08250501472832131
0.8543141031376787 0.07950408674494225
0.8642920465005922 0.07618486335942543
0.874703180613942 0.07250812878333777
0.8855549649450322 0.06842845024770239
0.8968512692671649 0.0638926204124459
0.9085907750956204 0.058837836030416084
0.9207645805612683 0.0531891596258912
0.9333527284317004 0.04685636256887811
0.9463187647527658 0.039729408454944215
0.9596011927840675 0.031672421589704805
0.9730999057467565 0.022516070183330655
0.9866532890627261 0.01204744491987966
1.0 0.0
