# CURVE 2D, normalized by CHORD
# COLUMN#1 = X-coordinate, COLUMN#2 = Y-coordinate
#-------------------------------------------------------------------------------
0.0 0.0
0.027754222424252992 0.029462050511821162
0.06025907526420482 0.05054598381348396
0.09321380472487832 0.06719743285285922
0.12552924505080892 0.08107651656298427
0.156826443033081 0.09301476480720958
0.18695865660664474 0.10349400267704814
0.2158746424352827 0.11282289201181593
0.24356841643129348 0.12121337542310835
0.27005727653182793 0.12881879373469943
0.29537096405722063 0.13575499827902657
0.31954611432697205 0.14211194314209596
0.3426229401247879 0.14796150006153844
0.3646433531532262 0.15336220219171304
0.3856497731245235 0.1583625955768945
0.40568436666248187 0.16300363772513374
0.4247886485599658 0.16732004149007199
0.44300308488265144 0.17134190976776498
0.46036697929962295 0.17509532402337719
0.4769183432842788 0.17860310503350618
0.4926938025372749 0.18188549724333192
0.5077286041066843 0.18496042809794272
0.5220565994162251 0.1878439044354868
0.535710246158888 0.19055033864106435
0.5487206485310284 0.19309269092072906
0.5611175778279828 0.19548270922045344
0.5729295129917891 0.1977310655967949
0.584183676851946 0.19984750826353082
0.5949060865219553 0.2018409301882728
0.6051215925750802 0.2037194863697546
0.6148539243255553 0.20549066805883034
0.6241257322258401 0.20716138115436714
0.6329586306327292 0.20873801102067138
0.6413732483149351 0.21022643145667338
0.649389256280453 0.21163212909455442
0.6570254231693273 0.21296016067424464
0.6642996432197253 0.21421525380929038
0.6712289833430639 0.21540178729063186
0.6778297122263488 0.21652386376482946
0.6841173378684055 0.2175853231943322
0.690106642363125 0.21858976151602322
0.6958117135086016 0.2195405578421685
0.7012459730806996 0.22044091205060462
0.7064222046003146 0.22129387631930222
0.7113525770200804 0.22210240250799185
0.7160486630777144 0.22286941366105317
0.7205214382842307 0.2235979861176969
0.7247812394703831 0.2242917708384028
0.7288375185326743 0.22495664155877396
0.7326958695121306 0.22561788963061652
0.7782375658305227 0.23437822243870668
0.7732881411314704 0.2334261584824335
0.7687886641323319 0.23256064579491245
0.7646982304967516 0.2317738160789842
0.7609796544644057 0.23105851633723126
0.7575991307986367 0.23040824384472858
0.7545259274661196 0.2298170870333625
0.7517321062547403 0.22927967175030245
0.74919226878985 0.22879111240206604
0.7468833256399497 0.22834696754003292
0.7447842864127677 0.22794319948363917
0.7428760689335113 0.22757613761419032
0.741141325770551 0.22724244500560045
0.7395642865314961 0.22693908808870059
0.7381306144959917 0.22666330907333707
0.7368272762818967 0.22641260087755202
0.7356424233599923 0.22618468433592928
0.7345652843400791 0.22597748747990862
0.7335860670492489 0.22578912670170798
0.823779262148915 0.24313855524679684
0.8228890646117967 0.24296731817570538
0.8219098473209665 0.24277895739750474
0.8208327083010533 0.24257176054148408
0.8196478553791489 0.24234384399986134
0.8183445171650539 0.2420931358040763
0.8169108451295495 0.24181735678871277
0.8153338058904945 0.2415139998718129
0.8135990627275342 0.24118030726322304
0.8116908452482778 0.2408132453937742
0.8095918060210958 0.24040947733738044
0.8072828628711956 0.23996533247534732
0.8047430254063053 0.2394767731271109
0.801949204194926 0.23893935784405085
0.7988760008624087 0.23834820103268478
0.7954954771966398 0.2376979285401821
0.791776901164294 0.23698262879842916
0.7876864675287135 0.2361957990825009
0.7831869905295751 0.23533028639497985
0.8253073004424931 0.24336257458762342
0.826926315150301 0.24345359558967852
0.8286280011710402 0.24339599842125736
0.8304025501204785 0.243178506849831
0.8322400354472269 0.24279403922726625
0.8341315121204675 0.24223905506070834
0.8360697586654391 0.24151275878295814
0.8380495753425484 0.24061603458704398
0.8400676813053641 0.23955040954191978
0.8421224426030302 0.23831735937862075
0.844213771629802 0.23691819068751516
0.8463423771154471 0.2353530802044894
0.8485100805046634 0.23362180781674521
0.8507191397115895 0.23172302991334115
0.8529722670869901 0.22965454563315502
0.8552726299138831 0.22741343112423232
0.8576235842358446 0.2249958672956344
0.8600288331230046 0.22239739102792408
0.8624922200107705 0.21961275417402354
0.8650178005564038 0.2166360413756904
0.8676098038774696 0.21346066482975457
0.8702727132739662 0.2100794458352242
0.8730111798979879 0.20648454908277578
0.8758301191422401 0.20266755621052862
0.8787347009422977 0.19861944595548747
0.8817303168009121 0.19433055616712927
0.8848227804712134 0.18979070333888634
0.888018147737361 0.18498902971351286
0.8913229834303954 0.17991415406224187
0.8947442184304564 0.17455403998710958
0.8982893595067069 0.16889609420362098
0.901966460800455 0.16292710459035076
0.9057842912268264 0.15663329863542058
0.9097523738517364 0.15000031743766096
0.9138811856726888 0.14301328349673953
0.9181822706790976 0.13565681160871298
0.9226684634440668 0.12791508244758662
0.9273541568305383 0.11977193858918023
0.9322556504240551 0.11121102595532303
0.9373915871403611 0.10221598779510929
0.9427835774717328 0.09277077332227551
0.9484570471548077 0.08286009125255941
0.9544424365181233 0.07247010115055182
0.9607769707412938 0.06158950726544934
0.9675073531424807 0.050211339465193315
0.9746940209133352 0.038335971809267864
0.9824183482314506 0.025976617978430733
0.9907955574550144 0.013170063750470085
1.0 0.0
