# CURVE 2D, normalized by CHORD
# COLUMN#1 = X-coordinate, COLUMN#2 = Y-coordinate
#-------------------------------------------------------------------------------
0.0 0.0
0.005619433207614908 0.011844638615847818
0.010462061331245439 0.02409277450448366
0.01464579286708854 0.0366452214824602
0.018266770825985507 0.049434460383193955
0.021402787689103683 0.06241372244413739
0.024116919018005816 0.07554999345606671
0.02646062201795269 0.08881954190736313
0.026496810289396707 0.08904180553338645
0.028729868696049238 0.10405522861053107
0.030581580845159297 0.11903158795532509
0.032102062603824304 0.13395703744938142
0.033332357702994114 0.148821692681821
0.03430651253059105 0.16361842006530297
0.03505309106789802 0.17834203630641904
0.03559625465400381 0.19298876731977777
0.03595665101015536 0.20755586908302404
0.03615208317256957 0.22204136239730643
0.05195423897313782 0.22204136239730643
0.06800381640737452 0.22204136239730643
0.084304689469789 0.22204136239730643
0.10086079281180749 0.22204136239730643
0.11767612269150636 0.22204136239730643
0.13449145257120523 0.22204136239730643
0.15104755591322372 0.22204136239730643
0.1673484289756382 0.22204136239730643
0.18339800640987491 0.22204136239730643
0.19920016221044315 0.22204136239730643
0.20360339203502598 0.23652330090702542
0.20826860162184213 0.25101855880341084
0.21323155981076033 0.2655113212647856
0.21853659224494704 0.2799804249778312
0.22423942970193822 0.2943969351905082
0.23041173376600632 0.3087200787198252
0.23714756946742072 0.322890470390343
0.24457344181818283 0.3368179769259449
0.25286377045702063 0.35035875812766387
0.2529774354822907 0.3505301336717268
0.26047001432181505 0.361000462034755
0.2687814989912739 0.3707657829123754
0.27809654125684335 0.3795011741927224
0.288589357093553 0.3866794509070602
0.3002756305301863 0.3915276790174575
0.31275152245526244 0.39324553091618863
0.3357040510058819 0.39324553091618863
0.35902691572945566 0.39324553091618863
0.3827260919537432 0.39324553091618863
0.4068076514176687 0.39324553091618863
0.43127776382690364 0.39324553091618863
0.45614269843454736 0.39324553091618863
0.4814088256473127 0.39324553091618863
0.5070826186576269 0.39324553091618863
0.5331706551020661 0.39324553091618863
0.5596796187465485 0.39324553091618863
0.5866163011987183 0.39324553091618863
0.613987603647958 0.39324553091618863
0.6413589060971977 0.39324553091618863
0.6682955885493675 0.39324553091618863
0.69480455219385 0.39324553091618863
0.7208925886382891 0.39324553091618863
0.7465663816486033 0.39324553091618863
0.7718325088613687 0.39324553091618863
0.7966974434690124 0.39324553091618863
0.8211675558782474 0.39324553091618863
0.8452491153421728 0.39324553091618863
0.8689482915664604 0.39324553091618863
0.8922711562900341 0.39324553091618863
0.9152236848406536 0.39324553091618863
0.9178876647992704 0.38222385005976073
0.9195915907420312 0.3708637337776764
0.9211312278897664 0.35943942815277846
0.9225879857244647 0.3479635592448572
0.9239932612089765 0.3364404771994026
0.9253631213701216 0.3248722161209727
0.925395197984274 0.3245979001885852
0.9276201222267921 0.3052444734734527
0.9297702972540115 0.2860272176665161
0.9318620464103193 0.26694703340667375
0.93390563248833 0.24800406499026534
0.9359080237374254 0.22919806087997927
0.937874216939997 0.21052854123495204
0.9398079558335792 0.1919948865529676
0.9417121312627778 0.17359638633147542
0.9435890439654974 0.1553322702298485
0.945440558725671 0.1372017262845004
0.9472682223790622 0.11920391446107288
0.9547361267340243 0.11920391446107288
0.9623164694048882 0.11920391446107288
0.9698968120757523 0.11920391446107288
0.9773647164307144 0.11920391446107288
0.9797211469397981 0.10678661838349245
0.9820880864452631 0.09431445597944696
0.9844656017125633 0.08178718859775892
0.9868537681508018 0.0692045781175397
0.9892526756282856 0.05656638804772102
0.9916624406549363 0.043872385836018955
0.9940832366895541 0.031122348621500102
0.9941058946310648 0.031003025383801324
0.9955794643916388 0.023243515802351938
0.9970523308079652 0.015489715969811033
0.9985248347157608 0.007741686428821239
1.0 0.0
