# CURVE 2D, normalized by CHORD
# COLUMN#1 = X-coordinate, COLUMN#2 = Y-coordinate
#-------------------------------------------------------------------------------
0.0 0.0
0.012564264567227682 0.0035165304631743707
0.02456314264088521 0.008771018002700588
0.03578564472413402 0.01562920295799376
0.046106185353025145 0.023868755653485205
0.0554893115812896 0.03323883710259082
0.06396634342462322 0.04350642815690812
0.06407502257492945 0.04365043766655753
0.07206091055113623 0.055188970137823416
0.07915800556054874 0.06721209412446683
0.08548108499569218 0.07958002251183047
0.09113197321892808 0.0921915582892979
0.0961980767342685 0.10497319095822073
0.10075333349918683 0.1178710375149351
0.104859974664184 0.1308451448125497
0.10857047115592207 0.143865500139764
0.12246773105433781 0.143865500139764
0.13658078201708834 0.143865500139764
0.15091297476106225 0.143865500139764
0.16546771203173286 0.143865500139764
0.1800224493024035 0.143865500139764
0.19435464204637737 0.143865500139764
0.2084676930091279 0.143865500139764
0.21531373308126386 0.22533617298123315
0.2155660749447852 0.2087611512136467
0.21592882312518594 0.24200460040681723
0.21651184600389478 0.19231391707225784
0.21765047656206646 0.25869863339682525
0.21802184056077306 0.17601138317693543
0.21999817691477597 0.15986110538757556
0.22081200207688914 0.2752846826212032
0.22236495290754366 0.143865500139764
0.22587236777123804 0.2914980348061632
0.22594951431494942 0.2916952068716173
0.23181292557770036 0.30410508834773725
0.2395059835936573 0.3153882393571412
0.24912585011848054 0.32498417386595424
0.26045285545312946 0.3323722781845962
0.2729705804857125 0.33733410272096026
0.2861058722110999 0.34003204147634686
0.2994343500752618 0.3408403935284106
0.31896350711504484 0.3408403935284106
0.3388051777774356 0.3408403935284106
0.3589643630342687 0.3408403935284106
0.3794461438849924 0.3408403935284106
0.4002556826373028 0.3408403935284106
0.421398224208272 0.3408403935284106
0.44287909744629755 0.3408403935284106
0.46470371647420616 0.3408403935284106
0.4868775820538501 0.3408403935284106
0.509406282972541 0.3408403935284106
0.5319349838912318 0.3408403935284106
0.5541088494708758 0.3408403935284106
0.5759334684987845 0.3408403935284106
0.59741434173681 0.3408403935284106
0.6185568833077791 0.3408403935284106
0.6393664220600895 0.3408403935284106
0.6598482029108133 0.3408403935284106
0.6800073881676465 0.3408403935284106
0.6998490588300371 0.3408403935284106
0.7193782158698202 0.3408403935284106
0.7322273526138007 0.34009625316589714
0.744870627253092 0.33747144764395065
0.7530316950239183 0.1796105291246845
0.7567280492292908 0.33227136804694923
0.7587015308575005 0.19383471963310048
0.7640032640035008 0.20829155014562686
0.7667376886143138 0.324006322370765
0.7679810657537749 0.1796105291246845
0.7688402365540545 0.22300112291178675
0.7730766205114278 0.23798454353616247
0.7738410548339114 0.3130768899854087
0.7765138074081057 0.2532597552585499
0.7778920165077237 0.3006135826671067
0.7779257036740441 0.30045219141144724
0.7788474528290688 0.26882866803739897
0.7795879563878505 0.2846374256229917
0.7831652366558919 0.1796105291246845
0.7985878955858913 0.1796105291246845
0.8142527883221768 0.1796105291246845
0.8301637194756899 0.1796105291246845
0.8463245534139539 0.1796105291246845
0.8624853873522178 0.1796105291246845
0.8783963185057307 0.1796105291246845
0.8940612112420163 0.1796105291246845
0.9094838701720157 0.1796105291246845
0.9246680410741327 0.1796105291246845
0.9396174118039893 0.1796105291246845
0.948089336049061 0.17344053695972197
0.9547326884103678 0.16524025830343517
0.9601569833889569 0.15613630209681575
0.9647668607995346 0.14655306227716464
0.9687993789695698 0.13667491441743101
0.9724002272848007 0.12659454417907004
0.9724606703160279 0.1264147538596259
0.9768548362392502 0.1123633902837336
0.9807389602052852 0.09824931088444194
0.9842269282762168 0.0841180097038114
0.9873964143613456 0.06999693134586131
0.9903030460411326 0.055903707556851166
0.9929881947151858 0.0418502094089196
0.9954835981071197 0.027844725537348188
0.9978141888178805 0.013893201395109472
1.0 0.0
