# CURVE 2D, normalized by CHORD
# COLUMN#1 = X-coordinate, COLUMN#2 = Y-coordinate
#-------------------------------------------------------------------------------
0.0 0.0
0.007310524039041475 0.011208242534603575
0.014595858168722099 0.022506621201998644
0.02186305356123898 0.033890543484588885
0.02911780910154423 0.045356415637080476
0.03636481163545936 0.056901380774038765
0.04360797973146465 0.06852313504100116
0.0508506309951014 0.08021980236638701
0.05096489879730919 0.08040491414501305
0.059120732711460504 0.09366054765636139
0.06719624440590814 0.1068650240962392
0.07519544552951268 0.12001632267699172
0.08312179029669245 0.13311279338432488
0.09097828191680289 0.14615308294978066
0.09876755655327442 0.15913607722429188
0.10649194653604467 0.17206085801800372
0.11415353440559198 0.18492666684741293
0.12262948041962707 0.18492666684741293
0.13123341655368015 0.18492666684741293
0.13983735268773326 0.18492666684741293
0.14831329870176835 0.18492666684741293
0.15037550828030288 0.202138315902333
0.1526224758218973 0.2194539815042714
0.15507743384571027 0.23686965708280966
0.15776848931488222 0.25437985232054705
0.16073017839543635 0.27197697530488874
0.16400555798850486 0.2896504019368661
0.16764956355378013 0.3073849376362017
0.1717339097394316 0.3251582804285945
0.17635495647636268 0.3429365342399254
0.18164690261417718 0.36066574641980703
0.1878049377886377 0.37825468177079924
0.18790377328448807 0.3785128828786968
0.1930112664102398 0.39091101056525096
0.19881611466041166 0.40292995601815274
0.2055244985148434 0.41439661748996154
0.2134311653191334 0.4249912242157872
0.22292091399457106 0.43409085275629383
0.23428089753144013 0.4405380748176621
0.24704995905634844 0.4428695736370488
0.2679210854559433 0.4428695736370488
0.28912583990799157 0.4428695736370488
0.31066955550641706 0.4428695736370488
0.3325576505954412 0.4428695736370488
0.35479563013232185 0.4428695736370488
0.3773890870718756 0.4428695736370488
0.4003437037731314 0.4428695736370488
0.42366525342847083 0.4428695736370488
0.44735960151561194 0.4428695736370488
0.47105394960275304 0.4428695736370488
0.4943754992580925 0.4428695736370488
0.5173301159593483 0.4428695736370488
0.539923572898902 0.4428695736370488
0.5621615524357827 0.4428695736370488
0.5840496475248068 0.4428695736370488
0.6055933631232323 0.4428695736370488
0.6267981175752806 0.4428695736370488
0.6476692439748755 0.4428695736370488
0.6652984756142484 0.4425690551944513
0.6830333506704488 0.4416077127012027
0.7008408809616059 0.4398828065057346
0.7186725424945382 0.4372728944288403
0.7364574678720545 0.43363500817069917
0.7540931899350933 0.42880420311042383
0.7714339051683067 0.42259695700612393
0.7882777885850353 0.4148223187834365
0.8043586498830145 0.40530614181221253
0.819351787203969 0.39392988867543627
0.8329063369672254 0.38067684531819995
0.8331299506816463 0.38042732609702995
0.8445804694253868 0.3658456503417588
0.854054000629378 0.3500629280520328
0.8615638370539942 0.33340027905560615
0.8672304985008041 0.3161606481002294
0.8710593446813923 0.1935998716883035
0.8712384949718449 0.29859401638073957
0.8731894099073849 0.2107252575818744
0.8737939379800207 0.2808878294019144
0.8746504614694998 0.22804605814906587
0.8750977396816646 0.2631739480019701
0.8753309538449319 0.24554090216908264
0.884543511906097 0.1935998716883035
0.8982369093922333 0.1935998716883035
0.9121427837105065 0.1935998716883035
0.9262644318078023 0.1935998716883035
0.940386079905098 0.1935998716883035
0.9542919542233712 0.1935998716883035
0.9679853517095075 0.1935998716883035
0.9814695189342122 0.1935998716883035
0.9820358920687198 0.17890191423666127
0.9826515405031081 0.16411898397242275
0.9833236148200423 0.14925103067147044
0.9840611019694296 0.1342981647477215
0.9848755783023513 0.11926074067546374
0.9857823826688994 0.10413949820376704
0.9868025862422993 0.0889358185283135
0.9879665601890402 0.07365222940582758
0.9893209405593271 0.058293503283759485
0.9893394895894227 0.05809970961840581
0.9905626946620099 0.04622662380063642
0.9919954791425024 0.034412466143164275
0.9937462336960086 0.022676968412638245
0.9960682177892812 0.01107845288796869
1.0 0.0
