# CURVE 2D, normalized by CHORD
# COLUMN#1 = X-coordinate, COLUMN#2 = Y-coordinate
#-------------------------------------------------------------------------------
0.0 0.0
0.0037135099162397887 0.017127622506394775
0.0074563331206609395 0.03438007743597289
0.011228952711226502 0.05175821940733681
0.015031910577200219 0.06926289717119309
0.018865827771229852 0.08689494917957133
0.022731430338661054 0.10465519793520968
0.02662958920329044 0.12254444122831795
0.03056138232123374 0.14056343842578056
0.03452819606515481 0.15871288802145062
0.03853190263845629 0.1769933882070614
0.0425751941092585 0.19540536233069686
0.04263581629318117 0.19568096493667148
0.04517505325396432 0.20721061045700964
0.047710823399661366 0.21869183562993577
0.05024520294221079 0.23012437610683464
0.05278159304904972 0.24150766633013468
0.05532636989932993 0.2528404600050427
0.057894808462175595 0.264119449137809
0.06056156173874712 0.2753270033686447
0.07704521282310274 0.2753270033686447
0.0937893211256556 0.2753270033686447
0.11079800211585868 0.2753270033686447
0.1280754362914599 0.2753270033686447
0.14562587020601062 0.2753270033686447
0.1634536175126093 0.2753270033686447
0.18156306002413797 0.2753270033686447
0.19967250253566662 0.2753270033686447
0.21750024984226532 0.2753270033686447
0.23505068375681604 0.2753270033686447
0.2523281179324173 0.2753270033686447
0.26065657252755536 0.38085570682611136
0.2606663782185828 0.38099664671088956
0.26142418041360277 0.3662549126797038
0.2630749370116539 0.39249866029873204
0.264656536958055 0.35205555187625776
0.269162279238222 0.4024666322644465
0.26933679892262036 0.2753270033686447
0.26935516477356736 0.3383468256170429
0.27499852648592293 0.3250800342995944
0.27844696986562484 0.4095065194172692
0.2812924814415 0.31219295552395465
0.2860809072251732 0.2753270033686447
0.28805711510639703 0.29963212511997417
0.2893444905883135 0.41360302284803085
0.2951748267535108 0.2873547701399125
0.30079200507820836 0.4155772127139837
0.30256455830952883 0.2753270033686447
0.31236044364595833 0.4161259482621076
0.3325738795121631 0.4161259482621076
0.35311180332755077 0.4161259482621076
0.3739794241238695 0.4161259482621076
0.39518203455388257 0.4161259482621076
0.4167250122337437 0.4161259482621076
0.43861382110692104 0.4161259482621076
0.4608540128300171 0.4161259482621076
0.48345122818083436 0.4161259482621076
0.5064111984890456 0.4161259482621076
0.5297397470898305 0.4161259482621076
0.5534427908008475 0.4161259482621076
0.5771458345118644 0.4161259482621076
0.6004743831126493 0.4161259482621076
0.6234343534208606 0.4161259482621076
0.6460315687716778 0.4161259482621076
0.6682717604947739 0.4161259482621076
0.6901605693679512 0.4161259482621076
0.7117035470478124 0.4161259482621076
0.7329061574778254 0.4161259482621076
0.753773778274144 0.4161259482621076
0.7743117020895318 0.4161259482621076
0.7945251379557365 0.4161259482621076
0.8062568420254257 0.4155535376481669
0.8178999913100411 0.41368398361026243
0.8292434038472859 0.41029570473171806
0.8399955146174368 0.4052306325034461
0.8498305490987812 0.39847146386955656
0.858481664261956 0.39017795978471903
0.8658211700052436 0.38063801604234937
0.8659155600036348 0.38049563731982394
0.8728093997217299 0.368242447296674
0.8780949491767068 0.3552881886206454
0.8820427888547674 0.34193797132138215
0.8848977242134871 0.3283836959526823
0.8868605535930878 0.31474280000623084
0.8880901095772644 0.30108695183575673
0.8887108834188882 0.2874601549309688
0.8888207463485751 0.2738896044592677
0.9004001860180397 0.2738896044592677
0.9121586672078569 0.2738896044592677
0.9240989582614806 0.2738896044592677
0.9362238703265449 0.2738896044592677
0.9483487823916091 0.2738896044592677
0.9602890734452327 0.2738896044592677
0.9720475546350499 0.2738896044592677
0.9836269943045145 0.2738896044592677
0.985352972486923 0.25948542839326727
0.9869240819277376 0.2449844941215979
0.988359459349123 0.23039011173995858
0.9896745011089264 0.21570465071178113
0.9908818087090376 0.20092982127061804
0.9919918365936985 0.1860668581527809
0.9930133682430525 0.17111664606511473
0.9939538749126771 0.15607980735807586
0.9939702643077675 0.15580564358984833
0.9948836247873694 0.1397861930274844
0.9957103329497032 0.12386441449984974
0.9964586315185381 0.1080404609772394
0.9971356463559928 0.09231433344273023
0.9977475636368414 0.07668591508205233
0.9982998078397562 0.06115499844305423
0.9987971556239865 0.04572130470996613
0.9992438493002964 0.030384499190695316
0.9996436679189548 0.015144202545056273
1.0 0.0
