# CURVE 2D, normalized by CHORD
# COLUMN#1 = X-coordinate, COLUMN#2 = Y-coordinate
#-------------------------------------------------------------------------------
0.0 0.0
0.00015483295834623325 0.019860570197057573
0.00033165597594767205 0.039894237733388266
0.0005327957022292896 0.06010247040677809
0.0007609588639926297 0.08048673778742957
0.0010193228911815685 0.10104850762408578
0.0013116527436146295 0.1217892407804643
0.001642469047425213 0.14271038375592596
0.002017278976886509 0.16381335755484921
0.0024429212371541954 0.18509954027337278
0.0029280179877610615 0.20657024055450038
0.0034837716060750127 0.2282266514071468
0.004125139909699183 0.25006977166269767
0.00487289597682744 0.27210025814296473
0.005757420810775478 0.29431812440334415
0.0057748192701266455 0.2947190092901527
0.006400329279010451 0.30831065069512703
0.007102015086159262 0.3218300674470852
0.007899780536306484 0.3352759592901578
0.008824226983548953 0.34864582333946054
0.009926908020496618 0.3619344780975501
0.011308290326254633 0.3751293795412273
0.013225824318086533 0.3881879946527886
0.017381060891815937 0.400484001921813
0.017381060891815944 0.400484001921813
0.03180118323456785 0.400484001921813
0.046447604387420675 0.400484001921813
0.061323875717709316 0.400484001921813
0.07643360432531954 0.400484001921813
0.09178045391731371 0.400484001921813
0.10736814569628227 0.400484001921813
0.12295583747525084 0.400484001921813
0.138302687067245 0.400484001921813
0.15341241567485522 0.400484001921813
0.16828868700514388 0.400484001921813
0.18293510815799668 0.400484001921813
0.1973552305007486 0.400484001921813
0.1978495661270709 0.4194587675303494
0.1983954372520631 0.4385890067224697
0.1989986230330059 0.45787571974301006
0.19966594261378812 0.4773198381159613
0.20040555156964185 0.4969221960825545
0.201227295499082 0.5166834908653878
0.20214330263230815 0.5366042192993725
0.20316875179813787 0.556684582962435
0.2043230951662903 0.57692433185661
0.20563196882514748 0.5973224989559974
0.20713030176732097 0.6178769252857709
0.20886789232649886 0.6385833321033566
0.21092014877269596 0.6594333274720237
0.21095732419212032 0.659779169758631
0.2124731681324517 0.67301275078519
0.21419491667303778 0.6861607005245827
0.21619137684809175 0.6992093256413451
0.2185806662569056 0.7121310258880044
0.22159906142650035 0.7248581354043806
0.22587563104801797 0.7371455733440033
0.2344934745056927 0.7459804462426571
0.2536156677688134 0.7459804462426571
0.27304291830304916 0.7459804462426571
0.29278009270175476 0.7459804462426571
0.3128321351952831 0.7459804462426571
0.33320406888953247 0.7459804462426571
0.3539009970242518 0.7459804462426571
0.37492810425141965 0.7459804462426571
0.39629065793401774 0.7459804462426571
0.4179940094655233 0.7459804462426571
0.43969736099702883 0.7459804462426571
0.4610599146796269 0.7459804462426571
0.48208702190679475 0.7459804462426571
0.5027839500415141 0.7459804462426571
0.5231558837357635 0.7459804462426571
0.5432079262292918 0.7459804462426571
0.5629451006279974 0.7459804462426571
0.5823723511622332 0.7459804462426571
0.6014945444253539 0.7459804462426571
0.6052797900624447 0.7349692538715109
0.60874829323351 0.7237839023001054
0.6121739184643376 0.7125347626015226
0.6155839051178513 0.7012301420313406
0.618988833232147 0.6898730855117189
0.6223941518511453 0.6784650436431839
0.6258031190165356 0.6670067922587395
0.6258972477647786 0.666689947425466
0.6315687286948967 0.6475614421345075
0.63717829264634 0.6285815378052904
0.6427304902960688 0.6097502527596033
0.6482284281375568 0.5910671821453228
0.6536743797864765 0.5725316824646269
0.6590701017524362 0.5541429664576065
0.6644170057635356 0.5359001547115636
0.6697162657864959 0.5178023075779528
0.6749688855652838 0.499848445240106
0.6801757409296401 0.48203756024257294
0.6853376124598776 0.46436862711126864
0.6904552050117371 0.4468406080780533
0.6955291639202014 0.4294524578024347
0.7097516666890809 0.4294524578024347
0.7241972957114403 0.4294524578024347
0.7388695514488933 0.4294524578024347
0.7537719892791888 0.4294524578024347
0.7689082203577491 0.4294524578024347
0.7842819124927245 0.4294524578024347
0.7996556046276999 0.4294524578024347
0.8147918357062601 0.4294524578024347
0.8296942735365556 0.4294524578024347
0.8443665292740086 0.4294524578024347
0.858812158296368 0.4294524578024347
0.8730346610652475 0.4294524578024347
0.8747098230135881 0.4099273185681177
0.8765897316914086 0.3902558408850207
0.8786911651630396 0.370440249753488
0.8810328047280754 0.35048345891815214
0.8836354250976739 0.330389216065618
0.8865223824054228 0.3101623188695148
0.8897199676359573 0.28980886500206554
0.8932578997431363 0.26933658192485793
0.8971699555027772 0.2487552627208346
0.901494607839876 0.228077314643271
0.9062760245587739 0.20731853100849998
0.911565158410926 0.18649910731700156
0.9174208257888408 0.16564494819372702
0.9175479182202069 0.16521506585358442
0.9227125123976301 0.1484812415983196
0.9282478464543591 0.13199577590464154
0.9341808764894413 0.11577894793019633
0.9405412201648871 0.09985517638626423
0.9473611192517354 0.08425386707546002
0.9546755452353723 0.06901054884737631
0.9625217988256805 0.05416808107682804
0.9709389236719076 0.03977809404797452
0.979966407322334 0.02590241049474105
0.9896422452892565 0.012614416372884149
1.0 0.0
