# CURVE 2D, normalized by CHORD
# COLUMN#1 = X-coordinate, COLUMN#2 = Y-coordinate
#-------------------------------------------------------------------------------
0.0 0.0
0.0019445583674259517 0.017801947314267572
0.00397084716509473 0.03573413276988052
0.006085761323504077 0.05379658051654729
0.008297179778591334 0.07198912665721428
0.01061420407734255 0.09031136474387368
0.013047393208501434 0.1087625817311012
0.015609196816436176 0.1273416541189311
0.01831435453015156 0.14604692703561606
0.021180629885735037 0.1648760155980573
0.02422972521796383 0.1838255282246076
0.027488577594804026 0.20289065151515678
0.030991369761763185 0.22206448347099034
0.03105749829813561 0.22241365693490892
0.033919926939080886 0.23708375243298588
0.036938710347764164 0.2516344917613987
0.04013853182994242 0.26605875117213557
0.04355113435709932 0.28034657589450185
0.04721846434625719 0.29448362084387886
0.051197800287745183 0.30844838060296276
0.0555707525518918 0.3222068575011871
0.06045978613707308 0.3357014414405651
0.06606240783605133 0.3488242904546748
0.07429224690348199 0.3488242904546748
0.08252208597091266 0.3488242904546748
0.08938137752103523 0.3698447245854367
0.09640759169095602 0.3910291075441049
0.10361195178606045 0.4123751771322154
0.11100724099247539 0.4338799831308215
0.11860803675734435 0.4555397496421028
0.1264311988614463 0.4773496285501062
0.134496378246189 0.4993034121896808
0.1428267495694201 0.5213931186926614
0.15144988952871594 0.5436084538118283
0.16039914940950573 0.5659359777802503
0.1697154782979749 0.5883579200438154
0.17945014394606584 0.610850340840445
0.18966866769999272 0.633380277851797
0.20045702465464654 0.6559009769207708
0.21193186499389988 0.678343437421332
0.21216550536649395 0.6787835299182934
0.21988795536220512 0.6929370203959325
0.22790855850592592 0.706804666520621
0.23628582081547259 0.720339320187247
0.24509705796410744 0.7334727843090508
0.2544469855301082 0.7461019702925672
0.26448116760210993 0.7580620482382299
0.2754046018882913 0.7690713788261151
0.2874969488059538 0.778610642856751
0.3010513153687651 0.7856701964970676
0.315928818192429 0.7884766949192019
0.333719702788561 0.7884766949192019
0.3517931160044872 0.7884766949192019
0.3701535445435287 0.7884766949192019
0.38880554636021897 0.7884766949192019
0.4077537517918106 0.7884766949192019
0.42700286470775123 0.7884766949192019
0.4465576636774132 0.7884766949192019
0.466423003156368 0.7884766949192019
0.4862883426353228 0.7884766949192019
0.5058431416049847 0.7884766949192019
0.5250922545209253 0.7884766949192019
0.544040459952517 0.7884766949192019
0.5626924617692073 0.7884766949192019
0.5810528903082487 0.7884766949192019
0.599126303524175 0.7884766949192019
0.6169171881203069 0.7884766949192019
0.6266477472891022 0.7800551488811908
0.6337067609384598 0.7688083289869173
0.6399982176507303 0.7570401938578425
0.6458968929712543 0.7450013432138036
0.651550872374504 0.7327776647134477
0.6570364571764133 0.7204098335434518
0.6623990979882144 0.7079206323687411
0.6625359053250737 0.7075974388615346
0.6705522396041125 0.6883103254070811
0.6783008698487244 0.6690982353201935
0.6858315024868611 0.6499817174149326
0.6931776683980858 0.6309736920692343
0.7003633085322548 0.6120827113189825
0.7074062699812987 0.5933146303616452
0.7143203071618854 0.5746735385029693
0.7211163017371066 0.5561623138393846
0.7278030911576971 0.5377829887998465
0.7343879533916344 0.5195369649343385
0.740877002063092 0.5014251809787371
0.7472754305634223 0.48344821734669685
0.7535877176427177 0.4656063812199698
0.7678616164596808 0.4656063812199698
0.7823594665381075 0.4656063812199698
0.7970847815758427 0.4656063812199698
0.8120411303991215 0.4656063812199698
0.82723213782751 0.4656063812199698
0.8426614855524155 0.4656063812199698
0.8580908332773209 0.4656063812199698
0.8732818407057094 0.4656063812199698
0.8882381895289883 0.4656063812199698
0.9029635045667234 0.4656063812199698
0.9174613546451501 0.4656063812199698
0.9317352534621132 0.4656063812199698
0.9403626034740306 0.4529747015277241
0.9471816176410914 0.4391558959539345
0.9528135543161148 0.4247009466195096
0.9576104228990996 0.4098409230929976
0.9617851054892212 0.39468896000423476
0.965475456532519 0.37930711129055317
0.9687758221641365 0.3637323190393023
0.9717537449547936 0.34798796545119093
0.9744593942017454 0.3320895550374782
0.976931124724604 0.3160477308276693
0.9769994578042214 0.3155816583739956
0.9802486790258582 0.29185177641817556
0.9830839463591781 0.2682837043297565
0.9855754264603283 0.244889434560055
0.9877762885110755 0.22167654347400173
0.9897279760448774 0.19864983451066345
0.9914633945104063 0.17581228372146923
0.9930092980383776 0.15316564212391842
0.9943877001800829 0.13071080079770128
0.9956169950366538 0.10844804136165873
0.9967127339845727 0.08637720299502478
0.9976881909352232 0.0644977982065489
0.9985548062544647 0.042809096012877634
0.9993225133136531 0.021310181495382413
1.0 0.0
