# CURVE 2D, normalized by CHORD
# COLUMN#1 = X-coordinate, COLUMN#2 = Y-coordinate
#-------------------------------------------------------------------------------
0.0 0.0
0.00869495090428331 0.00778037329572089
0.01607521662631506 0.016904148149905728
0.02276596140322771 0.02660024099179863
0.029025812284073405 0.03663073498307292
0.034987240649688785 0.04689074925065725
0.04072819466538638 0.05732438906990109
0.04083031264843756 0.057514418635893697
0.04852266754621674 0.0722304481118957
0.05589274086163308 0.08699691350938138
0.06300386778604641 0.10177764290220932
0.06989950747393557 0.11654922220256295
0.07661103823931553 0.13129560435529058
0.08316201021368863 0.14600531838902667
0.08957063020312891 0.16066990463051406
0.09585134802108529 0.17528295822701906
0.10201586506813201 0.1898395364266155
0.11506584423511307 0.1898395364266155
0.12831486395070182 0.1898395364266155
0.14156388366629058 0.1898395364266155
0.15461386283327164 0.1898395364266155
0.15860720085847352 0.2023845670330042
0.16314924624526664 0.21481222211014622
0.16831164240558036 0.2270675843076441
0.17417513821130837 0.23907780781164945
0.18082814709966405 0.2507465111728122
0.1883622772788977 0.2619476430484973
0.19686317301507694 0.2725203539944584
0.2063948121057896 0.28226854971080995
0.20652905456475681 0.28239199417715544
0.21656827658451475 0.29066986797343847
0.22741542385111574 0.29775077149305457
0.23895382387350197 0.3035111191098053
0.2510237492471871 0.307890293047931
0.26344819258991375 0.31090057994961606
0.2760603181115771 0.3126180055796598
0.28872207934153954 0.3131605583057832
0.3084124750715207 0.3131605583057832
0.32841629577078724 0.3131605583057832
0.348738530430557 0.3131605583057832
0.3693842474550996 0.3131605583057832
0.3903585959258066 0.3131605583057832
0.4116668068853818 0.3131605583057832
0.4333141946424738 0.3131605583057832
0.4553061580970742 0.3131605583057832
0.4772981215516746 0.3131605583057832
0.4989455093087666 0.3131605583057832
0.5202537202683417 0.3131605583057832
0.5412280687390487 0.3131605583057832
0.5618737857635914 0.3131605583057832
0.582196020423361 0.3131605583057832
0.6021998411226277 0.3131605583057832
0.6218902368526088 0.3131605583057832
0.625657950799889 0.18401550148299253
0.6287976723315449 0.19747440077435388
0.6313950379552434 0.30982056280954395
0.6317364793141641 0.2110456237408062
0.6344220874307468 0.22473624658219302
0.6367792168040857 0.2385541900101592
0.6369710100562779 0.30126889413843805
0.6386928269386021 0.2525072396158441
0.6394152888621034 0.291249612577965
0.6399721748148567 0.2665988178366959
0.6402571442927181 0.2809388989147288
0.6402609157781507 0.28080962458357484
0.6427478434752983 0.18401550148299253
0.6601079977630289 0.18401550148299253
0.6777426876126297 0.18401550148299253
0.6956562545624005 0.18401550148299253
0.7138531088082488 0.18401550148299253
0.7323377302894486 0.18401550148299253
0.7511146697915708 0.18401550148299253
0.769891609293693 0.18401550148299253
0.7883762307748928 0.18401550148299253
0.8065730850207411 0.18401550148299253
0.824486651970512 0.18401550148299253
0.8421213418201128 0.18401550148299253
0.8594814961078433 0.18401550148299253
0.8765713887832527 0.18401550148299253
0.883434617958007 0.1719319486399704
0.8904452067285994 0.15984873444302067
0.8976064423268895 0.14776871584253798
0.9049216808951264 0.13569490748318844
0.9123943154535847 0.12363047062325899
0.9200277729762028 0.11157871870289014
0.9278255356611865 0.09954313909263722
0.9357911052443352 0.08752737923909978
0.9359146574077153 0.0873431795379156
0.94365512632544 0.07593294267805811
0.9514740275970351 0.06466135497176227
0.9593708146011045 0.053529433040184655
0.9673448917321708 0.042538194135470844
0.9753955910534489 0.03168863765197948
0.9835222039335716 0.020981766432763952
0.9917239531482671 0.01041856450995022
1.0 0.0
