# CURVE 2D, normalized by CHORD
# COLUMN#1 = X-coordinate, COLUMN#2 = Y-coordinate
#-------------------------------------------------------------------------------
0.0 0.0
0.014156824604952526 0.00953989252173329
0.028371869789025842 0.01920248616933013
0.042641087228187505 0.02899461328609097
0.05695956260057986 0.03892419168350817
0.07132127122610443 0.049000507368781074
0.08571877048364879 0.05923455530988174
0.10014272016046023 0.06963957457420604
0.11458120807218806 0.0802317748075495
0.12901876769942433 0.09103135686986674
0.14343479178462953 0.10206412753147287
0.14365816907267362 0.10223731938803099
0.15433025285767174 0.11060225409490808
0.1648528696198982 0.11904616789051504
0.17520889180355742 0.12758757814319033
0.18537502156557809 0.1362506097887698
0.1953183623001426 0.14506768079917412
0.20499015559383107 0.154084077397477
0.21431324615827627 0.16336631941753546
0.22315391075603647 0.17301866470157945
0.23420532978464276 0.17301866470157945
0.2454274411235231 0.17301866470157945
0.25682288116396007 0.17301866470157945
0.26839432701704935 0.17301866470157945
0.27996577287013863 0.17301866470157945
0.2913612129105756 0.17301866470157945
0.302583324249456 0.17301866470157945
0.3136347432780623 0.17301866470157945
0.31413809883809013 0.1942141894362154
0.31464662105792085 0.21561118118677583
0.3151603947654506 0.23721155416099088
0.3156795110644076 0.2590172406300684
0.31620406822160335 0.28103019108003635
0.31673417360512773 0.3032523743394531
0.31726994514028595 0.3256857777199073
0.31781151429398347 0.34833240712122965
0.31835902987268067 0.3711942871181323
0.3189126628245915 0.39427346102331473
0.3194726131491062 0.4175719908999448
0.32003912100000503 0.4410919574720635
0.3206124825276904 0.46483545991724906
0.32119307518384443 0.4888046154231029
0.321781401384218 0.5130015582823617
0.3223781671135363 0.5374284381006169
0.3223900918967919 0.5379151291125615
0.32276965087701986 0.5533724725382742
0.3231489693068533 0.5687451059227262
0.323528516595749 0.5840334814121488
0.32390900775124326 0.5992380422492664
0.3242916413591891 0.6143592164752046
0.3246787466517839 0.6293973994723794
0.3250763303081014 0.6443528831601734
0.32554760175048036 0.6592229856343225
0.342349650065202 0.6592229856343225
0.3594181723914699 0.6592229856343225
0.37675739490442045 0.6592229856343225
0.3943716108046993 0.6592229856343225
0.41226518138145984 0.6592229856343225
0.43044253709222074 0.6592229856343225
0.44890817865984983 0.6592229856343225
0.4676666781869451 0.6592229856343225
0.4864251777140403 0.6592229856343225
0.5048908192816693 0.6592229856343225
0.5230681749924303 0.6592229856343225
0.5409617455691909 0.6592229856343225
0.5585759614694696 0.6592229856343225
0.5759151839824203 0.6592229856343225
0.5929837063086881 0.6592229856343225
0.6097857546234098 0.6592229856343225
0.6248155970660051 0.6576060913683499
0.6392770465898504 0.6528884133974375
0.6527248934042311 0.6455693554645068
0.6650178828975771 0.636278128535284
0.6762130210691008 0.6255490390207602
0.6864422074258894 0.6137680843098505
0.6958459813205081 0.6011990121348406
0.7045494368570143 0.5880208256985127
0.7126568237454394 0.5743565522562961
0.7128489574557584 0.5740160654030518
0.7231093243551491 0.5546805050528832
0.7324361300564715 0.5350790598470778
0.740991403773304 0.5153256375463051
0.7488977559763411 0.49549670025418185
0.756249983889932 0.47564544662307157
0.7631228302652882 0.45580999394082233
0.7695763281427237 0.43601834178288956
0.7756593318298076 0.41629143335431434
0.7814122576653462 0.39664522444238925
0.7868689249264156 0.3770920242115404
0.7920579168645928 0.35764142205055244
0.7970036931579182 0.33830096545033833
0.8017273312321946 0.3190766192434093
0.815248740146043 0.3190766192434093
0.8289820283202054 0.3190766192434093
0.8429305158836151 0.3190766192434093
0.8570975749913264 0.3190766192434093
0.8714866306397604 0.3190766192434093
0.886101161494723 0.3190766192434093
0.9007156923496855 0.3190766192434093
0.9151047479981195 0.3190766192434093
0.9292718071058308 0.3190766192434093
0.9432202946692405 0.3190766192434093
0.9569535828434029 0.3190766192434093
0.9704749917572513 0.3190766192434093
0.9720901567697338 0.3073065672564255
0.9733623299072733 0.2954387558808258
0.9745663157366233 0.28351344047615584
0.9757368328233085 0.2715342332240867
0.9768874429432911 0.2595023390437461
0.9780251281316849 0.2474182524488787
0.9791540505803188 0.23528217244352165
0.9791836051431242 0.2349627764282629
0.9810606871705122 0.21452824234536358
0.9829013208590662 0.19425221717539173
0.9847111676936838 0.17413396266698916
0.986493975339028 0.15417256605557683
0.9882523883985022 0.13436701958282932
0.9899883672677962 0.11471626094054184
0.9917034199107402 0.09521919538465067
0.9933987444011272 0.07587470915502026
0.9950753141979813 0.05668167743993398
0.9967339393287533 0.037638970000903445
0.9983753047930167 0.01874545467236587
1.0 0.0
