# CURVE 2D, normalized by CHORD
# COLUMN#1 = X-coordinate, COLUMN#2 = Y-coordinate
#-------------------------------------------------------------------------------
0.0 0.0
0.0008957605388307746 0.015096161188009664
0.0017779869993028114 0.03028413577764359
0.002646807517526179 0.04556443993750387
0.0035023427349865043 0.060937594311197336
0.0043447114359479845 0.07640412367862966
0.005174023659385775 0.09196455731873546
0.005990388277044521 0.10761942857914054
0.006793907475794683 0.1233692751597929
0.007584679099900852 0.1392146389722149
0.007598916498989644 0.13950316071440916
0.008424715726604071 0.1564399950516768
0.009226315455862819 0.17327262556840942
0.010004518048746512 0.19000164697534735
0.010760091037405795 0.20662765368375507
0.011493769432037598 0.223151239535252
0.01220625672472288 0.2395729976076671
0.012898225438718177 0.2558935200513714
0.01357032045563343 0.27211339782017824
0.014223161689702316 0.2882332204520627
0.014223161689702321 0.2882332204520627
0.027554762139917033 0.2882332204520627
0.04109519920809717 0.2882332204520627
0.05484774427438692 0.2882332204520627
0.06881571996438808 0.2882332204520627
0.08300250095190895 0.2882332204520627
0.09741151477428808 0.2882332204520627
0.11182052859666723 0.2882332204520627
0.1260073095841881 0.2882332204520627
0.13997528527418926 0.2882332204520627
0.15372783034047902 0.2882332204520627
0.16726826740865913 0.2882332204520627
0.180595791398579 0.3051127419044377
0.18059986785887386 0.2882332204520627
0.180705369281152 0.3221130405053903
0.1809445529890023 0.3392340180982067
0.18133285238883282 0.35647516221164804
0.1818944006238294 0.3738353418819507
0.18265984936321913 0.3913124683253884
0.18366891490863976 0.4089029285498377
0.1849746688876576 0.42660056954577874
0.1866507035780289 0.4443947689694807
0.18880408908943738 0.4622664533379078
0.1916006733994474 0.48017898797291786
0.19164652899820173 0.48043534300687274
0.1941968489012291 0.4932142925879213
0.19735763395836478 0.505803029349169
0.20139926586639026 0.5180816108576102
0.20683996768416302 0.5297423664189073
0.2147734866248338 0.5397480645450976
0.22640961101446627 0.5443318993730547
0.24957723573832596 0.5443318993730547
0.2731179345163748 0.5443318993730547
0.2970377150533977 0.5443318993730547
0.32134268179775205 0.5443318993730547
0.3460390374992536 0.5443318993730547
0.37113308479214924 0.5443318993730547
0.3966312278035816 0.5443318993730547
0.42253997378795366 0.5443318993730547
0.44886593478761344 0.5443318993730547
0.47561582932028035 0.5443318993730547
0.5027964840936446 0.5443318993730547
0.5299771388670089 0.5443318993730547
0.5567270333996759 0.5443318993730547
0.5830529943993357 0.5443318993730547
0.6089617403837078 0.5443318993730547
0.63445988339514 0.5443318993730547
0.6595539306880358 0.5443318993730547
0.6842502863895372 0.5443318993730547
0.7085552531338916 0.5443318993730547
0.7324750336709145 0.5443318993730547
0.7560157324489634 0.5443318993730547
0.779183357172823 0.5443318993730547
0.7940104614979605 0.5422585131566272
0.8078598466834551 0.5363306515479795
0.8201830860949526 0.5274938228330925
0.8309902895748347 0.5167218156148652
0.8405123242805487 0.504683505884624
0.8489942015823245 0.4917857191406985
0.8566372667885309 0.47827376277451916
0.8635964166914551 0.4643000849676734
0.8637471361310969 0.463978994760843
0.8718504309538131 0.4455056613553913
0.8791004732418656 0.42685468443210367
0.8856583108236681 0.4081196140016616
0.8916422818457069 0.38936108069353087
0.8971420453243468 0.37062012812500966
0.9022269377181498 0.35192540667463074
0.9069519090809928 0.3332975114928803
0.9113612272599706 0.3147515467381499
0.915491109915865 0.2962987767285318
0.919371684091857 0.27794773055157573
0.923028242177313 0.259704912943985
0.9264822063544986 0.2415753088617606
0.9297520773749806 0.22356278274948715
0.9396956520153549 0.22356278274948715
0.949791385474137 0.22356278274948715
0.960041606119832 0.22356278274948715
0.970291826765527 0.22356278274948715
0.9803875602243092 0.22356278274948715
0.9903311348646835 0.22356278274948715
0.9909899790208272 0.20852402553839025
0.9916521816357089 0.19339513871380934
0.9923176943602876 0.1781755792982537
0.992986455022741 0.16286480047864074
0.9936583835354961 0.14746225141209418
0.9943333761411034 0.13196737696125668
0.9950112970064153 0.11637961731736281
0.9956919654410878 0.10069840743865158
0.9963751361759604 0.08492317619767197
0.9963848147196392 0.08469938962835315
0.9969141253467488 0.07244635780140118
0.9974398516141938 0.060244754815912044
0.9979617386005218 0.048094353120965896
0.9984794261281357 0.0359949216831704
0.9989923789061664 0.02394622311127802
0.9994997426824221 0.011948007788816785
1.0 0.0
