# CURVE 2D, normalized by CHORD
# COLUMN#1 = X-coordinate, COLUMN#2 = Y-coordinate
#-------------------------------------------------------------------------------
0.0 0.0
0.00568482228451573 0.011202661513276063
0.009794093184797372 0.023319912187992085
0.01359738096358744 0.03558942742466446
0.017248150811597043 0.0479573570070402
0.020805721164124748 0.06040458124037581
0.024300496857288818 0.07292183883681305
0.02438082130360332 0.07321241389955165
0.029512976113560102 0.09200465822306343
0.034513836330946 0.1106776208192177
0.039407707175177095 0.12922559138154746
0.04421041939384237 0.14764534611344715
0.04893300890976628 0.16593503399272236
0.05358356100249939 0.18409363075657714
0.058168227888920315 0.2021206429030051
0.06269183862193697 0.2200159330967593
0.06715828632149808 0.23777961088694824
0.07157076559354025 0.2554119659878713
0.07593195122754277 0.27291341901391925
0.08024412186818985 0.29028448767585013
0.09348464304491493 0.29028448767585013
0.1069291243780437 0.29028448767585013
0.12058070771862908 0.29028448767585013
0.13423229105921447 0.29028448767585013
0.14767677239234323 0.29028448767585013
0.1609172935690683 0.29028448767585013
0.16355241809041504 0.31120414354795084
0.16633781490441993 0.3323005123664277
0.1692870602077018 0.3535727745129513
0.1724157157191827 0.37501959544817126
0.17574180326617192 0.3966389731470915
0.17928627762310742 0.4184280525667296
0.18307373443942052 0.4403828585099
0.18713346263284814 0.46249790006764496
0.19150065056025023 0.48476564047588033
0.19621822210312928 0.5071756868959278
0.2013394519050763 0.529713554162527
0.20693160606205654 0.5523587593869701
0.21308167902044847 0.5750816417271108
0.2199050913956564 0.5978379598117578
0.22756023819294718 0.6205589302524523
0.2277188040184368 0.6210000314918009
0.23320546789417224 0.6355628886759321
0.23913775785600444 0.6498441773104723
0.24560204949250003 0.6637854860156871
0.2527127478086231 0.67729892796845
0.2606228850130919 0.6902469575946671
0.2695381448592836 0.7024036289360973
0.2797233629481421 0.7133820117857088
0.291460721734342 0.7225121386399914
0.30484007378284594 0.7287403713821551
0.3193245532332042 0.7309446257851462
0.337067218548192 0.7309446257851462
0.3550924465490354 0.7309446257851462
0.37340473721755907 0.7309446257851462
0.39200866220052233 0.7309446257851462
0.41090886595092657 0.7309446257851462
0.43011006688749887 0.7309446257851462
0.4496170585726408 0.7309446257851462
0.46943471090913713 0.7309446257851462
0.48956797135592234 0.7309446257851462
0.5097012318027075 0.7309446257851462
0.5295188841392039 0.7309446257851462
0.5490258758243458 0.7309446257851462
0.5682270767609181 0.7309446257851462
0.5871272805113223 0.7309446257851462
0.6057312054942856 0.7309446257851462
0.6240434961628093 0.7309446257851462
0.6420687241636527 0.7309446257851462
0.6598113894786405 0.7309446257851462
0.6660941554965036 0.7204100083277579
0.669994179377945 0.7083433143701706
0.6733925822267174 0.6960594310645234
0.6765388033196912 0.6836437254041803
0.6795284272691305 0.6711246626340492
0.682410139603877 0.6585154793487263
0.6852127430934198 0.6458234430302271
0.6879549442925138 0.6330529563257109
0.6880382138332963 0.632660211807456
0.6926442709910864 0.6105291902902458
0.6970776242916079 0.5885636568897773
0.7013709150526276 0.5667691282104044
0.7055461974389021 0.5451486257682775
0.7096192372340244 0.5237037438409119
0.71360177263861 0.5024351936429053
0.7175028779391069 0.48134311959974724
0.7213297227014343 0.4604272742845153
0.7250881267354901 0.4396871409722014
0.7287828847043185 0.4191220055786252
0.7324180243201225 0.39873101171205094
0.7359969664066379 0.37851319500008496
0.7395226553654688 0.3584675102321457
0.742997660720442 0.3385928520485513
0.7536094924564491 0.3385928520485513
0.7643824034523303 0.3385928520485513
0.7751553144482115 0.3385928520485513
0.7857671461842186 0.3385928520485513
0.7883274046349481 0.3195863701548665
0.7912164496026033 0.300466107114909
0.7944689552231345 0.2812415449812653
0.7981249562392037 0.2619249437416975
0.802230544962751 0.24253213020212877
0.8068394567645034 0.22308371297877766
0.8120145543589441 0.20360667892115786
0.8178295904098679 0.18413659877309715
0.824371624045733 0.1647208283142508
0.8317434946288248 0.14542296999002122
0.8400664222017982 0.12632921515681841
0.8494822739751142 0.10755735452403527
0.8601535206653681 0.08926887641072542
0.8603679679664848 0.08892994462689302
0.8703740291745016 0.07422689422390855
0.8813269441012506 0.06036849135329806
0.8932766987626486 0.047523365221771745
0.9062430526103161 0.03588322020952122
0.9201988831145692 0.025649082762765018
0.9350572674481537 0.017007318773647515
0.9506692612978181 0.010098026249102976
0.9668384932898654 0.004986822308635743
0.9833497939669636 0.001653380238201804
1.0 0.0
