# CURVE 2D, normalized by CHORD
# COLUMN#1 = X-coordinate, COLUMN#2 = Y-coordinate
#-------------------------------------------------------------------------------
0.0 0.0
0.013411396583505717 0.006929359882678565
0.02668606761664045 0.014317766917510244
0.03979179885307552 0.02219217366674856
0.052692096859488974 0.030579509361249247
0.06534582135273462 0.0395061574139096
0.07770697111091425 0.04899715308073566
0.08972486816392104 0.059074924165306034
0.1013442982068768 0.06975828275346697
0.11250629422023052 0.0810609134875001
0.12314926239454757 0.0929899633660101
0.12333479906026319 0.09320937551136027
0.13341557838944162 0.10581568548861263
0.14273573133865683 0.11887474061493467
0.15126543536085896 0.13234879738335337
0.15898361275311673 0.14619351350116852
0.16587877607215384 0.16035972476637572
0.17194973051648155 0.1747952399190304
0.17720542062001404 0.18944689069205925
0.18166388691971586 0.20426255564899193
0.18535112904990497 0.2191927332048184
0.18801027011818838 0.2191927332048184
0.1906694111864718 0.2191927332048184
0.19124508617453276 0.23778279065267371
0.19204289796105156 0.256517013236364
0.19308905283863398 0.2753927216596005
0.19441438874648087 0.2944059848522148
0.19605528762547417 0.3135511699387553
0.19805539388970433 0.33282025541583055
0.20046748952634005 0.3522018442792752
0.20335625127386917 0.37167965592161817
0.20680233506123522 0.39123012815678054
0.21090755980859305 0.41081865448685506
0.21580279932471383 0.43039327405772043
0.22165960090934106 0.44987371850266733
0.22870581138428156 0.46913212715129005
0.22884135019967083 0.4694659361362412
0.23512588884263919 0.4836704718946927
0.24233092449463153 0.4973261035197189
0.2506135726376087 0.5102460007796165
0.2601394274618265 0.522159182361605
0.27104499069124754 0.5326887342643982
0.28336082816952374 0.5413648334449737
0.2969174499973352 0.5477208007488185
0.31132053155792627 0.5514755383285678
0.3260726877603449 0.5526679091711241
0.3430692750311439 0.5526679091711241
0.3603354931586385 0.5526679091711241
0.3778756195190879 0.5526679091711241
0.3956939993442926 0.5526679091711241
0.4137950467980424 0.5526679091711241
0.4321832460696413 0.5526679091711241
0.45086315248478 0.5526679091711241
0.4698393936340307 0.5526679091711241
0.48881563478328144 0.5526679091711241
0.5074955411984201 0.5526679091711241
0.525883740470019 0.5526679091711241
0.5439847879237688 0.5526679091711241
0.5618031677489735 0.5526679091711241
0.579343294109423 0.5526679091711241
0.5966095122369175 0.5526679091711241
0.6136060995077165 0.5526679091711241
0.6278347435748965 0.5484827817614125
0.6396118376251788 0.5391116347269868
0.6494415609766704 0.5275540777537969
0.6580051748649721 0.5149103740074988
0.665705402941204 0.5016145296295764
0.6727805721554648 0.48787124423773204
0.6793810686496617 0.4737911099998375
0.6856077822472147 0.4594400403220686
0.6915317074745666 0.4448601816478033
0.6917021470057969 0.444427653586487
0.7001722208007938 0.42203962335389295
0.7080580496012934 0.39967061735197545
0.7154686200994368 0.3773677332392668
0.7224820063700742 0.35516171367814886
0.729156405449419 0.33307352373497906
0.7355365178931765 0.3111179043617368
0.7416575872097205 0.2893054667681675
0.7475479835829953 0.26764396733901374
0.7532309836079012 0.24613913643022167
0.7587259230167608 0.22479520768940373
0.7640490966709635 0.203615302231179
0.7692143862257438 0.18260169150220776
0.7742337917899393 0.16175600227923706
0.7791176967424097 0.1410793340081094
0.7838751912068037 0.12057237591623063
0.7925804596624257 0.12057237591623063
0.8014172623773224 0.12057237591623063
0.8102540650922191 0.12057237591623063
0.8189593335478411 0.12057237591623063
0.8321033780565043 0.11315684704240661
0.8452664862493452 0.1056051735633141
0.8584430977465844 0.09790844787399126
0.871626687365691 0.0900565880026014
0.8848095385657095 0.08203810249160276
0.8979824525826754 0.07383980266434947
0.9111343650040373 0.06544643909579957
0.9242518127876758 0.05684020760682571
0.9244330346760163 0.056719514537840486
0.9357816191852415 0.049054856167147345
0.9469729162700665 0.041271911713370454
0.9579941376507791 0.03335676263327082
0.968829620221048 0.025293133573819404
0.9794599141438219 0.01706181375973675
0.989860514287998 0.008639934755760874
1.0 0.0
