# CURVE 2D, normalized by CHORD
# COLUMN#1 = X-coordinate, COLUMN#2 = Y-coordinate
#-------------------------------------------------------------------------------
0.0 0.0
0.006924141551373945 0.011976360753464125
0.013922657482950672 0.023985484115611987
0.021003956909664178 0.036022596685736485
0.028179387176409377 0.04808104262219548
0.03546495404303879 0.06015112904466388
0.042884618858929094 0.07221786361537584
0.050477332036121106 0.08425598210355421
0.05055402195531217 0.0843756024660488
0.05655698717183048 0.0935858138074135
0.06273314829604923 0.10265561946861063
0.06922446055690083 0.1114758913717475
0.0766132292718689 0.11950074213210202
0.08515440054584575 0.11950074213210202
0.09382456976058448 0.11950074213210202
0.10249473897532321 0.11950074213210202
0.11103591024930007 0.11950074213210202
0.11308055907445286 0.1379106076424467
0.115524842034981 0.15641844472605868
0.11841606688123671 0.17501012960568138
0.12180907307310698 0.19366698872682722
0.12576809405309458 0.21236416815387008
0.13036862071431865 0.23106839687118227
0.13569920951014244 0.24973494687651965
0.14186442560570248 0.26830306789728575
0.14898637559844694 0.2866900001546785
0.15720661865803714 0.3047822792184011
0.1666846678773467 0.32242465293989536
0.17759178827136804 0.33940653552125455
0.17779921307492647 0.33970023283930056
0.18816880657033053 0.353183682744216
0.19957922633248484 0.36564577164337575
0.21202975005559016 0.37690215439749114
0.22546755631861182 0.38677250035655203
0.2397812856114377 0.3951064459602388
0.2548080559186821 0.4018100542778161
0.2703540794414985 0.4068629377091715
0.2862223331333738 0.4103175966215919
0.30223627536493597 0.412283576977829
0.3182532890042025 0.41290436286010584
0.3378692727102376 0.41290436286010584
0.35779919142473515 0.41290436286010584
0.37804806937645763 0.41290436286010584
0.39862101120213067 0.41290436286010584
0.41952320323329584 0.41290436286010584
0.4407599148037574 0.41290436286010584
0.4623364995779542 0.41290436286010584
0.4842583969005905 0.41290436286010584
0.5065311331678666 0.41290436286010584
0.5291603232206542 0.41290436286010584
0.5517895132734418 0.41290436286010584
0.5740622495407178 0.41290436286010584
0.5959841468633542 0.41290436286010584
0.617560731637551 0.41290436286010584
0.6387974432080126 0.41290436286010584
0.6596996352391777 0.41290436286010584
0.6802725770648508 0.41290436286010584
0.7005214550165733 0.41290436286010584
0.7204513737310707 0.41290436286010584
0.7400673574371058 0.41290436286010584
0.7524944765517292 0.41203276307529035
0.7647320422575385 0.4093976165941405
0.7765445204775451 0.4050708216988256
0.7877592867805808 0.39923367735004256
0.7982872345775669 0.3921194836981076
0.808110768426296 0.38396086164257726
0.817258224457029 0.37496026183601605
0.8257811059029943 0.3652816126773084
0.8259386019041794 0.36509054867582796
0.8359858416180991 0.35194570840540146
0.8451226428861086 0.33827994988581384
0.8534819108939766 0.32424826423474135
0.8611738463053655 0.30995953923931674
0.8682889306609236 0.29549176810026745
0.8749013945723549 0.2809019020759454
0.8810724331459441 0.26623232357821286
0.8868529034606083 0.25151514727741003
0.8922853909230091 0.23677508486630466
0.8974058626212158 0.222031425381212
0.9043932020440164 0.222031425381212
0.9113805414668171 0.222031425381212
0.923049838932113 0.21711972835397914
0.93351802057344 0.2098882471754842
0.9426412453777557 0.2009294229524955
0.9505129727082751 0.1907750847478525
0.9573131939321715 0.17980347532773774
0.9632224455258827 0.1682611355555495
0.9683938864948876 0.15630615237766
0.9684825946615874 0.1560838986985997
0.9741047361874572 0.14063442278193494
0.9788893076078278 0.12501549837039044
0.9829959573175353 0.10931331164081344
0.9865434180338456 0.09358255533469419
0.989622110897227 0.07785930055342347
0.9923022069860667 0.06216805863069702
0.9946392480606742 0.04652592392740016
0.9966779084219909 0.030945059722116593
0.9984547578840459 0.015434272406728063
1.0 0.0
