# CURVE 2D, normalized by CHORD
# COLUMN#1 = X-coordinate, COLUMN#2 = Y-coordinate
#-------------------------------------------------------------------------------
0.0 0.0
0.0077247993996085625 0.01496801970785856
0.015586975651490628 0.02999379660716111
0.023595342905246806 0.045072932676421935
0.0317599814393989 0.06020016103547131
0.040092457468754894 0.07536916077939265
0.0486062139530047 0.09057225285281438
0.057317002271716225 0.10580003290873853
0.0662435020662142 0.12104083985484876
0.07540812578096226 0.13628002751088153
0.08483818470343507 0.15149887972027526
0.08499259738359904 0.15174399598078717
0.09296743648999059 0.16421599164807485
0.10107778816236308 0.17650593016327093
0.10934508179212404 0.1885959362958884
0.11779575704888964 0.20046279517125185
0.12646292698522246 0.2120756975704391
0.13538899528623838 0.22339249889486548
0.14462935395865742 0.23435363167478093
0.1542582674838075 0.2448711442514048
0.16271947765214329 0.2448711442514048
0.17118068782047904 0.2448711442514048
0.17252873058739354 0.2601054717863984
0.17395003391032715 0.27543217958406735
0.17545444560131743 0.29085067677733617
0.17705424490514832 0.30635998966292827
0.17876505805644116 0.3219585847538942
0.180607345887512 0.3376440701192537
0.18260874852175635 0.353412684005215
0.18480824444909152 0.3692583279701242
0.18726393893208507 0.3851705874284441
0.19006948388869155 0.401130111985154
0.19010907767216909 0.40133880516706955
0.1924224351444331 0.41275117782620735
0.1950913685903887 0.42405111327603884
0.19832834784061243 0.43516558660367194
0.202691386401043 0.44584155075886767
0.2107348775145579 0.45335563298504206
0.2309665310194482 0.45335563298504206
0.25152220232891553 0.45335563298504206
0.2724070807142005 0.45335563298504206
0.29362643855474235 0.45335563298504206
0.31518563266918853 0.45335563298504206
0.33709010566772224 0.45335563298504206
0.3593453873260467 0.45335563298504206
0.3819570959813753 0.45335563298504206
0.4049309399507781 0.45335563298504206
0.428272718972245 0.45335563298504206
0.4516144979937119 0.45335563298504206
0.4745883419631147 0.45335563298504206
0.4972000506184433 0.45335563298504206
0.5194553322767678 0.45335563298504206
0.5413598052753015 0.45335563298504206
0.5629189993897477 0.45335563298504206
0.5841383572302895 0.45335563298504206
0.6050232356155745 0.45335563298504206
0.6255789069250418 0.45335563298504206
0.6458105604299321 0.45335563298504206
0.6595831718029375 0.452477702420891
0.6732043492131761 0.44984617588559156
0.6864707999864563 0.44554366929855743
0.6992317571416494 0.4397341277669578
0.7114009037883601 0.432620009467941
0.7229482268829281 0.4244053202797457
0.7338830173144367 0.4152735055101018
0.7442372954606656 0.4053789649926833
0.7444266745675558 0.40518648106159716
0.7563555422755938 0.39221191714554837
0.767423083717516 0.3786462061856121
0.777735125050591 0.3646424072758043
0.78738372002221 0.35031334111331697
0.7964473999314156 0.33574318440387785
0.80499274831337 0.3209956677495102
0.8130761602471932 0.30611972427858525
0.8207455612795063 0.29115346074035414
0.82804190757304 0.2761269560313782
0.8350002882132661 0.2610641858300423
0.8482211043897273 0.2610641858300423
0.8616489817643657 0.2610641858300423
0.8752871632791613 0.2610641858300423
0.8891389426662608 0.2610641858300423
0.9032076652434401 0.2610641858300423
0.9174967287220259 0.2610641858300423
0.9317857922006118 0.2610641858300423
0.945854514777791 0.2610641858300423
0.9597062941648905 0.2610641858300423
0.9733444756796862 0.2610641858300423
0.9867723530543245 0.2610641858300423
0.9999931692307857 0.2610641858300423
0.9999943534826952 0.24778869857047203
0.9999952557765599 0.23445217113375477
0.9999959837359738 0.22105432287149612
0.9999965899614617 0.20759487183773895
0.9999971048260798 0.1940735347877467
0.9999975477374894 0.18049002717340873
0.9999979319928807 0.16684406313776678
0.9999979388304876 0.16658273762642536
0.999998350217449 0.14942306639661074
0.9999986945219401 0.13237679220975923
0.9999989834725558 0.11544316569941207
0.999999225838001 0.09862144245103587
0.9999994283921871 0.08191088296935588
0.9999995964834705 0.06531075264588007
0.9999997344300426 0.048820321726624975
0.9999998457742201 0.032438865280047566
0.9999999334677655 0.016165663165184613
1.0 0.0
