# CURVE 2D, normalized by CHORD
# COLUMN#1 = X-coordinate, COLUMN#2 = Y-coordinate
#-------------------------------------------------------------------------------
0.0 0.0
0.003925504660836221 0.01072314072805784
0.007943115290622998 0.021461937736025758
0.011992090274257636 0.032238607607137613
0.016065349738663113 0.043055994861488145
0.020160183899450398 0.05391531713165362
0.02427523351456024 0.06481728781251707
0.028409719673804856 0.07576240359385396
0.028519908562613352 0.07605400707699658
0.035597915457907546 0.09477654883516123
0.04262549372314801 0.11335196697634124
0.04960189872190564 0.13178183299047813
0.05652679054563528 0.15006755580920883
0.06340005948979713 0.1682104475819525
0.07022173688521827 0.18621175735221943
0.07699194527207062 0.20407268992313024
0.0837108693467345 0.22179441689452684
0.09037873730252081 0.23937808378219574
0.09699580782985102 0.2568248150034141
0.10356236264012662 0.2741357167745271
0.11007869991968725 0.291311879659479
0.12170831466452633 0.291311879659479
0.13351483298782346 0.291311879659479
0.1453213513111206 0.291311879659479
0.15695096605595965 0.291311879659479
0.1576756432381238 0.31227534880717384
0.15845471771228015 0.33342428302167487
0.15929376347637098 0.35476003027332903
0.16019922774020903 0.376283879009404
0.16117871825267613 0.39799703210950854
0.1622412909203316 0.41990057375918227
0.16339782375792505 0.44199542296939515
0.1646616850902069 0.4642822570487523
0.16604945150894582 0.48676140750405406
0.16758227129588216 0.5094326778232904
0.1692877286341167 0.5322950548096312
0.1712030255307419 0.5553461915760295
0.17338048907211143 0.5785814298857673
0.17589772472729853 0.6019917938241901
0.17594588618793638 0.6024067254008197
0.17765330923532843 0.6163755539420276
0.17954217560483607 0.6302478712003831
0.1816623026903403 0.6440137435005826
0.18409141800412762 0.6576554583646208
0.1869628180301918 0.6711375274155252
0.19054292944561058 0.6843734565977942
0.19553485484949493 0.6970536701235888
0.20506426523318438 0.705828524712488
0.22721545294033427 0.705828524712488
0.24972298115728137 0.705828524712488
0.2725925822429674 0.705828524712488
0.2958300807713311 0.705828524712488
0.31944139501474716 0.705828524712488
0.34343253845132954 0.705828524712488
0.3678096212964814 0.705828524712488
0.3925788520590837 0.705828524712488
0.41774653912271675 0.705828524712488
0.4433190923523197 0.705828524712488
0.4693030247266947 0.705828524712488
0.49528695710106974 0.705828524712488
0.5208595103306727 0.705828524712488
0.5460271973943057 0.705828524712488
0.570796428156908 0.705828524712488
0.59517351100206 0.705828524712488
0.6191646544386423 0.705828524712488
0.6427759686820584 0.705828524712488
0.6660134672104221 0.705828524712488
0.6888830682961081 0.705828524712488
0.7113905965130553 0.705828524712488
0.7335417842202051 0.705828524712488
0.741268116148868 0.6949132290791299
0.745477144062446 0.6815749618059396
0.7488601212009844 0.6679233151077723
0.7518270378688945 0.6540988457157313
0.7545334636018639 0.6401450116643534
0.757058134565498 0.6260810492624237
0.7594473810073171 0.6119171262040465
0.7617311304690721 0.5976592084255831
0.7617990014936689 0.5972252296585474
0.7652754233755599 0.5742493061463323
0.7685355317653998 0.5514536095818423
0.7716230946480448 0.5288437380032704
0.774568147587179 0.5064226702518622
0.7773923626824847 0.4841918844948041
0.7801120051413812 0.46215193958490913
0.7827396537390743 0.44030279886117935
0.7852853138398217 0.41864402861634464
0.7877570723133287 0.3971749144357774
0.7901616015645005 0.37589454462846905
0.7925044988433562 0.3548018651573458
0.7947904808486509 0.33389571262835344
0.7970236153490364 0.3131748476806491
0.7992074106369431 0.2926379701868132
0.8013449377924402 0.27228373644397724
0.8113606805834144 0.27228373644397724
0.8215282509267384 0.27228373644397724
0.8316958212700625 0.27228373644397724
0.8417115640610366 0.27228373644397724
0.8455614188685251 0.259554232706887
0.8504571344273946 0.2471110423483358
0.8559643837464443 0.234850096932382
0.8618889352658694 0.2227084903880461
0.8681254894349107 0.21064633714789657
0.8746098496280166 0.19863670606041403
0.8812996606803754 0.18666044347774
0.8881653571364502 0.1747033583578812
0.888323804019272 0.17443080206514444
0.898254630721028 0.1576046258350192
0.9082995636963936 0.1410147986001378
0.9184220103963003 0.12464034731639705
0.9285953742787696 0.10846524546864146
0.938799678188497 0.09247686819440128
0.9490195258169148 0.07666502065384503
0.9592427769568681 0.06102128009697954
0.9694596984837706 0.04553856569441057
0.9796623746317084 0.030210831381167178
0.9898442850120991 0.015032840495377628
1.0 0.0
