# CURVE 2D, normalized by CHORD
# COLUMN#1 = X-coordinate, COLUMN#2 = Y-coordinate
#-------------------------------------------------------------------------------
0.0 0.0
0.00381985923486084 0.012335916842133561
0.007324718111223087 0.024825373762740063
0.01052257507165385 0.037457167356752016
0.013421765584353224 0.05022097424669037
0.016030809757259297 0.06310733517471544
0.018358335924719957 0.07610761432768029
0.020412941250889764 0.08921396680732813
0.020440938572479438 0.08940592443469966
0.022194179306561566 0.10234774942744364
0.023688690000155277 0.1152578138090964
0.02493875742528329 0.12813008709441095
0.0259578953800181 0.14095935773150547
0.02675885622749628 0.15374113598935696
0.02735364174565001 0.1664715667122309
0.027753584730649476 0.17914734888323652
0.027969324268082144 0.19176566974417664
0.027969324268082147 0.19176566974417664
0.04091111448931969 0.19176566974417664
0.05405352793072328 0.19176566974417664
0.06739967464706756 0.19176566974417664
0.08095271290509726 0.19176566974417664
0.09450575116312696 0.19176566974417664
0.10785189787947122 0.19176566974417664
0.12099431132087482 0.19176566974417664
0.13393610154211236 0.19176566974417664
0.1355358264929489 0.20812537376916931
0.13729393951570237 0.22457979346818147
0.13923274634471045 0.24112574822562766
0.1413799081876451 0.2577587090640244
0.14377046702902377 0.27447214343980264
0.1464498218653642 0.2912564478034489
0.14947857894585417 0.3080970760029397
0.15294055373810045 0.32497109461633505
0.1569572724072828 0.34184023183541884
0.1617157243297873 0.3586354731166843
0.16178536974050123 0.35885833770318765
0.16575777696110683 0.37058056843477066
0.17038887274715064 0.38200785591123193
0.1759467854658297 0.39295961791721545
0.18289474399400016 0.40301946403707634
0.19198806231837032 0.4110648920971184
0.20351186684533365 0.4144073916610804
0.2226572793897749 0.4144073916610804
0.2421089252325138 0.4144073916610804
0.2618717026139392 0.4144073916610804
0.28195058812241536 0.4144073916610804
0.30235063794746764 0.4144073916610804
0.32307698915301303 0.4144073916610804
0.3441348609709567 0.4144073916610804
0.36552955611547894 0.4144073916610804
0.3872664621183451 0.4144073916610804
0.40935105268557304 0.4144073916610804
0.431435643252801 0.4144073916610804
0.45317254925566713 0.4144073916610804
0.4745672444001894 0.4144073916610804
0.49562511621813304 0.4144073916610804
0.5163514674236784 0.4144073916610804
0.5367515172487307 0.4144073916610804
0.5568304027572069 0.4144073916610804
0.5765931801386324 0.4144073916610804
0.5960448259813712 0.4144073916610804
0.6151902385258124 0.4144073916610804
0.6257979399848334 0.40783512407135225
0.6352063798170783 0.39933691215317496
0.6442923777010554 0.3904123859259192
0.6532219653470749 0.3812522795730843
0.6620624979964966 0.37192808590540166
0.6708493225716745 0.3624756023979741
0.6796037740386105 0.35291568892031305
0.6798282275210221 0.35266898223625137
0.6940611618140615 0.33688715340177156
0.7080705093365336 0.3211326317905784
0.7218845568284812 0.30542987590532195
0.7355223550180299 0.28979451300535786
0.7489975674585185 0.27423711116394134
0.7623204680864525 0.2587651028414775
0.7754990693941483 0.2433838564254544
0.7885398211571355 0.22809733086457265
0.801448043074462 0.21290847788696352
0.8142282119911489 0.19781950683238747
0.8268841709052688 0.18283207514360866
0.8394192674550944 0.16794741428352528
0.8530271247865162 0.16794741428352528
0.8668461763643007 0.16794741428352528
0.8808796999278163 0.16794741428352528
0.8951310240870192 0.16794741428352528
0.909382348246222 0.16794741428352528
0.9234158718097377 0.16794741428352528
0.9372349233875221 0.16794741428352528
0.950842780718944 0.16794741428352528
0.9553075089316744 0.15332133704342624
0.9597870577452431 0.13861012887113874
0.9642797016861693 0.12381277094507157
0.9687831274111257 0.10892806856954852
0.9732941321580528 0.09395456382457602
0.9778080926578337 0.07889038290145059
0.982317941380881 0.06373294456495435
0.9868119365526408 0.04847833285411082
0.9868611429783476 0.04831021732429747
0.9896740961152549 0.038648405560829546
0.9924459275410831 0.028999247431971624
0.9951580986465478 0.019357595162712706
0.9977646157012058 0.0097112256282237
1.0 0.0
