# CURVE 2D, normalized by CHORD
# COLUMN#1 = X-coordinate, COLUMN#2 = Y-coordinate
#-------------------------------------------------------------------------------
0.0 0.0
0.00221135312316853 0.010768616124033065
0.0057864147385552536 0.02120855429561837
0.010335784918003034 0.031305528512932355
0.015604326245438095 0.04109022842087808
0.021423210549777763 0.05060253543336852
0.027677353541036048 0.05988014520442832
0.02777596466001548 0.06002044345122544
0.03583303201926738 0.07099617582023877
0.04423032401068717 0.08162708266997498
0.052888539065502956 0.09195805594160887
0.06175033491794928 0.10202492873096586
0.07077297100943607 0.11185662645469836
0.07992372590177829 0.12147682819333451
0.08917703244426979 0.13090512558705614
0.09851250786045185 0.14015794855032954
0.10930263966103225 0.14015794855032954
0.12025933561446922 0.14015794855032954
0.1313851669235552 0.14015794855032954
0.1426827444819987 0.14015794855032954
0.15398032204044218 0.14015794855032954
0.16510615334952816 0.14015794855032954
0.17606284930296512 0.14015794855032954
0.18685298110354553 0.14015794855032954
0.18798748889841466 0.1633930551391689
0.18914633420441207 0.18685650146993224
0.19033099111265311 0.21055046882080677
0.1915431449938597 0.23447714782724188
0.1927847083813035 0.25863873714602165
0.194057892704127 0.28303743903955
0.19536527902418596 0.3076754545629247
0.19670988520194044 0.33255497840528164
0.1980953287512209 0.3576781877826829
0.19952597164467406 0.3830472309189412
0.20100718162984382 0.40866420705942613
0.2025456949194592 0.4345311372267817
0.20415017359698465 0.4606499176773427
0.2058321004409411 0.4870222421744038
0.20760725310095035 0.5136494670126929
0.20949845804332645 0.5405323476842963
0.2095372758508698 0.541067071601423
0.2106714536005324 0.5563711583586901
0.2118492449610123 0.5715818229901662
0.21308127475164537 0.5866985603241431
0.21438285743120805 0.6017203205530762
0.21577760500160822 0.6166450289502783
0.2173054648381959 0.631468420643778
0.21904497366974743 0.6461804555932968
0.2212016058929652 0.6607485048242642
0.22563197083934985 0.674347141760095
0.24792269177868895 0.674347141760095
0.2705712010285749 0.674347141760095
0.2935832414483577 0.674347141760095
0.31696464807600944 0.674347141760095
0.3407213496076835 0.674347141760095
0.3648593699010214 0.674347141760095
0.3893848295025899 0.674347141760095
0.41430394719983465 0.674347141760095
0.4396230415979442 0.674347141760095
0.46534853272202437 0.674347141760095
0.49107402384610455 0.674347141760095
0.5163931182442141 0.674347141760095
0.5413122359414588 0.674347141760095
0.5658376955430273 0.674347141760095
0.5899757158363652 0.674347141760095
0.6137324173680393 0.674347141760095
0.637113823995691 0.674347141760095
0.6601258644154738 0.674347141760095
0.6827743736653598 0.674347141760095
0.7050650946046989 0.674347141760095
0.7214167419130391 0.6729731771333446
0.7373715731977737 0.668681204639287
0.7523776350054336 0.6614905303742692
0.7660318306144677 0.6517674536019247
0.7781852584487308 0.6400437953733608
0.7888915950547248 0.6268254718727522
0.7983021394039593 0.6125074980398141
0.8065909109267637 0.597371602670851
0.8139197857392426 0.5816121897423744
0.8204271515295577 0.5653627658850037
0.8262276857029716 0.5487160414260872
0.826391557587656 0.5482120054212772
0.8336539153714955 0.5236928549598096
0.8397571764341861 0.49911107703850194
0.8449161099068183 0.47456114765179963
0.8492922660240566 0.4501033306048877
0.8530098859987079 0.42577723180129917
0.8561662863101768 0.4016094511429491
0.8588393276419164 0.37761816769810885
0.8610920617828842 0.35381588475771547
0.8629763845978083 0.3302112211016924
0.8645355414140672 0.30681006409763817
0.8658060361017357 0.28361634716043416
0.8668186860283957 0.2606325654428886
0.8676002183386641 0.2378601771240523
0.8681735159505531 0.21529984300698968
0.8685586201627199 0.1929516352136625
0.8687731074044465 0.17081517295498908
0.8807179109289444 0.17081517295498908
0.8928462758914573 0.17081517295498908
0.9051610231673102 0.17081517295498908
0.9174757704431631 0.17081517295498908
0.929604135405676 0.17081517295498908
0.9415489389301739 0.17081517295498908
0.9460767577917001 0.16015136637424215
0.9502050287155389 0.1492886827854381
0.9541744438774189 0.1383311209798988
0.9580546903582962 0.12730598224659226
0.9618776177706772 0.11622515284980227
0.9619361273413174 0.11605416669068813
0.9669353376598426 0.10131523415969022
0.9718435525111826 0.08663597947787542
0.9766768147959062 0.07202151570336257
0.9814456897897809 0.05747498784243395
0.9861575943747583 0.042998429054950806
0.9908179859220405 0.028593190486274477
0.9954310293861613 0.014260179179332125
1.0 0.0
