# CURVE 2D, normalized by CHORD
# COLUMN#1 = X-coordinate, COLUMN#2 = Y-coordinate
#-------------------------------------------------------------------------------
0.0 0.0
0.005669337442675099 0.012940556530974836
0.010979282983487505 0.02610701418197062
0.016093162199550776 0.039424413226400626
0.02108271322612299 0.05286237786436398
0.025987050123910733 0.066405265619805
0.03083028617003093 0.08004389126931369
0.035628535397257716 0.09377239548343656
0.035723258092958905 0.09404535213411006
0.04149045526336727 0.11079113012568867
0.04715001372197175 0.12744190253615217
0.05271462097595047 0.14399402872258202
0.058193796405879954 0.16044505237867304
0.06359491877296068 0.1767933025799847
0.0689238578877212 0.1930376524522723
0.07418538937550387 0.2091773632555676
0.07938347112669669 0.22521198166276926
0.08452142946946245 0.24114127107731298
0.08960211294264642 0.25696515636607803
0.09462797300548538 0.2726836940228101
0.10386837724664837 0.2726836940228101
0.11324993984090508 0.2726836940228101
0.12277481715286126 0.2726836940228101
0.13229969446481746 0.2726836940228101
0.14168125705907414 0.2726836940228101
0.15092166130023713 0.2726836940228101
0.1534424549559718 0.2873289737191927
0.1560387942341244 0.30205676252457514
0.15871972156132036 0.3168657874597573
0.1614964737833861 0.3317542478037351
0.16438331772109 0.34671958578282325
0.1673988534453509 0.36175811474017433
0.17056812451801462 0.37686438737776917
0.17392626401906594 0.3920300439883953
0.17752534668433365 0.4072415092803768
0.18144862201049453 0.4224748151560711
0.18150286068019894 0.4226748701426448
0.1846221641667877 0.43366302399331247
0.18806200096485623 0.444521345310303
0.19201129704709174 0.4551697422440545
0.19695724494094313 0.4653488956547356
0.2051060923349552 0.4725386256099545
0.22598569564749826 0.4725386256099545
0.24719906562829805 0.4725386256099545
0.26875153763680426 0.4725386256099545
0.29064853231977394 0.4725386256099545
0.31289555697461485 0.4725386256099545
0.3354982069345213 0.4725386256099545
0.3584621669757529 0.4725386256099545
0.3817932127474082 0.4725386256099545
0.4054972122240543 0.4725386256099545
0.42920121170070047 0.4725386256099545
0.45253225747235576 0.4725386256099545
0.47549621751358734 0.4725386256099545
0.4980988674734938 0.4725386256099545
0.5203458921283347 0.4725386256099545
0.5422428868113044 0.4725386256099545
0.5637953588198106 0.4725386256099545
0.5850087288006104 0.4725386256099545
0.6058883321131534 0.4725386256099545
0.6211485100590444 0.47178088595447165
0.6362989290738215 0.4692120040694723
0.637791564472257 0.13282353541194983
0.644898694952521 0.15076272245771938
0.6509614362575008 0.46433584094777286
0.6518390916044401 0.16893906260640287
0.6543784060462218 0.13282353541194983
0.6585815077964068 0.18736227173434003
0.6645014340840376 0.45671689080216143
0.6650881028321294 0.20604302667806607
0.6712263933990184 0.13282353541194983
0.671312431498353 0.22499302346767563
0.6761207967035696 0.44626955246750083
0.6771967184072702 0.24422492691554853
0.682667610961263 0.2637522318518474
0.6852235303164702 0.4334480252390002
0.6876305126975701 0.28358858271763976
0.6883396380498591 0.13282353541194983
0.6917195741240346 0.4190139596131109
0.6919600913091347 0.3037464529966472
0.6954863438184009 0.32423376749450067
0.6959160399096296 0.403644369442318
0.6979711447703827 0.34504643213241465
0.6982385540192816 0.3877797955342398
0.6982704891868081 0.3874397403888964
0.6990702010636867 0.3661505924373627
0.7057223162503455 0.13282353541194983
0.7233786700036252 0.13282353541194983
0.7413130080995943 0.13282353541194983
0.7592473461955634 0.13282353541194983
0.7769036999488431 0.13282353541194983
0.7942863781493296 0.13282353541194983
0.8113996228001703 0.13282353541194983
0.8282476101529669 0.13282353541194983
0.8448344517269316 0.13282353541194983
0.8577707313054387 0.12523270732970532
0.8707061052448873 0.11746473012536181
0.8836275432875537 0.1095003520368021
0.8965183096709494 0.10131591948361385
0.9093564400982657 0.09288183953598461
0.9221122616713143 0.08416017614938383
0.9347443855274805 0.07510108372073206
0.9471925947270761 0.0656369372683286
0.9593643167165429 0.055672257507367
0.9595196375856849 0.05553930101546314
0.9683319265548417 0.047686778224299856
0.9767356674968996 0.03945886470504288
0.9845712655974156 0.030745763385938738
0.9915514519000401 0.021389185163788106
0.9971024479088152 0.011178337562302352
1.0 0.0
