# CURVE 2D, normalized by CHORD
# COLUMN#1 = X-coordinate, COLUMN#2 = Y-coordinate
#-------------------------------------------------------------------------------
0.0 0.0
0.006958047238660839 0.01354497434143354
0.013977361609345077 0.027161750704668402
0.021060530226525848 0.04084958050472995
0.028210586653967414 0.05460747362039896
0.0354311419262102 0.0684341243889583
0.04272656680315811 0.08232780771604706
0.05010225240467657 0.09628622900464809
0.05756500737776221 0.11030629348012906
0.06512367027288629 0.124383745868018
0.06523148437688216 0.12458354637291252
0.07117586685969952 0.13555149607755726
0.07713896276544792 0.1464487109582331
0.08312922284205441 0.15727054096673698
0.08915832943430642 0.16801035413471202
0.09524329389006563 0.1786581847419731
0.10141065673589184 0.1891979482500396
0.10770628989185933 0.1996007043896559
0.11670484946420512 0.1996007043896559
0.12584078837046347 0.1996007043896559
0.13511620395535223 0.1996007043896559
0.14439161954024096 0.1996007043896559
0.15352755844649935 0.1996007043896559
0.16252611801884512 0.1996007043896559
0.16700800699843746 0.22136279520563942
0.1715582105080494 0.24333606072434108
0.17617952913991092 0.26552212909287926
0.18087506476545684 0.2879225798135761
0.18564828754077053 0.31053892769991254
0.19050315510108387 0.3333725949080416
0.19544413364683444 0.35642490261238563
0.2004763955441054 0.379697023705125
0.20560595790331043 0.40318994555272153
0.21083989160249894 0.42690441438585813
0.216186655980498 0.4508408471030302
0.22165652562530683 0.4749992145162593
0.2272622049765766 0.4993788697265919
0.23301979026889738 0.5239782756748239
0.2389502451696401 0.5487945745986533
0.2450817576964213 0.57382287628717
0.2514540434110833 0.5990549253965328
0.25159121531724205 0.5995884203608254
0.25569872687834166 0.6153568466872006
0.25988998795924373 0.6310008913305899
0.26418807426235036 0.6465139731513697
0.2686262155359934 0.6618859085331432
0.273255691926599 0.6770997900647905
0.27816323029606593 0.6921245825098429
0.28351909793261143 0.7068927038200984
0.28976544084094286 0.7211975166526087
0.29956085227143425 0.7325621737180179
0.319388810726567 0.7325621737180179
0.3395341748945964 0.7325621737180179
0.3600020258022358 0.7325621737180179
0.3807975258132108 0.7325621737180179
0.4019259199303019 0.7325621737180179
0.42339253711822866 0.7325621737180179
0.4452027916477119 0.7325621737180179
0.4673621844610509 0.7325621737180179
0.48987630455956105 0.7325621737180179
0.5127508304132213 0.7325621737180179
0.5356253562668817 0.7325621737180179
0.5581394763653917 0.7325621737180179
0.5802988691787307 0.7325621737180179
0.602109123708214 0.7325621737180179
0.6235757408961408 0.7325621737180179
0.6447041350132319 0.7325621737180179
0.6654996350242068 0.7325621737180179
0.6859674859318463 0.7325621737180179
0.7061128500998757 0.7325621737180179
0.7259408085550084 0.7325621737180179
0.7387571540188095 0.7276349416317367
0.7486257553227603 0.7176811920011655
0.7566498370475608 0.7060557969477359
0.7635898418486076 0.6936532817579723
0.7698199871146932 0.6807871649362002
0.7755458915396288 0.6675989559883273
0.7808928343886563 0.6541637376114129
0.785943157030547 0.6405258389029613
0.7907541170611485 0.6267134733369899
0.7908978558707821 0.6262888049554145
0.7980944475770058 0.6041658973081571
0.8047943748935068 0.5821069094651106
0.8110931367915906 0.5601465257609354
0.817058317778279 0.5383070141491424
0.8227397159680266 0.5166032829175552
0.8281753811734567 0.49504564911451066
0.8333951043371711 0.47364137854161353
0.8384227619966089 0.4523956512121945
0.8432778293320231 0.43131216380870124
0.8479764716982261 0.41039353964294784
0.8525322970813612 0.3896416034114165
0.8569568405607777 0.3690575608996362
0.8612600513911373 0.3486421559907711
0.8654505566291828 0.32839576316904817
0.8695358793790928 0.30831846052423023
0.8714829375854036 0.30831846052423023
0.8734299957917144 0.30831846052423023
0.8744181686790162 0.29222703132891087
0.8759365626560178 0.27606942428342457
0.8780029777204181 0.25986408037010106
0.8806333833303711 0.24363076512114626
0.8838415095583455 0.22739034237191746
0.8876387553408879 0.2111645483014643
0.8920338329389681 0.19497567277886163
0.8970326119229757 0.178846225310871
0.9026380436607248 0.16279858723716775
0.9088501045589047 0.14685464023954298
0.9089768012598138 0.1465460131519311
0.9160640014309649 0.1301568617763666
0.9236846605778611 0.1141421460000315
0.9318068759807179 0.0985105799450153
0.9403980401791848 0.08326801652468226
0.9494253806392892 0.06841760561785773
0.9588564790335453 0.053960045224168286
0.9686595808089181 0.03989379009774991
0.9788039863042574 0.026215381976304852
0.9892601605519579 0.012919639558218081
1.0 0.0
