# CURVE 2D, normalized by CHORD
# COLUMN#1 = X-coordinate, COLUMN#2 = Y-coordinate
#-------------------------------------------------------------------------------
0.0 0.0
0.003522309824139037 0.011516854389605587
0.006234675151829722 0.02330737903825657
0.008498093801974962 0.035245334088180064
0.010467124493882592 0.0472878985873343
0.012224375505525827 0.059415651622601144
0.01381999514752876 0.0716182641110389
0.015287114526512876 0.0838896570922924
0.015315524471803146 0.084137564409748
0.0171428819218355 0.10093428335216449
0.018796504762484463 0.11763775516937028
0.020309197774327093 0.1342441366686908
0.021704627300841155 0.15075111964645901
0.023000541223523723 0.16715731404739265
0.024210634391748816 0.18346191293627065
0.02534576235105816 0.19966449298058406
0.026414686957752 0.2157648953444112
0.027424607988179205 0.23176314728631148
0.028381535344976783 0.24765941013813725
0.04238910409376394 0.24765941013813725
0.05661421661756092 0.24765941013813725
0.07106025146798467 0.24765941013813725
0.08573063966706192 0.24765941013813725
0.10040102786613916 0.24765941013813725
0.11484706271656292 0.24765941013813725
0.1290721752403599 0.24765941013813725
0.12952771415911624 0.4680106078311583
0.12971345623881142 0.447124609225546
0.1298358020689255 0.4890621217055917
0.1298453196867151 0.4893845294414849
0.13026137111621316 0.42641081803237746
0.13036426739962423 0.5021335723813424
0.13108692632073277 0.4058709053087625
0.1312127217003234 0.5148092162420378
0.13213212018343243 0.385504475106059
0.1325049958523537 0.5273914335636468
0.13335514802281503 0.3653102286010905
0.13444122705811304 0.5398339327851148
0.13472475338297443 0.3452864723192315
0.1362168369231813 0.32543135097202713
0.1374295618492562 0.5520052511800484
0.13781237829044152 0.3057429617434961
0.13949604388534903 0.28621940782960437
0.141255305165421 0.2668588290632727
0.14253750949715344 0.5633525603763265
0.14307974398914705 0.24765941013813725
0.15258784416093085 0.5697447382954941
0.17342237223092027 0.5697447382954941
0.194591590510965 0.5697447382954941
0.21610087553449697 0.5697447382954941
0.23795569020470403 0.5697447382954941
0.26016158518199173 0.5697447382954941
0.28272420029373346 0.5697447382954941
0.30564926596666764 0.5697447382954941
0.32894260468230435 0.5697447382954941
0.35261013245571265 0.5697447382954941
0.3766578603380633 0.5697447382954941
0.4010918959433084 0.5697447382954941
0.4255259315485535 0.5697447382954941
0.44957365943090416 0.5697447382954941
0.47324118720431246 0.5697447382954941
0.4965345259199492 0.5697447382954941
0.5194595915928834 0.5697447382954941
0.5420222067046251 0.5697447382954941
0.5642281016819128 0.5697447382954941
0.5860829163521198 0.5697447382954941
0.6075922013756518 0.5697447382954941
0.6287614196556965 0.5697447382954941
0.649595947725686 0.5697447382954941
0.6594378532943248 0.5646033056614888
0.6667667736572364 0.5558793179316226
0.6729625228667283 0.5462465822340242
0.678538438509896 0.536186807889619
0.6837162838145224 0.5258637755212995
0.6886134231881704 0.5153529341392135
0.6933004681459674 0.5046954649479227
0.6934123462560727 0.504434485176459
0.7008741267466623 0.4863968354904106
0.7079159264447819 0.46834555211960277
0.7146314625390211 0.4503228952427276
0.721082218302809 0.4323545732620034
0.7273111140017444 0.414457333224674
0.7333495218171628 0.3966426215958169
0.7392212359384203 0.3789185479990109
0.7449448385763521 0.3612910083829574
0.7505351570313739 0.3437643574051408
0.7560042623704581 0.32634185060990123
0.7613621797210006 0.30902594660329336
0.7694491258969517 0.30902594660329336
0.7776580554021988 0.30902594660329336
0.7858669849074459 0.30902594660329336
0.7939539310833968 0.30902594660329336
0.801533682159539 0.29152155162715565
0.8093160396385756 0.273939975315019
0.8173163698332668 0.25628820223124954
0.82555228027943 0.2385747020605219
0.8340440571566359 0.22080979564347142
0.8428153377910197 0.2030061985261637
0.851893851385841 0.18517969769450254
0.8613126032890022 0.16735019932998416
0.8711111493435544 0.14954305652158312
0.8813377304493969 0.13179122313734004
0.892051968417367 0.11413834808088258
0.9033287928322897 0.09664365225751606
0.9035350451535276 0.09633431697563086
0.9124186337135656 0.08338271096140745
0.921610940470252 0.07076372874726644
0.931158873527007 0.058529289049980185
0.941119648345463 0.04674941849319631
0.9515631301176555 0.035520816034893606
0.9625739821532624 0.024980565838438502
0.97425121239713 0.015327631251341284
0.9866999425822719 0.006856304487331158
1.0 0.0
