# CURVE 2D, normalized by CHORD
# COLUMN#1 = X-coordinate, COLUMN#2 = Y-coordinate
#-------------------------------------------------------------------------------
0.0 0.0
0.012821171637531499 0.00737982926801187
0.025512008989342406 0.01513816446598614
0.03803227479253258 0.02331875485488164
0.050330341073184647 0.031972744345352876
0.06233900322829318 0.04115996518106774
0.07396962976426742 0.05094993168403736
0.08510392073250972 0.061422043005324084
0.0955826971995895 0.07266360018103818
0.09571152659062954 0.07281265449599683
0.10340318676856305 0.08233870719994921
0.11035373761608007 0.09235484844249825
0.11641945952073704 0.10287017579479489
0.12143874393925223 0.11386610752811904
0.12524597013186328 0.12528352165192427
0.12769691052779855 0.13701423559817602
0.12870056164899796 0.14890526064369147
0.13956950956512215 0.14890526064369147
0.15060512031975057 0.14890526064369147
0.16180994949617908 0.14890526064369147
0.1730147786726076 0.14890526064369147
0.184050389427236 0.14890526064369147
0.1949193373433602 0.14890526064369147
0.19601403082085503 0.16328961911846188
0.19714157871477117 0.17775587849747163
0.19830651128109592 0.1923041211162066
0.1995146485578015 0.20693429795954693
0.20077369757051028 0.22164615930010562
0.20209424876470863 0.2364391336365328
0.2034915554518159 0.2513120999530659
0.2049890841785236 0.26626290688556414
0.20662649700515395 0.2812872068892903
0.20664679966804006 0.28146401088326806
0.20772706075367187 0.2905072918033746
0.20890898331668653 0.29951948436813064
0.21025162593003746 0.3084906659665521
0.21190982863321547 0.31738961531072685
0.2152016975665775 0.3255324506274667
0.23614910437104028 0.3255324506274667
0.25743225954501947 0.3255324506274667
0.2790565445168077 0.3255324506274667
0.3010274269690864 0.3255324506274667
0.3233504622214252 0.3255324506274667
0.34603129463493976 0.3255324506274667
0.3690756590394639 0.3255324506274667
0.3924893821835964 0.3255324506274667
0.41627838420799 0.3255324506274667
0.4404486801422536 0.3255324506274667
0.4646189760765172 0.3255324506274667
0.48840797810091074 0.3255324506274667
0.5118217012450433 0.3255324506274667
0.5348660656495674 0.3255324506274667
0.557546898063082 0.3255324506274667
0.5798699333154208 0.3255324506274667
0.6018408157676995 0.3255324506274667
0.6234651007394877 0.3255324506274667
0.644748255913467 0.3255324506274667
0.6656956627179297 0.3255324506274667
0.6785459516247723 0.3251518190824429
0.6913986345387964 0.3239085838881035
0.7041656397122364 0.321627230092277
0.7167056802667672 0.31810450338804147
0.7288034029531784 0.3131281470663645
0.7401589006525684 0.30652267177110476
0.7504139544120758 0.2982218663559009
0.7505287854625939 0.2981122954156745
0.759155325739455 0.28843592845827254
0.7661597412554754 0.27759362855448444
0.7715567407479726 0.26592768151518814
0.7754859262733201 0.2537458090841263
0.7781424100382021 0.2412801775670528
0.7797252244981878 0.22868839642025443
0.7804118821856278 0.21607108134137154
0.7961887866443182 0.21607108134137154
0.8122127082189899 0.21607108134137154
0.828487514427238 0.21607108134137154
0.8450171333399201 0.21607108134137154
0.8618055545292322 0.21607108134137154
0.8785939757185444 0.21607108134137154
0.8951235946312265 0.21607108134137154
0.9113984008394745 0.21607108134137154
0.9274223224141462 0.21607108134137154
0.9431992268728366 0.21607108134137154
0.9445049917800818 0.2014471640205089
0.9459975009498166 0.18675406943774048
0.9476975793488835 0.17199585126723801
0.9496296607863546 0.1571778453176255
0.951822666742457 0.14230711884375064
0.9543112609180227 0.12739313182786322
0.9571374360994784 0.11244869874842227
0.9603527146173484 0.09749144467527222
0.9640212544065817 0.08254607798485948
0.9640781120373396 0.08232979061614938
0.9676000958959845 0.06972881213594846
0.9715271197473654 0.05730908934912716
0.9759213402107602 0.0451084760893744
0.9808596844270188 0.03318037465821091
0.9864374357455642 0.021601715104058318
0.9927714367921483 0.010485518624532855
1.0 0.0
