# CURVE 2D, normalized by CHORD
# COLUMN#1 = X-coordinate, COLUMN#2 = Y-coordinate
#-------------------------------------------------------------------------------
0.0 0.0
0.003175775889385971 0.0160301329180193
0.0067034719834916335 0.032091741687225846
0.010630460294264735 0.04816686198270665
0.015014065042827249 0.06423133224274936
0.019924375678257826 0.08025212829933974
0.02544806459373257 0.0961832422163341
0.03169335493255498 0.11195921112038458
0.038796315566499304 0.12748471778330872
0.046927864804971214 0.1426177356126678
0.04704651146304363 0.14282001207380673
0.05446633587510626 0.15452162563157695
0.062726690531579 0.16556424138543602
0.07192976384878635 0.1757460457446287
0.08215452097993572 0.1848021201735754
0.09341636836181293 0.19241311299367703
0.1056185372007109 0.19825170511256826
0.11852801141434173 0.20207418467782584
0.12087027010392738 0.20207418467782584
0.12321252879351303 0.20207418467782584
0.12394288870388442 0.22028246771798476
0.12473268275980103 0.23863048744160648
0.1255889327856561 0.25711887329339095
0.12652002946369853 0.27574813091805916
0.1275361474105186 0.2945185918591988
0.12864987980642123 0.3134303349286681
0.12987708684348234 0.33248306749231643
0.13123820396836872 0.3516759316832771
0.13276038614381416 0.3710071678897426
0.1344810348910199 0.3904735057620194
0.13645421752059989 0.4100689547678331
0.13876337478200634 0.4297821372646185
0.1388021553673836 0.4300862548321541
0.1403856504123561 0.441802538799995
0.14216574597211024 0.45344177123632706
0.14420850553105827 0.46498890869761605
0.1466271926317305 0.4764139081832953
0.14964813090763607 0.48764366837679285
0.15386887844112837 0.49841650174443763
0.16195433358539246 0.5058876346459029
0.18657954894732698 0.5058876346459029
0.2116035282831698 0.5058876346459029
0.237032728905255 0.5058876346459029
0.2628737126912368 0.5058876346459029
0.2891331477773493 0.5058876346459029
0.3158178102790852 0.5058876346459029
0.3429345860397386 0.5058876346459029
0.3704904724072626 0.5058876346459029
0.39849258003989957 0.5058876346459029
0.4269481347410506 0.5058876346459029
0.4558644793238583 0.5058876346459029
0.4852490755059826 0.5058876346459029
0.5151095058350597 0.5058876346459029
0.5449699361641367 0.5058876346459029
0.574354532346261 0.5058876346459029
0.6032708769290687 0.5058876346459029
0.6317264316302197 0.5058876346459029
0.6597285392628566 0.5058876346459029
0.6872844256303806 0.5058876346459029
0.7144012013910341 0.5058876346459029
0.74108586389277 0.5058876346459029
0.7673452989788825 0.5058876346459029
0.7931862827648642 0.5058876346459029
0.8186154833869494 0.5058876346459029
0.8436394627227922 0.5058876346459029
0.8682646780847267 0.5058876346459029
0.8767112380180118 0.4990817363331873
0.8811990736248901 0.4886360057194768
0.8843200204617083 0.477646705035051
0.8867538322167123 0.46644228029492923
0.888759853169044 0.4551124140938559
0.8904676731809643 0.4436931948614317
0.8905021739691291 0.4434436687738068
0.8926824905209876 0.4259444424959773
0.8944803574594442 0.4085261657195306
0.8959955378379063 0.3912044588895057
0.8972913747007004 0.37398745721636495
0.8984110268023507 0.3568796727294037
0.8993854633755859 0.3398836719533161
0.9002377817556383 0.32300089293983447
0.9009857680024443 0.30623208186637346
0.9016434300826109 0.28957753880171344
0.9022220776621889 0.2730372688174734
0.9027309654615512 0.2566110731086316
0.9162889924604553 0.2566110731086316
0.9300559854160332 0.2566110731086316
0.9440351650602582 0.2566110731086316
0.9580143447044832 0.2566110731086316
0.9717813376600611 0.2566110731086316
0.9853393646589652 0.2566110731086316
0.9870215699758923 0.2413853435587597
0.9885999631437142 0.22606204988517706
0.9900748845414369 0.21064157628856414
0.9914466892485332 0.1951242834554797
0.9927157185339986 0.17951050636747135
0.9938823295971018 0.16380055742131905
0.9949468692798077 0.14799472469242042
0.9959096831558535 0.13209327328547366
0.9959243584665052 0.13183640534442398
0.9967324394694107 0.11685930626855377
0.9974445243143688 0.10196405072135414
0.9980638613265473 0.0871508414138192
0.9985935773569706 0.07241983037785454
0.9990366953974248 0.057771123266389966
0.9993961296391325 0.04320478244089637
0.9996746962292957 0.028720830379303463
0.999875112767929 0.014319252512045993
1.0 0.0
