# CURVE 2D, normalized by CHORD
# COLUMN#1 = X-coordinate, COLUMN#2 = Y-coordinate
#-------------------------------------------------------------------------------
0.0 0.0
0.00578697457777665 0.012355788528279846
0.012800760857603033 0.024148929483862328
0.020924986374577882 0.03530305738166873
0.030026552112041804 0.04577929919592879
0.0399717190642292 0.055571133821537916
0.050636667816623876 0.06469603577516911
0.06191303082297484 0.07318657966594166
0.07370922530418954 0.08108332845343408
0.08594942560738604 0.08842993104406799
0.0862099758060727 0.08857817984312553
0.1015351288845873 0.09678128403851517
0.117113097973296 0.10421711926119374
0.13286572225439322 0.1109763219433136
0.14873389023489222 0.11713707114401203
0.1646725538060217 0.12276634669164022
0.18064699345692348 0.12792169683237933
0.19663027401912894 0.13265243350748793
0.21260125125754328 0.13700116592835268
0.2285432260529322 0.14100474620721615
0.244442912796518 0.14469518841235038
0.26028964848797054 0.14810055025849306
0.2604343661555715 0.14810055025849306
0.2605790838231724 0.14810055025849306
0.26063023313813183 0.17068509261329531
0.26069331332628154 0.1934952581593362
0.260769469315644 0.21653329213125122
0.2608599917915951 0.2398014600766112
0.2609663605819549 0.26330204742300867
0.26109026696725823 0.2870373589490565
0.26123368578940553 0.31100971778228026
0.2613989098525498 0.3352214642413044
0.2615886503035684 0.3596749538286394
0.2618061609364439 0.3843725542420662
0.2620553595950861 0.40931664131568474
0.2623410898125484 0.4345095919542152
0.2626694062462913 0.4599537738452758
0.26304807841474315 0.4856515278106344
0.2634873528589444 0.511605137741663
0.26400123481419896 0.5378167754874499
0.26460970918883897 0.5642883936593925
0.2646236235816372 0.5648442373755873
0.2650440574106122 0.5807213004177582
0.2655120156788103 0.596502069831292
0.26603803666517484 0.6121866008505836
0.26663735417457535 0.6277746365561816
0.26733343885523697 0.6432653124338017
0.26816606983663466 0.6586564013404408
0.269213455401509 0.6739418935999814
0.2706806855295675 0.689099910846281
0.27447956222866976 0.7033884227371943
0.2941862472622695 0.7033884227371943
0.3142083522718159 0.7033884227371943
0.3345509257858188 0.7033884227371943
0.35521909713819677 0.7033884227371943
0.3762180777616273 0.7033884227371943
0.39755316250159767 0.7033884227371943
0.4192297309514882 0.7033884227371943
0.4412532488090245 0.7033884227371943
0.4636292692544411 0.7033884227371943
0.4863634343507028 0.7033884227371943
0.5090975994469645 0.7033884227371943
0.5314736198923811 0.7033884227371943
0.5534971377499174 0.7033884227371943
0.5751737061998079 0.7033884227371943
0.5965087909397783 0.7033884227371943
0.6175077715632088 0.7033884227371943
0.6381759429155868 0.7033884227371943
0.6585185164295897 0.7033884227371943
0.6785406214391361 0.7033884227371943
0.6982473064727358 0.7033884227371943
0.7161996817582097 0.7019300800962254
0.7337483497917587 0.6973332602276939
0.7502815045678033 0.6895460091553991
0.7653148911692785 0.6789101570418061
0.7786402837474106 0.6659937847394845
0.7902937784788645 0.6513678495977141
0.8004403240348728 0.6354896846205589
0.8092798449084253 0.618687583297933
0.8170016903813389 0.6011876449519472
0.8237689363259842 0.5831441802766917
0.8297166287506875 0.564663273869114
0.8298824782125009 0.5641067041215256
0.8368385560316381 0.538329328380708
0.8425926701321821 0.5125277182314627
0.8473648904075497 0.48679275006301287
0.8513219192072791 0.4611822974897022
0.8545925730800931 0.435734167193757
0.8572782573547438 0.41047351440276325
0.8594602413051856 0.38541726749433386
0.8612047381317387 0.36057684977017385
0.8625662624347327 0.3359598940196583
0.8635902118437604 0.31157138376032123
0.8639309188245756 0.14737524489657117
0.8643150906126471 0.287414426756733
0.8644505361729578 0.17013368787709177
0.8647734369798226 0.26349075653427895
0.8648121501595438 0.1931233417444452
0.8649934256241023 0.23980111340940222
0.8649992932643029 0.21634549353351243
0.877598225508014 0.14737524489657117
0.8914776705377422 0.14737524489657117
0.9055725466384357 0.14737524489657117
0.9198861976430964 0.14737524489657117
0.9341998486477572 0.14737524489657117
0.9482947247484507 0.14737524489657117
0.9621741697781788 0.14737524489657117
0.9758414764616172 0.14737524489657117
0.9762322269680063 0.13492179608986085
0.9767938084494685 0.12242042054727985
0.9775487233451531 0.10987449471921709
0.9785242314736171 0.09728876379984268
0.9797538588536292 0.08466996880290571
0.9812794892892945 0.07202783164815463
0.9831544453231814 0.05937666443670017
0.9831786280294259 0.05922914166903592
0.9849995733730165 0.04901581262628295
0.9871259497773537 0.03889447977017702
0.9896103251606588 0.028888066091325406
0.9925204169600391 0.019030530935911158
0.9959447343386273 0.009373794933164394
1.0 0.0
