# CURVE 2D, normalized by CHORD
# COLUMN#1 = X-coordinate, COLUMN#2 = Y-coordinate
#-------------------------------------------------------------------------------
0.0 0.0
0.0016290585322315696 0.011419093806477622
0.0034005032185063246 0.02286477856234675
0.005264425267099354 0.03434377550054768
0.007196031467903295 0.045859809593139664
0.00918088732282653 0.057415242960120634
0.011209723439517446 0.06901171580526151
0.013276180174493057 0.080650443983027
0.013315835080880769 0.08087233134977988
0.016206017884543032 0.09691872299804792
0.019115572490183377 0.1128610441526169
0.022037546849270034 0.12870109942257876
0.02496686691307379 0.14444038099581652
0.027899703446120087 0.16008016895358265
0.03083309086637063 0.17562159286833878
0.033764680162345545 0.19106567253389345
0.03669258179477852 0.20641334408886378
0.03961525148132494 0.22166547938613718
0.05186881394169659 0.22166547938613718
0.06431209011021025 0.22166547938613718
0.07694801719726278 0.22166547938613718
0.08977957788811425 0.22166547938613718
0.10261113857896571 0.22166547938613718
0.11524706566601825 0.22166547938613718
0.1276903418345319 0.22166547938613718
0.13994390429490355 0.22166547938613718
0.14036207791380834 0.24290377326811588
0.14083009209902 0.2643431512465849
0.14135271478776956 0.28598532508951047
0.14193539163180036 0.3078319771765951
0.14258439699229086 0.32988474698906023
0.14330702348828403 0.3521452127461953
0.1441117596767363 0.37461486851403
0.1450086955327532 0.3972950862828616
0.1460098746801537 0.4201870682247092
0.14712992612040826 0.44329177113528956
0.14838689156951007 0.4666097944378588
0.14980347575396502 0.49014120238751563
0.1514088437798078 0.513885239552397
0.15324161276975132 0.5378398339753928
0.15535479505478775 0.5620006918265705
0.15782449397542536 0.5863595229388102
0.15787800576083488 0.5868465936105194
0.15958991679717596 0.6016090075379408
0.16148712385806385 0.616262659828044
0.1636127983032193 0.6307990926614463
0.1660300177012199 0.6452042134808347
0.16883736296892202 0.6594526068002176
0.17220433449099373 0.6734926145155153
0.17646938163299442 0.6871963313867171
0.1825092525013066 0.7001012477193348
0.19340217791902858 0.7082490804235839
0.2164979487601303 0.7082490804235839
0.23996561017829177 0.7082490804235839
0.2638111503954371 0.7082490804235839
0.2880406540564817 0.7082490804235839
0.3126603037819452 0.7082490804235839
0.3376763817455656 0.7082490804235839
0.36309527127731533 0.7082490804235839
0.3889234584922304 0.7082490804235839
0.4151675339454662 0.7082490804235839
0.44183419431400317 0.7082490804235839
0.4689302441054323 0.7082490804235839
0.4960262938968615 0.7082490804235839
0.5226929542653984 0.7082490804235839
0.5489370297186342 0.7082490804235839
0.5747652169335493 0.7082490804235839
0.6001841064652991 0.7082490804235839
0.6252001844289194 0.7082490804235839
0.6498198341543829 0.7082490804235839
0.6740493378154275 0.7082490804235839
0.6978948780325729 0.7082490804235839
0.7213625394507344 0.7082490804235839
0.7444583102918361 0.7082490804235839
0.7589869034859562 0.7057076960776838
0.7718836507934609 0.6983589829905074
0.7823873620739631 0.6877104179512876
0.7907901125716906 0.6752155230228447
0.7976044573028028 0.6616869540658766
0.8032353690386801 0.6475314522002181
0.8079640321034666 0.6329599204220278
0.8119842988364588 0.6180892236899381
0.8120737451452646 0.617727499452377
0.8168073437100245 0.5962259785355767
0.8206021675599 0.5747252536614498
0.8236694260602203 0.5532928432799523
0.8261553931356878 0.5319674125071862
0.8281657990586515 0.5107722328814025
0.8297797390007524 0.4897217825691772
0.8310579948175116 0.46882523553562894
0.8320484705792811 0.44808843585354274
0.8327896391764252 0.42751505348097624
0.8333129167298983 0.40710729914617527
0.8336442583842193 0.3868663796709982
0.8338055140285103 0.36679280105415774
0.8338151727888139 0.3468865671002022
0.8456779827303063 0.3468865671002022
0.8577253042242612 0.3468865671002022
0.869960007123029 0.3468865671002022
0.882385005916016 0.3468865671002022
0.8950032604239597 0.3468865671002022
0.9076215149319035 0.3468865671002022
0.9200465137248904 0.3468865671002022
0.9322812166236583 0.3468865671002022
0.9443285381176132 0.3468865671002022
0.9561913480591056 0.3468865671002022
0.9593243683382946 0.33317541167370174
0.9619258301933304 0.319275887932707
0.9642628047549582 0.30525316852503454
0.9664353265689017 0.2911276797498345
0.9684938358285673 0.27690851741864436
0.9704679761899493 0.26260046994721936
0.972376918871657 0.2482063056536932
0.9742338979559428 0.23372770991058336
0.9742777504603881 0.2333804761096822
0.9767893431404598 0.2131110826691911
0.979201167188085 0.19299078182676616
0.981529153075008 0.17302049223877738
0.9837849866936665 0.1532005065109051
0.9859775459607428 0.13353072127843632
0.9881137744128977 0.11401077175884754
0.9901992298325362 0.09464011380307387
0.9922384480218087 0.07541807677250789
0.9942351921812708 0.05634389888050934
0.996192627202236 0.03741675139199698
0.9981134563394003 0.018635756848860624
1.0 0.0
