# CURVE 2D, normalized by CHORD
# COLUMN#1 = X-coordinate, COLUMN#2 = Y-coordinate
#-------------------------------------------------------------------------------
0.0 0.0
0.005442228406429297 0.013547360974167604
0.01196084979819534 0.02670850913029759
0.01934796031626621 0.039503511466825215
0.027447867993863045 0.051964103675550107
0.03614355994783002 0.0641245906297299
0.04534615939673144 0.07601783346400433
0.05498725672015279 0.08767371249646076
0.06501337615809588 0.09911881073821802
0.07538216676285132 0.11037649104246448
0.07561643600184617 0.11062494106251058
0.0894076948680799 0.12485394412082837
0.10343731576184181 0.13863868894985606
0.11764863460496192 0.15202369074631178
0.13199745340433333 0.16504618562210469
0.14644871309272728 0.17773760315280973
0.16097421629906375 0.1901246801724719
0.17555097003157494 0.2022303801939921
0.1901600020453419 0.21407459753817343
0.20478553026508348 0.2256746608342687
0.2194142591670293 0.2370458362461606
0.23403496975584362 0.2482015700260589
0.23772905832398833 0.2482015700260589
0.241423146892133 0.2482015700260589
0.24641727656648035 0.26160521080522764
0.25149292666660666 0.27506022135267616
0.25666050511365984 0.28856281006857704
0.2619337940083885 0.30210770816513716
0.26733172930198784 0.31568733307205193
0.27288163942917704 0.32929022097901217
0.27862568563960916 0.34289778935715526
0.2846354837629626 0.35647661125883023
0.28470148272100637 0.3566212190416962
0.28932231180791057 0.36644798238054255
0.2942412019647032 0.376106095469082
0.29973727928091637 0.3854210839104153
0.3073561059779213 0.3926647451091764
0.3269560519201985 0.3926647451091764
0.3468688540984244 0.3926647451091764
0.36709950635414634 0.3926647451091764
0.3876530822410943 0.3926647451091764
0.4085347362975543 0.3926647451091764
0.42974970533905194 0.3926647451091764
0.45130330977166944 0.3926647451091764
0.4732009549263265 0.3926647451091764
0.4954481324143586 0.3926647451091764
0.5176953099023907 0.3926647451091764
0.5395929550570477 0.3926647451091764
0.5611465594896652 0.3926647451091764
0.5823615285311629 0.3926647451091764
0.6032431825876229 0.3926647451091764
0.6237967584745708 0.3926647451091764
0.6440274107302928 0.3926647451091764
0.6639402129085187 0.3926647451091764
0.6835401588507959 0.3926647451091764
0.6979724958601798 0.39166945604769177
0.7121335663527979 0.3883783684453334
0.7254865340358224 0.3824465709562786
0.7374111110583759 0.3738690299052859
0.7474751769706084 0.3630541150446346
0.7555965727495431 0.35060994112232524
0.7619541377046756 0.3370838507910774
0.764636927284319 0.11289762796631536
0.7668193318069405 0.32286291932374184
0.7669005097533202 0.3225828721594346
0.767436907683227 0.13117229660742794
0.76996184065778 0.14962715852859942
0.7714393160478833 0.30318973662781346
0.7721670270680641 0.16826382119659092
0.7739975661403502 0.1870825829128711
0.7742969080084795 0.28362521103645477
0.7753848449194205 0.20608150655828023
0.775874362720346 0.2640622809384004
0.776241596271178 0.22525479588493466
0.7764547467150795 0.2445899098491191
0.7788299451824202 0.11289762796631536
0.7932456160745532 0.11289762796631536
0.8078874328299661 0.11289762796631536
0.8227589431122992 0.11289762796631536
0.8378637502391731 0.11289762796631536
0.8532055140552599 0.11289762796631536
0.8685472778713467 0.11289762796631536
0.8836520849982205 0.11289762796631536
0.8985235952805537 0.11289762796631536
0.9131654120359665 0.11289762796631536
0.9275810829280995 0.11289762796631536
0.9417741008262007 0.11289762796631536
0.9438420491860785 0.10249723711125727
0.946415824085337 0.09217516477654718
0.9495090987211278 0.08196091129834276
0.9531307273360261 0.07188530006477546
0.9572840738208304 0.061979556205479666
0.9619666515612594 0.052274267634891555
0.9620249357446164 0.052161256996286626
0.9672693661967742 0.04262842859101951
0.9729879973036989 0.03341381523173496
0.9791525214687237 0.024534130601629463
0.9857315910726017 0.016001280524387693
0.992692043708572 0.00782238104302184
1.0 0.0
