# CURVE 2D, normalized by CHORD
# COLUMN#1 = X-coordinate, COLUMN#2 = Y-coordinate
#-------------------------------------------------------------------------------
0.0 0.0
0.010411932598293013 0.007894988846119033
0.020655337478825815 0.016102540459571577
0.030697475418605763 0.02464726670318253
0.04049919296858796 0.03355582262486791
0.05001350648202849 0.04285670664696074
0.05918392949019381 0.05257975971991153
0.0679425724544758 0.06275519069557678
0.06804693561331235 0.06288270095215695
0.0757329171029012 0.07276528770182694
0.08286181168896627 0.08299959891543825
0.08936051752922777 0.09359011617595382
0.09514900066840944 0.10453192836914031
0.10014298063382099 0.11580736379254977
0.10425879567771348 0.12738274632360277
0.11793733975370335 0.12738274632360277
0.13182934040726718 0.12738274632360277
0.14593812867351047 0.12738274632360277
0.16026708756904712 0.12738274632360277
0.17481965290318185 0.12738274632360277
0.1893722182373166 0.12738274632360277
0.20370117713285324 0.12738274632360277
0.21780996539909653 0.12738274632360277
0.23170196605266033 0.12738274632360277
0.23921996901535247 0.3765891759962533
0.23927690214875305 0.3505061348819626
0.23935719926638666 0.40293771534124834
0.23950215923563828 0.32468713063195115
0.2397205091770374 0.4295526279841766
0.2398743080810726 0.29913031812566365
0.24034978379705055 0.4564338768407744
0.24037553888594454 0.273833600787851
0.2409907174832396 0.24879471396447508
0.24129609488586984 0.4835799686854286
0.24170691637129257 0.22401128328885095
0.24251307959618973 0.19948086725145
0.24262653449063015 0.5109870058473666
0.24339951110956323 0.17520097902201065
0.24435780084657915 0.15116911133165814
0.24443227359088596 0.5386469284590798
0.2453805101286502 0.12738274632360277
0.24684203501167645 0.5665440702325881
0.24690018596538965 0.5671305964037898
0.24873968106229039 0.5841144382743376
0.25090123540642506 0.6009466562270748
0.25345103693796006 0.6176111038244465
0.25648204548941034 0.6340814719019159
0.2601308619244565 0.6503123144080749
0.2646111877723449 0.6662182484608858
0.2702851988014626 0.6816185142657301
0.2778290775150365 0.6960576795420281
0.2885550671646476 0.7080921272350346
0.3034733128881481 0.7133223913541458
0.3233295320063764 0.7133223913541458
0.34350279261674804 0.7133223913541458
0.3639981568767233 0.7133223913541458
0.38482076777052737 0.7133223913541458
0.40597585039969986 0.7133223913541458
0.4274687132942509 0.7133223913541458
0.4493047497447519 0.7133223913541458
0.4714894391556953 0.7133223913541458
0.49402834842046417 0.7133223913541458
0.516567257685233 0.7133223913541458
0.5387519470961765 0.7133223913541458
0.5605879835466774 0.7133223913541458
0.5820808464412285 0.7133223913541458
0.6032359290704009 0.7133223913541458
0.6240585399642049 0.7133223913541458
0.6445539042241802 0.7133223913541458
0.664727164834552 0.7133223913541458
0.6845833839527802 0.7133223913541458
0.6990881710997926 0.7093695793531103
0.710451230396424 0.699253923396153
0.7187239947613173 0.6863135959053045
0.7249587492671759 0.6721652238406972
0.7298479482363297 0.6574010060283004
0.733791897390933 0.6422648644831379
0.737033221066583 0.6268726457601272
0.7397286535753744 0.6112858532876447
0.7397927880405388 0.61087647942357
0.7429417446523695 0.5878786762744009
0.7453434674572846 0.564995723116395
0.7471692525357507 0.5422624817058938
0.7485364515227276 0.5196979673512854
0.7486537146520469 0.3043579011436399
0.7493229478592053 0.3250408838012504
0.7495295277075358 0.49731292873059496
0.749888393387349 0.34591074753360007
0.7502113401582585 0.4751134639825839
0.7503373771104187 0.36696882930625907
0.7506303304447678 0.45310292689790765
0.7506551986382068 0.3882163091598722
0.7508244803375911 0.40965414437194503
0.750824503131927 0.4312829661480224
0.7605383843165814 0.3043579011436399
0.7726069259325351 0.3043579011436399
0.7848621842482668 0.3043579011436399
0.7973070480242483 0.3043579011436399
0.8097519118002299 0.3043579011436399
0.8220071701159616 0.3043579011436399
0.8340757117319153 0.3043579011436399
0.8459603813964498 0.3043579011436399
0.8541954601790736 0.2894765645394509
0.8624343529960597 0.27446450939713696
0.8706753826973148 0.2593201529144682
0.8789167952476077 0.24404188675429442
0.8871567444509316 0.2286280705066761
0.8953933003807686 0.21307703811713485
0.9036244288626084 0.19738708897649476
0.9118480043569115 0.18155649692799866
0.9200617841620704 0.16558349911778122
0.928263425377995 0.14946630734157626
0.928417619190411 0.1491616447778689
0.9360815463320954 0.1339397854268714
0.9436322321110002 0.1187867042834924
0.9510700141219929 0.10370207308010948
0.9583952227066896 0.08868556977274139
0.965608179222473 0.07373687779696592
0.972709199994358 0.058855688078989714
0.9796985942657147 0.04404169810775882
0.9865766637439342 0.029294611815362793
0.9933437030952393 0.014614139910463422
1.0 0.0
