# CURVE 2D, normalized by CHORD
# COLUMN#1 = X-coordinate, COLUMN#2 = Y-coordinate
#-------------------------------------------------------------------------------
0.0 0.0
0.008610053493288822 0.010594202342494578
0.015579524145095261 0.022453777116394878
0.02172496875419663 0.03485120594273322
0.027363514537490932 0.04757370830759576
0.032653911238067206 0.06053009551790291
0.03768847865926977 0.07367277637694827
0.042526277586645234 0.08697376653606462
0.04720772640695423 0.10041522513344936
0.0517619303427137 0.11398509272942829
0.05188805883608604 0.11436746863125974
0.058776722100240625 0.13575467968217828
0.06535618138593538 0.15704067346702139
0.07167807627659181 0.17820843765850908
0.07777994347018247 0.19924662252486167
0.08369008587632348 0.22014741639214402
0.08943049097271671 0.24090533184241764
0.09501867273489578 0.2615164705744656
0.10046883804723793 0.2819780687655023
0.10579274790300935 0.30228817888922466
0.11100025607031337 0.3224454700305544
0.11609972646481215 0.34244907968575017
0.12109835245505422 0.3622985041449275
0.1260023648789761 0.3819935259296062
0.1360494590484298 0.3819935259296062
0.1462503330643881 0.3819935259296062
0.15660734066622997 0.3819935259296062
0.16696434826807185 0.3819935259296062
0.17716522228403014 0.3819935259296062
0.18721231645348385 0.3819935259296062
0.193111466608104 0.3977539064146012
0.19917633967263024 0.4135804471303362
0.20542323464687554 0.4294665841356789
0.21187158435504272 0.4454040257725088
0.21854499525054683 0.4613821068459041
0.22547255171552738 0.4773869002615125
0.23269084283777577 0.49339980259341476
0.24024685481712152 0.509395349926836
0.24820270084311943 0.5253374696087848
0.25664318768284905 0.5411729143393337
0.26568921805362794 0.5568185441497449
0.26583086383826016 0.5570520334006975
0.2726915679104459 0.5679152358917114
0.27996765977568655 0.5784360030946663
0.2877771874378242 0.588495275723957
0.2962945236613682 0.597884762326087
0.3057799947378449 0.606202101130567
0.3165740189121974 0.6125867882459475
0.32871645530107063 0.6152492876314174
0.34514194218236693 0.6152492876314174
0.36182779486967354 0.6152492876314174
0.37877814050719194 0.6152492876314174
0.3959971716598467 0.6152492876314174
0.4134891473502907 0.6152492876314174
0.4312583941123484 0.6152492876314174
0.4493093070611581 0.6152492876314174
0.4676463509802766 0.6152492876314174
0.4859833948993951 0.6152492876314174
0.5040343078482048 0.6152492876314174
0.5218035546102626 0.6152492876314174
0.5392955303007065 0.6152492876314174
0.5565145614533613 0.6152492876314174
0.5734649070908797 0.6152492876314174
0.5901507597781863 0.6152492876314174
0.6065762466594826 0.6152492876314174
0.6083344455802479 0.6001705432540764
0.6090538538670758 0.5848130224322269
0.6095992095098766 0.5693619303715023
0.6100550361308293 0.5538211920408632
0.6104539205170283 0.5381916821042729
0.6108125133287724 0.5224735112433919
0.6111406824575963 0.5066665050373279
0.6114448426418699 0.49077035709697725
0.6114540354795694 0.490270943634365
0.6118915266260112 0.46519034438838097
0.6122855709974465 0.4403475560071228
0.612645316002967 0.4157405066227376
0.6129770740383939 0.3913670740050623
0.613285423952394 0.36722511666659124
0.6135738149505054 0.34331248959980915
0.6138449227426407 0.3196270528911913
0.6141008682799011 0.2961666766821463
0.6143433748833963 0.2729292443283096
0.6145738641863906 0.2499126542503348
0.6147935194774456 0.22711482108094763
0.6150033446900967 0.2045336765313327
0.6152042000878409 0.18216716986983336
0.6153968255279312 0.16001326818932848
0.6155818679852646 0.13806995664368577
0.6157598915213883 0.11633523848180814
0.6258354791722047 0.11633523848180814
0.6360638226422932 0.11633523848180814
0.6462921661123817 0.11633523848180814
0.6563677537631981 0.11633523848180814
0.6693986509551939 0.10705006634218645
0.6828546165851569 0.09819815566506175
0.6967089458377609 0.08977659633464148
0.7109360583969826 0.08177998435477897
0.7255117712753294 0.07420088075864752
0.7404135106102329 0.0670303232244679
0.7556203477646989 0.06025811649509241
0.7711130629637796 0.05387325290175909
0.7868741324915338 0.047864249995374954
0.8028876044551255 0.042219233378810075
0.8032315806775847 0.04210278168863808
0.8213111435568926 0.036250345524436414
0.8393988655800894 0.030891990547588847
0.8574740847153316 0.025993425964838238
0.8755192975054739 0.021522819486131085
0.8935196788137267 0.017450651285425008
0.9114627121497042 0.013749734783338028
0.9293378154218465 0.010394958812739994
0.9471360527042797 0.007363151342047518
0.9648498888649767 0.004632941111658845
0.9824729807502792 0.002184618584309118
1.0 0.0
