# CURVE 2D, normalized by CHORD
# COLUMN#1 = X-coordinate, COLUMN#2 = Y-coordinate
#-------------------------------------------------------------------------------
0.0 0.0
0.002275309768709286 0.015411902760593893
0.00470682595808539 0.030896395929780707
0.007317558027383925 0.046448895105790776
0.010136562418479517 0.06206300285992793
0.01320147015116864 0.07772956999878278
0.016562496926170293 0.09343508266463858
0.020289104181759107 0.10915872309599159
0.02448202617490483 0.1248665180856164
0.029296752331379107 0.14049841742399055
0.02936104842111609 0.14069063744648086
0.03299534351668193 0.1508795115060844
0.0370988609738257 0.16085017176839486
0.04185056309155642 0.17048814823780983
0.04755968908386112 0.17954500098078877
0.0547873162864853 0.18736943123786587
0.06423179364725091 0.192027802467825
0.07688619946394153 0.192027802467825
0.08973347474764189 0.192027802467825
0.10258075003134225 0.192027802467825
0.11523515584803286 0.192027802467825
0.11940381473987041 0.20942484531637867
0.12378809133323902 0.2269051469345642
0.12841257529076797 0.24446120559822004
0.13330661580802722 0.2620833159994259
0.13850592176452275 0.27975869450183977
0.14405449550175597 0.2974702525220689
0.15000762402569245 0.3151946348602432
0.15643610457256327 0.3328991276789497
0.16343284432763214 0.3505364091520357
0.1711233790734168 0.3680351866870564
0.17968283125834675 0.3852825854721401
0.17982014502787128 0.38554068877443687
0.1861441684981228 0.3968081120921326
0.19300080170183395 0.40768490504180893
0.20050573594778523 0.41804673816578647
0.20880727599230942 0.427697702657021
0.21808349214776793 0.4363197766311829
0.22850182441817019 0.44339809493991067
0.24007589827626366 0.448177957013878
0.25241161160304715 0.44987300146233095
0.27441614414115756 0.44987300146233095
0.29677376688193885 0.44987300146233095
0.3194901455986132 0.44987300146233095
0.3425710369788094 0.44987300146233095
0.3660222900833978 0.44987300146233095
0.38984984782873433 0.44987300146233095
0.4140597484926892 0.44987300146233095
0.4386581272448412 0.44987300146233095
0.4636512177012264 0.44987300146233095
0.48904535350403433 0.44987300146233095
0.5144394893068422 0.44987300146233095
0.5394325797632274 0.44987300146233095
0.5640309585153795 0.44987300146233095
0.5882408591793343 0.44987300146233095
0.6120684169246708 0.44987300146233095
0.6355196700292592 0.44987300146233095
0.6586005614094554 0.44987300146233095
0.6813169401261299 0.44987300146233095
0.7036745628669111 0.44987300146233095
0.7256790954050215 0.44987300146233095
0.738042511797168 0.4467823409528274
0.7484661948441936 0.4392380143057541
0.7570295612960206 0.429525283508619
0.7642860756475124 0.41872878997950674
0.7706279916243355 0.407309028441732
0.776301257963299 0.3954845686087858
0.7763994307951743 0.39526636047138586
0.7831751812139701 0.37906941684291184
0.7892152792639033 0.36270826788090593
0.7946901080299247 0.34627190939594144
0.7997141058576659 0.329813104201414
0.8043681659061253 0.3133653694846591
0.8087118155535704 0.2969511253995353
0.8127902848706551 0.28058597122204243
0.8166388807011538 0.2642811041859582
0.8202857436168114 0.24804474987138944
0.823753754448494 0.23188307219991428
0.838431748752829 0.23188307219991428
0.8531097430571639 0.23188307219991428
0.8537357592992375 0.21738006239628288
0.855205204760319 0.20285280678942796
0.8575570140836791 0.18835555093589032
0.8608191289177567 0.17394751093265545
0.8650063680909653 0.15969048257348697
0.8701189356778487 0.14564583484793958
0.8761424638119004 0.1318714174876822
0.8830493005795654 0.11841881259828645
0.8908004024320575 0.10533105109827033
0.8909474397262944 0.10509893591088301
0.8997397307578878 0.09209622581429491
0.9091915403709844 0.07968839716866434
0.9192209307603809 0.06787075902216706
0.9297509942862519 0.05662999282918916
0.9407113971779548 0.04594657688378619
0.9520389608897977 0.03579683400814555
0.963677665830234 0.026154597761407463
0.9755783634842867 0.016992588289605884
0.9876982204672508 0.008283384959961056
1.0 0.0
