# CURVE 2D, normalized by CHORD
# COLUMN#1 = X-coordinate, COLUMN#2 = Y-coordinate
#-------------------------------------------------------------------------------
0.0 0.0
0.006973174202411445 0.0145113218645292
0.014179810384677506 0.029027510898402137
0.021635382559661964 0.04353845109096107
0.029356905887067405 0.0580324173483786
0.037363218877077595 0.07249571563262969
0.04567512997835969 0.08691233268758396
0.05431576249941441 0.10126339628507702
0.06331077689893533 0.11552659510746373
0.07268869477061837 0.12967539758475488
0.08248123402656891 0.14367806606956
0.08265120887796751 0.14391424494841054
0.09124059999404643 0.15554738376337157
0.1000701544353695 0.1668959547396095
0.10915405858762697 0.17793694807862628
0.1185069134773533 0.18864398120755374
0.1281435672832706 0.1989867302137801
0.1380787011174229 0.208930415819174
0.14832620509565034 0.21843532944540325
0.15889838589658395 0.22745636364673655
0.16980487654720106 0.23594269997169923
0.1814245261155244 0.23594269997169923
0.19322092416440492 0.23594269997169923
0.20501732221328545 0.23594269997169923
0.2166369717816088 0.23594269997169923
0.21834715066242144 0.25499601962828045
0.2200910413296776 0.27420554913200335
0.2218711255514188 0.2935723613530289
0.2236903129984312 0.31309749281227744
0.2255520681358832 0.3327819288073872
0.22746054591334552 0.3526265861659656
0.22942085118737376 0.37263228180666064
0.23143934405175218 0.3927996927295389
0.2335241506741806 0.41312928901634516
0.2356859663681624 0.43362122485517324
0.2379393369063095 0.4542751563624372
0.24030501735766382 0.47508989506951144
0.242814510434992 0.49606270410930947
0.24285738144808044 0.4964101099070737
0.24446829787775134 0.5091754238752879
0.24615261211678371 0.5218745290296033
0.24793542327452192 0.5345036204080281
0.2498592134672247 0.5470555590485999
0.2520075265080521 0.5595145098697816
0.25459935807664424 0.5718310292771256
0.2594651138569707 0.5830010919382062
0.2807609600490083 0.5830010919382062
0.30239907865927235 0.5830010919382062
0.3243849707797233 0.5830010919382062
0.34672422591731245 0.5830010919382062
0.3694225234150112 0.5830010919382062
0.39248563389567864 0.5830010919382062
0.41591942072913607 0.5830010919382062
0.43972984152282035 0.5830010919382062
0.4639229496363957 0.5830010919382062
0.4885048957207084 0.5830010919382062
0.5134819292814762 0.5830010919382062
0.538458962842244 0.5830010919382062
0.5630409089265567 0.5830010919382062
0.587234017040132 0.5830010919382062
0.6110444378338162 0.5830010919382062
0.6344782246672737 0.5830010919382062
0.6575413351479411 0.5830010919382062
0.6802396326456399 0.5830010919382062
0.7025788877832291 0.5830010919382062
0.7245647799036801 0.5830010919382062
0.7462028985139441 0.5830010919382062
0.7674987447059817 0.5830010919382062
0.7712781721879679 0.5716879897258813
0.7727775675946817 0.5594419708849179
0.7738498022177386 0.5471034974924597
0.774704378109401 0.5347012311675222
0.7754208972688471 0.5222434005244607
0.7760397770450129 0.5097333912257871
0.7760533303988777 0.5094394388600869
0.7768556790891106 0.49032914849453424
0.7775284136326122 0.4713594200633314
0.7781043661288357 0.45253095163895224
0.7786046355116296 0.4338436558829805
0.7790437240035729 0.41529705892237395
0.7794321169489017 0.39689047862378773
0.7797776898016047 0.3786231130625902
0.7800865308477218 0.36049408826379115
0.7803634676921302 0.34250248599070643
0.7806123984094598 0.3246473603963032
0.7808365300035046 0.30692774878233353
0.7810385452169792 0.28934267860374185
0.791789975384168 0.28934267860374185
0.8027062248091066 0.28934267860374185
0.813789820168461 0.28934267860374185
0.8248734155278153 0.28934267860374185
0.8357896649527541 0.28934267860374185
0.8465410951199427 0.28934267860374185
0.8601824224224742 0.28534339736229497
0.8732443772539006 0.2795277757162264
0.8855297021274026 0.272049967145623
0.8969252734347807 0.26313709235219007
0.9074004813915147 0.253035228808332
0.9169840590816335 0.24197029622182642
0.9257380214820444 0.23013115935822498
0.9337377091946443 0.21766753456582308
0.9410597653054953 0.20469498091187993
0.9412133778228926 0.20440534860096524
0.9494227646608853 0.18777704826662422
0.9567250139791653 0.17088149672097222
0.9632522756795734 0.1538188881325778
0.9691125081169439 0.13666020624543884
0.9743941625114233 0.11945664563684992
0.9791700605753004 0.1022457242956081
0.9835006703300259 0.08505537376620505
0.987436662816531 0.06790667878057237
0.9910207262524227 0.05081571294252822
0.9942892443399883 0.03379487767379432
0.9972733507928793 0.01685379558807647
1.0 0.0
