# CURVE 2D, normalized by CHORD
# COLUMN#1 = X-coordinate, COLUMN#2 = Y-coordinate
#-------------------------------------------------------------------------------
0.0 0.0
0.0006823282567827332 0.011763891247977885
0.0015977726001457633 0.023554488804201527
0.002779490588783936 0.03536414897030146
0.004268134353618366 0.04718207446649623
0.0061143232204142195 0.058992753628874316
0.008381971540016511 0.07077346026976326
0.00840757664044274 0.07089354698862631
0.010795164163129178 0.08110639196716025
0.013617383807535036 0.09118037877173246
0.016952655065217263 0.10106839319412876
0.020899435789509858 0.11069977794884588
0.025579495325803392 0.11996663214419265
0.04116610506086238 0.11996663214419265
0.05699776014628298 0.11996663214419265
0.07307831306985792 0.11996663214419265
0.08941167688638174 0.11996663214419265
0.10600182616985682 0.11996663214419265
0.12285279798066939 0.11996663214419265
0.13970376979148197 0.11996663214419265
0.15629391907495704 0.11996663214419265
0.17262728289148088 0.11996663214419265
0.1887078358150558 0.11996663214419265
0.2045394909004764 0.11996663214419265
0.2201261006355354 0.11996663214419265
0.22055860166412034 0.1421571949509573
0.2210102051601385 0.16456222353017622
0.22148249226609293 0.18718375448249255
0.22197727864163894 0.210023836458258
0.22249663974749692 0.2330845288033174
0.2230429890611716 0.25636789870613036
0.22361914765099158 0.2798760179699168
0.22422843625179173 0.30361095854104414
0.22487485041635738 0.3275747847994547
0.22556322842171422 0.3517695441952236
0.22629953057704916 0.376197252186879
0.22709127294357762 0.40085986804657325
0.22794814352140128 0.4257592569991126
0.22888300206166567 0.4508971253399057
0.22991356677708358 0.47627490294637487
0.23106549743276186 0.5018935114291388
0.23108978696074176 0.5024035975819724
0.23181169194321502 0.5170131323425353
0.23258651236944064 0.531536653658528
0.23342635152195065 0.5459737067501849
0.23434866409740251 0.5603233075719765
0.23538042459957367 0.5745834475754448
0.2365673699528596 0.5887498609679915
0.23799958077213806 0.6028121175790978
0.23991407796490744 0.6167343969051242
0.24439133908746524 0.6295426988249264
0.2644256207639998 0.6295426988249264
0.28477985263510386 0.6295426988249264
0.3054591443487626 0.6295426988249264
0.32646868715473243 0.6295426988249264
0.3478137552077321 0.6295426988249264
0.3694997068914464 0.6295426988249264
0.3915319861636738 0.6295426988249264
0.4139161239229572 0.6295426988249264
0.43665773939703884 0.6295426988249264
0.4593993548711205 0.6295426988249264
0.4817834926304039 0.6295426988249264
0.5038157719026313 0.6295426988249264
0.5255017235863455 0.6295426988249264
0.5468467916393452 0.6295426988249264
0.5678563344453151 0.6295426988249264
0.5885356261589738 0.6295426988249264
0.6088898580300779 0.6295426988249264
0.6289241397066124 0.6295426988249264
0.6423291771840139 0.6236858114171372
0.6515326226094331 0.6118305488921221
0.6582445019284957 0.5982656095975262
0.6635749805862542 0.5840032075457847
0.6680287079009021 0.56935288641486
0.6718697497952508 0.5544418168267122
0.6752538121022705 0.5393327661427456
0.6782810491487913 0.5240606759171598
0.6783601737335341 0.5236374786573701
0.6824571544667885 0.4998913763829389
0.6859802797729468 0.47627065771376664
0.6890576164489377 0.45280269100057935
0.6917766227375894 0.429503242159297
0.6942001931762845 0.40638180196444734
0.6963752566151362 0.3834441846117938
0.6983379286538204 0.3606939317802451
0.7001167145926224 0.3381331149711722
0.7017345534689268 0.31576281624956937
0.7032102327996853 0.2935834341734289
0.704559378210461 0.2715948835689735
0.7057951238565174 0.24979672779647744
0.7069286535212195 0.22818827339384692
0.7079695998646767 0.2067686362951611
0.7230045141263961 0.2067686362951611
0.738274565830648 0.2067686362951611
0.7537834323922759 0.2067686362951611
0.7695348487387843 0.2067686362951611
0.7855326082098034 0.2067686362951611
0.8015303676808225 0.2067686362951611
0.817281784027331 0.2067686362951611
0.8327906505889588 0.2067686362951611
0.8480607022932107 0.2067686362951611
0.8630956165549302 0.2067686362951611
0.8749293531984366 0.20145833046332035
0.8850140429023222 0.1930958393993944
0.8940266926460795 0.18350070362604645
0.9023589668360082 0.17323816019896343
0.9102215609174225 0.16254503760318434
0.9177391762889894 0.15154219351941056
0.9178762177138593 0.15133521790750348
0.9274425977301035 0.13637465291269657
0.9365560552868587 0.12127301725378163
0.9453062145747007 0.10609470333697578
0.9537547832949262 0.09088109547937329
0.9619464130474493 0.07566041434667536
0.9699146195455587 0.06045274410745871
0.9776853639453793 0.045272886062906297
0.9852792213590642 0.030132023753685563
0.9927128564808604 0.015038798313521097
1.0 0.0
