# CURVE 2D, normalized by CHORD
# COLUMN#1 = X-coordinate, COLUMN#2 = Y-coordinate
#-------------------------------------------------------------------------------
0.0 0.0
3.2952548557950846e-05 0.013054322086810245
6.140966598518239e-05 0.026167883857917823
8.639440872070858e-05 0.03934095049079948
0.0001085894725367295 0.05257378982070624
0.0001284771282049453 0.06586667167120701
0.00014641291983049168 0.07921986753687765
0.00016266792042925554 0.09263365041906182
0.00016293277298306123 0.0928637297601268
0.00017987819362139018 0.10844768065019515
0.00019496070322255125 0.12393953948982946
0.00020843282946177667 0.13933985008867758
0.00022049658280606882 0.15464915315238464
0.00023131673555590104 0.16986798626653943
0.00024102970169729508 0.1849968838931718
0.0002497500510889814 0.20003637737443994
0.00025757489853059037 0.214986994941156
0.0002645877012518912 0.22984926172391199
0.00026458770125190045 0.22984926172391199
0.017464342076567496 0.22984926172391199
0.034937025044566236 0.22984926172391199
0.05268696748201991 0.22984926172391199
0.07071856898878066 0.22984926172391199
0.08903629897829038 0.22984926172391199
0.10764469778539451 0.22984926172391199
0.12654837779173475 0.22984926172391199
0.14575202456899977 0.22984926172391199
0.1649556713462648 0.22984926172391199
0.18385935135260506 0.22984926172391199
0.2024677501597092 0.22984926172391199
0.2207854801492189 0.22984926172391199
0.23150858696016213 0.33496883203755856
0.2315181295937517 0.3351092255005932
0.23318990746068036 0.31941176517621894
0.2346987895968594 0.34700293566229184
0.23839729277116103 0.30469988736765985
0.23881708165597965 0.22984926172391199
0.2424644968521162 0.3564833061487213
0.24545103945315602 0.29086242716627764
0.2530034650947137 0.36273055017399136
0.2535844155112751 0.2777273763581882
0.25656702409343335 0.22984926172391199
0.262410417821113 0.2651499262983144
0.2646247545900526 0.3665236259076799
0.27171051754233044 0.25302505074453446
0.2740397070614321 0.22984926172391199
0.2766099653964272 0.368700831920691
0.28134986425090724 0.2412768500178794
0.28869394906770657 0.3697883603590826
0.29123946143674767 0.22984926172391199
0.30077255239271294 0.3701023312954628
0.31841540275980895 0.3701023312954628
0.33633918973456245 0.3701023312954628
0.35454838682187073 0.3701023312954628
0.3730475387606589 0.3701023312954628
0.3918412626581774 0.3701023312954628
0.41093424914236193 0.3701023312954628
0.43033126353254286 0.3701023312954628
0.4500371470287965 0.3701023312954628
0.47005681792023496 0.3701023312954628
0.4900764888116734 0.3701023312954628
0.5097823723079271 0.3701023312954628
0.5291793866981079 0.3701023312954628
0.5482723731822925 0.3701023312954628
0.567066097079811 0.3701023312954628
0.5855652490185992 0.3701023312954628
0.6037744461059075 0.3701023312954628
0.621698233080661 0.3701023312954628
0.639341083447757 0.3701023312954628
0.6484684083435791 0.16074116083939302
0.650739570880223 0.36920701078659895
0.6542406370356644 0.1754586024097779
0.6598234089990643 0.19035987154386258
0.6617527613209105 0.16074116083939302
0.6617647513255767 0.36605593128393843
0.6651766526727149 0.20545603558558495
0.6702487147670294 0.22075978308541674
0.6715727354982322 0.36005809386284404
0.674971504778472 0.23628548842784527
0.6752451936903704 0.16074116083939302
0.6791414733140507 0.3513428886230105
0.6792523813179082 0.25204904734930217
0.6829606503955497 0.26806674536053327
0.6841195569717196 0.34085810602383854
0.68590364285595 0.2843514078989426
0.6869120936602325 0.32952977661945365
0.6877810819782643 0.30090045025792916
0.6880848020163269 0.31786677160691357
0.6880939384776841 0.31765720086571636
0.6889489647024095 0.16074116083939302
0.7028673846587304 0.16074116083939302
0.7170038157119293 0.16074116083939302
0.7313616726776611 0.16074116083939302
0.7457195296433928 0.16074116083939302
0.7598559606965917 0.16074116083939302
0.7737743806529126 0.16074116083939302
0.7874781516649517 0.16074116083939302
0.8009705840344116 0.16074116083939302
0.814254937011743 0.16074116083939302
0.8219335901081768 0.1480755078819675
0.8298952659433636 0.13547482509963804
0.8381656442918135 0.12296137970360127
0.8467740789335503 0.11056236502721228
0.855754299848266 0.09831136267616478
0.8651451684201522 0.08625029693162381
0.8749914170536693 0.07443205192358884
0.8853445005323923 0.06292422284967467
0.8962628362241738 0.051813971397269745
0.9078116834393365 0.04121510385951144
0.9079976144333186 0.04105420179660913
0.9181095777354386 0.03276991717103868
0.9286333943153036 0.025124570275507005
0.9395880057805129 0.018230237062590474
0.9509787278977535 0.012219259772125226
0.9627880395004451 0.007241556709894901
0.9749645687818838 0.003454707717886365
0.9874142913243554 0.0010049454238879247
1.0 0.0
