# CURVE 2D, normalized by CHORD
# COLUMN#1 = X-coordinate, COLUMN#2 = Y-coordinate
#-------------------------------------------------------------------------------
0.0 0.0
0.0004841540315793428 0.01327557406315144
0.0009409085479298691 0.026619833917424028
0.0013716056224579605 0.04003301517974274
0.0017774680925152651 0.05351536820537417
0.0021596087958103524 0.06706715635770712
0.002519044435386323 0.08068865437264168
0.0028567075465828367 0.09438014700782074
0.0031734563146499583 0.10814192793433534
0.0031786327208600286 0.10837503733413334
0.003516700933457055 0.1242421010026913
0.0038260179673575544 0.1400213482702454
0.004108435892820379 0.15571319190962923
0.004365640887906336 0.17131805288939517
0.004599171582906857 0.18683635870557305
0.004810434576657069 0.2022685420042461
0.005000723927770801 0.21761503936277563
0.005171229803860606 0.23287629039821023
0.005171229803860607 0.23287629039821023
0.013292595316039851 0.23287629039821023
0.021536475381521463 0.23287629039821023
0.029780355447003075 0.23287629039821023
0.03790172095918232 0.23287629039821023
0.04518882097647158 0.25238317108735664
0.052581097223770655 0.27204858400163673
0.060083640166572576 0.29187227449224623
0.06770228256697433 0.31185368864596924
0.07544377387230584 0.3319918948562466
0.08331600437045084 0.35228548113224495
0.09132831275432364 0.37273241251578565
0.09949196868239925 0.3933298079587667
0.10782075979675391 0.41407365624836523
0.11633195432421446 0.4349583502415994
0.1250476796702374 0.4559759962256557
0.13399724411637556 0.4771152319170534
0.14322093025305682 0.4983592204695686
0.15277701371956737 0.5196818132671179
0.15295198488186318 0.5200648591685887
0.1590828968643883 0.5332993244374568
0.16533904947616251 0.5463898316563891
0.1717597392091159 0.5593149935577498
0.17840511964315342 0.572040134216962
0.18537568420382727 0.5845030009791544
0.19286428932283273 0.5965715612616918
0.20134427189797838 0.6078614970367473
0.21269791209269542 0.6155391459675112
0.23327710640586416 0.6155391459675112
0.25418515583367246 0.6155391459675112
0.2754273154742927 0.6155391459675112
0.29700892440226134 0.6155391459675112
0.3189354070104192 0.6155391459675112
0.3412122743732968 0.6155391459675112
0.36384512563228555 0.6155391459675112
0.3868396494029446 0.6155391459675112
0.4102016252047964 0.6155391459675112
0.43356360100664826 0.6155391459675112
0.4565581247773073 0.6155391459675112
0.479190976036296 0.6155391459675112
0.5014678433991736 0.6155391459675112
0.5233943260073315 0.6155391459675112
0.5449759349353002 0.6155391459675112
0.5662180945759204 0.6155391459675112
0.5871261440037288 0.6155391459675112
0.6077053383168974 0.6155391459675112
0.6228031310427078 0.6133339041958962
0.6365189549212651 0.6064617730596359
0.647697294228362 0.5957861558113475
0.656302357563985 0.5828055984717079
0.6599794337581849 0.17884177497141074
0.6627170366629682 0.19919373572394108
0.6628577932985255 0.5685619597953914
0.665348808331468 0.2197485745461622
0.6678602772581007 0.24050893711585636
0.6678763009262786 0.5536013094390921
0.6702347892214112 0.26147745069968537
0.6717331972919907 0.5381989508884916
0.6724528317593992 0.2826567033172669
0.6727635887598608 0.17884177497141074
0.6744913107882367 0.304049181547642
0.674689037112561 0.5224995055489088
0.6763227500802295 0.3256571560734789
0.6769259902156878 0.5065832610782175
0.6769783166375509 0.5061461265727158
0.6779138573335547 0.34748253402689094
0.6791714746157308 0.48293150793410206
0.6792240077571161 0.36952657404623124
0.6802025290113098 0.3917894610704863
0.6804016981802274 0.4598562873672613
0.680785153718722 0.414269540268846
0.6808885881277618 0.43696197735208586
0.6857469308111558 0.17884177497141074
0.6989325634007816 0.17884177497141074
0.7123236383722108 0.17884177497141074
0.725923356677082 0.17884177497141074
0.7395230749819531 0.17884177497141074
0.7529141499533824 0.17884177497141074
0.7660997825430081 0.17884177497141074
0.7790831245943031 0.17884177497141074
0.7918672795959789 0.17884177497141074
0.8038777702670771 0.1739019863674145
0.8155138748464318 0.16798559029229665
0.8268258996747456 0.16133870411263349
0.8378631113631041 0.15412286669311717
0.848668070922278 0.1464483752629646
0.85927612428194 0.13839324783426166
0.8697164222270083 0.13001453479304792
0.880013027859811 0.1213550799436407
0.8802213689212766 0.1211760591478735
0.893404885168874 0.1095613129066524
0.906246779586862 0.09774270010666121
0.9187842350224875 0.08576998496534137
0.9310472943677035 0.07368097375938304
0.9430606148033231 0.06150505632414288
0.9548447298054759 0.04926553569749613
0.9664169585037107 0.0369811978662789
0.9777920559105716 0.024667385212981757
0.9889827276465438 0.01233678776407225
1.0 0.0
