# CURVE 2D, normalized by CHORD
# COLUMN#1 = X-coordinate, COLUMN#2 = Y-coordinate
#-------------------------------------------------------------------------------
0.0 0.0
0.002778143929266503 0.013265160180260291
0.005571421248810746 0.026591856931758515
0.008380120302077163 0.039980331795992675
0.011204568106476392 0.053430819486198204
0.01404513973318817 0.0669435458783884
0.01690227182408857 0.08051872511242845
0.01977648010045878 0.09415655582167773
0.019811578874244867 0.09432297197505535
0.02236574057291774 0.1064244857769495
0.02491420775700662 0.1184804613939005
0.02745749902272563 0.13049096063449783
0.029996256294781438 0.1424560179440874
0.03253129384309743 0.15437562967511287
0.03506367501230297 0.16624973722425235
0.04567135096232697 0.16624973722425235
0.05644270975867784 0.16624973722425235
0.06738027712652932 0.16624973722425235
0.07848661776451993 0.16624973722425235
0.08959295840251054 0.16624973722425235
0.100530525770362 0.16624973722425235
0.11130188456671287 0.16624973722425235
0.12190956051673688 0.16624973722425235
0.122217273132502 0.1826072756905249
0.12269576608524657 0.19907626402466314
0.12336860396830877 0.21565486918743462
0.12426438853116939 0.23234022083419822
0.12541850611969682 0.24912791676911894
0.12687546640463565 0.26601124005976967
0.1286925084944868 0.2829798535512088
0.1309450748947939 0.30001754356411087
0.1337358932366323 0.3170980499597568
0.13721003835692272 0.3341769288135369
0.14158232075211663 0.3511741392959523
0.14165429215169245 0.3514211168770914
0.14548797335130795 0.3633345632059373
0.1500758970810338 0.37491948279653153
0.15565387330705857 0.3859988908473665
0.16255996498483669 0.3962313504561929
0.17121635144242986 0.40493753140164984
0.18184727557068076 0.4109208749034306
0.19380898869299196 0.41298034078221363
0.21548719896469154 0.41298034078221363
0.23751314417035888 0.41298034078221363
0.25989240224206417 0.41298034078221363
0.2826306405861386 0.41298034078221363
0.3057336175184092 0.41298034078221363
0.32920718372245605 0.41298034078221363
0.353057283731261 0.41298034078221363
0.3772899574326236 0.41298034078221363
0.4019113415987244 0.41298034078221363
0.4269276714402238 0.41298034078221363
0.45194400128172324 0.41298034078221363
0.476565385447824 0.41298034078221363
0.5007980591491866 0.41298034078221363
0.5246481591579916 0.41298034078221363
0.5481217253620383 0.41298034078221363
0.5712247022943089 0.41298034078221363
0.5939629406383834 0.41298034078221363
0.6163421987100888 0.41298034078221363
0.638368143915756 0.41298034078221363
0.6600463541874556 0.41298034078221363
0.6650628832416625 0.40407651762577346
0.667291466072038 0.3936013649167169
0.6689143555836269 0.38297736281053146
0.6702319149356474 0.372275568676082
0.6713571576509627 0.36151648925663576
0.6723470658995776 0.3507087609278391
0.6723685975804273 0.3504589253517791
0.6737609898306672 0.3328791123717722
0.6749542503188164 0.3154088253106447
0.6760006310524335 0.29805238772493364
0.6769329675158452 0.28081181576843234
0.6777735058481885 0.2636880046203072
0.6785381563490929 0.24668124297675748
0.6792387527152312 0.22979146431885647
0.6798843818605108 0.213018382590836
0.6804822116986483 0.19636157030282092
0.6810380099306553 0.17982050521179765
0.6815565033564134 0.1633946002982572
0.6890527918438698 0.1633946002982572
0.6965490803313263 0.1633946002982572
0.7112245612253527 0.15456917711924917
0.7260344480806962 0.14572718334377838
0.7409815277640593 0.13687190609191566
0.7560687769175236 0.12800701960268704
0.7712994016390631 0.11913667010048118
0.7866768568066709 0.11026553096279626
0.8022048910890689 0.10139890782091195
0.8178875883729799 0.09254284585990746
0.8337294163538735 0.08370426000786106
0.8497352946397667 0.07489111396721057
0.8659106678146562 0.06611262779175163
0.8662144224889992 0.0659490696332949
0.8812031717536827 0.057940390765989946
0.8961513353908599 0.050080656343653024
0.9110624108138055 0.04237684989195856
0.9259402501450443 0.034837073552127326
0.9407891296176619 0.027470811113010533
0.9556138203541938 0.020289242099898446
0.970419686106561 0.013305679589699264
0.9852127820173501 0.006536112215738808
1.0 0.0
