# CURVE 2D, normalized by CHORD
# COLUMN#1 = X-coordinate, COLUMN#2 = Y-coordinate
#-------------------------------------------------------------------------------
0.0 0.0
0.0071708845321788095 0.014291670418934923
0.014113092857438407 0.028805995953193882
0.020815246288472672 0.0435425908275978
0.02726593464247035 0.05850056881625982
0.03345367612297372 0.07367856131359954
0.039367021813568735 0.08907467394270475
0.04499459525100684 0.10468647845705228
0.05032517293751634 0.12051099461792056
0.05534774212237456 0.13654468785381402
0.05543184893419906 0.13682385874154507
0.06002712625187093 0.15269574363843183
0.06425824967798162 0.1685640001417487
0.06812842540637246 0.18442076534363055
0.07164148988802675 0.20025822289143702
0.07480182906539518 0.21606866242357722
0.07761440785280074 0.23184450955417074
0.08008468356764455 0.24757837655371023
0.08221865094057003 0.26326308556145295
0.08402270501267087 0.2788917168433377
0.09279967964720828 0.2788917168433377
0.10170929719660494 0.2788917168433377
0.1106189147460016 0.2788917168433377
0.11939588938053902 0.2788917168433377
0.12377764250597963 0.2943943983210548
0.12823969768169638 0.30998544488782537
0.1327899304752482 0.3256631319439337
0.13743809279709793 0.3414250969530094
0.14219652560232832 0.3572680756845155
0.14708126382564754 0.3731874826066693
0.15211382677402457 0.38917670979725505
0.1573243148238683 0.4052258712431847
0.16275719480355288 0.4213193546027266
0.16848332160378737 0.4374304540963544
0.1685610228984842 0.43764219204659205
0.17291209853407127 0.449161423674229
0.17752368977290897 0.46053810372489573
0.18254899837145655 0.4716962551682182
0.18837987887895832 0.4824068645427135
0.19701948278268122 0.4904179291308184
0.19701948278268125 0.4904179291308184
0.21982622900671714 0.4904179291308184
0.24300010623493562 0.4904179291308184
0.26654702434912814 0.4904179291308184
0.29047298836525465 0.4904179291308184
0.31478409996486323 0.4904179291308184
0.3394865590511621 0.4904179291308184
0.36458666533014 0.4904179291308184
0.3900908199171391 0.4904179291308184
0.41600552696928933 0.4904179291308184
0.44233739534422073 0.4904179291308184
0.4690931402854771 0.4904179291308184
0.4958488852267335 0.4904179291308184
0.5221807536016648 0.4904179291308184
0.5480954606538151 0.4904179291308184
0.5735996152408143 0.4904179291308184
0.5986997215197921 0.4904179291308184
0.623402180606091 0.4904179291308184
0.6477132922056996 0.4904179291308184
0.6716392562218261 0.4904179291308184
0.6951861743360186 0.4904179291308184
0.7183600515642371 0.4904179291308184
0.741166797788273 0.4904179291308184
0.7567284894593427 0.48865637660810257
0.7715675335188843 0.4833548770803986
0.7850391831961999 0.4749788994267882
0.7969222639325191 0.4643091134517835
0.8073150418752867 0.4520453745624404
0.8164311616049627 0.438680631990647
0.8244869425001338 0.42453418857503367
0.831665260741018 0.4098101506771067
0.8381122193887045 0.3946412805676682
0.8382651393528988 0.39425702158109943
0.8459194030058184 0.3734200893702795
0.8525746807984624 0.35244321434807785
0.8584199778812748 0.3314232306012306
0.863595454537295 0.31042224692418185
0.8682075875123726 0.28948159744172774
0.8723391928117918 0.268629647863854
0.8760559447243726 0.24788632187498494
0.8794107568645653 0.22726585503307262
0.8824470631258321 0.20677857411141434
0.8852009433960003 0.18643202130756897
0.8877026078956883 0.16623170674197807
0.8899778012170115 0.1461816659275897
0.8920485329768955 0.1262848097852859
0.8939338420185643 0.1065432015487102
0.903289661384435 0.1065432015487102
0.9126454807503056 0.1065432015487102
0.9154016183554208 0.0936634064495915
0.9189088487046254 0.08091345022584519
0.9232916756633197 0.06838215448219027
0.9286905755767304 0.056197081882878426
0.9352520538525888 0.044537262309799014
0.9431054965628953 0.033641953803446256
0.943192938524106 0.03353530395204614
0.9508485283811654 0.025204499251892856
0.9593939895618422 0.017849066435525408
0.9687367968694998 0.011606169080357
0.9787321659195258 0.0065555911976381805
0.9892089799381194 0.002705616667363181
1.0 0.0
