# CURVE 2D, normalized by CHORD
# COLUMN#1 = X-coordinate, COLUMN#2 = Y-coordinate
#-------------------------------------------------------------------------------
0.0 0.0
0.0023203754046371735 0.014718019296653707
0.004622062258046358 0.029528755734663847
0.006902224934850697 0.04443310544940231
0.009157648130413774 0.059432005263881905
0.01138465135075014 0.07452643986468231
0.013579000777741662 0.08971744733001415
0.01573578575717805 0.10500612717315969
0.017849259922877784 0.12039364958411014
0.019912637483871846 0.13588126544519674
0.01994399296883772 0.13612065460251901
0.021629952337831628 0.1491951926562599
0.023253275798442937 0.1622123406511454
0.02480908125147645 0.17517277332895517
0.02629158126637934 0.18807719519039226
0.02769383218182273 0.20092634051950828
0.029007400697097757 0.21372096876551147
0.03022186566897834 0.22646185570499697
0.03132412948091057 0.23914976816494984
0.03918409615624323 0.23914976816494984
0.047162544314134115 0.23914976816494984
0.055140992472025 0.23914976816494984
0.06300095914735766 0.23914976816494984
0.06523386310343326 0.2555206602059655
0.06748401293037833 0.2720075536327963
0.06975171687107874 0.28861124626171797
0.07203732715019502 0.30533253580548664
0.07434125574328691 0.32217221773158183
0.07666399516175301 0.33913108241640455
0.0790061542770741 0.35620991020920545
0.08136851320731953 0.37340946382312246
0.08375212016361244 0.3907304748474367
0.08615847132353865 0.40817361857741036
0.08858988871453222 0.4257394608819698
0.08862445652248821 0.4259886625582032
0.09007512249160994 0.43642990664586157
0.0915266383718512 0.4468376374179184
0.09298117366896937 0.45721165272926534
0.09444294948772619 0.46755145508215945
0.09592284998344489 0.4778555743321229
0.09753419929539989 0.4881022427221745
0.09753419929539991 0.4881022427221745
0.12326751104614214 0.4881022427221745
0.14941794793370833 0.4881022427221745
0.17599227136453754 0.4881022427221745
0.20299735234435462 0.4881022427221745
0.23044017325472382 0.4881022427221745
0.2583278296584004 0.4881022427221745
0.28666753213394525 0.4881022427221745
0.3154666081400781 0.4881022427221745
0.34473250391025145 0.4881022427221745
0.37447278637793396 0.4881022427221745
0.40469514513310245 0.4881022427221745
0.435407394410447 0.4881022427221745
0.46661747510980506 0.4881022427221745
0.4978275558091631 0.4881022427221745
0.5285398050865077 0.4881022427221745
0.5587621638416762 0.4881022427221745
0.5885024463093587 0.4881022427221745
0.617768342079532 0.4881022427221745
0.6465674180856649 0.4881022427221745
0.6749071205612097 0.4881022427221745
0.7027947769648863 0.4881022427221745
0.7302375978752556 0.4881022427221745
0.7572426788550726 0.4881022427221745
0.7838170022859019 0.4881022427221745
0.809967439173468 0.4881022427221745
0.8357007509242103 0.4881022427221745
0.842769773073962 0.4820812195069384
0.8474237185812592 0.4736637585930453
0.8513281701837243 0.4648438601479965
0.8548456010436454 0.45583869775826236
0.8581183244547343 0.44671871330168506
0.8581758607256417 0.44655268125405845
0.8628064243920374 0.43261768575510134
0.8671387886567923 0.4186745639131185
0.8712517871236455 0.40475185440603995
0.8751934418505842 0.39086563940383556
0.8789955855420993 0.37702587459637715
0.8826806277668603 0.3632391299328825
0.8862650441509515 0.34950993461917285
0.8897613869734673 0.33584151616379826
0.893179485560696 0.3222362271432092
0.9079002811073145 0.3222362271432092
0.922621076653933 0.3222362271432092
0.9295761083011919 0.30776936545524086
0.9362640595812023 0.29306019790879345
0.9426736045295457 0.2781110389036938
0.9487936368004478 0.2629247844149258
0.954613341568317 0.2475049124371935
0.9601222584489865 0.2318554728064088
0.9653103765988456 0.21598108102670213
0.9701681860730637 0.19988688871056998
0.974686719065069 0.18357854718602085
0.9788576417089124 0.16706218063033218
0.9789350980886382 0.166739621844403
0.9827855598989502 0.14982380921950597
0.9862215974310015 0.1329366243720194
0.9892523687376478 0.11608838298244764
0.9918877353946393 0.09928894103633193
0.994137975936106 0.08254761874390469
0.9960138970387321 0.06587320158767966
0.9975265746676296 0.04927389503467982
0.9986873994831377 0.03275732836407046
0.9995079710836388 0.016330544392649193
1.0 0.0
