# CURVE 2D, normalized by CHORD
# COLUMN#1 = X-coordinate, COLUMN#2 = Y-coordinate
#-------------------------------------------------------------------------------
0.0 0.0
0.007031000462436458 0.01107699018777929
0.013846212821790257 0.022365660455127827
0.020495657365748998 0.033829884698991335
0.02701418158096678 0.04544589604951629
0.03342715943660042 0.057197214402864904
0.039753751842740014 0.06907192801828523
0.04600885552173043 0.08106114487023154
0.05220431141680799 0.09315806511094465
0.052325615148339576 0.09339699353893843
0.05976183917129117 0.10818707162498312
0.06704681344684872 0.12293265173792184
0.07419496891580747 0.13762658445026554
0.08121804858594354 0.1522633204354683
0.08812578682366756 0.1668384802435564
0.09492635475325648 0.1813485742150565
0.10162670582176621 0.19579079305280106
0.10823281250877352 0.21016286473371606
0.11474987273500026 0.22446293567941095
0.12118242780006094 0.23868949956577976
0.13038043381219744 0.23868949956577976
0.13971759654220403 0.23868949956577976
0.14905475927221062 0.23868949956577976
0.15825276528434712 0.23868949956577976
0.15854548892645656 0.25500524181882034
0.15886435090267503 0.2714231142814603
0.1592135308635711 0.28794363864968714
0.15959840581249496 0.30456729234004143
0.1600261164870025 0.32129448041322023
0.16050648557560218 0.3381254853130104
0.16105371629986176 0.3550603667262328
0.16168971847381056 0.3720987430102897
0.1624516949119963 0.3892392306827429
0.1624615842877476 0.38944029883824777
0.163001112275578 0.3996429739494439
0.1636339418665231 0.40981573275000527
0.16441366658397866 0.41995369737765015
0.16548066258975241 0.43004033507754724
0.16813225165992932 0.4395565869152088
0.1898616702254369 0.4395565869152088
0.21193966398369407 0.4395565869152088
0.23437182464736608 0.4395565869152088
0.2571638336292781 0.4395565869152088
0.2803214634813514 0.4395565869152088
0.30385057935662296 0.4395565869152088
0.3277571404947176 0.4395565869152088
0.35204720173114995 0.4395565869152088
0.3767269150308376 0.4395565869152088
0.40180253104621494 0.4395565869152088
0.4268781470615923 0.4395565869152088
0.45155786036128 0.4395565869152088
0.4758479215977123 0.4395565869152088
0.4997544827358069 0.4395565869152088
0.5232835986110785 0.4395565869152088
0.5464412284631518 0.4395565869152088
0.5692332374450638 0.4395565869152088
0.5916653981087359 0.4395565869152088
0.613743391866993 0.4395565869152088
0.6354728104325006 0.4395565869152088
0.6390155091957068 0.4275045008685419
0.6407790172548182 0.41475991844442067
0.6422216131242896 0.40192381943513095
0.6435007466396534 0.389019596293679
0.6446767352029213 0.3760546724415408
0.6457803196566212 0.3630323382079062
0.6458055722415732 0.3627253204671798
0.6473867485636625 0.3427564410398463
0.6488599871051514 0.32293534763328174
0.6502507872480502 0.30326309281784763
0.6515755587816129 0.2837398451362364
0.6528456041931431 0.2643653100106734
0.65406910779511 0.24513892767521395
0.6552522354866767 0.22605997704862435
0.6563997647870772 0.20712763330456452
0.6575154954628689 0.18834100359379669
0.6586025081275396 0.169699149026969
0.659663345454971 0.15120109948995006
0.6607001427996438 0.1328458639296113
0.6712182828682769 0.1328458639296113
0.6818986922691449 0.1328458639296113
0.6927438744235761 0.1328458639296113
0.7037563713746047 0.1328458639296113
0.7147688683256332 0.1328458639296113
0.7256140504800644 0.1328458639296113
0.7362944598809325 0.1328458639296113
0.7468125999495655 0.1328458639296113
0.7606147270911894 0.12754675107672003
0.7744169305177109 0.12200809285823791
0.788217718622219 0.11623358644708232
0.8020157871991582 0.11022689465207064
0.8158100008878965 0.10399161658868014
0.8295993889765775 0.09753129369042804
0.8433831234365762 0.09084937760086713
0.8571605205228956 0.08394924976539253
0.8709310309811568 0.07683421502116297
0.8711844718220481 0.07670123617839059
0.8862592034779144 0.06866080379123887
0.9011349044258165 0.060476530207500157
0.9158152307938752 0.05215940302131692
0.9303038583056569 0.0437197038338555
0.9446044833912731 0.035167091787803174
0.9587207842820762 0.026510608712406257
0.9726564010823088 0.01775871219606105
0.9864149536562237 0.008919361201776402
1.0 0.0
