# CURVE 2D, normalized by CHORD
# COLUMN#1 = X-coordinate, COLUMN#2 = Y-coordinate
#-------------------------------------------------------------------------------
0.0 0.0
0.007601367684018371 0.013173910216405937
0.015482975763519346 0.02628130344937239
0.023680182431287968 0.03929469596899154
0.032236476004011985 0.052178004050565344
0.04120610738155368 0.06488274018143773
0.05065787529485728 0.07734187000403066
0.06068048237324306 0.08945954643335446
0.07138979618878365 0.10109328033152659
0.07152421595636471 0.10123033552228129
0.08047456182412013 0.10983663137754564
0.08994860632310857 0.11778960511027552
0.10003292137431737 0.12486998028065767
0.11080438915168808 0.13075117442594447
0.12227633770629172 0.13496337082273605
0.13428534781349213 0.13691813556395194
0.14590405588902675 0.13691813556395194
0.15770119949560119 0.13691813556395194
0.1696795189756468 0.13691813556395194
0.1816578384556924 0.13691813556395194
0.19345498206226683 0.13691813556395194
0.20507369013780144 0.13691813556395194
0.20600439965743889 0.1612203571180528
0.20702901525337822 0.1857688150547736
0.20815609277663294 0.21056540542055457
0.20939526214438445 0.2356119135399683
0.2107574939634524 0.26090997656376685
0.21225542885309498 0.2864610327479881
0.21390361201742758 0.3122662639128393
0.21571900018878504 0.33832650585521307
0.21772167075253654 0.3646421182039829
0.21993534559046662 0.39121283186527234
0.22238874913899867 0.41803747889584625
0.2251169756852343 0.4451136303983302
0.2281636971120821 0.47243702029913787
0.23158441874784777 0.5000006249647717
0.23545144990552094 0.5277931305418381
0.23986172074430206 0.5557962650595498
0.24495060730008245 0.5839797007079421
0.24506673528220063 0.584576778123051
0.248714415601992 0.6023812213680851
0.25272255181710324 0.6199809376554791
0.2571655481961479 0.6373488457120097
0.2621468366251112 0.6544425468570488
0.2678160498257805 0.6711918074059728
0.27440202379484907 0.6874706171675662
0.28227754681949574 0.7030274243989932
0.2920875260679369 0.7172820229295365
0.30488830106632425 0.7286667837619191
0.3210855442738739 0.7333984732577081
0.3395255998255031 0.7333984732577081
0.3582595849326705 0.7333984732577081
0.37729218475390924 0.7333984732577081
0.3966281591279268 0.7333984732577081
0.4162723437639873 0.7333984732577081
0.4362296514512675 0.7333984732577081
0.4565050732874904 0.7333984732577081
0.4771036799271421 0.7333984732577081
0.49803062284958566 0.7333984732577081
0.5189575657720292 0.7333984732577081
0.539556172411681 0.7333984732577081
0.5598315942479037 0.7333984732577081
0.579788901935184 0.7333984732577081
0.5994330865712445 0.7333984732577081
0.6187690609452621 0.7333984732577081
0.6378016607665008 0.7333984732577081
0.6565356458736682 0.7333984732577081
0.6749757014252974 0.7333984732577081
0.6853490001439096 0.7274573741905371
0.6926683947106835 0.7175604692534077
0.6986784982437937 0.7067474643977053
0.7039859797258359 0.6955186534094359
0.7088454523039411 0.6840374077248543
0.7133898392714111 0.6723773124190037
0.7134819091648568 0.6721324935641482
0.7195825152892756 0.6552065345886566
0.7252700874920538 0.6382717833658527
0.7306397683124737 0.6213664620088433
0.7357538139074332 0.6045135392390721
0.7406555851398576 0.5877278217133715
0.7453767081843338 0.5710193357717117
0.7499411182256839 0.5543951232768426
0.7543674720474539 0.5378602622522765
0.7586706232727582 0.5214184718999443
0.7628626400796373 0.5050725092777603
0.7669535249775261 0.4888244372570981
0.778630186389971 0.4888244372570981
0.7904861940629463 0.4888244372570981
0.8025243026435238 0.4888244372570981
0.8145624112241013 0.4888244372570981
0.8264184188970767 0.4888244372570981
0.8380950803095215 0.4888244372570981
0.8457686581004097 0.4697862000443462
0.8534342233707914 0.4505555873146213
0.8610877840777121 0.43112973286017525
0.868725034772317 0.4115056869554309
0.8763412949473545 0.3916804000887321
0.8839315053663394 0.37165073069844445
0.8914901483494714 0.35141342518937047
0.899011244196367 0.33096512880880946
0.9064882653935495 0.31030236765179536
0.9139140777908934 0.2894215438617492
0.921280894744354 0.26831893831735104
0.9285801869293242 0.24699070099724243
0.9358025788332954 0.22543284172536113
0.9359646458199726 0.22494352797435296
0.9423017803364764 0.20560490346523455
0.9484672676264865 0.18637803051854573
0.9544585760506342 0.16726167805985442
0.9602729641419717 0.14825464026348123
0.9659074480788987 0.12935573599659586
0.9713587896253413 0.11056381608979977
0.9766234517323202 0.09187776276019825
0.981697611322037 0.07329650729596465
0.9865770916197149 0.05481902690038629
0.9912573580786915 0.036444361965583864
0.9957334463206469 0.018171618287269035
1.0 0.0
