# CURVE 2D, normalized by CHORD
# COLUMN#1 = X-coordinate, COLUMN#2 = Y-coordinate
#-------------------------------------------------------------------------------
0.0 0.0
0.009115013482058022 0.00813816595466032
0.0182010627133435 0.016386977100958017
0.027246230622326204 0.024758418751301123
0.03623493998256651 0.033267655032603885
0.045146226859944585 0.04193436076285196
0.05395082471282434 0.05078486436741431
0.06260587584812105 0.05985581196503372
0.06269913696059302 0.059956035143986015
0.06953256802577937 0.06748047744632246
0.07613110613732928 0.07517966988040095
0.08240803265385084 0.08311194891807672
0.08820368872869608 0.09137150589540827
0.09316785135951547 0.10012295577334743
0.1008745589950687 0.10012295577334743
0.10858126663062191 0.10012295577334743
0.11260349750281079 0.11997688452464524
0.11675383002027315 0.13999218529871613
0.12104222018913656 0.1601680191676274
0.12548002729299051 0.18050311899849084
0.13008036388651498 0.20099566665171453
0.13485849836328068 0.22164313888814688
0.1398322691038984 0.24244212516231126
0.14502292524555555 0.2633880067350443
0.15045594525375136 0.2844745790297956
0.1561624376989684 0.3056934368192631
0.16218103779414186 0.3270330746096358
0.16856062566776908 0.34847750703371133
0.1753646952824189 0.3700039602174993
0.18267804959852602 0.3915789962019108
0.1906184293093296 0.4131512990106801
0.19077972388410713 0.41356936705456515
0.19655209340386706 0.4279997957488206
0.20268048238842276 0.44218261391489316
0.20924682401633413 0.45606691169755353
0.2163665106750455 0.4695726760593507
0.22420898042728668 0.48256528261993825
0.2330349276097488 0.49479665133361367
0.24325530445885618 0.5057550752560561
0.2554479417099927 0.514257193810361
0.2697145468334023 0.5177729316145578
0.28923300373346306 0.5177729316145578
0.3090637991006154 0.5177729316145578
0.32921193104093516 0.5177729316145578
0.3496824776412466 0.5177729316145578
0.37048059824899143 0.5177729316145578
0.3916115347725777 0.5177729316145578
0.4130806130025386 0.5177729316145578
0.4348932439538313 0.5177729316145578
0.4570549252296165 0.5177729316145578
0.4795712424068612 0.5177729316145578
0.502087559584106 0.5177729316145578
0.5242492408598911 0.5177729316145578
0.5460618718111838 0.5177729316145578
0.5675309500411447 0.5177729316145578
0.5886618865647311 0.5177729316145578
0.6094600071724758 0.5177729316145578
0.6299305537727874 0.5177729316145578
0.6500786857131071 0.5177729316145578
0.6699094810802594 0.5177729316145578
0.6894279379803202 0.5177729316145578
0.6998166830004581 0.5105134680022374
0.7069191908870451 0.49949573212541354
0.7128388203321968 0.48772868359480137
0.718140039807058 0.47561124139024497
0.7230502164244391 0.4632729597053169
0.727686613335214 0.4507726596093119
0.7277833323857651 0.4505038523686452
0.7342605639708969 0.4318219189478542
0.7403464683279071 0.41316315917144975
0.7461311719793213 0.3945614151947441
0.7516731015198618 0.3760369001669431
0.7570127172554252 0.35760256933206197
0.762179441163919 0.3392671391670548
0.7671954725990684 0.32103667060163604
0.772078048312239 0.30291546880494147
0.7768409242865315 0.2849066445270068
0.7814952539395794 0.26701244555600173
0.786050269481051 0.24923449818855742
0.7980106889941512 0.24923449818855742
0.8101549154957881 0.24923449818855742
0.8224857737204118 0.24923449818855742
0.8348166319450354 0.24923449818855742
0.8469608584466723 0.24923449818855742
0.8589212779597726 0.24923449818855742
0.8604648986543956 0.23268393624606673
0.8623336902702935 0.21604788646925485
0.8645687657019167 0.19933688965583438
0.8672189187438517 0.1825652345111669
0.870342609963848 0.16575245095356114
0.8740102107733552 0.14892544732715113
0.8783074193832274 0.13212181245762022
0.8833393121283751 0.11539481003925484
0.8892349455422924 0.09882097642153335
0.8961527966719276 0.08251204710720195
0.9042844311469866 0.0666330001170426
0.9044256510889688 0.06638351613487185
0.9126104197501452 0.053221378259006955
0.9219030401394399 0.040925191388284404
0.9323922616984888 0.029751242332555532
0.9441053854571422 0.020002463418166434
0.9569657201233294 0.011987132004628594
0.9707712129081837 0.005945029650865268
0.9852233045274321 0.0019729700983121814
1.0 0.0
