# CURVE 2D, normalized by CHORD
# COLUMN#1 = X-coordinate, COLUMN#2 = Y-coordinate
#-------------------------------------------------------------------------------
0.0 0.0
0.0022626411955010985 0.00922846878844122
0.004331509600682623 0.01852353529162612
0.006221899900679555 0.027877721150191465
0.007947361648725454 0.037284881738205655
0.009519929740326364 0.046739938390637864
0.009535971002436024 0.04684136072762258
0.01116550187296444 0.057754154995876605
0.012614935347795475 0.0686626885610177
0.013899402874588298 0.07956236606124951
0.015032229798536311 0.09044945704444143
0.01602522084755168 0.10132091464773109
0.027782749630222404 0.10132091464773109
0.03972089566929711 0.10132091464773109
0.051842433577869496 0.10132091464773109
0.06396397148644188 0.10132091464773109
0.07590211752551658 0.10132091464773109
0.0876596463081873 0.10132091464773109
0.0937864770618852 0.11950863563086991
0.09996936727362381 0.13785155535647584
0.10620915676283904 0.15635088649386844
0.11250675184845137 0.1750078318907242
0.11886314311407384 0.19382357859648958
0.12527942731474773 0.21279929044485685
0.13175683426652057 0.23193609889157962
0.13829677202523502 0.25123508756941637
0.14490088074118965 0.27069727374761476
0.15157112807910247 0.29032357543811443
0.1583099416599683 0.3101147654577831
0.16512044000287976 0.33007139111501543
0.17200682930047304 0.350193635566227
0.17897514754171776 0.3704810564363584
0.17909889995531947 0.37084053587775867
0.18359724611764072 0.3838845620644082
0.18809094342974741 0.39686281020323116
0.19258503654120196 0.40977381354860964
0.19708796056777544 0.42261488668120595
0.20161608334164008 0.43538046140968084
0.20621153783499835 0.44805541812643207
0.21128830749630634 0.4604408766065946
0.23320865309030137 0.4604408766065946
0.2554815412311615 0.4604408766065946
0.27811264182253015 0.4604408766065946
0.3011077159564978 0.4604408766065946
0.3244726173801758 0.4604408766065946
0.3482132939858569 0.4604408766065946
0.3723357893251422 0.4604408766065946
0.3968462441474196 0.4604408766065946
0.4217508979630848 0.4604408766065946
0.44705609063190443 0.4604408766065946
0.4727682639769238 0.4604408766065946
0.49848043732194314 0.4604408766065946
0.5237856299907627 0.4604408766065946
0.548690283806428 0.4604408766065946
0.5732007386287054 0.4604408766065946
0.5973232339679907 0.4604408766065946
0.6210639105736717 0.4604408766065946
0.6444288119973498 0.4604408766065946
0.6674238861313174 0.4604408766065946
0.6900549867226861 0.4604408766065946
0.7123278748635462 0.4604408766065946
0.7342482204575412 0.4604408766065946
0.7493859124942777 0.4589686184906994
0.7639620476150681 0.4543533802072725
0.7773011295190436 0.446702351227929
0.7890007137615596 0.4365790974045105
0.7990229483743602 0.4246698318530666
0.8075438647376256 0.41153418198413677
0.8147968948583091 0.39755596771863466
0.8209981851666415 0.3829827264798286
0.8211183422653474 0.38267196189664765
0.8278194092626623 0.3632617410100883
0.8332908659926327 0.3436355007488782
0.8377870080858112 0.3239264108535002
0.8414933442258179 0.30421473562051043
0.8445482890154058 0.2845508143653093
0.8470574080001254 0.2649672469337751
0.8491030991298861 0.24548570431210545
0.8507507177148963 0.22612083669329594
0.8520530020778961 0.2068826685849858
0.8530532091365166 0.18777809392600445
0.8537872168712264 0.16881183022913468
0.8542851620648606 0.14998705800882756
0.8688742001947211 0.14998705800882756
0.8836900263513205 0.14998705800882756
0.8987361659767489 0.14998705800882756
0.9140161993164384 0.14998705800882756
0.9292962326561279 0.14998705800882756
0.9443423722815563 0.14998705800882756
0.9591581984381558 0.14998705800882756
0.9737472365680162 0.14998705800882756
0.9791673879923734 0.13964863510233383
0.9833726669316967 0.12871665126710946
0.9867276769147975 0.1174566437601141
0.9894569382227615 0.1059926774276016
0.991705228875436 0.09438932397957955
0.9917315079179105 0.09423918678437551
0.9938540304807313 0.08069220601107323
0.9955578014081846 0.06714946479898357
0.9969240019119994 0.053631404523188965
0.9980116846050531 0.040150627826998034
0.9988652368947128 0.02671520972692205
0.9995189679941048 0.013330474221685753
1.0 0.0
