# CURVE 2D, normalized by CHORD
# COLUMN#1 = X-coordinate, COLUMN#2 = Y-coordinate
#-------------------------------------------------------------------------------
0.0 0.0
0.00298889738838023 0.010100808395715893
0.006506496804470593 0.020058574011118616
0.010495134983638509 0.02986643083003172
0.014903765270861192 0.039522622358100765
0.019687710586141723 0.04902887980662986
0.01974168567116285 0.04913151518514751
0.024861662195767617 0.05848332288924756
0.030252037212569312 0.06764274025292791
0.035879662295888536 0.07661857897291802
0.04171612469779515 0.0854197471830466
0.04773697339769411 0.09405499615052246
0.05392110993610869 0.1025327431391376
0.059160840136223816 0.1025327431391376
0.05392110993610869 0.1025327431391376
0.059160840136223816 0.1025327431391376
0.06440057033633895 0.1025327431391376
0.06440057033633895 0.1025327431391376
0.066425922165763 0.11907360029966017
0.06855069426045031 0.13571561958179643
0.07078796911810618 0.15245738240877402
0.07315402494968364 0.16929680393640367
0.07566953328870224 0.18623083076855684
0.0783614773858675 0.20325493639466038
0.08126619842712494 0.2203622582086353
0.08443463073787313 0.2375420030821235
0.08794221366357302 0.25477618786519535
0.09190919802932111 0.2720322150835622
0.09196510842054036 0.27225859174946565
0.09474617887181877 0.28293257940380656
0.09784508163163319 0.2934804720887318
0.10139832332290878 0.3038450083669523
0.10567298708375067 0.313891236774487
0.11132698137745062 0.3231682427357762
0.12025505116436319 0.3286830323767291
0.3809069051275615 0.3286830323767291
0.355276303981955 0.3286830323767291
0.33005136345145025 0.3286830323767291
0.3052256630649195 0.3286830323767291
0.28079288396930674 0.3286830323767291
0.2567468073212982 0.3286830323767291
0.2330813127044485 0.3286830323767291
0.20979037657135907 0.3286830323767291
0.18686807071051223 0.3286830323767291
0.1643085607373716 0.3286830323767291
0.14210610460936368 0.3286830323767291
0.12025505116436319 0.3286830323767291
0.3809069051275615 0.3286830323767291
0.406537506273168 0.3286830323767291
0.4317624468036727 0.3286830323767291
0.45658814719020346 0.3286830323767291
0.4810209262858162 0.3286830323767291
0.5050670029338248 0.3286830323767291
0.5287324975506744 0.3286830323767291
0.5520234336837639 0.3286830323767291
0.5749457395446107 0.3286830323767291
0.5975052495177513 0.3286830323767291
0.6197077056457593 0.3286830323767291
0.6415587590907598 0.3286830323767291
0.6415587590907598 0.3286830323767291
0.6572158849731997 0.32804893588684503
0.6728566613259515 0.32607024755635605
0.6883461755035121 0.3226546846124325
0.703533063545384 0.31775196891659163
0.7182644994170964 0.3113645910303887
0.7324037810603914 0.30354923191748023
0.7458450477740383 0.2944078430654602
0.7585208232716585 0.28407169493837753
0.7704014196104875 0.27268384051687095
0.770618503472851 0.27245916996266434
0.7826339215157647 0.2590136734770452
0.7935965224887265 0.24485733267520227
0.8035938565307085 0.23015631713863988
0.812716126171876 0.2150436056919675
0.8210499915810243 0.19962420817159557
0.8286753944487383 0.18398054652685406
0.8356642353234173 0.16817720898905883
0.8420805118221181 0.15226501894278996
0.8479807211851933 0.13628411549042058
0.8534144689495479 0.12026633293760834
0.8584255375921409 0.10423714872433297
0.8649536448939701 0.10423714872433297
0.8584255375921409 0.10423714872433297
0.8649536448939701 0.10423714872433297
0.8714817521957994 0.10423714872433297
0.8714817521957994 0.10423714872433297
0.8795732314396925 0.09455674751628593
0.8880885295384873 0.08518107652021392
0.8969899756304884 0.07610263022318377
0.9062434322384161 0.06731189107529818
0.915818248343188 0.058798056844614144
0.9256870445105235 0.05054956175308865
0.9258156914052225 0.05044522026287409
0.9360262543890044 0.042400709970298205
0.946400741998302 0.03466407498818754
0.9569153558867736 0.02721713182892195
0.9675494328741402 0.02004275071014186
0.9782850055925236 0.013124894675142714
0.9891064222538203 0.00644861747262809
1.0 0.0
