# CURVE 2D, normalized by CHORD
# COLUMN#1 = X-coordinate, COLUMN#2 = Y-coordinate
#-------------------------------------------------------------------------------
0.0 0.0
0.003579944899876884 0.01687358298083006
0.006953794030157584 0.033917228607574894
0.01014038782958141 0.051125138527018964
0.013155814496564486 0.06849279445936735
0.016013899502472926 0.08601667011779993
0.018726618447020595 0.10369401340465469
0.02130441697883618 0.12152268497687731
0.023756463667535276 0.1395010364027215
0.02609085660636186 0.15762781636978834
0.028314783875939456 0.17590209893465847
0.030434641053762604 0.1943232287094373
0.030485677291343775 0.19477957153400327
0.032765065210146826 0.21582035286559045
0.03489172817392995 0.23670205625773694
0.03687827534468327 0.25742403259991725
0.038735819096003314 0.27798596298497436
0.04047424486688033 0.2983877890610217
0.042102350845311255 0.3186296661464538
0.04362802511952501 0.3387119208083063
0.04505836738766682 0.358635019508122
0.04639979243559444 0.3783995433401974
0.047658118488183916 0.39800616757248053
0.04883864295931004 0.41745564499450666
0.04994619000077698 0.43674879328564054
0.050985201343594744 0.45588648174144986
0.13640262788972854 0.45588648174144986
0.12160717467122466 0.45588648174144986
0.10704005186247541 0.45588648174144986
0.09269773576094528 0.45588648174144986
0.07857675704353774 0.45588648174144986
0.06467369992738595 0.45588648174144986
0.050985201343594744 0.45588648174144986
0.13640262788972854 0.45588648174144986
0.15119808110823243 0.45588648174144986
0.16576520391698168 0.45588648174144986
0.1801075200185118 0.45588648174144986
0.19422849873591935 0.45588648174144986
0.20813155585207113 0.45588648174144986
0.22182005443586233 0.45588648174144986
0.22182005443586233 0.45588648174144986
0.22089396217692497 0.47526712309428704
0.22019752842110546 0.4948132607801355
0.2197623545015683 0.5145240264473009
0.21962619345821752 0.5343974056905196
0.2198349737760246 0.554429692415941
0.22044499367191234 0.5746146329668409
0.22152683223390893 0.5949420493504589
0.22317009872742 0.6153955833427323
0.2254913896914984 0.6359487931100608
0.22864578047433495 0.6565581993064199
0.23284514598866704 0.6771501887069171
0.23838662593591486 0.697595154648378
0.23848767898266748 0.6979179710139095
0.24317415777398063 0.7114076817952307
0.24875939033496003 0.7244624361599115
0.25542018070428646 0.7369101285926071
0.2633560888798826 0.7484865368060312
0.2727502367481285 0.7588017671319306
0.28367581757812227 0.767342762010358
0.29596678984175284 0.7735870215112606
0.3091818197150215 0.7772374292180099
0.3227720481417357 0.7783800309075434
0.46342018156577147 0.7783800309075434
0.44485607111008263 0.7783800309075434
0.4265817154820953 0.7783800309075434
0.4085925920918165 0.7783800309075434
0.39088424893934615 0.7783800309075434
0.37345230351308367 0.7783800309075434
0.35629244170513114 0.7783800309075434
0.33940041674362553 0.7783800309075434
0.3227720481417357 0.7783800309075434
0.46342018156577147 0.7783800309075434
0.4819842920214603 0.7783800309075434
0.5002586476494477 0.7783800309075434
0.5182477710397265 0.7783800309075434
0.5359561141921968 0.7783800309075434
0.5533880596184593 0.7783800309075434
0.5705479214264119 0.7783800309075434
0.5874399463879174 0.7783800309075434
0.6040683149898073 0.7783800309075434
0.6040683149898073 0.7783800309075434
0.6242656968448396 0.7776157837744714
0.6445054327177514 0.7752072309101192
0.6646242113686358 0.7709963955973641
0.6844254688622997 0.7648659667597909
0.7036941155538882 0.7567601402498946
0.7222194571455094 0.7466975828371629
0.7398213039224681 0.7347717806179598
0.7563684338363867 0.7211337843540759
0.7717869978329264 0.7059692244791155
0.7860557920184174 0.6894729373257108
0.7991951281843465 0.6718307260266964
0.8112531205248178 0.6532083717881247
0.8222938127951044 0.6337475622077154
0.8226019788010106 0.6331672921034542
0.8351470370656309 0.607595715861383
0.8461172613749419 0.5816222015226846
0.8557228710896052 0.5554173404663661
0.8641441399060209 0.5291048577982853
0.8715330981747741 0.5027746983071452
0.878018383734351 0.47649297817918795
0.8837084471376696 0.450308539164289
0.8886955713777558 0.42425782487006186
0.8930581066957075 0.39836807060724233
0.8968632832436632 0.37265976699546943
0.9001690521207864 0.3471483350437964
0.9030256026018076 0.3218453520731435
0.9054766387375519 0.29675945944524035
0.9075604476411093 0.27189703798221687
0.9093106551613936 0.2472627044610307
0.9107571020092566 0.22285970661132892
0.9119261548901445 0.19869019675066435
0.9504071170511497 0.19869019675066435
0.937383767689235 0.19869019675066435
0.924557777243463 0.19869019675066435
0.9119261548901445 0.19869019675066435
0.9504071170511497 0.19869019675066435
0.9634304664130642 0.19869019675066435
0.9762564568588362 0.19869019675066435
0.9888880792121547 0.19869019675066435
0.9888880792121547 0.19869019675066435
0.9906982566889256 0.18748612863617312
0.9917603038590166 0.17614149162215414
0.9926143705230498 0.1647468749087167
0.9933573583073143 0.15331219903551757
0.9940285377528597 0.14184076155934913
0.9940396607966913 0.14164187247351262
0.9948947997947318 0.12552848877211353
0.9956731201327964 0.10950865062484975
0.9963941292331631 0.09358297189391575
0.997070130231848 0.07775156735663849
0.9977094781274359 0.062014300494098715
0.9983181590056295 0.04637089491125647
0.9989006358155201 0.030820990495170574
0.9994603444417985 0.015364174528231295
1.0 0.0
