# CURVE 2D, normalized by CHORD
# COLUMN#1 = X-coordinate, COLUMN#2 = Y-coordinate
#-------------------------------------------------------------------------------
0.0 0.0
0.007551178839089874 0.01490361317906914
0.01477615424788107 0.03009348406212212
0.021665594248802444 0.04556326643679888
0.028210995567587095 0.06130603374850736
0.03440473264590269 0.07731434793570167
0.04024011376290527 0.09358032758886403
0.04571139584528979 0.11009573248373215
0.050813787007386285 0.12685204857958932
0.05554343741165445 0.14384057180203208
0.05989741930719922 0.16105248908319653
0.05998022937199009 0.16139718740620101
0.0638454298569835 0.17834831268929438
0.06730747245100437 0.19526255180510987
0.07038102271276274 0.2121292567848039
0.07308088230143765 0.22893866012130148
0.07542173383090689 0.24568187796328955
0.07741816668281597 0.2623508565434872
0.0790845616362926 0.278938340303153
0.08043503798101181 0.2954378272980509
0.08148339718580998 0.3118435238206341
0.08224311857170631 0.3281502955833511
0.082727254726084 0.34435362468148056
0.10574402631008381 0.34435362468148056
0.09414880754296837 0.34435362468148056
0.082727254726084 0.34435362468148056
0.10574402631008381 0.34435362468148056
0.11733924507719926 0.34435362468148056
0.12876079789408362 0.34435362468148056
0.12876079789408362 0.34435362468148056
0.12935260491902617 0.361098579381543
0.1300801728365766 0.37795195525708275
0.13096369189512858 0.3949124622592858
0.13202833584583615 0.4119779889396755
0.13330611256558855 0.42914517478045444
0.13483886076382334 0.4464086755319766
0.13668290607080463 0.4637598617285566
0.13891710067019872 0.48118432580836057
0.1416577296998461 0.4986566592874273
0.14508837089093143 0.5161282338450709
0.1451392876037706 0.5163576490925832
0.14796494263512025 0.527944899296652
0.15136446248665678 0.5393316030726495
0.15558690373885992 0.5503915223108174
0.16109782339074244 0.5608118540285228
0.16882392396653192 0.5696027668453638
0.17962659402042383 0.57353945694624
0.4289687026060699 0.57353945694624
0.4044521211675455 0.57353945694624
0.38032318186315994 0.57353945694624
0.35657575551766346 0.57353945694624
0.33320380986681253 0.57353945694624
0.3102014080250684 0.57353945694624
0.28756270697752395 0.57353945694624
0.2652819560956746 0.57353945694624
0.24335349567665804 0.57353945694624
0.22177175550558956 0.57353945694624
0.20053125344062972 0.57353945694624
0.17962659402042383 0.57353945694624
0.4289687026060699 0.57353945694624
0.4534852840445943 0.57353945694624
0.47761422334897985 0.57353945694624
0.5013616496944764 0.57353945694624
0.5247335953453273 0.57353945694624
0.5477359971870714 0.57353945694624
0.5703746982346158 0.57353945694624
0.5926554491164652 0.57353945694624
0.6145839095354817 0.57353945694624
0.6361656497065502 0.57353945694624
0.6574061517715101 0.57353945694624
0.678310811191716 0.57353945694624
0.678310811191716 0.57353945694624
0.6920325829725704 0.5698248860029027
0.7035387810953578 0.5611748010924358
0.7131229848037958 0.5502884455182449
0.7214093693266203 0.5382792792417784
0.7287979433958421 0.5256036579165508
0.7355322211959842 0.5124785962175246
0.7417677605699963 0.4990212963786936
0.747609516135155 0.48530138624104546
0.7477545047917333 0.48494737227068196
0.7558517723830854 0.46415587442378703
0.763290795589904 0.4433187330919519
0.7702052826575041 0.42249759484539523
0.7766887862304516 0.4017314714980622
0.7828097163743142 0.38104638583901257
0.7886197395823582 0.36046035152203865
0.7941591502241637 0.3399862517997359
0.7994599267529695 0.31963345455684933
0.8045480726667584 0.29940890962483674
0.8094450093935001 0.2793178072239936
0.8141686332995706 0.2593640418746635
0.8187341345852489 0.23955054639474851
0.8231544791136312 0.2198795005530736
0.8686777821283653 0.2198795005530736
0.8570339425095432 0.2198795005530736
0.8455672350533786 0.2198795005530736
0.8342749651330064 0.2198795005530736
0.8231544791136312 0.2198795005530736
0.8686777821283653 0.2198795005530736
0.8803216217471874 0.2198795005530736
0.891788329203352 0.2198795005530736
0.9030805991237243 0.2198795005530736
0.9142010851430995 0.2198795005530736
0.9142010851430995 0.2198795005530736
0.9151982444265987 0.20545411494605062
0.9165653077479992 0.19097425299175091
0.9183372315230425 0.17645278459026298
0.9205527118244042 0.16190594918862755
0.9232543227827348 0.1473541514605609
0.9264887645320027 0.13282295796646898
0.9303067382972502 0.11834424759346718
0.9347625753585264 0.1039575334970304
0.9399133819189898 0.08971138574308347
0.9399992667186463 0.08949128614293023
0.9453393880524669 0.07672768763340963
0.9512791366989214 0.06431004164103632
0.957837628305097 0.052287708209788925
0.965027200146723 0.04071395618557362
0.9728513590543557 0.029644388583284453
0.9813029874724278 0.01913468901325289
0.9903629731564071 0.009237639851216081
1.0 0.0
