# CURVE 2D, normalized by CHORD
# COLUMN#1 = X-coordinate, COLUMN#2 = Y-coordinate
#-------------------------------------------------------------------------------
0.0 0.0
0.005241505270194096 0.009921000810023872
0.007541203059227948 0.02131781346315986
0.009149970974976288 0.03288403576385148
0.010406874226335808 0.04454249017995161
0.011441038524447502 0.05627127527549034
0.01231787547011513 0.06806138972982047
0.013075896480838591 0.0799083918935127
0.013094492177068304 0.08022098191623563
0.014168370255367034 0.10038134718723193
0.015036206080685639 0.12039413019133836
0.015749491809425416 0.14025676167092835
0.01634166930041988 0.15996835360511225
0.016835925600525714 0.17952884827016916
0.017249114407604512 0.1989386379916173
0.017593944235877276 0.21819837526471506
0.017880270642958333 0.23730887042563747
0.01811593697029241 0.25627103241854354
0.01830728980421053 0.275085833601273
0.018459553181635384 0.2937542872095546
0.018577100533482417 0.312277432700194
0.050315889218717685 0.312277432700194
0.03957505352843711 0.312277432700194
0.02899627230959791 0.312277432700194
0.018577100533482417 0.312277432700194
0.050315889218717685 0.312277432700194
0.06105672490899826 0.312277432700194
0.07163550612783746 0.312277432700194
0.08205467790395296 0.312277432700194
0.08205467790395296 0.312277432700194
0.08221197097422753 0.32757149647942474
0.08240079487413833 0.3429577411821954
0.08262638074589405 0.35843659090836777
0.08289546168318579 0.37400841244428745
0.08321697827859496 0.38967347785535733
0.08360323467773453 0.4054318956708554
0.08407201105650455 0.421283472188268
0.08465072861851296 0.43722740174552027
0.08538590327833193 0.4532614583481295
0.08539572996346981 0.4534497509327948
0.08594584790187025 0.4630698780545373
0.08661549791325315 0.47266120568830067
0.08747379083498513 0.48221616634625947
0.08870304439587036 0.49170818016900575
0.09187153635670742 0.5003817247809068
0.36237901081467605 0.5003817247809068
0.3357775530790662 0.5003817247809068
0.30959747300198126 0.5003817247809068
0.2838320957939091 0.5003817247809068
0.2584748523966551 0.5003817247809068
0.233519277808516 0.5003817247809068
0.20895900943598408 0.5003817247809068
0.1847877854715603 0.5003817247809068
0.16099944329726407 0.5003817247809068
0.1375879179134319 0.5003817247809068
0.11454724039240433 0.5003817247809068
0.09187153635670742 0.5003817247809068
0.36237901081467605 0.5003817247809068
0.3889804685502859 0.5003817247809068
0.41516054862737084 0.5003817247809068
0.440925925835443 0.5003817247809068
0.466283169232697 0.5003817247809068
0.4912387438208361 0.5003817247809068
0.515799012193368 0.5003817247809068
0.5399702361577918 0.5003817247809068
0.563758578332088 0.5003817247809068
0.5871701037159203 0.5003817247809068
0.6102107812369477 0.5003817247809068
0.6328864852726447 0.5003817247809068
0.6328864852726447 0.5003817247809068
0.6447202140625603 0.4936533104040648
0.6511271866935239 0.4810373932273747
0.6549515218454203 0.46729610008133443
0.6574749706318681 0.45318094271933335
0.6592017866760453 0.43887492583231863
0.6603802701603232 0.42444294449579834
0.6611522258883773 0.40991326655745774
0.6611671058734925 0.40955030420081967
0.6617406307149039 0.38754209642085397
0.6617881014981605 0.3657103910554124
0.661443383025923 0.3440639282041096
0.6607944558579806 0.3226056231805869
0.6599027642181525 0.30133580196197673
0.6588130777075838 0.2802535660943865
0.6575592620341163 0.2593574144956038
0.6561676016911546 0.23864555469819507
0.6546589638312059 0.21811606172904166
0.6530502583222376 0.19776695985162127
0.6513553743702003 0.17759627078834822
0.6495858952271695 0.15760203614851756
0.6477515904028325 0.13778233049951677
0.7795407327756958 0.13778233049951677
0.7598150037983278 0.13778233049951677
0.7403967067781223 0.13778233049951677
0.7212810502871738 0.13778233049951677
0.7024633175735522 0.13778233049951677
0.6839388653974534 0.13778233049951677
0.6657031228854893 0.13778233049951677
0.6477515904028325 0.13778233049951677
0.7795407327756958 0.13778233049951677
0.7992664617530638 0.13778233049951677
0.8186847587732692 0.13778233049951677
0.8378004152642177 0.13778233049951677
0.8566181479778393 0.13778233049951677
0.8751426001539381 0.13778233049951677
0.8933783426659023 0.13778233049951677
0.911329875148559 0.13778233049951677
0.911329875148559 0.13778233049951677
0.918090418081973 0.12616280823060438
0.924921582718874 0.11450454677769993
0.9318292974154849 0.10281078180047429
0.9388210619089589 0.09108576464533952
0.9459066298934301 0.07933522497744025
0.9530990970910064 0.06756712371165244
0.9604168398491698 0.05579301874782797
0.9678871314477251 0.04403068513398053
0.9679758903314601 0.043892764883230254
0.9739498549156392 0.03472708379310729
0.9800369495915047 0.02567092976288428
0.9862931824328991 0.01676610686516828
0.9928342789908057 0.008105133708309705
1.0 0.0
