# CURVE 2D, normalized by CHORD
# COLUMN#1 = X-coordinate, COLUMN#2 = Y-coordinate
#-------------------------------------------------------------------------------
0.0 0.0
2.1173078089579937e-05 0.017081842302496507
4.5899456619549276e-05 0.03428078435530166
7.430683115688225e-05 0.05159762809164421
0.00010652759443210563 0.06903318087732742
0.00014269980377067877 0.08658825554163659
0.00018296659199753637 0.10426367041085918
0.00022747750244933584 0.12206024933767909
0.00027638764322027425 0.1399788217350889
0.00032985934840149976 0.15802022260384488
0.0003880610135742955 0.1761852925670499
0.00038920237376465237 0.1765282092289494
0.0004481590950573226 0.193631739845045
0.0005107143878460844 0.21062242709979082
0.0005768633008729557 0.2275010143895026
0.0006466014303397307 0.2442682401846069
0.0007199247835627567 0.26092483806197586
0.0007968299297609612 0.27747153673586533
0.000877313974085836 0.2939090600892943
0.0009613745690751934 0.3102381272050391
0.0010490099265774069 0.3264594523963843
0.0011402188301664986 0.34257374523762857
0.03959741068045891 0.34257374523762857
0.02658210884955234 0.34257374523762857
0.01376404119651671 0.34257374523762857
0.0011402188301664964 0.34257374523762857
0.03959741068045891 0.34257374523762857
0.052612712511365484 0.34257374523762857
0.06543078016440111 0.34257374523762857
0.07805460253075132 0.34257374523762857
0.07805460253075132 0.34257374523762857
0.07798716395881566 0.3595052648466582
0.07802542857778277 0.37655239231975784
0.07818576329877963 0.3937151155591541
0.07848862372809423 0.4109930241762122
0.07896016059405228 0.4283850779005618
0.07963465587971177 0.44588920517102965
0.08055858111134118 0.4635015636913148
0.08179759759732799 0.4812150826672194
0.08344972960640104 0.49901630869259433
0.08567286513212369 0.5168776677367948
0.08570662691534751 0.5171104610332965
0.08750947235336179 0.5282696977825454
0.08974311190022109 0.5393112356891977
0.09259926016346655 0.5501675568833932
0.0964578680073427 0.5606634805944538
0.10223636439850349 0.5701551462551312
0.11178262397136576 0.5751342484429589
0.48110973231796694 0.5751342484429589
0.44987898977528545 0.5751342484429589
0.41914641557554777 0.5751342484429589
0.38890406332754746 0.5751342484429589
0.35914411339468655 0.5751342484429589
0.3298588708730849 0.5751342484429589
0.3010407636019422 0.5751342484429589
0.2726823402056361 0.5751342484429589
0.2447762681670516 0.5751342484429589
0.21731533193164354 0.5751342484429589
0.19029243104174104 0.5751342484429589
0.16370057830061235 0.5751342484429589
0.13753289796581541 0.5751342484429589
0.11178262397136574 0.5751342484429589
0.48110973231796694 0.5751342484429589
0.5123404748606485 0.5751342484429589
0.5430730490603861 0.5751342484429589
0.5733154013083864 0.5751342484429589
0.6030753512412473 0.5751342484429589
0.6323605937628489 0.5751342484429589
0.6611787010339917 0.5751342484429589
0.6895371244302978 0.5751342484429589
0.7174431964688823 0.5751342484429589
0.7449041327042903 0.5751342484429589
0.7719270335941928 0.5751342484429589
0.7985188863353215 0.5751342484429589
0.8246865666701184 0.5751342484429589
0.8504368406645681 0.5751342484429589
0.8504368406645681 0.5751342484429589
0.8532213726335558 0.5618928062145807
0.8548346729478562 0.5482578677233642
0.8562488154840527 0.534535685661858
0.857562316362431 0.5207382939233606
0.8588131354093171 0.5068696179202131
0.8600206842856469 0.4929313662513811
0.8611964722760997 0.47892436653918385
0.8612284221067475 0.47853836940655436
0.8630007726560476 0.4567301183430576
0.8647057404539004 0.4351050718591683
0.8663562975266097 0.41366273484473604
0.86796116617031 0.3924022340855298
0.869526544127703 0.37132248497168274
0.8710570393640621 0.3504222784075217
0.8725561973965222 0.32970032857209675
0.8740268135236045 0.3091553006680097
0.875471156973981 0.2887858300357638
0.8768910896500358 0.2685905324488052
0.8782881753735362 0.24856801301249745
0.8796637410063285 0.2287168712000504
0.8810189248426683 0.20903570472126257
0.8823547214818157 0.18952311294611562
0.9303935775892961 0.18952311294611562
0.9181059704675378 0.18952311294611562
0.906005518574126 0.18952311294611562
0.8940893713068931 0.18952311294611562
0.8823547214818157 0.18952311294611562
0.9303935775892961 0.18952311294611562
0.9426811847110543 0.18952311294611562
0.9547816366044661 0.18952311294611562
0.966697783871699 0.18952311294611562
0.9784324336967765 0.18952311294611562
0.9784324336967765 0.18952311294611562
0.9827588169312371 0.1801015522093321
0.9850313340286861 0.16981361210640772
0.9867654431715679 0.15939210845265966
0.9882185830191029 0.1489003128503555
0.9894921007933277 0.13835802836228434
0.9895136899487864 0.13816831553651246
0.9911716761260414 0.12248769765167912
0.9926275362422899 0.1068811900842041
0.9939360321551557 0.09135521092249713
0.9951308457009411 0.07591305122991712
0.9962344548645702 0.060556502928675655
0.9972627552504088 0.04528655028100883
0.9982274662306149 0.03010370350825524
0.9991375437608897 0.015008179026206082
1.0 0.0
