# CURVE 2D, normalized by CHORD
# COLUMN#1 = X-coordinate, COLUMN#2 = Y-coordinate
#-------------------------------------------------------------------------------
0.0 0.0
0.0018316315792286505 0.014220489733296529
0.003986290601328515 0.028479873708665986
0.006500668413883374 0.04276529604917334
0.009417176946940626 0.05706003978387792
0.012785156023888985 0.07134220894119982
0.016662102296721267 0.08558293741767829
0.021115023805522385 0.09974391236817885
0.026221787848613707 0.11377395400404333
0.03207205950260626 0.1276043802247933
0.03216391426245249 0.1278053680350084
0.038279368837545 0.14022691936253898
0.04511905585827832 0.15219047504076547
0.05274461228206192 0.1635916073316418
0.061208247784088836 0.17430335004620245
0.07054159629419307 0.18417840341769598
0.08074250947820352 0.19305758287365335
0.09176290508638774 0.2007868224048634
0.10136648617054222 0.2007868224048634
0.09176290508638774 0.2007868224048634
0.10136648617054222 0.2007868224048634
0.11097006725469671 0.2007868224048634
0.11097006725469671 0.2007868224048634
0.11175142578165097 0.2236258254361678
0.11257866412272065 0.24668703831614436
0.11345581202490221 0.2699724381875663
0.11438749822421107 0.2934839807592702
0.11537901822729939 0.3172235914392973
0.11643653506956705 0.34119314891312486
0.11756724382387737 0.36539446665943137
0.11877962954459047 0.38982926573874993
0.12008388372674249 0.41449913250199594
0.12149235707714665 0.4394054628898407
0.12302024766646384 0.4645493770470291
0.12468670436979361 0.48993158059970504
0.12651638148813127 0.515552146754232
0.12854190324513123 0.5414101465862123
0.13080812142251344 0.567502969819658
0.13337964874341665 0.5938250007500163
0.133434397604162 0.5943499267062206
0.13513497859245066 0.609959262359984
0.13698248991858153 0.6254580020376116
0.1390110415478283 0.6408405917884015
0.14127030595888201 0.6560978056361297
0.14383761897336378 0.6712131698208046
0.14684554914290493 0.6861537347000782
0.15055873888428958 0.700839725379914
0.15567911505521875 0.7149878425720431
0.16566417913932713 0.7251878526530059
0.3961730301092069 0.7251878526530059
0.3714372046424124 0.7251878526530059
0.3470917974289123 0.7251878526530059
0.3231306462966492 0.7251878526530059
0.2995476863342963 0.7251878526530059
0.2763369483561408 0.7251878526530059
0.2534925573911977 0.7251878526530059
0.2310087311961702 0.7251878526530059
0.2088797787918807 0.7251878526530059
0.18710009902280256 0.7251878526530059
0.16566417913932713 0.7251878526530059
0.3961730301092069 0.7251878526530059
0.4209088555760014 0.7251878526530059
0.44525426278950153 0.7251878526530059
0.4692154139217646 0.7251878526530059
0.4927983738841175 0.7251878526530059
0.516009111862273 0.7251878526530059
0.5388535028272161 0.7251878526530059
0.5613373290222436 0.7251878526530059
0.5834662814265332 0.7251878526530059
0.6052459611956114 0.7251878526530059
0.6266818810790867 0.7251878526530059
0.6266818810790867 0.7251878526530059
0.6423038039906682 0.7200659024589274
0.6543509103408693 0.7084486460922166
0.6636299020909148 0.6943244199850688
0.6712021590740076 0.679075940250854
0.6776510551072769 0.663191330159008
0.6833036251308939 0.646881964141113
0.6883588854745957 0.6302548854232615
0.692946649945248 0.613370525715167
0.6971566703858431 0.5962658492286802
0.7010536566195483 0.5789647796692473
0.7011802220126986 0.5783781280095719
0.7067883004231567 0.5507334567391607
0.7117755103788033 0.5232597227713052
0.7162632753716095 0.49598603077338116
0.7203386450039868 0.4689302669719834
0.7240666009585631 0.4421037544554093
0.7274970832609312 0.41551372056667135
0.7306694391231348 0.3891647268946839
0.7336153794975679 0.3630595415890837
0.7363608192370179 0.33719967285713576
0.7389272871491919 0.3115857344344038
0.7413329162939023 0.28621768986387436
0.7435931547921277 0.26109502059301287
0.7457211746543132 0.2362168352901225
0.7477285263328183 0.21158197890993594
0.7496251933053931 0.1871890745333086
0.7514199762818946 0.1630365838096728
0.7531207088363264 0.1391228446375194
0.7993861487350402 0.1391228446375194
0.7875523871616745 0.1391228446375194
0.7758987134377848 0.1391228446375194
0.7644223869611267 0.1391228446375194
0.7531207088363264 0.1391228446375194
0.7993861487350402 0.1391228446375194
0.811219910308406 0.1391228446375194
0.8228735840322956 0.1391228446375194
0.8343499105089538 0.1391228446375194
0.8456515886337541 0.1391228446375194
0.8456515886337541 0.1391228446375194
0.8529493269457404 0.12750375049286786
0.8608289930871679 0.11619206822808126
0.8692594586251706 0.10520249950794462
0.8782080939347344 0.09454498972791296
0.887641767804804 0.08422506663754595
0.8975277834079316 0.07424441399746573
0.9078344679500134 0.06460138020866846
0.9079889708642939 0.06446211810192418
0.918805719135948 0.05506165499320628
0.929879192170118 0.04608294959065858
0.9411743935313777 0.037506971686437025
0.9526601233301522 0.029314376873116176
0.9643086736490329 0.02148590792801348
0.9760955278156829 0.014002726428905656
0.9879990086706517 0.006846581199484925
1.0 0.0
