# CURVE 2D, normalized by CHORD
# COLUMN#1 = X-coordinate, COLUMN#2 = Y-coordinate
#-------------------------------------------------------------------------------
0.0 0.0
0.0027520140729264315 0.013967202816961408
0.005395808684033696 0.028032800111387143
0.007978802860095086 0.04218749101384192
0.010523593837987306 0.05642725632775932
0.01304306385453389 0.07075005656848286
0.015545388934074153 0.0851547843629697
0.01803615238684411 0.09964083570328847
0.020519369360732995 0.11420790659815783
0.020574660100810622 0.11453353573228889
0.02366608143877966 0.13282025133936004
0.026711541132442826 0.15097368473364534
0.029715153033322273 0.16899417779279377
0.032680094128509335 0.18688223221270303
0.03560888918907189 0.20463845748777504
0.03850359013542197 0.2222635384363108
0.04136589851196068 0.23975821327990104
0.04419725230441963 0.25712325827932797
0.0469988812797797 0.2743594779462246
0.04977185062030568 0.2914676974278369
0.05251709695035471 0.30844875631305657
0.055235449337547496 0.3253035049969405
0.1344284953904919 0.3253035049969405
0.11809429407178942 0.3253035049969405
0.1020117358244336 0.3253035049969405
0.08617694386044299 0.3253035049969405
0.07058610111724409 0.3253035049969405
0.055235449337547496 0.3253035049969405
0.1344284953904919 0.3253035049969405
0.15076269670919437 0.3253035049969405
0.1668452549565502 0.3253035049969405
0.1826800469205408 0.3253035049969405
0.19827088966373968 0.3253035049969405
0.21362154144343629 0.3253035049969405
0.21362154144343629 0.3253035049969405
0.21045151912795934 0.3406352253230452
0.20746081050233753 0.35610710892594927
0.2046821659240771 0.3717230366114436
0.2021568743725604 0.38748684054055316
0.19993843569551042 0.40340198429031465
0.19809785027647342 0.4194707727380415
0.19673248918399985 0.43569268736195305
0.1959813599656752 0.45206060239717016
0.19605301225296437 0.4685516113304273
0.19728035717954448 0.48510265096107436
0.19730588149881362 0.48531607226240703
0.1993541630113811 0.49776267614350184
0.2027628900968872 0.5098527589014411
0.20812267692559083 0.5211465679401687
0.21615242135698887 0.5306279869085965
0.2269296204103782 0.5366645891126601
0.23912033639332964 0.5385113850283195
0.5118334432463929 0.5385113850283195
0.4850147046739436 0.5385113850283195
0.4586208630335447 0.5385113850283195
0.4326451865617919 0.5385113850283195
0.4070810501485307 0.5385113850283195
0.38192193364711824 0.5385113850283195
0.35716142021145647 0.5385113850283195
0.33279319465937207 0.5385113850283195
0.30881104186192593 0.5385113850283195
0.2852088451582411 0.5385113850283195
0.2619805847954453 0.5385113850283195
0.23912033639332964 0.5385113850283195
0.5118334432463929 0.5385113850283195
0.5386521818188422 0.5385113850283195
0.5650460234592412 0.5385113850283195
0.591021699930994 0.5385113850283195
0.6165858363442551 0.5385113850283195
0.6417449528456676 0.5385113850283195
0.6665054662813293 0.5385113850283195
0.6908736918334137 0.5385113850283195
0.7148558446308599 0.5385113850283195
0.7384580413345448 0.5385113850283195
0.7616863016973406 0.5385113850283195
0.7845465500994563 0.5385113850283195
0.7845465500994563 0.5385113850283195
0.7898876691175938 0.5303556479848799
0.7923950345790344 0.5204427994466928
0.794247650847019 0.5103581189444778
0.7957706907245072 0.5001926908981438
0.7970864985882068 0.489973018919141
0.7971099611289285 0.48977828143719093
0.798935836406014 0.4732268184258986
0.8005006089795964 0.45675125458185123
0.8018801254540029 0.44036111662314675
0.803119385005716 0.42406108298379463
0.8042476783719144 0.40785364008097913
0.8052853450965306 0.391740142521361
0.8062471903082493 0.37572130297227213
0.8071443871090959 0.3597974442551367
0.8079856282804511 0.34396864056011967
0.8534130857586311 0.34396864056011967
0.841793774071393 0.34396864056011967
0.8303512129071426 0.34396864056011967
0.8190827135741383 0.34396864056011967
0.8079856282804511 0.34396864056011967
0.8534130857586311 0.34396864056011967
0.8650323974458691 0.34396864056011967
0.8764749586101195 0.34396864056011967
0.8877434579431238 0.34396864056011967
0.898840543236811 0.34396864056011967
0.898840543236811 0.34396864056011967
0.9007386606623118 0.3265490607746043
0.902865456115217 0.3090268071982461
0.9052368254895894 0.2914057011967745
0.9078700843684667 0.27369034261055847
0.9107840808818016 0.2558862461105703
0.9139993563948989 0.23800000869781582
0.9175383715412937 0.22003952117413428
0.9214256633500697 0.20201420723360441
0.9256880557946797 0.18393531858251835
0.9303548886836241 0.16581629292217165
0.9354582664024855 0.14767319050952687
0.9355595271199662 0.14732887755601323
0.9404196887814078 0.1314458287021429
0.9455974760700747 0.1157770661581626
0.9511055662443049 0.10033511528971137
0.9569569218283599 0.08513401832648664
0.9631647633865692 0.07018951713143946
0.969742261483005 0.05551914091519671
0.9767024666221724 0.041142399309648414
0.9840579106252243 0.027080838991091427
0.9918202693657359 0.013358109347127878
1.0 0.0
