# CURVE 2D, normalized by CHORD
# COLUMN#1 = X-coordinate, COLUMN#2 = Y-coordinate
#-------------------------------------------------------------------------------
0.0 0.0
0.0016280382034516941 0.014947157229364296
0.003720448461460607 0.02992101123100292
0.006160398535788998 0.044927311849443714
0.008874981138256431 0.05997214858450191
0.011815240053639904 0.07506095354255615
0.014946511180965181 0.09019838093574148
0.01824324404790735 0.10538839209941958
0.0216859989811588 0.1206343756412333
0.021757508255378692 0.12094543005403652
0.02597435217580164 0.13894640954904355
0.030292041732452778 0.1567866615727747
0.034691090444143036 0.1744709908662515
0.0391560459431603 0.1920035477254676
0.043674454497652025 0.2093879602275352
0.04823609446801437 0.22662744757848963
0.05283247612301354 0.24372489508181613
0.057456468765218545 0.26068291443413094
0.06210201700329689 0.27750389277361065
0.06676394014139347 0.2941900276115725
0.07143776494567591 0.3107433583904238
0.14207692158200136 0.3107433583904238
0.12750819635399 0.3107433583904238
0.11316333152844824 0.3107433583904238
0.09903888730683436 0.3107433583904238
0.08513147674593022 0.3107433583904238
0.07143776494567591 0.3107433583904238
0.14207692158200136 0.3107433583904238
0.15664564681001272 0.3107433583904238
0.17099051163555448 0.3107433583904238
0.18511495585716836 0.3107433583904238
0.19902236641807247 0.3107433583904238
0.21271607821832678 0.3107433583904238
0.21271607821832678 0.3107433583904238
0.210422862519241 0.32694077784160364
0.2086067856502396 0.34330206244936423
0.20736122313680352 0.3598203041575386
0.20680600286102643 0.37648005326360534
0.20709733633668656 0.3932507685769555
0.20844125817340145 0.41007485125906445
0.21111048236070748 0.42684567509531246
0.21546037109571356 0.443367958985673
0.22192414907153507 0.45929310140140783
0.2220229189419588 0.45949149845337434
0.22900403608744727 0.47135058935683494
0.23765438987901322 0.4819590104389486
0.24789243691441737 0.4909370993956439
0.25943856486438177 0.4980264660439029
0.2718969663349333 0.5031823175979672
0.28488494166905287 0.5065527512420824
0.29811156897423036 0.5083852802722697
0.31138717877167665 0.5089420133049294
0.5713632697315134 0.5089420133049294
0.5457992342511512 0.5089420133049294
0.5206397822401739 0.5089420133049294
0.4958785106491169 0.5089420133049294
0.47150911776494064 0.5089420133049294
0.4475254016072522 0.5089420133049294
0.42392125834990957 0.5089420133049294
0.40069068076760495 0.5089420133049294
0.3778277567070335 0.5089420133049294
0.35532666758225767 0.5089420133049294
0.33318168689388405 0.5089420133049294
0.31138717877167665 0.5089420133049294
0.5713632697315134 0.5089420133049294
0.5969273052118756 0.5089420133049294
0.6220867572228529 0.5089420133049294
0.6468480288139099 0.5089420133049294
0.6712174216980862 0.5089420133049294
0.6952011378557746 0.5089420133049294
0.7188052811131173 0.5089420133049294
0.7420358586954219 0.5089420133049294
0.7648987827559933 0.5089420133049294
0.7873998718807691 0.5089420133049294
0.8095448525691428 0.5089420133049294
0.8313393606913502 0.5089420133049294
0.8313393606913502 0.5089420133049294
0.8445213469185889 0.5067780530246548
0.8562368061719599 0.5002340704140342
0.8655612645121034 0.4904576642759551
0.8726843903584631 0.4788804249188644
0.8781409596909342 0.46635211024308615
0.882372526649833 0.4532881788125004
0.8856841330058015 0.43989391152763996
0.8857439531801394 0.43961688832823304
0.8892283954960675 0.42030498429167257
0.8916392409633083 0.4009747857226152
0.8932484231805471 0.3817054249024264
0.8942360946914341 0.36253722069682603
0.8947276675787772 0.34349183721178
0.8948141904600837 0.32458124861411325
0.8945639929348728 0.30581207229488133
0.8940297321860574 0.28718782383822367
0.8932530015369192 0.2687101543759832
0.8922672125801058 0.2503795664270966
0.8910997148549491 0.2321958370974577
0.9406059117006453 0.2321958370974577
0.9279427818607098 0.2321958370974577
0.9154726594729085 0.2321958370974577
0.9031926027782095 0.2321958370974577
0.8910997148549491 0.2321958370974577
0.9406059117006453 0.2321958370974577
0.9532690415405809 0.2321958370974577
0.9657391639283822 0.2321958370974577
0.9780192206230812 0.2321958370974577
0.9901121085463417 0.2321958370974577
0.9901121085463417 0.2321958370974577
0.9908318686021466 0.2171998527684615
0.9915462437450517 0.2021203391272862
0.9922547511348441 0.1869568180473329
0.9929568745772182 0.17170880818745674
0.9936520573046 0.1563758247738459
0.9943396992679153 0.14095737961884988
0.9950191527962592 0.1254529810893353
0.9956897177092373 0.10986213408156117
0.9956996154984801 0.10962970581619833
0.9962881661284434 0.09568026704745963
0.996862740734843 0.08180176729810132
0.997423068276958 0.0679938382763425
0.9979688576473272 0.05425611361321238
0.9984997958348357 0.04058822888588393
0.9990155461750427 0.026989821659723183
0.9995157449347493 0.01346053148572392
1.0 0.0
