# CURVE 2D, normalized by CHORD
# COLUMN#1 = X-coordinate, COLUMN#2 = Y-coordinate
#-------------------------------------------------------------------------------
0.0 0.0
0.002565563795468174 0.015002358621946777
0.0052226362597941525 0.030082005303262906
0.007983952775948733 0.0452367951540442
0.01086577567500397 0.06046369842174555
0.013889457404003335 0.07575834926946064
0.017084005521715816 0.09111426549090336
0.020490597435182313 0.10652139258876775
0.024171172157155172 0.1219631277582137
0.02822693643678135 0.1374093417658757
0.028278344160965647 0.1375939347237327
0.03131003971264141 0.14795634517633127
0.03467460633975326 0.15818566539035622
0.038565245589494465 0.16819527700249637
0.04346956068548775 0.17770767662683606
0.05135631646011429 0.18440836489919094
0.06371021533005067 0.18440836489919094
0.05135631646011429 0.18440836489919094
0.06371021533005067 0.18440836489919094
0.07606411419998704 0.18440836489919094
0.07606411419998704 0.18440836489919094
0.07894096384459583 0.20088531253150219
0.08226250947815393 0.21740018607313857
0.08608165190611551 0.23393051857120742
0.09045944440706097 0.25044697901330026
0.09546672571889483 0.2669109838174739
0.10118526061907418 0.28327159024314175
0.10770904227630271 0.29946117778016634
0.11514446079974293 0.3153899010477017
0.12360895513567899 0.33093865862769856
0.13322634562456281 0.34595106737360326
0.1441162205672526 0.3602263980574699
0.14431287162181994 0.3604612135391673
0.15554233880162438 0.37269414497241077
0.16780490048465882 0.3837380619492152
0.1810461057277109 0.39341540055162805
0.1951536345311842 0.40157962777652295
0.2099649628001475 0.40814130849599195
0.22528861681804088 0.4130835996962915
0.24093128761044813 0.4164608991767186
0.25672077900673507 0.41838231518940294
0.2725185177127651 0.4189890311148719
0.501665659413183 0.4189890311148719
0.47707618828110576 0.4189890311148719
0.45287477365102285 0.4189890311148719
0.42905529144454585 0.4189890311148719
0.4056117142298725 0.4189890311148719
0.3825381096965672 0.4189890311148719
0.3598286391544121 0.4189890311148719
0.33747755605594754 0.4189890311148719
0.3154792045423302 0.4189890311148719
0.29382801801213854 0.4189890311148719
0.2725185177127651 0.4189890311148719
0.501665659413183 0.4189890311148719
0.5262551305452602 0.4189890311148719
0.5504565451753431 0.4189890311148719
0.5742760273818202 0.4189890311148719
0.5977196045964934 0.4189890311148719
0.6207932091297987 0.4189890311148719
0.643502679671954 0.4189890311148719
0.6658537627704184 0.4189890311148719
0.6878521142840358 0.4189890311148719
0.7095033008142274 0.4189890311148719
0.7308128011136009 0.4189890311148719
0.7308128011136009 0.4189890311148719
0.7417174023321434 0.4160640234509992
0.7496459592877914 0.4079205772324904
0.7543800636024248 0.3974706882091638
0.7571354767703917 0.3862801450755381
0.7586762449222457 0.37482039149902047
0.7586928475280149 0.37464318549994313
0.7595092123484396 0.35948721401604905
0.7594163578625033 0.3443960589745773
0.7586917661549529 0.3294092083719477
0.7575015399340591 0.3145393669695898
0.7559535041682461 0.29978958895440005
0.7541219500651891 0.28515917584076445
0.7520604762331303 0.27064595633809296
0.7498091524847178 0.2562472411428117
0.747398804277067 0.2419602380366939
0.8019013254531244 0.2419602380366939
0.7879594897399529 0.2419602380366939
0.7742306180669614 0.2419602380366939
0.7607114573702535 0.2419602380366939
0.747398804277067 0.2419602380366939
0.8019013254531244 0.2419602380366939
0.815843161166296 0.2419602380366939
0.8295720328392875 0.2419602380366939
0.8430911935359955 0.2419602380366939
0.856403846629182 0.2419602380366939
0.856403846629182 0.2419602380366939
0.8601894797034417 0.22635539201745836
0.8643116860562378 0.21072602056615922
0.8688016577065797 0.19508687758959475
0.8736945229799002 0.17945610667649914
0.8790298535884501 0.1638561066915014
0.8848521864729852 0.14831463467601722
0.8912117047729988 0.13286628654626778
0.898164560322452 0.1175542701149693
0.9057732955712424 0.10243277759832661
0.9141065721987023 0.08756978815174178
0.9142503120919663 0.08732758571126459
0.9226397736639602 0.07395056541239937
0.931657335180039 0.06109599582773624
0.9413361151373427 0.0488430328562045
0.9517016215580804 0.037282047153465614
0.9627669854548556 0.026512970280044207
0.9745276510055232 0.016641451255551193
0.9869563521812833 0.007772218988666038
1.0 0.0
