# CURVE 2D, normalized by CHORD
# COLUMN#1 = X-coordinate, COLUMN#2 = Y-coordinate
#-------------------------------------------------------------------------------
0.0 0.0
0.01581553826356167 0.000980343777094615
0.031622511636647144 0.0031099218297270903
0.04732651843939939 0.006445923901816189
0.06282535490573597 0.011020638308820836
0.07801612037415626 0.01683694156221319
0.0928030749965441 0.023867735022422735
0.10710474407228955 0.03205896938114091
0.12085866261489056 0.04133592266225429
0.13402318793387846 0.05161088375251015
0.1465765326497283 0.06279074150977988
0.14683256787632082 0.06303362524436985
0.1597535552755271 0.0761095581158829
0.17178853875594496 0.08982390839193673
0.18299429704223227 0.10405128101040331
0.1934313470780411 0.11868644706470118
0.2031599879958129 0.1336422518915665
0.21223822615739812 0.14884684548229507
0.22072017643908448 0.1642413479448242
0.22865570072602093 0.1797774253719176
0.23609019618765853 0.19541538689381532
0.24306481108373262 0.2111225230202001
0.24961665421506493 0.22687181669403703
0.25577919136594546 0.2426408508553824
0.2612976065479039 0.2426408508553824
0.25577919136594546 0.2426408508553824
0.2612976065479039 0.2426408508553824
0.2668160217298624 0.2426408508553824
0.2668160217298624 0.2426408508553824
0.26927561996686644 0.2549666915506339
0.27177129234054775 0.2673480182357209
0.2743076872280272 0.2797841423609565
0.27689100073800843 0.292274024622985
0.27952983410724713 0.30481606911642317
0.28223675758433703 0.3174077379128777
0.28503151629407886 0.3300447369469978
0.28794859876870743 0.3427190143125213
0.28798017706349033 0.3428526746756674
0.2900517151539956 0.3514156802453395
0.2922468230409874 0.35993769586594826
0.294683531228437 0.36838310141200714
0.2983627382180165 0.37616755363838406
0.5217464985120663 0.37616755363838406
0.49777645101121487 0.37616755363838406
0.4741844677074935 0.37616755363838406
0.4509645856366174 0.37616755363838406
0.42811093588431587 0.37616755363838406
0.40561774210294177 0.37616755363838406
0.3834793190514773 0.37616755363838406
0.3616900711585677 0.37616755363838406
0.340244491108219 0.37616755363838406
0.31913715844780294 0.37616755363838406
0.2983627382180165 0.37616755363838406
0.5217464985120663 0.37616755363838406
0.5457165460129177 0.37616755363838406
0.5693085293166391 0.37616755363838406
0.5925284113875152 0.37616755363838406
0.6153820611398167 0.37616755363838406
0.6378752549211908 0.37616755363838406
0.6600136779726553 0.37616755363838406
0.6818029258655649 0.37616755363838406
0.7032485059159136 0.37616755363838406
0.7243558385763296 0.37616755363838406
0.745130258806116 0.37616755363838406
0.745130258806116 0.37616755363838406
0.7483914577262833 0.3671221663467016
0.749666211125618 0.3572429748362792
0.7505622413253161 0.3472977436071991
0.7512656021873537 0.3373134558380966
0.7518468582985032 0.3272978276008496
0.7518572746399993 0.3271017606922367
0.7526406834076078 0.3103963222684554
0.7532635903665412 0.29378713833335096
0.7537736911686223 0.2772764887175523
0.7541990952379316 0.26086518659435975
0.7545580286529164 0.24455341112702259
0.7548630998867385 0.22834102719074192
0.7551234725891431 0.2122277291784796
0.7553460467301957 0.19621311236707817
0.7555361839609073 0.18029671193419222
0.767614855170526 0.18029671193419222
0.7555361839609073 0.18029671193419222
0.767614855170526 0.18029671193419222
0.7796935263801446 0.18029671193419222
0.7796935263801446 0.18029671193419222
0.7867282322185166 0.16937384161056096
0.7952383053680628 0.15945195747084534
0.8044213037635102 0.1500625235475915
0.8140149970523077 0.14100521791318218
0.8238987820780331 0.13217507704008116
0.8340063347363601 0.12350932726184437
0.8442969017071508 0.11496695032500062
0.8445174287077712 0.11478647313587731
0.8587022194409301 0.10336775013162128
0.8729375934432317 0.09222175194361774
0.8871900133574522 0.08130857994681981
0.90143637026477 0.0705994531455136
0.9156600438020568 0.06007275224656529
0.9298486868071963 0.04971171360621622
0.943992894474663 0.039503001746423634
0.9580853543461784 0.029435771722215526
0.9721202898356034 0.01950104257646792
0.986093081273974 0.00969126272614396
1.0 0.0
