# CURVE 2D, normalized by CHORD
# COLUMN#1 = X-coordinate, COLUMN#2 = Y-coordinate
#-------------------------------------------------------------------------------
0.0 0.0
0.0018465608149008628 0.013758355961366932
0.004768546887718635 0.027402934734109242
0.00886608766495127 0.040817591194245294
0.014215367589239037 0.05386294793661668
0.020853127183523012 0.06638558810042139
0.028765168088751417 0.07823409842059514
0.037884278286265394 0.08927826873546883
0.04809920663066094 0.09942536457715617
0.0482681133748554 0.09957766923963837
0.05997845121733115 0.10915594553452491
0.0724210194708429 0.11760809114991819
0.08542046998329877 0.1250025805202752
0.09883021971671731 0.13142720517531728
0.1125329071104351 0.1369761992354896
0.12643714283029917 0.14174171858733603
0.14047279141918534 0.1458095500029684
0.15458651577416704 0.14925693982817026
0.16873783745026177 0.15215235781972564
0.19061430144393693 0.15215235781972564
0.1795936347965691 0.15215235781972564
0.16873783745026177 0.15215235781972564
0.19061430144393693 0.15215235781972564
0.20163496809130474 0.15215235781972564
0.21249076543761206 0.15215235781972564
0.21249076543761206 0.15215235781972564
0.2174400053594657 0.17148339757242761
0.2224362126967529 0.1909824777383242
0.22748019010262668 0.2106509660077215
0.23257281102282237 0.23049022540249414
0.23771504150249245 0.25050160870180177
0.2429079628336244 0.2706864526045874
0.24815280060238443 0.2910460701830819
0.25345097615878637 0.31158173746041845
0.25880416384819055 0.3322946783320484
0.2642143959349449 0.3531860368963518
0.26968421154362954 0.3742568378853551
0.27521690548410477 0.3955079202577093
0.2808169708530128 0.4169398184739676
0.2864909150225101 0.4385525420070245
0.2865916248697168 0.43893504655448246
0.2902524648671825 0.4528079373311231
0.2939135222702302 0.4666102250462233
0.29758028707034384 0.4803407553967946
0.3012619559978801 0.49399734278869506
0.3049764015411451 0.5075753542316057
0.3087696981156226 0.5210619993012381
0.3130999027970205 0.534274400730241
0.5724726063751663 0.534274400730241
0.5469680069819647 0.534274400730241
0.5218670293334139 0.534274400730241
0.4971632859340571 0.534274400730241
0.47285049037342297 0.534274400730241
0.4489224557263102 0.534274400730241
0.42537309297838866 0.534274400730241
0.40219640947671575 0.534274400730241
0.3793865074047744 0.534274400730241
0.35693758228164363 0.534274400730241
0.33484392148492104 0.534274400730241
0.3130999027970205 0.534274400730241
0.5724726063751663 0.534274400730241
0.5979772057683679 0.534274400730241
0.6230781834169187 0.534274400730241
0.6477819268162754 0.534274400730241
0.6720947223769096 0.534274400730241
0.6960227570240224 0.534274400730241
0.7195721197719439 0.534274400730241
0.7427488032736168 0.534274400730241
0.7655587053455581 0.534274400730241
0.7880076304686889 0.534274400730241
0.8101012912654115 0.534274400730241
0.8318453099533121 0.534274400730241
0.8318453099533121 0.534274400730241
0.8447320484423647 0.5322980177586613
0.8565696596837465 0.5266541818915843
0.8668271597967184 0.5183485448607634
0.8755893920618528 0.5083745078694464
0.8831369210318081 0.4973645788780752
0.8897311329341988 0.4856782718778438
0.8955726850309988 0.47352162299238254
0.9008093807065981 0.4610179399432319
0.9009247769140059 0.4607240326724731
0.9075849724489554 0.44230219056707487
0.9133706468420849 0.4237441016941429
0.9184667428993805 0.40513942736004016
0.9230039326135965 0.3865430253209136
0.927077907927704 0.3679902245254327
0.9307609811880465 0.34950472066815846
0.9341093027089029 0.3311029217241138
0.9371672690448687 0.31279643428892834
0.9399708509354345 0.294593649852832
0.9425495087482947 0.2765006872872531
0.9449277083780353 0.2585220421472042
0.9471261211538138 0.24066103724215906
0.9706040654032301 0.24066103724215906
0.9587764800534356 0.24066103724215906
0.9471261211538138 0.24066103724215906
0.9706040654032301 0.24066103724215906
0.9824316507530245 0.24066103724215906
0.9940820096526464 0.24066103724215906
0.9940820096526464 0.24066103724215906
0.9949445001724422 0.22754507855469766
0.9956565511582935 0.21435998464621953
0.9962602244369549 0.20110916028485978
0.9967809182245777 0.18779424508904866
0.9972353623939308 0.17441607368005727
0.9976352524565836 0.16097506323508065
0.9979891507776276 0.14747139472793863
0.9979950746918891 0.14723049278875727
0.9983773634951375 0.1304664033603
0.9987050988658982 0.11380459400328351
0.9989867777365249 0.09724473563694337
0.9992289776696776 0.08078640889663918
0.9994369098573567 0.06442913713832207
0.9996147897789589 0.04817240651773994
0.9997660803845015 0.032015678528811285
0.9998936705229757 0.01595839827881959
1.0 0.0
