# CURVE 2D, normalized by CHORD
# COLUMN#1 = X-coordinate, COLUMN#2 = Y-coordinate
#-------------------------------------------------------------------------------
0.0 0.0
0.008556080954989519 0.007267233080619515
0.01659411246649606 0.015150921270623355
0.02424917307678492 0.023450541059798134
0.031609829912073555 0.03205404587164898
0.03873686775627553 0.04089265185035253
0.03882492965133717 0.04100473620418075
0.04642574207612364 0.05092310400998433
0.05378662924265321 0.06095485510232487
0.06094256414458317 0.07106890583834213
0.06792027598688186 0.08124271661924325
0.07474071660616723 0.09145940770945228
0.08142067527001834 0.10170599224829807
0.08797383316658203 0.11197226947439697
0.19130069922050022 0.11197226947439697
0.1734000998621837 0.11197226947439697
0.155776950024752 0.11197226947439697
0.13842694939204833 0.11197226947439697
0.12134586430046923 0.11197226947439697
0.10452952670588671 0.11197226947439697
0.08797383316658203 0.11197226947439697
0.19130069922050022 0.11197226947439697
0.20920129857881675 0.11197226947439697
0.22682444841624844 0.11197226947439697
0.2441744490489521 0.11197226947439697
0.2612555341405312 0.11197226947439697
0.2780718717351137 0.11197226947439697
0.2946275652744184 0.11197226947439697
0.2946275652744184 0.11197226947439697
0.29471920187066175 0.13496420750644103
0.2948171143280903 0.15818739953954314
0.29492184711624947 0.1816441683842157
0.29503401330982465 0.20533685957213402
0.29515431569378475 0.2292678413854484
0.29528355538211803 0.25343950490915024
0.295422666361119 0.27785426390298446
0.29557273498010156 0.3025145546759724
0.29573504123784333 0.32742283574127373
0.29591112196528896 0.3525815871660282
0.2961028257454688 0.3779933097358835
0.29631243637463195 0.40366052326108304
0.29654280811113837 0.4295857641472409
0.2967976025547151 0.45577158107720983
0.2970816474344935 0.48222052764267376
0.2974015391670243 0.5089351488362731
0.29776669579773507 0.5359179548412084
0.2977748925792926 0.5364841596185836
0.2980185437529406 0.552577016252082
0.2982839708662805 0.5685725758850646
0.2985760396834479 0.5844712992699984
0.2989017690248033 0.6002735721945895
0.2992719568662205 0.6159796386572248
0.2997048339260961 0.63158943315719
0.30023608418148484 0.6471020508823281
0.3009583673293522 0.6625131768991084
0.3028161500504355 0.6776108420722453
0.5369929796593556 0.6776108420722453
0.5118629189095739 0.6776108420722453
0.4871296398058524 0.6776108420722453
0.46278687751356856 0.6776108420722453
0.43882846611435083 0.6776108420722453
0.4152483370442775 0.6776108420722453
0.39204051755673536 0.6776108420722453
0.3691991292095482 0.6776108420722453
0.34671838637599267 0.6776108420722453
0.324592594779323 0.6776108420722453
0.3028161500504355 0.6776108420722453
0.5369929796593556 0.6776108420722453
0.5621230404091372 0.6776108420722453
0.5868563195128587 0.6776108420722453
0.6111990818051425 0.6776108420722453
0.6351574932043602 0.6776108420722453
0.6587376222744336 0.6776108420722453
0.6819454417619757 0.6776108420722453
0.7047868301091628 0.6776108420722453
0.7272675729427183 0.6776108420722453
0.749393364539388 0.6776108420722453
0.7711698092682755 0.6776108420722453
0.7711698092682755 0.6776108420722453
0.7720185154667923 0.6671175821906413
0.7723138676237115 0.6565106740361293
0.7725170235690906 0.6458674084664422
0.7726725108341364 0.6351890918640098
0.7727975213356951 0.6244760250908673
0.7729008519052736 0.6137282694116581
0.7729030951262362 0.6134719704807786
0.7730404689919995 0.5953971167205251
0.7731445960554489 0.5774506415439601
0.773224450608142 0.5596317277746128
0.7732856450410635 0.541939517384637
0.7733319688380205 0.5243731369141443
0.7733661222979769 0.5069317079993243
0.7733901125886914 0.4896143523176135
0.7734054759335678 0.47242019410440594
0.7734134242913734 0.45534836153780356
0.7734149292456626 0.4383979875162975
0.7734107870100585 0.4215682101236238
0.8221403807819285 0.4215682101236238
0.8096760004158519 0.4215682101236238
0.7974015296493416 0.4215682101236238
0.7853140749846912 0.4215682101236238
0.7734107870100585 0.4215682101236238
0.8221403807819285 0.4215682101236238
0.8346047611480052 0.4215682101236238
0.8468792319145153 0.4215682101236238
0.8589666865791659 0.4215682101236238
0.8708699745537984 0.4215682101236238
0.8708699745537984 0.4215682101236238
0.8778528435709695 0.4047841233795653
0.8847999353891263 0.3878259475264871
0.8917051305645689 0.3706905071972464
0.8985617248492295 0.3533744963588301
0.9053623519404136 0.3358744686558578
0.9120988974001232 0.31818682888379984
0.918762421531036 0.30030783308786413
0.9253430375946498 0.282233577929471
0.9318297732320707 0.2639599923817776
0.9382104216301289 0.2454828359719095
0.9444713619402372 0.22679769859264706
0.9505973360243725 0.20790000132693137
0.9565711690831767 0.18878499966028972
0.9567004283679077 0.18836300945996576
0.9619445292744473 0.17090652201922202
0.9669607381616486 0.1535186866293421
0.9717401415843366 0.13619836928318055
0.9762728854492353 0.11894457076236371
0.9805480744265236 0.10175647312968833
0.9845535181552372 0.08463346534286609
0.9882756948146805 0.06757524461204101
0.9916994481150587 0.050581878743493944
0.9948078304366369 0.03365393616846627
0.9975818217358448 0.016792628757173498
1.0 0.0
