# CURVE 2D, normalized by CHORD
# COLUMN#1 = X-coordinate, COLUMN#2 = Y-coordinate
#-------------------------------------------------------------------------------
0.0 0.0
0.00043822107779526657 0.016141915945195318
0.0008700985210019484 0.03239728296974942
0.0012951616735731946 0.04876690230053285
0.0017129099063182699 0.06525158073131393
0.0021228064532990373 0.08185213071491676
0.002524281118106159 0.09856937021672818
0.00291672097022031 0.11540412285022358
0.0032994694628736866 0.1323572177801882
0.003671821914928418 0.14942948969257447
0.004033020469769067 0.16662177874616116
0.004382248457286967 0.18393493050190535
0.004389067500312599 0.18428053263087946
0.0047088687607467275 0.2008524651001604
0.005012305099252645 0.21731717555266963
0.005299095692737017 0.23367535380715934
0.005568941123932417 0.24992768441938654
0.005821516887069575 0.26607484670170234
0.006056477215519154 0.28211751455253364
0.006273447817456663 0.2980563564471728
0.006472024979203701 0.3138920352988992
0.006651773124834848 0.329625208320894
0.006812223982605614 0.34525652684513763
0.04851040982927988 0.34525652684513763
0.03784543793737313 0.34525652684513763
0.027342382259641584 0.34525652684513763
0.016998784574846694 0.34525652684513763
0.006812223982605614 0.34525652684513763
0.04851040982927988 0.34525652684513763
0.05917538172118662 0.34525652684513763
0.06967843739891817 0.34525652684513763
0.08002203508371306 0.34525652684513763
0.09020859567595414 0.34525652684513763
0.09020859567595414 0.34525652684513763
0.09302286184498412 0.3598562121557926
0.09612638043660135 0.3744874887709662
0.09956191989351151 0.38913566220169965
0.10338265491888046 0.4037804667379229
0.10765598889662754 0.4183932506470911
0.11246887286080874 0.4329323861584302
0.11793584085934447 0.44733531645864283
0.12421105956531375 0.46150415803168054
0.13150543402549225 0.4752786228667606
0.13160710781974005 0.4754522751398532
0.13870109959414698 0.48644878879636466
0.1468483324025415 0.4966201714389966
0.156252559017409 0.5055604247231716
0.16703953239239863 0.5126648739321404
0.17906514467387402 0.5172139260678826
0.19178071612953118 0.5187351476647297
0.45888991109927807 0.5187351476647297
0.4326232179188166 0.5187351476647297
0.40677248149419815 0.5187351476647297
0.38133111477536863 0.5187351476647297
0.35629263502414743 0.5187351476647297
0.3316506621623546 0.5187351476647297
0.3073989171460976 0.5187351476647297
0.2835312203658018 0.5187351476647297
0.26004149007157895 0.5187351476647297
0.23692374082353046 0.5187351476647297
0.2141720819665922 0.5187351476647297
0.19178071612953118 0.5187351476647297
0.45888991109927807 0.5187351476647297
0.48515660427973956 0.5187351476647297
0.511007340704358 0.5187351476647297
0.5364487074231875 0.5187351476647297
0.5614871871744087 0.5187351476647297
0.5861291600362015 0.5187351476647297
0.6103809050524585 0.5187351476647297
0.6342486018327543 0.5187351476647297
0.6577383321269772 0.5187351476647297
0.6808560813750257 0.5187351476647297
0.7036077402319639 0.5187351476647297
0.725999106069025 0.5187351476647297
0.725999106069025 0.5187351476647297
0.7327177727460402 0.5122553012421541
0.7356990084448259 0.5028527777025193
0.7375395682177173 0.49312694772444204
0.7388179656385628 0.4832867129251785
0.739748347572569 0.4733840555002655
0.7397629064931346 0.4732021054636298
0.7407462070705867 0.4577294245687488
0.7413424436946566 0.4423280965738198
0.7416674651386861 0.42700936263041234
0.7417899841854982 0.4117778879176655
0.7417546694550258 0.3966356712839768
0.7415924727080125 0.3815834812609612
0.7413258829158746 0.3666214673308424
0.740971832638902 0.3517494487730668
0.7405434677141327 0.3369670610657701
0.7815853809751185 0.3369670610657701
0.7676950015351222 0.3369670610657701
0.7540154302286696 0.3369670610657701
0.7405434677141327 0.3369670610657701
0.7815853809751185 0.3369670610657701
0.7954757604151149 0.3369670610657701
0.8091553317215676 0.3369670610657701
0.8226272942361045 0.3369670610657701
0.8226272942361045 0.3369670610657701
0.8371706885617148 0.33282759071353113
0.8512478684265328 0.327047131929451
0.864681714940484 0.3196916239935115
0.8773397951735432 0.3108945554319052
0.8891463353875221 0.3008292203127942
0.9000791416776278 0.28967981357962913
0.9101567069410397 0.277619756159771
0.9194232237338288 0.26480039292057117
0.9279362077912303 0.2513478319057676
0.9357573595810541 0.23736402944282792
0.935934909837074 0.2370267250773967
0.9447018099549677 0.21915361277577552
0.952497864948294 0.20100899194078795
0.959452745938982 0.182694341162672
0.9656753823167663 0.1642834705868341
0.9712571674316888 0.1458307344130289
0.9762748812167438 0.1273766173559162
0.9807932690737204 0.10895160378075036
0.9848671339932361 0.09057886260011053
0.9885434369799903 0.07227622088907482
0.9918623095651244 0.054057424387417084
0.9948585118426239 0.03593318197260845
0.9975622730022023 0.017911859010967562
1.0 0.0
