# CURVE 2D, normalized by CHORD
# COLUMN#1 = X-coordinate, COLUMN#2 = Y-coordinate
#-------------------------------------------------------------------------------
0.0 0.0
0.008440157767027015 0.011596638578752936
0.01693821957339087 0.023246449328513757
0.025495573941541033 0.0349489095493628
0.03411376771640722 0.046703377414605785
0.04279453923467378 0.05850906586992596
0.0515398597591458 0.07036500979901376
0.06035198862284402 0.08227002215438792
0.06923353954042663 0.09422264050311249
0.0693576626329199 0.09438933272400772
0.07719202934931343 0.10488974476454774
0.08501251935736273 0.11532800552216774
0.09282129623183595 0.12570274334609768
0.1006209127550735 0.1360122683335137
0.10841443003882141 0.14625447251487445
0.11620557233484285 0.15642669778599397
0.12399896940078506 0.1665255286743355
0.1410705103808402 0.1665255286743355
0.1324707768014246 0.1665255286743355
0.12399896940078506 0.1665255286743355
0.1410705103808402 0.1665255286743355
0.1496702439602558 0.1665255286743355
0.15814205136089535 0.1665255286743355
0.15814205136089535 0.1665255286743355
0.16269134127509777 0.18047778298836528
0.16727722508219986 0.19450914466741145
0.17190151626939165 0.20861954928691948
0.17656650364506324 0.2228087750489922
0.18127517036695168 0.23707636770340548
0.18603156036268742 0.25142151413034913
0.19084143008211105 0.2658428156635775
0.1957135514949245 0.2803378308990011
0.20066263770804585 0.2949020361064023
0.20072131901829957 0.2950734905976725
0.20371030171909374 0.3037581387597674
0.2067305066013949 0.3124122833698039
0.20980274582876537 0.32102837697062486
0.2129807258995776 0.3295861595875187
0.21676468030440202 0.3378085654533105
0.45415982433692426 0.3378085654533105
0.428683850251041 0.3378085654533105
0.4036102430548495 0.3378085654533105
0.37893264777588154 0.3378085654533105
0.3546448098119431 0.3378085654533105
0.3307405733458687 0.3378085654533105
0.30721387978531345 0.3378085654533105
0.2840587662271864 0.3378085654533105
0.2612693639463374 0.3378085654533105
0.23883989690811216 0.3378085654533105
0.21676468030440202 0.3378085654533105
0.45415982433692426 0.3378085654533105
0.4796357984228075 0.3378085654533105
0.504709405618999 0.3378085654533105
0.529387000897967 0.3378085654533105
0.5536748388619055 0.3378085654533105
0.5775790753279798 0.3378085654533105
0.6011057688885351 0.3378085654533105
0.6242608824466621 0.3378085654533105
0.6470502847275112 0.3378085654533105
0.6694797517657364 0.3378085654533105
0.6915549683694465 0.3378085654533105
0.6915549683694465 0.3378085654533105
0.70488501299734 0.33504612055135186
0.7170876075816263 0.3287445640421322
0.7282819950135453 0.32065292643407356
0.7387399178517958 0.31152383837614234
0.7486562012443089 0.30171367246082254
0.7581613308252647 0.2914140992250097
0.7673448463364844 0.28073907213488986
0.7675358649007116 0.280510107496896
0.779750110010114 0.2653351607469749
0.791432128188386 0.24992632894743538
0.8026760633833524 0.23437043924721523
0.8135493451281762 0.21872527143323467
0.824102162078508 0.2030312184642359
0.8343730476547756 0.18731761310553968
0.844392370152986 0.17160641786550626
0.8541845669328618 0.15591447127418484
0.8637696409324518 0.14025492727996766
0.8731642706235532 0.12463825828011943
0.8823825140326402 0.10907289209747192
0.8997663397393636 0.10907289209747192
0.8910092666049573 0.10907289209747192
0.8823825140326402 0.10907289209747192
0.8997663397393636 0.10907289209747192
0.9085234128737699 0.10907289209747192
0.917150165446087 0.10907289209747192
0.917150165446087 0.10907289209747192
0.9230704311720944 0.09882957659548625
0.9292197840715785 0.08867207613700154
0.9356077128888062 0.07861199086116086
0.942243838874556 0.06866203013778073
0.9491378680591979 0.058836116622050835
0.9562994691187954 0.04914945293029903
0.9563824018861167 0.049040270856127374
0.9631678736377373 0.040330821936826196
0.9701446165465528 0.03182091096709014
0.977314917821117 0.023521394212204567
0.9846804366054095 0.01544356993020109
0.9922420987781118 0.0075991130413300585
1.0 0.0
