# CURVE 2D, normalized by CHORD
# COLUMN#1 = X-coordinate, COLUMN#2 = Y-coordinate
#-------------------------------------------------------------------------------
0.0 0.0
0.0016827268119461278 0.01863136914396478
0.003369342876190021 0.03741655402680484
0.005059566772244569 0.056356839837959256
0.006753104490787923 0.0754535227610343
0.008449645415053346 0.09470791037713357
0.010148862504303725 0.11412132168762758
0.011850412188034622 0.1336950871622951
0.013553930987019097 0.15343054906821696
0.015259038881993026 0.17332906120958436
0.016965331474425024 0.1933919896292904
0.01867238620961176 0.21362071209720132
0.02037975753530949 0.2340166185446959
0.022086975794587217 0.2545811111700344
0.022127697285024544 0.2550737685317432
0.023824720460669656 0.27569610410520895
0.025493704513048217 0.296157070701417
0.02713483454675179 0.31645793271288064
0.02874829314226615 0.33659994448867603
0.030334260346779024 0.3565843504110319
0.03189291182292427 0.3764123851152202
0.03342442219848451 0.39608527329728505
0.03492896357807352 0.4156042299074418
0.03640670403250486 0.4349704603375023
0.03785780945541052 0.4541851603475914
0.03928244438241565 0.4732495160777761
0.04068076894689328 0.49216470434710136
0.17928095787633955 0.49216470434710136
0.16098748457902812 0.49216470434710136
0.1429794470032825 0.49216470434710136
0.1252523914540706 0.49216470434710136
0.10780193372801089 0.49216470434710136
0.0906237580290841 0.49216470434710136
0.07371361590126323 0.49216470434710136
0.057067325177797945 0.49216470434710136
0.04068076894689329 0.49216470434710136
0.17928095787633955 0.49216470434710136
0.197574431173651 0.49216470434710136
0.21558246874939663 0.49216470434710136
0.23330952429860852 0.49216470434710136
0.2507599820246682 0.49216470434710136
0.267938157723595 0.49216470434710136
0.2848482998514159 0.49216470434710136
0.30149459057488115 0.49216470434710136
0.31788114680578583 0.49216470434710136
0.31788114680578583 0.49216470434710136
0.31446642631479393 0.5089747271492108
0.3111517627480233 0.5259312463146973
0.3079551862570798 0.5430376116153307
0.30489897183675624 0.5602974918455812
0.30201105604808975 0.5777148828290102
0.2993272971342337 0.5952941022449005
0.2968948424835637 0.6130396787396776
0.29477782779873757 0.6309560513436189
0.29306704763921926 0.6490466985110487
0.29189819355998153 0.6673117789530929
0.2914890422524613 0.6857411724425377
0.2914902436452278 0.6859997053744821
0.29186261961861165 0.6989445627174834
0.2930083511950417 0.711792355102652
0.2953109515634038 0.7244290054565208
0.2995408331146869 0.7364868216585913
0.3072526382647445 0.7465049102408913
0.3190813381795241 0.750439103359554
0.48382088735991974 0.750439103359554
0.4620727314167447 0.750439103359554
0.4406652453252137 0.750439103359554
0.4195930927272408 0.750439103359554
0.39885102085510654 0.750439103359554
0.37843385922207173 0.750439103359554
0.35833651833350344 0.750439103359554
0.338553988418189 0.750439103359554
0.3190813381795241 0.750439103359554
0.48382088735991974 0.750439103359554
0.5055690433030947 0.750439103359554
0.5269765293946258 0.750439103359554
0.5480486819925986 0.750439103359554
0.568790753864733 0.750439103359554
0.5892079154977677 0.750439103359554
0.609305256386336 0.750439103359554
0.6290877863016504 0.750439103359554
0.6485604365403154 0.750439103359554
0.6485604365403154 0.750439103359554
0.6504331768494653 0.7365186818539662
0.6513694613676865 0.7223269907906461
0.6521496188742654 0.7080436452099289
0.6528502602549248 0.6936736273152184
0.6535009249193878 0.6792182630941226
0.6541167241490908 0.664677910336125
0.6547066131926238 0.6500525495292337
0.6552764187034202 0.6353419809161642
0.6558301854881334 0.6205459063285887
0.6558493786361279 0.6200247706551016
0.6567909020810758 0.5938260273603103
0.6576854084684288 0.5678790901405304
0.6585417950474515 0.5421818622688425
0.6593662116175992 0.5167321518729844
0.6601631350943452 0.491527721119279
0.660935945665468 0.4665663115502679
0.6616872750105098 0.44184565868967396
0.6624192221759111 0.4173635007504194
0.6631334959765584 0.3931175841355458
0.6638315168995192 0.36910566716140614
0.6645144714080414 0.34532552204723943
0.665183376853721 0.32177493700449267
0.6658391072290848 0.2984517170541237
0.6664824205375832 0.27535368481048017
0.6671139860609276 0.2524786811954224
0.6677343913868014 0.2298245655460495
0.6800994892097196 0.2298245655460495
0.6677343913868014 0.2298245655460495
0.6800994892097196 0.2298245655460495
0.692464587032638 0.2298245655460495
0.692464587032638 0.2298245655460495
0.7060175034912485 0.22333402145040163
0.7190647937729553 0.21569382477881824
0.7318770636437548 0.2075067619964119
0.7445617135524397 0.19897079466244266
0.7571741861762622 0.19017918845079543
0.7697476031451228 0.1811843683675318
0.782303676476845 0.17201911197668393
0.7948575890750809 0.16270542825109452
0.7951654323313044 0.16247537363092826
0.8120351417156058 0.14976103234503163
0.8286785211985489 0.1370358098126253
0.8451134204232503 0.12432209138799967
0.8613533311312633 0.11163593336898243
0.8774088155844569 0.09898922608472117
0.8932883959868435 0.08639100950695232
0.9089991063282991 0.07384827906138366
0.9245468922136322 0.06136655509134993
0.9399368449626592 0.048950218673386926
0.9551734102972491 0.03660280025151931
0.9702605115063133 0.02432715196592918
0.9852016538654281 0.012125590536594504
1.0 0.0
