# CURVE 2D, normalized by CHORD
# COLUMN#1 = X-coordinate, COLUMN#2 = Y-coordinate
#-------------------------------------------------------------------------------
0.0 0.0
0.00014258718129123935 0.011829048586043582
0.000299343640268831 0.02370737899891522
0.0004730272882532369 0.035635142666751156
0.0006674095036232931 0.04761246436189042
0.0008878929762987946 0.0596394212253907
0.0011427101051458843 0.07171599779525988
0.0014455850733776964 0.08384197416156991
0.0014488880670850694 0.083962025239562
0.0017196065342473562 0.09298146097189357
0.002050763834905663 0.10198812692637524
0.0024929523886248546 0.11097920484443322
0.003299690713665463 0.11993102691410112
0.004515116198709497 0.11993102691410112
0.003299690713665463 0.11993102691410112
0.004515116198709497 0.11993102691410112
0.005730541683753532 0.11993102691410112
0.005730541683753532 0.11993102691410112
0.006088239307447422 0.1401118450682685
0.006840683577297954 0.16045917710589955
0.008033027470087141 0.18096457471093083
0.009717081436057455 0.20161640369988504
0.01195236823197408 0.22239881788442428
0.014807794380215789 0.24329032255348884
0.018363199984328997 0.26426183665711106
0.022711136023112262 0.28527404201859324
0.027958487544457306 0.3062738272956603
0.03422840331486254 0.32718935675238303
0.04166079304241365 0.3479237178052976
0.05041111968732231 0.3683468928386667
0.06064557558778015 0.38828648299904583
0.07252963369813954 0.4075191491478546
0.07279097685450445 0.40790324025750757
0.08449575201688812 0.42367270300014226
0.09739036960778803 0.43828286933189414
0.11143635146626436 0.45157146717572627
0.12654613657182454 0.463396021782824
0.14258510842169803 0.47365412482333363
0.15938489523503693 0.48229685884177825
0.17676178076605467 0.48933402303981427
0.19453643639635582 0.49482736246316733
0.2125483943829987 0.4988776723878365
0.2306640968608085 0.5016082833315075
0.24877841935012376 0.5031514519048282
0.2668123548922982 0.5036380454574028
0.46838140903636927 0.5036380454574028
0.4445378770192731 0.5036380454574028
0.4210695436869031 0.5036380454574028
0.39797050496208974 0.5036380454574028
0.37523494967344573 0.5036380454574028
0.35285715809341256 0.5036380454574028
0.3308315004993125 0.5036380454574028
0.30915243575704365 0.5036380454574028
0.2878145099270618 0.5036380454574028
0.2668123548922982 0.5036380454574028
0.46838140903636927 0.5036380454574028
0.4922249410534654 0.5036380454574028
0.5156932743858355 0.5036380454574028
0.5387923131106488 0.5036380454574028
0.5615278683992928 0.5036380454574028
0.583905659979326 0.5036380454574028
0.605931317573426 0.5036380454574028
0.6276103823156949 0.5036380454574028
0.6489483081456767 0.5036380454574028
0.6699504631804403 0.5036380454574028
0.6699504631804403 0.5036380454574028
0.675789112571204 0.4937741859081397
0.6811382616323117 0.48353841770394357
0.6864154603205013 0.4732123539894771
0.6916652852330624 0.4628193092793169
0.6969050711505989 0.4523680362904229
0.7021437543815937 0.44186289000722007
0.7073866782011479 0.43130636570011527
0.707530549892667 0.43101616868051473
0.7168603045770162 0.4121490331285372
0.7260855810640903 0.39341677348955106
0.7352150116753009 0.3748222094933185
0.7442543559328125 0.3563667291293454
0.753207753131046 0.3380509218591635
0.7620783510565861 0.3198748947657042
0.7708686528558736 0.301838446221818
0.7795807164637739 0.28394116544518533
0.7882162848108669 0.26618249723121945
0.796776867936245 0.24856178267785145
0.8052638004418267 0.23107828758063742
0.8136782830080124 0.21373122287655877
0.8205011648335296 0.21373122287655877
0.8136782830080124 0.21373122287655877
0.8205011648335296 0.21373122287655877
0.8273240466590468 0.21373122287655877
0.8273240466590468 0.21373122287655877
0.8373340534206005 0.20192968362707264
0.8473754282298097 0.19003117993695087
0.8574472093529347 0.1780342789714723
0.8675483651056403 0.16593749913069172
0.8776777931713358 0.15373931096214094
0.8878343078538333 0.14143812818927443
0.8980166419946078 0.1290323111429912
0.9082234344512683 0.1165201584349778
0.9184532254975435 0.10389990545479455
0.9186260742996866 0.10368596028674992
0.9280267165571426 0.0920139835785735
0.9373379005633766 0.08038111918387905
0.9465595255480564 0.06878682571055823
0.9556914696599064 0.05723055685270307
0.9647335847470817 0.04571175780019142
0.9736857054049135 0.03422987291017268
0.9825476322818132 0.022784333237127256
0.9913191469063131 0.011374568764622126
1.0 0.0
