# CURVE 2D, normalized by CHORD
# COLUMN#1 = X-coordinate, COLUMN#2 = Y-coordinate
#-------------------------------------------------------------------------------
0.0 0.0
0.004434186476289721 0.013946779793589659
0.009048103224362425 0.027925907141506306
0.013845145030052176 0.041934905966813416
0.01882866640751394 0.05597120997341285
0.024001999905200053 0.07003215518293608
0.029368453909473145 0.08411497883893065
0.034931277515883215 0.09821683148425167
0.04069369194316542 0.11233476409443226
0.04665884516652792 0.12646574538948246
0.04676460843412607 0.12671208572119944
0.052823443950571425 0.14059220481222448
0.059010430053202105 0.15431923497156225
0.06532266296873808 0.16789272432051602
0.07175718044072914 0.18131230144260935
0.07831096557351237 0.19457767769632886
0.0849809904470592 0.20768862885999384
0.09176416184830542 0.22064502506306885
0.09865738156472091 0.23344680317480299
0.10565750433055339 0.24609399138525584
0.11002022918024049 0.24609399138525584
0.10565750433055339 0.24609399138525584
0.11002022918024049 0.24609399138525584
0.1143829540299276 0.24609399138525584
0.1143829540299276 0.24609399138525584
0.11441636998696357 0.26403716394763566
0.11449122513709732 0.2821130407066025
0.114613328285463 0.30032247411723356
0.11478976302794669 0.31866626953097393
0.11502936200757648 0.33714515836517883
0.11534332502349251 0.35575975513291447
0.1157462734891271 0.3745104830193778
0.11625785605531404 0.3933974416552193
0.11690562170492362 0.41242015029939977
0.1177302959833092 0.43157700823524836
0.11879678414662995 0.4508640068775076
0.11881405219656871 0.45113748946038745
0.11963685615230053 0.46302098016695503
0.12062922930732409 0.47484882208851037
0.12186260987299234 0.48661123790496336
0.12347921209620268 0.49828394872998605
0.1258597780569006 0.5097779804663866
0.13163373591878358 0.5193030916822912
0.4729058344028449 0.5193030916822912
0.44405222056190446 0.5193030916822912
0.4156580453724458 0.5193030916822912
0.38771599315208516 0.5193030916822912
0.36021886470669845 0.5193030916822912
0.3331595754755676 0.5193030916822912
0.30653115370606343 0.5193030916822912
0.28032673865739166 0.5193030916822912
0.2545395788329421 0.5193030916822912
0.22916303024078374 0.5193030916822912
0.2041905546818582 0.5193030916822912
0.17961571806543036 0.5193030916822912
0.15543218875136233 0.5193030916822912
0.13163373591878358 0.5193030916822912
0.4729058344028449 0.5193030916822912
0.5017594482437853 0.5193030916822912
0.530153623433244 0.5193030916822912
0.5580956756536046 0.5193030916822912
0.5855928040989914 0.5193030916822912
0.6126520933301222 0.5193030916822912
0.6392805150996264 0.5193030916822912
0.6654849301482981 0.5193030916822912
0.6912720899727477 0.5193030916822912
0.716648638564906 0.5193030916822912
0.7416211141238316 0.5193030916822912
0.7661959507402594 0.5193030916822912
0.7903794800543275 0.5193030916822912
0.8141779328869062 0.5193030916822912
0.8141779328869062 0.5193030916822912
0.8147492360623635 0.5079726047096543
0.815053284748148 0.49657809517852736
0.8153136479361336 0.48514290517771985
0.8155516631974724 0.47366750470025476
0.8157755837977739 0.4621519616424333
0.8159896373813448 0.450596234740159
0.8159946369271693 0.4503205806259779
0.8163375963441035 0.43085580245585786
0.8166624291669798 0.4115343233897039
0.8169734998225769 0.3923551674833506
0.8172735434354185 0.37331733315826227
0.8175644099789082 0.35441980925349903
0.8178474209867079 0.3356615823392283
0.8181235628293422 0.31704164049166034
0.8183935940636115 0.2985589753172406
0.8186581151608572 0.2802125831973235
0.8189176103468806 0.2620014660063655
0.819172479165634 0.24392463161544448
0.832781909540123 0.24392463161544448
0.819172479165634 0.24392463161544448
0.832781909540123 0.24392463161544448
0.8463913399146119 0.24392463161544448
0.8463913399146119 0.24392463161544448
0.8543639135095459 0.2286350377997618
0.8624502833993389 0.2132638177093331
0.8706577593385303 0.19781408178160176
0.8789949821902532 0.18228974985221638
0.887472283922278 0.16669579106813354
0.8961022000405034 0.15103857055709782
0.9049002649850847 0.13532639159927087
0.9138861204622811 0.11957028129495394
0.9230852771194645 0.10378526793902851
0.9325319892360893 0.08799253564242182
0.9422741942089667 0.07222328472417025
0.9424279566314746 0.07197911592375439
0.9496679592948868 0.0606676456682017
0.9570631810537481 0.04952993586444709
0.9646625480958484 0.03860422053262162
0.9725418280063267 0.027953761200382888
0.9808296366262931 0.017696019978026722
0.9897773781176398 0.00809444391574639
1.0 0.0
