# CURVE 2D, normalized by CHORD
# COLUMN#1 = X-coordinate, COLUMN#2 = Y-coordinate
#-------------------------------------------------------------------------------
0.0 0.0
0.008395450668153906 0.009245289691686878
0.018509933766068624 0.01677413478593478
0.029178854000765895 0.02360500733690528
0.040155473997871824 0.030042029511548406
0.0513432100761757 0.03622181231948321
0.06269342791579664 0.042219328883215404
0.07417792384473171 0.048080881193498445
0.07444467990078371 0.04821496099467307
0.0922455733449355 0.05698695865496559
0.11002458585792708 0.06546567402985318
0.12775421609308069 0.07370517272524495
0.14541673814535472 0.08174235612481129
0.16300008773173355 0.0896038079255778
0.18049574283184303 0.09730944912325905
0.197897506167785 0.10487471356307948
0.21520079046857496 0.11231185085960309
0.23240214929646974 0.11963080819205626
0.2494989797656831 0.12683979495721792
0.2664892999959508 0.13394572137344507
0.2856813136362403 0.13394572137344507
0.2760132050624334 0.13394572137344507
0.2664892999959508 0.13394572137344507
0.2856813136362403 0.13394572137344507
0.2953494222100472 0.13394572137344507
0.3048733272765298 0.13394572137344507
0.3048733272765298 0.13394572137344507
0.3050876953583494 0.15389414301538837
0.3053272756953311 0.17401081633682264
0.30559493325479603 0.19429710067141198
0.30589404953003635 0.21475434967972426
0.3062286718936461 0.23538390497078215
0.3066036893660054 0.256187087186911
0.3070251333521105 0.2771651816338704
0.3075005694753434 0.29831941653751953
0.30803969730483316 0.3196509276380172
0.3086553350992397 0.3411606967187497
0.3093650059848119 0.36284944131200497
0.3101938099669499 0.384717397176383
0.31118000575748583 0.4067638458867911
0.3111978609652631 0.407128210782545
0.3118960319499288 0.4205093200910092
0.31268818350553557 0.4338246045122346
0.3136047752588579 0.4470715305969143
0.31469753943391354 0.46024487762903277
0.31606869789474507 0.4733319017195455
0.3179884857640438 0.4862878734484429
0.3227106798460525 0.4979462522316175
0.5811470397779908 0.4979462522316175
0.5557346735234469 0.4979462522316175
0.5307244367035072 0.4979462522316175
0.5061099659563129 0.4979462522316175
0.481884998614882 0.4979462522316175
0.45804337111369836 0.4979462522316175
0.4345790174205131 0.4979462522316175
0.4114859674929624 0.4979462522316175
0.38875834575960816 0.4979462522316175
0.3663903696250145 0.4979462522316175
0.34437634799848005 0.4979462522316175
0.3227106798460525 0.4979462522316175
0.5811470397779908 0.4979462522316175
0.6065594060325347 0.4979462522316175
0.6315696428524743 0.4979462522316175
0.6561841135996688 0.4979462522316175
0.6804090809410995 0.4979462522316175
0.7042507084422832 0.4979462522316175
0.7277150621354685 0.4979462522316175
0.7508081120630192 0.4979462522316175
0.7735357337963734 0.4979462522316175
0.7959037099309672 0.4979462522316175
0.8179177315575016 0.4979462522316175
0.8395833997099291 0.4979462522316175
0.8395833997099291 0.4979462522316175
0.8465397715971508 0.4901381856640657
0.8506926787838703 0.48007240422614317
0.8541067232585109 0.469697351915621
0.857145204491001 0.45917525640699863
0.859947388290782 0.4485575011204672
0.8599977598103232 0.4483593518666086
0.8636823577864643 0.43323216840494455
0.8671099608968713 0.4181446093625355
0.8703463401662355 0.4031139899596475
0.8734323619461176 0.3881501162262993
0.8763954706358651 0.3732590123294334
0.8792551884688226 0.35844458645295035
0.8820259870703534 0.34370945904637895
0.884718947276501 0.3290554201890756
0.8873427949225816 0.31448370257021
0.8899045477317336 0.2999951476269005
0.9074501275886002 0.2999951476269005
0.8986115570737851 0.2999951476269005
0.8899045477317336 0.2999951476269005
0.9074501275886002 0.2999951476269005
0.9162886981034153 0.2999951476269005
0.9249957074454669 0.2999951476269005
0.9249957074454669 0.2999951476269005
0.9273970332833401 0.28747227026980143
0.9301967837042033 0.2749718850058172
0.9331344191174843 0.26244450524931173
0.9361545019307624 0.24987779755614814
0.939233836252346 0.2372662255106982
0.9423601154206115 0.2246066574487387
0.9455259003264924 0.21189706567722189
0.9456009796984188 0.21159677023415188
0.950223731556449 0.19319040636427884
0.9548434460916513 0.1749316129337409
0.9594530585446677 0.1568175268538596
0.9640477912322496 0.13884584651201423
0.9686242599700909 0.12101461880264588
0.9731799918118414 0.1033221231281403
0.9777131294833493 0.08576679954106185
0.9822222561728613 0.06834720595482477
0.9867062758517625 0.05106198866446035
0.9911643307616474 0.03390986188201001
0.9955957489407862 0.016889594704267815
1.0 0.0
