# CURVE 2D, normalized by CHORD
# COLUMN#1 = X-coordinate, COLUMN#2 = Y-coordinate
#-------------------------------------------------------------------------------
0.0 0.0
0.0026581826411733256 0.01811796466535535
0.005287255867784206 0.0363785362112394
0.007882928039166681 0.05478322227398918
0.010440351542253076 0.07333357934915341
0.012954000781491011 0.09203121968376216
0.015417553958394104 0.11087781422942464
0.01782371220403656 0.1298750994887264
0.02016400125629308 0.14902488027331565
0.022428480034063374 0.16832903538798832
0.02460537943515028 0.18778951879293146
0.026680607374319144 0.2074083574884719
0.026716851150252012 0.20776219270781196
0.028361918822004617 0.22431420807886654
0.029892980874857828 0.24077460142958493
0.03129996708168161 0.2571441991535931
0.03257074922644369 0.2734237556756405
0.03369054507830934 0.28961389913471214
0.03464099122340802 0.3057150468757067
0.03539892491096774 0.3217272501292149
0.03593436536432793 0.3376499309239368
0.03620753215693898 0.35348138412075425
0.15631598912777275 0.35348138412075425
0.1383403421142833 0.35348138412075425
0.1206442620772924 0.35348138412075425
0.10322340104010191 0.35348138412075425
0.08607347864809702 0.35348138412075425
0.06919028111705093 0.35348138412075425
0.052569660197786375 0.35348138412075425
0.036207532156938976 0.35348138412075425
0.15631598912777275 0.35348138412075425
0.1742916361412622 0.35348138412075425
0.1919877161782531 0.35348138412075425
0.2094085772154436 0.35348138412075425
0.22655849960744848 0.35348138412075425
0.24344169713849456 0.35348138412075425
0.2600623180577591 0.35348138412075425
0.2764244460986065 0.35348138412075425
0.2764244460986065 0.35348138412075425
0.2767807030395469 0.37348923938908024
0.2771875401875646 0.39367130976008163
0.27765042754704666 0.41402889493875794
0.2781757075763601 0.4345632470922223
0.2787708590778961 0.4552755497234908
0.27944479385268384 0.4761668885804055
0.28020823110868576 0.49723821046458083
0.28107433807543797 0.5184902574205381
0.2820594670081399 0.5399234718626224
0.283184491715329 0.5615378344313561
0.284476636168468 0.5833326022755082
0.28597266134337607 0.6053058337169498
0.28772427903447795 0.6274534863302682
0.2898082472580814 0.6497675377770353
0.28984870455342343 0.6501632456270283
0.2912969947062168 0.6634958802740496
0.2929270585529727 0.6767402160228866
0.2947886932477167 0.689886820371482
0.29695969490619906 0.702918686586518
0.29957379936636636 0.7158012869990525
0.3028987318387324 0.7284492293209769
0.30764253027550686 0.7405508997843713
0.31684128414528456 0.7487935262637756
0.49501124332089935 0.7487935262637756
0.4739392322592349 0.7487935262637756
0.45319788509223063 0.7487935262637756
0.4327820130122823 0.7487935262637756
0.4126865086350218 0.7487935262637756
0.39290634472161645 0.7487935262637756
0.3734365729211177 0.7487935262637756
0.3542723225325457 0.7487935262637756
0.335408799286399 0.7487935262637756
0.31684128414528456 0.7487935262637756
0.49501124332089935 0.7487935262637756
0.5160832543825637 0.7487935262637756
0.5368246015495681 0.7487935262637756
0.5572404736295165 0.7487935262637756
0.5773359780067768 0.7487935262637756
0.5971161419201823 0.7487935262637756
0.6165859137206811 0.7487935262637756
0.635750164109253 0.7487935262637756
0.6546136873553997 0.7487935262637756
0.6731812024965141 0.7487935262637756
0.6731812024965141 0.7487935262637756
0.6760891331242678 0.7344200078963894
0.6784062818523171 0.7198004998210403
0.6806337685673755 0.7050726145918814
0.6828209112574611 0.6902437401144408
0.6849868149517447 0.6753162453639278
0.6871412983390905 0.6602910176019295
0.6892902127296797 0.645168324297671
0.6914373953424205 0.6299481216441016
0.6935855275636946 0.6146301878948931
0.6957365851609462 0.5992141921743347
0.6958201261543755 0.5986140750874339
0.6995911966521753 0.5714285434291033
0.703302231528858 0.5445173298621224
0.7069583422634499 0.5178782712139518
0.7105632567748834 0.4915090355504505
0.7141198301449007 0.4654071958977134
0.7176303214971581 0.4395702698911365
0.721096582327745 0.41399574634171227
0.7245201633300871 0.3886811001806954
0.7279023920404109 0.36362380315588577
0.7312444267424852 0.3388213311380572
0.7345472906217209 0.31427116865468896
0.737811904728851 0.28997081319514145
0.7410390992447349 0.2659177765532144
0.7442296395445485 0.24210958813026537
0.747384229533992 0.21854379516699304
0.7505035258488867 0.19521796442126152
0.753588140686535 0.17212968231464074
0.7566386549323647 0.14927655645001517
0.7605608320736736 0.14927655645001517
0.7566386549323647 0.14927655645001517
0.7605608320736736 0.14927655645001517
0.7644830092149825 0.14927655645001517
0.7644830092149825 0.14927655645001517
0.7811977647742738 0.147162168025015
0.7979681930426292 0.14461669944611408
0.8147749498986931 0.1415861276863293
0.831592141156034 0.13800697797354414
0.8483849526030932 0.1338047694959498
0.8651062027995191 0.12889177869067173
0.8816915693055332 0.12316509326923684
0.8980529361945883 0.11650504761152768
0.9140694693831756 0.10877524627293991
0.9295765409648411 0.0998263262378847
0.9298122937083695 0.09967690025545226
0.9415851604726623 0.09160120597490515
0.9526422875874274 0.08269842688199598
0.9628504355888714 0.07294957192872835
0.9720705416329662 0.062367038578624114
0.9801719262907715 0.05100252477278519
0.9870505172031759 0.03894901466636976
0.9926454055831867 0.02633350465987686
0.9969480428093233 0.01330178926839913
1.0 0.0
