# CURVE 2D, normalized by CHORD
# COLUMN#1 = X-coordinate, COLUMN#2 = Y-coordinate
#-------------------------------------------------------------------------------
0.0 0.0
0.01012446506979869 0.009377950315832509
0.0185124966312266 0.020442712931691278
0.02549836629836986 0.0325332233809509
0.03139023676297536 0.045276822305544924
0.036422875906334466 0.05846388303595699
0.04076795367343622 0.07197173294294293
0.04455133816444222 0.08572513641872126
0.04786686193852222 0.09967587474454437
0.04793489939320291 0.099983752697318
0.05182189920110789 0.11929646603281965
0.05506221071541736 0.13858034982738757
0.057775382338958944 0.15779917483664202
0.06005028499559586 0.17692994355810418
0.061954903450320654 0.19595758908417843
0.06354241450861962 0.21487202785663267
0.06485535172105678 0.23366641189094425
0.06592826852751342 0.2523360734124406
0.06678966368590662 0.2708778473982337
0.06746332890787869 0.28928962933607466
0.06796941722601087 0.30757007482087606
0.10119366424203377 0.30757007482087606
0.08994995109631906 0.30757007482087606
0.07887605704354743 0.30757007482087606
0.06796941722601087 0.30757007482087606
0.10119366424203377 0.30757007482087606
0.11243737738774848 0.30757007482087606
0.12351127144052013 0.30757007482087606
0.1344179112580567 0.30757007482087606
0.1344179112580567 0.30757007482087606
0.13539204951759679 0.3235682025484
0.13639402901382827 0.33967678361573567
0.13742683028123398 0.3558963848052089
0.13849408518344064 0.37222752352771826
0.13960029634859605 0.38867064701330206
0.14075116739480986 0.4052261000171054
0.14195411474248 0.4218940728147794
0.1432191002793558 0.43867451285472897
0.1445600456368172 0.45556696627700516
0.14599749548966662 0.47257026273180486
0.1475641572336396 0.4896818122098974
0.14758751807524034 0.4899250333094034
0.14861880367155272 0.5002923459202224
0.14973072107479857 0.5106188551234585
0.15095724382534564 0.5208999454309341
0.15236519044529834 0.5311252458007175
0.15412986841208373 0.5412616074935361
0.15775539201721894 0.5505479532274299
0.38390773352912333 0.5505479532274299
0.359640133863769 0.5505479532274299
0.3357553976885908 0.5505479532274299
0.31224748466774466 0.5505479532274299
0.28911044976216455 0.5505479532274299
0.26633844172609084 0.5505479532274299
0.2439257016273178 0.5505479532274299
0.22186656139078734 0.5505479532274299
0.2001554423651598 0.5505479532274299
0.17878685391199958 0.5505479532274299
0.15775539201721894 0.5505479532274299
0.38390773352912333 0.5505479532274299
0.4081753331944777 0.5505479532274299
0.43206006936965585 0.5505479532274299
0.45556798239050206 0.5505479532274299
0.4787050172960821 0.5505479532274299
0.5014770253321559 0.5505479532274299
0.5238897654309289 0.5505479532274299
0.5459489056674593 0.5505479532274299
0.567660024693087 0.5505479532274299
0.5890286131462471 0.5505479532274299
0.6100600750410278 0.5505479532274299
0.6100600750410278 0.5505479532274299
0.6263139672770168 0.5494387822110509
0.6422904275650141 0.5457908812947462
0.657422215227497 0.5392500129703799
0.6710636377808854 0.5298128603394745
0.6827552927138806 0.5178932833787243
0.6923840438307134 0.5041165317286795
0.7001071226886515 0.4890626406437304
0.70619141416524 0.4731570700388785
0.7109064772037887 0.45667942527998234
0.7109988908818159 0.4563028217345366
0.7152599304984673 0.4353184728893378
0.7180840339572417 0.4142749133444781
0.7197795770720229 0.3932908278252723
0.7205718885477299 0.3724320656401874
0.7206289298101873 0.35173573834678473
0.7200782650272969 0.33122275171969157
0.7190188915060368 0.310904588830949
0.717529013449269 0.29078710069398994
0.7156713178439627 0.27087271598481333
0.7134970254370127 0.2511617289681209
0.7110482732893121 0.23165313014492017
0.7083603384507046 0.21234508073404176
0.7054629000314621 0.19323525410484496
0.7023813393902097 0.1743210113272743
0.8047349374787217 0.1743210113272743
0.7870030968642117 0.1743210113272743
0.7695460309718837 0.1743210113272743
0.752359481859791 0.1743210113272743
0.7354392575675639 0.1743210113272743
0.718781231093952 0.1743210113272743
0.7023813393902097 0.1743210113272743
0.8047349374787217 0.1743210113272743
0.8224667780932318 0.1743210113272743
0.8399238439855597 0.1743210113272743
0.8571103930976525 0.1743210113272743
0.8740306173898795 0.1743210113272743
0.8906886438634914 0.1743210113272743
0.9070885355672337 0.1743210113272743
0.9070885355672337 0.1743210113272743
0.9142003260956185 0.1612018702817959
0.9213493975967895 0.14800178049019577
0.928535210403324 0.13471984988568372
0.9357570220402421 0.12135507452082327
0.9430138037565247 0.10790629426340842
0.9503041093463388 0.09437212336660973
0.9576258554482493 0.08075083454187658
0.964975922462647 0.06704014910385546
0.9723493705841227 0.0532368266626985
0.9724423750530244 0.05306233115586438
0.9780914356930449 0.042440785701867344
0.9837003056762479 0.03183833171013685
0.9892570704694156 0.021248659800546674
0.9947334219690889 0.010657143427521203
1.0 0.0
