# CURVE 2D, normalized by CHORD
# COLUMN#1 = X-coordinate, COLUMN#2 = Y-coordinate
#-------------------------------------------------------------------------------
0.0 0.0
0.0015753223929891127 0.008548672885822062
0.0026761425848245033 0.017183376572691953
0.0035642249641201634 0.025852212221133753
0.00432418301494559 0.03454267208309739
0.004332501766757221 0.03464450652944697
0.005187320661816549 0.04590862668514361
0.005937419948890965 0.05714196553400507
0.006610152936444623 0.06834209443475607
0.007222701920357919 0.07950770184445785
0.007786693245464947 0.0906380271389577
0.00831043305981945 0.10173261190323223
0.11029113462866065 0.10173261190323223
0.09262395162400744 0.10173261190323223
0.07523051868051552 0.10173261190323223
0.058106594086534236 0.10173261190323223
0.04124800185502919 0.10173261190323223
0.024650630705190274 0.10173261190323223
0.008310433059819447 0.10173261190323223
0.11029113462866065 0.10173261190323223
0.12795831763331386 0.10173261190323223
0.14535175057680577 0.10173261190323223
0.16247567517078707 0.10173261190323223
0.17933426740229208 0.10173261190323223
0.19593163855213103 0.10173261190323223
0.21227183619750184 0.10173261190323223
0.21227183619750184 0.10173261190323223
0.2048873098788505 0.11675468508767879
0.19768293909180118 0.13199634349544148
0.19069794448123556 0.14747197384448568
0.18398200377030194 0.1631981619749982
0.17759951228338836 0.17919409128167768
0.17163595903401635 0.19548176084532892
0.16620840227384537 0.21208583789309848
0.1614828393548756 0.22903208076082
0.15770465263550942 0.2463416903515015
0.1552549677422143 0.2640135454933582
0.1547548992391547 0.2819679111905492
0.15476551014388965 0.28220862619492487
0.1562196911917459 0.2952240127526981
0.1597576338877033 0.3077573982314336
0.1658888975165243 0.31915988648925975
0.17471755801678726 0.32853180260590426
0.18562881055623215 0.3352616418802036
0.19769413034909503 0.3394445730005428
0.21022856074731996 0.3415872928340027
0.2228721300277269 0.3422069012745587
0.5644159748150992 0.3422069012745587
0.5355393375519479 0.3422069012745587
0.5071225137268088 0.3422069012745587
0.47915818155924556 0.3422069012745587
0.45163913585625576 0.3422069012745587
0.4245582861558058 0.3422069012745587
0.39790865489992666 0.3422069012745587
0.37168337563690085 0.3422069012745587
0.345875691252076 0.3422069012745587
0.3204789522268503 0.3422069012745587
0.2954866149253802 0.3422069012745587
0.2708922399085703 0.3422069012745587
0.2466894902749095 0.3422069012745587
0.22287213002772688 0.3422069012745587
0.5644159748150992 0.3422069012745587
0.5932926120782505 0.3422069012745587
0.6217094359033896 0.3422069012745587
0.6496737680709529 0.3422069012745587
0.6771928137739426 0.3422069012745587
0.7042736634743926 0.3422069012745587
0.7309232947302717 0.3422069012745587
0.7571485739932975 0.3422069012745587
0.7829562583781224 0.3422069012745587
0.8083529974033481 0.3422069012745587
0.8333453347048182 0.3422069012745587
0.8579397097216281 0.3422069012745587
0.8821424593552889 0.3422069012745587
0.9059598196024715 0.3422069012745587
0.9059598196024715 0.3422069012745587
0.9153993635797327 0.338260758795228
0.9220578132869849 0.3302015433091697
0.9270133953165209 0.320926096382962
0.9310083542149389 0.3111563954791112
0.9343890240510629 0.3011205506304272
0.9373388959015501 0.2909141472516564
0.9373944062199949 0.290708359077035
0.9412442246614929 0.27511487531760437
0.9445473764390979 0.25950064500256764
0.9474454017396606 0.24390943327326345
0.9500283770958251 0.22836531567594506
0.9523577097448367 0.2128826976473031
0.9544774085812933 0.19747071156735221
0.9564202658458033 0.1821353900681474
0.958211495720292 0.1668808347051696
0.959870955792337 0.15170988258946
0.9614146277289961 0.1366245148278754
0.969072650639619 0.1366245148278754
0.9614146277289961 0.1366245148278754
0.969072650639619 0.1366245148278754
0.976730673550242 0.1366245148278754
0.976730673550242 0.1366245148278754
0.981416904750518 0.1274301642729829
0.9849756931352633 0.11770902019831747
0.9877999127867797 0.10772087081095155
0.9901061386716378 0.09757340739525212
0.9920248687121899 0.087319026554866
0.9920481613312586 0.087182265278762
0.9939690216415297 0.07465175358266905
0.9955350019295482 0.06212692594895378
0.996819467757535 0.04962478748524367
0.9978742847199025 0.037155583164456385
0.9987376711334702 0.024725790702905096
0.9994386808197254 0.012339648515704323
1.0 0.0
