# CURVE 2D, normalized by CHORD
# COLUMN#1 = X-coordinate, COLUMN#2 = Y-coordinate
#-------------------------------------------------------------------------------
0.0 0.0
0.0031536730807992254 0.014493757939517831
0.005444414384650176 0.029245427821588153
0.0074121789024747045 0.04413354465509198
0.009197795415422842 0.05913453285627976
0.010863375011112827 0.07423962959902956
0.01244282725566089 0.08944473701947027
0.013957043309315178 0.10474772806542751
0.015420002407909968 0.1201474564862225
0.01684157532375452 0.1356433279874441
0.016882890562477947 0.1361011096788255
0.01889477915258903 0.15887057484165226
0.02081693380423447 0.18144196654312594
0.022663855475131594 0.20381570352118805
0.0244461778179748 0.22599260818319455
0.026171964619865123 0.2479737545905752
0.027847524817362496 0.26976037784854034
0.02947790755267258 0.29135382040965624
0.031067228699446645 0.31275549770436645
0.03261890673478389 0.33396687436445893
0.034135816616330035 0.3549894488303479
0.035620406755408306 0.3758247420757689
0.03707478656791166 0.39647428940438917
0.038500790021312244 0.4169396345912504
0.03990002734413557 0.43722232529280664
0.041273923484702824 0.4573239096899968
0.05814698512233316 0.4573239096899968
0.04964725185302899 0.4573239096899968
0.041273923484702824 0.4573239096899968
0.05814698512233316 0.4573239096899968
0.06664671839163734 0.4573239096899968
0.0750200467599635 0.4573239096899968
0.0750200467599635 0.4573239096899968
0.07696915953622155 0.47560111951426576
0.07929548566449579 0.4939849643357155
0.08204059821390478 0.5124634306349228
0.08525231701305243 0.5310208279803023
0.08898574672666135 0.5496366419098769
0.0933045754120217 0.5682839700683725
0.0982826527116361 0.5869273636566159
0.10400556107524163 0.6055199096580335
0.1105721153409527 0.6239992777747008
0.1180955380741562 0.6422823876819843
0.12670345310001022 0.6602584690153716
0.13653525698762767 0.6777806342177667
0.14773508285131173 0.6946567065066134
0.14796500829202414 0.6949736786283348
0.1585935423034483 0.708502123801233
0.1701864520634769 0.7210506915931367
0.18273251770601293 0.7324697389416754
0.1961802295605239 0.7426164420860537
0.21043462910047056 0.7513726809847671
0.2253629131483955 0.7586620692849723
0.24080788002943881 0.764461698000741
0.25660641213594293 0.7688026288704973
0.2726061850492965 0.7717614846458822
0.288677025231424 0.7734459049789844
0.3047155620316453 0.7739790592897702
0.5627758187802043 0.7739790592897702
0.5374004998452637 0.7739790592897702
0.5124267109618013 0.7739790592897702
0.48784809846062177 0.7739790592897702
0.4636584092107388 0.7739790592897702
0.439851489028494 0.7739790592897702
0.41642128111184973 0.7739790592897702
0.39336182449945656 0.7739790592897702
0.3706672525541044 0.7739790592897702
0.3483317914701707 0.7739790592897702
0.3263497588046863 0.7739790592897702
0.3047155620316453 0.7739790592897702
0.5627758187802043 0.7739790592897702
0.5881511377151449 0.7739790592897702
0.6131249265986074 0.7739790592897702
0.6377035390997869 0.7739790592897702
0.6618932283496699 0.7739790592897702
0.6857001485319146 0.7739790592897702
0.7091303564485589 0.7739790592897702
0.7321898130609521 0.7739790592897702
0.7548843850063043 0.7739790592897702
0.777219846090238 0.7739790592897702
0.7992018787557224 0.7739790592897702
0.8208360755287634 0.7739790592897702
0.8208360755287634 0.7739790592897702
0.8323790822511568 0.7668364545623205
0.8394281452158352 0.7546159116382998
0.8445602045968827 0.7413595429225271
0.8486985574558367 0.7276706933668372
0.8522146319352633 0.7137231323118334
0.8552968204988655 0.6995883585116185
0.8580551704865589 0.6853020438889051
0.860560264823914 0.6708842584463763
0.8628604213054464 0.656347238367209
0.8629317959587781 0.6558752957280161
0.8664585340926497 0.6308957125114031
0.8695533019674011 0.6060956716863627
0.8723096107705695 0.5814899849747462
0.8747919030391369 0.5570869946517657
0.8770467546261512 0.5328914563090954
0.8791091431154673 0.5089059972276941
0.8810060922276749 0.4851319054786898
0.8827590335281236 0.4615695955739296
0.8843853042476567 0.4382188890645069
0.8858991070731838 0.41507919026999635
0.8873123484992687 0.3921496136024279
0.8886350003274706 0.36942905472941767
0.8898756465173867 0.34691625767129936
0.8910416272205948 0.324609846954236
0.892139354207206 0.3025083627361936
0.9008461475089984 0.3025083627361936
0.892139354207206 0.3025083627361936
0.9008461475089984 0.3025083627361936
0.9095529408107907 0.3025083627361936
0.9095529408107907 0.3025083627361936
0.910942576732762 0.28658786617129434
0.9127783202245232 0.270612674512494
0.915049301460797 0.2545926122152625
0.9177442100270387 0.23853644844916827
0.9208515606164599 0.22245194953568714
0.9243598163327155 0.20634593192971387
0.9282574720228982 0.19022431618656246
0.9325331539204628 0.1740921910973436
0.9371757294543053 0.15795388910525743
0.9372662670510912 0.1576510779313473
0.9424561785634551 0.14093545072376526
0.947941596309361 0.12443755165948102
0.9536992079296335 0.10815573249586183
0.9597074560625989 0.09208777183089735
0.9659463439990889 0.07623097210978352
0.9723974053365693 0.06058229516016133
0.9790435442289509 0.04513843086406766
0.9858689322280872 0.0298958687559592
0.9928589338500455 0.014850967950851814
1.0 0.0
