# CURVE 2D, normalized by CHORD
# COLUMN#1 = X-coordinate, COLUMN#2 = Y-coordinate
#-------------------------------------------------------------------------------
0.0 0.0
0.006555091662207612 0.01433303445460144
0.013447119895132377 0.028614943974960342
0.02071021880500138 0.0428214771201895
0.028383772070395222 0.05692245162477812
0.03651333965602276 0.0708799357442192
0.04515178390739067 0.08464570454238127
0.05436038152848314 0.0981577689665831
0.06420970563417401 0.11133564393715796
0.07478007412153989 0.12407374608622607
0.0749385525546794 0.12425397632931665
0.083729565586999 0.13376742070311817
0.09296375662203618 0.14276089653977736
0.10266833688906082 0.1511485489815403
0.11286323041308627 0.1588288698752244
0.12355502188150709 0.1656854882149393
0.13472943497675294 0.17159125905991598
0.14634343277023398 0.17641765888449645
0.15831995470639793 0.18005001284749977
0.17330272780649314 0.18005001284749977
0.15831995470639793 0.18005001284749977
0.17330272780649314 0.18005001284749977
0.18828550090658838 0.18005001284749977
0.18828550090658838 0.18005001284749977
0.1929925266951296 0.19679105066282337
0.19781630907532977 0.2136306718438207
0.20276826884374377 0.23056607085831335
0.20786219102364437 0.24759355148633627
0.21311497702264148 0.2647082048251061
0.21854780293644668 0.28190340442781897
0.22418775985313538 0.2991700480695659
0.2300705343132244 0.31649527996225696
0.23624475732940323 0.33386029463693556
0.2427797791022166 0.3512361856666521
0.24978056037612956 0.36857537612921143
0.24988664771356456 0.36882716300906637
0.25523970050039474 0.3810737246448134
0.26096062232963707 0.3930936744743122
0.26720230667317374 0.40479068959285713
0.27425237893648396 0.4159529658843684
0.282763182991911 0.42595244087839246
0.29426675100417354 0.43158510582265824
0.4866620978540141 0.43158510582265824
0.46390520893135695 0.43158510582265824
0.4415060432220862 0.43158510582265824
0.4194589775543426 0.43158510582265824
0.3977584771488021 0.43158510582265824
0.37639909422920387 0.43158510582265824
0.35537546665471975 0.43158510582265824
0.3346823165738221 0.43158510582265824
0.31431444909931167 0.43158510582265824
0.29426675100417354 0.43158510582265824
0.4866620978540141 0.43158510582265824
0.5094189867766713 0.43158510582265824
0.531818152485942 0.43158510582265824
0.5538652181536856 0.43158510582265824
0.5755657185592261 0.43158510582265824
0.5969251014788244 0.43158510582265824
0.6179487290533084 0.43158510582265824
0.6386418791342061 0.43158510582265824
0.6590097466087166 0.43158510582265824
0.6790574447038547 0.43158510582265824
0.6790574447038547 0.43158510582265824
0.6899443560391113 0.4273936812813511
0.697179212424793 0.4179373626549741
0.7018531441147268 0.40687399049267303
0.7051046643417894 0.3952496573598785
0.7074718226075538 0.3833590252276923
0.7092312932258863 0.3713108724901853
0.7105429273472395 0.3591538091626289
0.7105696110899653 0.35886321247681885
0.7119244412134601 0.3399894372474665
0.7126760056425769 0.3212248682890361
0.712980016208587 0.30258964725405074
0.7129376981222982 0.28409294456439504
0.7126190331133505 0.2657388941832343
0.7120746999953875 0.24752911388193463
0.7113427801633432 0.22946388656976915
0.710452673384593 0.21154276084078596
0.7094276388199704 0.19376487095322514
0.7082864419670786 0.1761291160896315
0.707044458011289 0.15863426544337633
0.7057145036869336 0.1412790166984942
0.8467642102678299 0.1412790166984942
0.828147031089842 0.1412790166984942
0.8098204538307561 0.1412790166984942
0.7917799423858022 0.1412790166984942
0.7740210314558218 0.1412790166984942
0.7565393254420385 0.1412790166984942
0.7393304973580809 0.1412790166984942
0.7223902877589883 0.1412790166984942
0.7057145036869336 0.1412790166984942
0.8467642102678299 0.1412790166984942
0.8653813894458178 0.1412790166984942
0.8837079667049037 0.1412790166984942
0.9017484781498576 0.1412790166984942
0.919507389079838 0.1412790166984942
0.9369890950936213 0.1412790166984942
0.9541979231775788 0.1412790166984942
0.9711381327766714 0.1412790166984942
0.9878139168487261 0.1412790166984942
0.9878139168487261 0.1412790166984942
0.9892007754446149 0.12916071713689153
0.9905371265339171 0.11699099949411725
0.9918200852307032 0.10476964613804733
0.9930465527870098 0.09249645595941651
0.9942132029644167 0.08017124894755426
0.9953164493855367 0.0677938698757477
0.9953286476669692 0.06765244943861207
0.996277620675751 0.05629238669578919
0.9971613355652873 0.044966072193881594
0.9979777237930642 0.033673567299136564
0.9987245719547507 0.02241496326730311
0.9993995099520405 0.011190385734840378
1.0 0.0
