# CURVE 2D, normalized by CHORD
# COLUMN#1 = X-coordinate, COLUMN#2 = Y-coordinate
#-------------------------------------------------------------------------------
0.0 0.0
0.0054253824072941536 0.012583696993621019
0.011290279678164311 0.025040160808149386
0.017568880735816784 0.037366254469216556
0.02423690203675975 0.04956053876291884
0.03127159451112926 0.06162299131791042
0.03865183490248863 0.07355468837621723
0.04635807747712043 0.0853575747692552
0.046475115980143214 0.08553224330519502
0.05466418796663505 0.09744921043538946
0.06307017607619433 0.1091209509831752
0.0716699710786628 0.12055648829975867
0.08044288498641501 0.13176471083888666
0.08937034808273368 0.14275430602490702
0.09843568206169553 0.15353368837197878
0.10762389204399797 0.1641109539766697
0.11692146451975911 0.17449386740387818
0.12172974424704452 0.17449386740387818
0.11692146451975911 0.17449386740387818
0.12172974424704452 0.17449386740387818
0.12653802397432995 0.17449386740387818
0.12653802397432995 0.17449386740387818
0.1322893800866801 0.19143871820584402
0.13822654054741398 0.2084659035360335
0.14436677462162295 0.22556906938110907
0.15073029844704874 0.24274027498175554
0.1573411988518079 0.2599694359439746
0.16422837933655954 0.2772436469511866
0.1714270953937933 0.29454610824369615
0.17898108702915913 0.31185452552746346
0.18694566250312503 0.3291386247000142
0.19539229641470118 0.34635613179997754
0.2044159590762009 0.36344582100816647
0.2141467819305276 0.38031500004749985
0.21431368218420715 0.38058988646009956
0.22171045910045803 0.39227242520328093
0.2295551741593225 0.40357299395175006
0.23794809513678686 0.4143831680432176
0.24702285821433398 0.42453244572148385
0.2569545499700031 0.4337386097770884
0.26794884648282136 0.44151455587476046
0.2801429486044864 0.447027787973304
0.2932713774001975 0.4491053935909649
0.4819229717183027 0.4491053935909649
0.4596095165337131 0.4491053935909649
0.4376466585073255 0.4491053935909649
0.4160288889285288 0.4491053935909649
0.3947507856415856 0.4491053935909649
0.3738070116856498 0.4491053935909649
0.35319231395615347 0.4491053935909649
0.3329015218872266 0.4491053935909649
0.3129295461548186 0.4491053935909649
0.2932713774001975 0.4491053935909649
0.4819229717183027 0.4491053935909649
0.5042364269028922 0.4491053935909649
0.5261992849292799 0.4491053935909649
0.5478170545080765 0.4491053935909649
0.5690951577950197 0.4491053935909649
0.5900389317509556 0.4491053935909649
0.6106536294804519 0.4491053935909649
0.6309444215493787 0.4491053935909649
0.6509163972817867 0.4491053935909649
0.6705745660364079 0.4491053935909649
0.6705745660364079 0.4491053935909649
0.6845099318555888 0.44830387436472163
0.6982922698050568 0.4457210037056908
0.7116157171751267 0.4411470355631502
0.7241212358880623 0.4345200746514211
0.7354895693057436 0.4259753062134084
0.7455322761340253 0.41580635219556644
0.7542154219738779 0.40436477540052346
0.7543355690959559 0.4041852746050557
0.7624480524016607 0.3903922473034447
0.7691046619444447 0.3759432502010909
0.7745388315780133 0.3610912916982621
0.7789540494944557 0.34600295973776035
0.7825180384318806 0.3307874021086415
0.7853661091133813 0.31551670552014494
0.7876069865248392 0.3002391229803296
0.7893283685095211 0.2849874126773802
0.7906015409923572 0.26978409891873967
0.8020512125927248 0.26978409891873967
0.7906015409923572 0.26978409891873967
0.8020512125927248 0.26978409891873967
0.8135008841930923 0.26978409891873967
0.8135008841930923 0.26978409891873967
0.8213762331002042 0.25373301088448624
0.8294085904086604 0.2376054484231133
0.8376094194903968 0.22140672042075893
0.8459920874754641 0.20514336754977758
0.8545722459196887 0.18882346432482786
0.8633685819691241 0.17245716327732233
0.8724036097783158 0.15605734211053832
0.8817049224302594 0.13964062369966004
0.8913070230219333 0.1232289318108748
0.9012538991193423 0.10685184171242987
0.9116032372085004 0.09055058180428835
0.9224331770049529 0.07438496523144042
0.9226198628065614 0.07411491107836858
0.9306491812975147 0.06279568457194973
0.938939398807521 0.05175466760480813
0.947551271226709 0.041053227746218064
0.9565688316048744 0.030785089904389513
0.9661124239601119 0.02110318438987948
0.9763593995150683 0.01227934263400231
0.9875664119323948 0.0048515370526301185
1.0 0.0
