# CURVE 2D, normalized by CHORD
# COLUMN#1 = X-coordinate, COLUMN#2 = Y-coordinate
#-------------------------------------------------------------------------------
0.0 0.0
0.0002076478900869018 0.00010359313389674269
0.000435985006453586 0.00021769691482862163
0.000687062847418169 0.0003433969788474634
0.0009631336492776128 0.00048189616015184285
0.0012666700828628398 0.0006345268766649489
0.0016003868510737758 0.0008027648727209782
0.0019672597888936937 0.0009882535189488066
0.0023705538878031392 0.0011928165384534647
0.002813846569667189 0.001418486873091836
0.003301056246381034 0.0016675323931259038
0.003836471521178133 0.0019424883075840047
0.004424780306244988 0.002246198299445046
0.005071102711656521 0.0025818575442617428
0.0057810209859042215 0.002953071308994772
0.006560607927823884 0.0033639267308387265
0.007416450842016468 0.00381908353943345
0.008355669391277016 0.00432388651936709
0.009385912592672189 0.004884525884195209
0.01051533137258768 0.005508248165429599
0.011752498137779933 0.0062036619099090605
0.01310623167982705 0.006981195131606012
0.01458524195801498 0.007853815666711353
0.01619740591186146 0.008838246596669931
0.017948218275709853 0.009957197630169997
0.01797375821836556 0.009973981939365393
0.018836200319357514 0.01054993180637774
0.019612239583742086 0.011085305205758737
0.020309906217036423 0.011583156679237233
0.020936502737580506 0.012046274970539858
0.021498661416230164 0.012477219684700605
0.022002415360213502 0.012878328719939984
0.02245324780716003 0.013251745937603494
0.022856148700261973 0.013599431308140985
0.023215658109777205 0.013923180570849175
0.023535907738887165 0.014224640400862102
0.02382066375213696 0.014505317142883348
0.024073358580744216 0.014766592915678152
0.02429712262626358 0.015009737122246122
0.024494811472095347 0.01523591850613721
0.02466903945424366 0.015446208726882517
0.024822183800842782 0.015641607832998797
0.024956433241436426 0.015823030383971582
0.025073774698450298 0.015991338557375834
0.025176032366316204 0.016147331939217916
0.025264871217523913 0.016291762424468025
0.0253418097149096 0.016425339654849113
0.025408225106043538 0.0165487388604178
0.025465379755229556 0.016662595931502447
0.025514402713052914 0.01676752488620145
0.025514402713052917 0.016767524886201444
0.02711710047489828 0.02032821133805489
0.029200607565297264 0.024957103725464364
0.03190916678281594 0.03097466382909668
0.03543029376559022 0.03879749196381868
0.04000775884319678 0.04896716853895729
0.04595846344408531 0.062187748086637476
0.0536943794252404 0.07937450149862171
0.06375107020074201 0.10171728093420124
0.0768247682088941 0.1307628942004546
0.08989846621704618 0.15980850746670794
0.0999551569925478 0.18215128690228746
0.1076910729737029 0.19933804031427171
0.11364177757459142 0.2125586198619519
0.11821924265219798 0.22272829643709052
0.12174036963497226 0.23055112457181254
0.12444892885249093 0.23656868467544484
0.12653243594288993 0.24119757706285433
0.12813513370473528 0.24475826351470775
0.1287041532349079 0.24626808667844957
0.12918017813637198 0.24797848368892242
0.12959271926309435 0.24988756945659477
0.1299575591045633 0.2520049291728313
0.13028384668040294 0.25434576858369984
0.13057699092082004 0.2569290372903397
0.13084029426590535 0.259776743262976
0.13092804291082064 0.4008815898919919
0.1309392948441648 0.41288655594973467
0.13099312374850777 0.38767627434842655
0.13099598347043645 0.3872946845989878
0.13102566896108206 0.4237998175859
0.1310755445344479 0.2629137866983027
0.131135642676856 0.3728401101575562
0.1311839758079478 0.43372000512258535
0.13128357776624394 0.26636797499491305
0.13130122823229615 0.3597000117881695
0.13141009664290038 0.44273666329514133
0.13146450247149663 0.2701701723410269
0.13146731279929352 0.3477546720380824
0.13161795703012602 0.2743545148410794
0.13161843605641846 0.33689527414912296
0.1316995604477401 0.4509310833251907
0.13174314635796444 0.27895868894411846
0.13174534547003597 0.3270229548945536
0.13183908844253225 0.2840242477529166
0.1318427554960609 0.31804790761674095
0.1319046115991489 0.28959698001256634
0.13190795010206505 0.3098885552624633
0.13193854326718385 0.2957273182304735
0.1319398716445564 0.30247079598552173
0.13204790456681934 0.45837704959347725
0.13245096668065434 0.4651415054987717
0.13290500180658682 0.4712851516490063
0.13340683734163106 0.47686297272133965
0.133953985121621 0.48192469806131016
0.13454471415375796 0.4865151987335045
0.13517808911023724 0.4906748227478509
0.13585438769389427 0.49443959003707916
0.1365749530664921 0.497841367311068
0.1373427225124797 0.5009077902300717
0.13816255871733205 0.5036619768927774
0.13904174593857505 0.506121819735758
0.13999072997651554 0.5082984830433287
0.14102358829862668 0.5101935852241719
0.1421572914632653 0.5117941480092542
0.14340566466296173 0.5130656329062668
0.1447594358135484 0.5139521549257443
0.14615667379753608 0.5144090829135701
0.1658508494085533 0.5178932538339491
0.18554502501957051 0.5213774247543281
0.20523920063058776 0.5248615956747071
0.2249333762416048 0.5283457665950861
0.24462755185262186 0.531829937515465
0.2643217274636389 0.535314108435844
0.28401590307465624 0.5387982793562232
0.3037100786856736 0.5422824502766022
0.32340425429669106 0.5457666211969812
0.34309842990770845 0.5492507921173603
0.36279260551872583 0.5527349630377393
0.3824867811297432 0.5562191339581184
0.40218095674076026 0.5597033048784973
0.4218751323517769 0.5631874757988763
0.44156930796279364 0.5666716467192552
0.4612634835738103 0.5701558176396341
0.48095765918482697 0.573639988560013
0.5006518347958436 0.5771241594803919
0.5203460104068603 0.5806083304007708
0.5400401860178771 0.5840925013211496
0.5597343616288937 0.5875766722415285
0.5794285372399104 0.5910608431619075
0.5991227128509271 0.5945450140822864
0.6188168884619438 0.5980291850026653
0.6385110640729604 0.6015133559230442
0.6582052396839791 0.6049975268434234
0.6731314926784852 0.6076381865826708
0.6761997844273812 0.6077503667698599
0.6794987002731463 0.6070147052971132
0.6828871693488506 0.605475731408851
0.6863134567381187 0.6032307397152508
0.6897808831408079 0.6003509408710439
0.6933133455751977 0.5968706344993052
0.6969403913485624 0.592795753745693
0.7006919689511093 0.5881118440178295
0.7045974538493163 0.582789634202769
0.7086862495009626 0.5767884712456979
0.7129878683301237 0.570057676593727
0.7175328128493186 0.562537580124026
0.7223531131996276 0.5541597579099539
0.7274830435852379 0.5448470341104299
0.7329595197320037 0.5345130565482122
0.738823020381792 0.5230619690205713
0.7451182421570586 0.5103877581244571
0.7518949390726208 0.49637354276857765
0.7592089678810837 0.48089080805093154
0.7671235375473264 0.4637985750740767
0.7757108135650259 0.44494256915266234
0.7850539042082371 0.4241543882174583
0.795249497204296 0.401250785841737
0.8064114434689403 0.37603319762891435
0.8067577463389595 0.375249673169636
0.8240639363845967 0.33611907025057225
0.839886432584818 0.30058557907327443
0.8544253237829709 0.2683518111178662
0.8678299097076787 0.23913366612350762
0.8802174280274295 0.21266512372604804
0.8916836818964256 0.18869977984038933
0.9023089518593722 0.16701062795826893
0.9121622177751859 0.14738942012928713
0.9213036344609713 0.12964551102167793
0.9297864013032235 0.11360467460792924
0.937658255625127 0.0991079768608104
0.9449620776712352 0.08601038403081396
0.9517371034846307 0.07417988269298292
0.9580191273462537 0.06349620784978101
0.9638414307161589 0.05385012862776619
0.9692345056941805 0.04514215255354498
0.9742269017458605 0.03728200771081749
0.9788453725174722 0.030187818807125847
0.9831148114907333 0.02378522372058641
0.9870586500518451 0.018006866875533174
0.9906989240402587 0.012791753218104407
0.9940564336549118 0.008084729018706027
0.9971505962661077 0.0038357989860195478
1.0 0.0
