# CURVE 2D, normalized by CHORD
# COLUMN#1 = X-coordinate, COLUMN#2 = Y-coordinate
#-------------------------------------------------------------------------------
0.0 0.0
0.004102824169345475 0.007990018531950223
0.007949938642534354 0.01612584571413997
0.01151561565141975 0.024408201703345334
0.014771856211392615 0.032836068935114454
0.01768846433976604 0.04140619682946809
0.01771419705118904 0.04148750441668135
0.02053843174320108 0.05126646427076153
0.02283914829259782 0.061164681442975065
0.024575007529272806 0.07116064915382489
0.025706978711576296 0.08122627962605367
0.025706978711576296 0.08122627962605368
0.026840707889491805 0.09520877936152747
0.027992524465784843 0.10941435445569875
0.02916271700494369 0.12384656382983325
0.030351578675184704 0.13850902318385966
0.03155940732189973 0.1534054059022104
0.03278650554227528 0.16853944397411427
0.03403318076110218 0.1839149289285713
0.03529974530779463 0.19953571278424415
0.03658651649463814 0.21540570901450398
0.037893816696285665 0.23152889352787248
0.03922197343052212 0.24790930566410588
0.04057131944031741 0.2645510492061702
0.0419206654501127 0.2811927927482345
0.04324882218434915 0.29757320488446787
0.044556122385996676 0.3136963893978364
0.04584289357284019 0.3295663856280962
0.04710945811953264 0.34518716948376904
0.04835613333835954 0.3605626544382261
0.04958323155873509 0.37569669251012994
0.050791060205450114 0.3905930752284807
0.05197992187569113 0.40525553458250707
0.05315011441484997 0.4196877439566416
0.05430193099114301 0.43389331905081285
0.05543566016905852 0.4478758187862867
0.05697594414449579 0.46071863451149225
0.06000727466958335 0.4733356873978601
0.06597391654772645 0.4848551885336989
0.07667202693478703 0.4920318932863372
0.08970928153651553 0.4929611156117221
0.10273539716837204 0.4909046897142475
0.10289588544049867 0.49087118102862826
0.116405456087924 0.4878207760841796
0.12987433158126835 0.484915040162208
0.14340405586394436 0.48271955407524286
0.1569938284235925 0.4816118850612191
0.1705553797710901 0.48185238995511936
0.18393741440765407 0.4835843557514203
0.19696530557483563 0.4868251431222394
0.2094854474339765 0.49147967939480536
0.2497134873225932 0.5089462804665071
0.2905936984624024 0.5266960475862329
0.33213665376081064 0.5447335714016093
0.37435309753169266 0.5630635169831881
0.41725394827420914 0.5816906250309802
0.4608503014966734 0.6006197131005498
0.5051534325861988 0.6198556768489853
0.5501747997248684 0.6394034913010707
0.5951961668635379 0.658951305753156
0.6394992979530634 0.6781872695015915
0.6830956511755277 0.6971163575711611
0.7259965019180441 0.7157434656189532
0.7682129456889262 0.734073411200532
0.8097559009873343 0.7521109350159084
0.8506361121271436 0.7698607021356343
0.8908641520157603 0.787327303207336
0.9097826069676197 0.7935735747139472
0.9297849430319719 0.794572716375379
0.948477603917877 0.7871572432281079
0.9624291660314571 0.7723171382409704
0.9718072644908522 0.7539470391851979
0.9781864223038402 0.734117237396166
0.9826405910062219 0.713574127997995
0.9857237279919092 0.2645928938894889
0.985748806105795 0.23673884150610075
0.9857898652418239 0.6926022233260756
0.9859136409968587 0.2927552028207634
0.9860155945180662 0.20919157053335175
0.9862905870048888 0.32122796521296354
0.9865499264355587 0.18195040123893305
0.986824428488203 0.35001404176963097
0.9873774099968364 0.15501554324206662
0.9874821312421241 0.37911690472533577
0.9880081276228174 0.6713238858861498
0.9882265445853903 0.4085405877203424
0.9885237697597067 0.12838821230364303
0.9890147156258569 0.4382896261009971
0.9895349036972829 0.6497966971196536
0.9897958008011135 0.4683689549464114
0.9900155141781208 0.10207079439615158
0.9905078181054882 0.4987837286174547
0.9905336323915404 0.6280493820122934
0.9910728671166638 0.5295389615184584
0.9911213311392868 0.6060965201806994
0.9913854679083788 0.583945282806152
0.9913897749725329 0.5606387863571775
0.9913942291470205 0.5615987477949073
0.9918795733912404 0.07606699237890927
0.9941447638943202 0.050382127009467356
0.9968408990672408 0.025023337219591053
1.0 0.0
