# CURVE 2D, normalized by CHORD
# COLUMN#1 = X-coordinate, COLUMN#2 = Y-coordinate
#-------------------------------------------------------------------------------
-0.0020808750536676535 0.029198936221247015
-0.00206197850814657 0.039003606069471536
-0.001699084271866911 0.019423589982575675
-0.0015468981923084312 0.0488165324302003
-0.0015401007726519908 0.04889924175839698
-0.000987510676317729 0.009688706184731223
-0.0005556159991757982 0.057594455753170126
0.0 0.0
0.001045277274559863 0.06618699008964087
0.003424711321189564 0.07458575052656058
0.006790622236783617 0.08262661886848166
0.0067906222367836175 0.08262661886848166
0.008462452099093212 0.08592975226318392
0.010160337134040513 0.08928436440747942
0.011884683406881619 0.09269125758857337
0.013635903311327798 0.09615124659717517
0.01541441566817335 0.09966515892236325
0.01722064582546057 0.1032338349494869
0.01905502576020573 0.1068581281611525
0.02091799418171049 0.11053890534134175
0.022809996636483355 0.11427704678271144
0.024731485614796347 0.11807344649712366
0.026682920658902324 0.12192901242945718
0.028664768472938862 0.1258446666747511
0.03067750303454495 0.12982134569873263
0.03272160570821723 0.13386000056178154
0.03479756536043286 0.1379615971463855
0.036905878476566574 0.1421271163881398
0.03901419159270029 0.14629263562989409
0.04109015124491592 0.15039423221449805
0.0431342539185882 0.15443288707754696
0.045146988480194286 0.15840956610152848
0.04712883629423083 0.1623252203468224
0.0490802713383368 0.16618078627915595
0.0510017603166498 0.16997718599356815
0.05289376277142266 0.17371532743493784
0.05475673119292741 0.1773961046151271
0.05659111112767258 0.1810203978267927
0.0583973412849598 0.18458907385391635
0.060175853641805346 0.18810298617910443
0.06192707354625153 0.1915629751877062
0.06365141981909264 0.19496986836880018
0.06534930485403993 0.19832448051309567
0.06702113471634953 0.20162761390779793
0.0755469606113925 0.21349345012705132
0.08607452911626226 0.22379755652316927
0.09750818203928699 0.23323153008839553
0.10947824941845655 0.242124585281492
0.12181634347767407 0.2506559899735467
0.13443052648816 0.25893624623658035
0.1472640590852074 0.2670402888077506
0.16027834240080716 0.27502330402813896
0.17344470751353622 0.28292921004969884
0.17373592941214058 0.2831025869418357
0.187268804135908 0.2911070702902208
0.20075056794719578 0.2990143073175113
0.21415915036751884 0.3068627808753868
0.22747107160849372 0.31469358723428903
0.24065771885876655 0.3225558025474164
0.25367872704918937 0.33051573382594335
0.26646700553949393 0.3386766049698898
0.2788845559756827 0.34723147702312335
0.2905217093013462 0.35666680077432883
0.3049330685633883 0.37027052631856067
0.31957566987108893 0.38409253476492733
0.33445322369219155 0.3981363286411157
0.34956950003192905 0.4124054666757341
0.3649283293883517 0.4269035647001017
0.38053360372298356 0.4416342965645085
0.39638927744705454 0.45660139506917696
0.41249936842355683 0.4718086529101621
0.4288679589853803 0.4872599236404289
0.4454991969697847 0.5029591226463512
0.46239729676947083 0.5189102281398795
0.479295396569157 0.5348613336334078
0.49592663455356134 0.5505605326393301
0.5122952251153848 0.566011803369597
0.5284053160918871 0.5812190612105821
0.544260989815958 0.5961861597152506
0.5598662641505899 0.6109168915796573
0.5752250935070126 0.625414989604025
0.5903413698467501 0.6396841276386434
0.6052189236678527 0.6537279215148317
0.6198615249755534 0.6675499299611984
0.6342728842375954 0.6811536555054303
0.6512947307105248 0.6869170506960208
0.6644756427454548 0.6735299453034647
0.6727254946249162 0.6561027021657712
0.6792896284812076 0.6377872728173427
0.6850938558990637 0.6190462627754121
0.6905211428766711 0.6000234333029193
0.6957728963529708 0.5807817480075461
0.7009722479863756 0.5613551361996727
0.7062029293397428 0.5417648946340768
0.7115267285882874 0.5220261872567136
0.7169924414469798 0.5021510739532445
0.7226406539886059 0.48215003600116946
0.7285068835418199 0.4620329348911113
0.7287693753380928 0.46114911371088696
0.7379782630306567 0.4310469945450548
0.7476079136838746 0.4014358535585869
0.7577072563204488 0.37233905461668604
0.7683155730602843 0.34378023039724476
0.7794653000636966 0.3157839685055946
0.7911834855776859 0.28837616322265874
0.8034929215522755 0.2615843532583485
0.816412853508154 0.23543799584115624
0.8299581694257193 0.20996802823677807
0.8441405116628377 0.18520736663414644
0.8589669370174153 0.16119011626743332
0.8744403620519376 0.13795166035750506
0.890558796673041 0.11552797651629282
0.9073148722609136 0.09395494425594995
0.9246956661124688 0.07326770423632754
0.9426824103536747 0.053499769996413336
0.9612501826300689 0.034681875212437284
0.9803682655126215 0.016841219333768722
1.0 0.0
