# CURVE 2D, normalized by CHORD
# COLUMN#1 = X-coordinate, COLUMN#2 = Y-coordinate
#-------------------------------------------------------------------------------
0.0 0.0
0.009782504153790327 0.0021485320420355555
0.019513036342628683 0.004618704596788831
0.02915856346716791 0.0074857065358320644
0.03866477540176454 0.010855443256015108
0.047936313506924885 0.014882584125130511
0.04800844948139704 0.014917677064214076
0.055027418791241824 0.018706092343404677
0.06160970833255848 0.023195770014763993
0.06746084014092663 0.028587476412404084
0.07206383849768681 0.03505784614448243
0.07576366648312222 0.04199607196731313
0.07952196784496579 0.04904395193940167
0.08333966671692378 0.0562032190733015
0.08721770183803493 0.06347563377070298
0.09115702678349832 0.07086298425530091
0.09515861019914924 0.07836708701250328
0.09922343603964076 0.08598978723608916
0.1033525038103897 0.09373295928192599
0.10754682881334626 0.10159850712885732
0.11180744239664808 0.10958836484687473
0.11613539220821968 0.11770449707268887
0.12053174245338007 0.1259488994928166
0.12499757415652159 0.1343235993343029
0.12953398542692443 0.14283065586319857
0.13407039669732726 0.15133771239209423
0.13853622840046878 0.15971241223358054
0.14293257864562917 0.16795681465370826
0.14726052845720078 0.1760729468795224
0.1515211420405026 0.18406280459753982
0.15571546704345915 0.19192835244447115
0.1598445348142081 0.19967152449030798
0.1639093606546996 0.20729422471389386
0.16791094407035054 0.21479832747109623
0.17185026901581393 0.22218567795569416
0.17572830413692508 0.22945809265309564
0.17954600300888304 0.23661735978699547
0.18330430437072665 0.243665239759084
0.18700413235616203 0.2506034655819147
0.19198593212896417 0.26577841706313776
0.1946531145518554 0.2816760171367947
0.19639002971446834 0.2978128566567912
0.1976287797549769 0.3141040627628297
0.19857213215129593 0.33052359738768394
0.19933845624883925 0.34706140872720403
0.20000831356182788 0.36371310871418244
0.2006440848338906 0.38047653625120065
0.20130016773825168 0.3973502917320506
0.20202953011986435 0.4143328893086323
0.20204874365794112 0.4147493585812485
0.20291619206531009 0.4319062471512738
0.20397028519327706 0.44894499820407446
0.2052877903813175 0.4658582244596622
0.20697187744451784 0.4826320479075017
0.2091749676240284 0.49923876355257907
0.21214824411923852 0.5156171255106449
0.21636896893456112 0.5316064602788136
0.22295056508242328 0.5466339190587245
0.23480112635319794 0.557381543718615
0.2657235088897042 0.5675162017210851
0.29714523785739444 0.5778145180477101
0.3290743768929577 0.58827913551555
0.3615191198477652 0.5989127396188829
0.39448779289062574 0.6097180592183732
0.42798885664449926 0.6206978672413683
0.4620309083577131 0.6318549813935045
0.49662268411024074 0.6431922648818036
0.5317730610556082 0.6547126271494472
0.5669234380009757 0.6662329894170909
0.6015152137535033 0.6775702729053901
0.6355572654667171 0.6887273870575262
0.6690583292205907 0.6997071950805213
0.7020270022634513 0.7105125146800115
0.7344717452182586 0.7211461187833444
0.766400884253822 0.7316107362511844
0.7978226132215123 0.7419090525778095
0.8287449957580185 0.7520437105802795
0.8484474473750139 0.7480853113621198
0.8615329516291775 0.7315474948844266
0.8704771388535789 0.7121128827050586
0.8774150059103606 0.6916526169630803
0.8831783292751689 0.6706212548453023
0.8881681049325145 0.6491856369160233
0.89261044340726 0.6274224650291027
0.8966475261328174 0.6053721898255384
0.900376062181744 0.5830581105927574
0.9038657606889161 0.5604944309406535
0.9071697303348407 0.5376901945819116
0.9103299200253221 0.5146512627626403
0.9133810660244003 0.4913815184480728
0.9163528053801414 0.46788352642262093
0.9192715155693914 0.44415900470694186
0.9193979927247626 0.4431191001644434
0.9226699635251514 0.41596143028065863
0.9258732337660311 0.3890762197695536
0.9290402712462278 0.3624645048349793
0.9322007668702779 0.33612700420849584
0.9353829372698657 0.3100643738409308
0.9386147206037085 0.2842774431750715
0.9419247205974635 0.25876743344887193
0.9453435293103656 0.2335362563571971
0.9489050995545844 0.20858688242215792
0.9526484733808303 0.18392386111908146
0.956620182391213 0.15955411235977965
0.9608781444417945 0.13548826683654203
0.9654969962424114 0.11174283604604583
0.9705776735169289 0.08834431489492013
0.9762637482972528 0.06533719324265942
0.9827729657271977 0.042801555097578256
0.9904644356227944 0.02089742541937132
1.0 0.0
