# CURVE 2D, normalized by CHORD
# COLUMN#1 = X-coordinate, COLUMN#2 = Y-coordinate
#-------------------------------------------------------------------------------
0.0 0.0
0.00016102426448521312 5.136688690675572e-05
0.00033803972481931724 0.00010821794377010419
0.0005326199108051869 0.00017117850349355806
0.0007464889041918243 0.00024095586357779884
0.0009815370279263266 0.00031834482338703637
0.0012398321299832615 0.00040425175576577554
0.0015236373975246098 0.0004997040852801428
0.0018354267299218311 0.0006058730131370095
0.0021779008757655967 0.000724099812292988
0.002554004196857061 0.0008559263155456111
0.0029669418585935173 0.0010031303247094445
0.0034201971627837086 0.0011677667920689536
0.003917540913314262 0.0013522363765790923
0.0044630469576797515 0.0015593409944516274
0.0050610923170298265 0.001792383376548143
0.005716353079790296 0.002055275552936402
0.0064337803672746595 0.002352690731445223
0.007218557775222355 0.002690243871152767
0.008076013322294743 0.0030747488984807073
0.009011472343005705 0.0035145522016842286
0.010030013643794949 0.004019977864081415
0.011136060936497284 0.004603944019381387
0.012332712553249543 0.00528279745669541
0.013620616765338999 0.006077471065786735
0.01364194321747132 0.006091259333024028
0.014563136431544036 0.006708810768155395
0.015381702400128544 0.007297413642596836
0.016108165720607758 0.007856286960927451
0.016752189491555707 0.008384987419805274
0.01732261402341222 0.008883397638537927
0.01782749746130158 0.009351700567517126
0.018274154870092763 0.009790349194324824
0.018669195104960963 0.010200034729556504
0.019018567325959596 0.01058164424477469
0.019327592981229783 0.010936232970338678
0.019601031067166017 0.011264968958356911
0.019843098931493518 0.011569120006299312
0.020057537532607434 0.011850005373751797
0.020247653155745983 0.012108971614214564
0.020416352189924145 0.012347375444599677
0.020566196841081196 0.012566553864196469
0.02069942759400784 0.012767820081098412
0.020818016440943783 0.012952439542103214
0.02092368873636616 0.013121628507793167
0.0210179562612275 0.013276545470218063
0.021102145344793072 0.013418286269585392
0.02117740940137123 0.013547888437995348
0.021244771882292807 0.013666317556073837
0.021305125680190464 0.013774478970056426
0.021305125680190468 0.01377447897005643
0.02357292162300849 0.017876686575046014
0.026521056348671926 0.023209556461532457
0.030353631492034405 0.030142287313964844
0.035335979178405606 0.039154837422126956
0.04181303117068818 0.05087115256273768
0.05023319876065552 0.06610236224553163
0.06117941662761306 0.08590293483316377
0.07540949985465786 0.11164367919708557
0.0939086080498161 0.14510664687018385
0.11240771624497434 0.17856961454328213
0.12663779947201914 0.20431035890720392
0.13758401733897668 0.22411093149483607
0.14600418492894401 0.23934214117763003
0.1524812369212266 0.25105845631824075
0.1574635846075978 0.26007100642640285
0.1612961597509603 0.26700373727883525
0.1642442944766237 0.2723366071653217
0.16651209041944173 0.2764388147703113
0.1669149966886276 0.27716862977873535
0.16735723565431845 0.27797195437123984
0.1678425703256495 0.27885623155349554
0.16837510708232922 0.2798296659845876
0.16895934023637152 0.2809012943151273
0.16960019102119547 0.28208106809937095
0.17030305141929647 0.28337994449473963
0.17107382970239524 0.28480998746348485
0.17191905770579138 0.2863844484188765
0.17284593795990122 0.2881178934387835
0.17386250905212292 0.29002628258145985
0.17497779301902647 0.2921270764133067
0.17620206822146087 0.2944392948929466
0.17754723022340874 0.29698355050266034
0.17902736953196063 0.2997819877806252
0.18065965155663744 0.3028580808061211
0.18246572040171719 0.30623615672058563
0.18447398817457272 0.3099404074868375
0.18672338923357754 0.313992949367819
0.18926974475127084 0.3184099425300069
0.1921965367252624 0.32319373090754266
0.19563292153742853 0.32831636485693544
0.19978109919565532 0.3336844995399428
0.20494377267801359 0.3390685879261289
0.20502263828314726 0.3391400189021699
0.21032384012577204 0.34325902051174845
0.21566501179136513 0.3462116522212201
0.22086089304341416 0.34816068243934895
0.22576706488065007 0.3493415395783435
0.23031082405957465 0.34998036790065656
0.23447367911899747 0.3502538502090059
0.23826637030788175 0.35028735753927975
0.2417124202068625 0.35016633014209864
0.2448396073736019 0.34994831915662217
0.24767602220387935 0.3496720576956608
0.2502483913437866 0.34936372201279114
0.2525814387077381 0.34904094643542016
0.25469774268268547 0.34871563057327404
0.2566177779540642 0.3483956531772806
0.2583600770428631 0.34808622900634156
0.2599413726762523 0.3477905912466895
0.26137678919099844 0.34751069700062226
0.26267998412186144 0.34724753119818774
0.26386330259529645 0.3470014357324107
0.26493789852674354 0.34677225976666404
0.2659138763262894 0.346559614126391
0.266800373388689 0.346362863743213
0.26760566072245934 0.3461812323222867
0.26833724198137204 0.34601391922237185
0.28782744031336205 0.3415270306590471
0.30731763864535205 0.3370401420957223
0.32680783697734206 0.33255325353239756
0.34629803530933195 0.3280663649690728
0.36578823364132185 0.3235794764057481
0.38527843197331174 0.31909258784242334
0.4047686303053018 0.31460569927909854
0.42425882863729186 0.31011881071577374
0.4437490269692819 0.305631922152449
0.463239225301272 0.3011450335891242
0.48272942363326204 0.2966581450257994
0.5022196219652522 0.29217125646247466
0.5217098202972424 0.2876843678991498
0.5412000186292331 0.2831974793358249
0.5606902169612238 0.2787105907725
0.5801804152932144 0.2742237022091751
0.599670613625205 0.26973681364585017
0.6191608119571956 0.2652499250825252
0.6386510102891862 0.26076303651920035
0.6581412086211769 0.25627614795587544
0.6776314069531675 0.25178925939255054
0.6971216052851582 0.24730237082922563
0.7166118036171488 0.24281548226590072
0.7361020019491394 0.23832859370257578
0.7555922002811299 0.2338417051392509
0.7750823986131207 0.229354816575926
0.7945725969451113 0.22486792801260108
0.8140627952771019 0.22038103944927617
0.8335529936090925 0.21589415088595124
0.8468109544020711 0.2128420017163153
0.8483740457762243 0.21247403130578693
0.8500890529016536 0.21205104712380415
0.8519698807814631 0.21156332584968318
0.8540312906571397 0.21099871138348034
0.8562888607211367 0.21034230313052343
0.8587588603224987 0.2095759328689275
0.8614578414234633 0.20867695391340468
0.8644022513613818 0.20761750964144285
0.8676074609829567 0.2063626479420485
0.8710864779429031 0.2048685995574843
0.8748478788104386 0.20308046554218107
0.8788928732479877 0.20092988461437894
0.8832104397612845 0.19833163821239322
0.8877717228107123 0.19518266391428224
0.8925218312893247 0.19136111393101643
0.8973721484514969 0.18673075848902546
0.9021972372925205 0.1811523685984438
0.9068406936306308 0.17449991089919406
0.9111372292284611 0.16667828442420357
0.9149466733172034 0.15763055356456385
0.9181881862488024 0.14732868736595098
0.9208640985270001 0.1357527435395703
0.9230757469306549 0.12287049573303818
0.9250466567664578 0.10862738399294218
0.9250821258389033 0.10835749968681888
0.927015274294121 0.09406489433448012
0.929113793546776 0.08112309072930687
0.9316090712687018 0.0694693602316953
0.9346083707838637 0.05905947368390421
0.9381252470398314 0.049861253094664375
0.9420985624024186 0.04183947700864409
0.9464133491143552 0.03493951695473644
0.9509280397226527 0.029078282977547783
0.9555023953742199 0.02414702255313019
0.9600173502918258 0.020022672974701932
0.9643842083994716 0.016581839773760106
0.9685436148277866 0.013710197367885117
0.9724609564164614 0.011308271528627173
0.9761195896480349 0.0092919324963854
0.9795157010555515 0.0075920740866771835
0.9826538686972528 0.006152571617482995
0.9855437595723705 0.004927747254980278
0.9881981766160666 0.0038808146681604725
0.9906315087179792 0.0029819856650881277
0.9928587472633615 0.0022069956003687653
0.9948949114839752 0.0015361028420628378
0.9967546415635685 0.0009531620264142752
0.9984519098579018 0.0004447530045450793
1.0 0.0
