# CURVE 2D, normalized by CHORD
# COLUMN#1 = X-coordinate, COLUMN#2 = Y-coordinate
#-------------------------------------------------------------------------------
0.0 0.0
0.008319382395468113 0.008152134968042206
0.016617526309490278 0.016384894053441932
0.024881773515913287 0.024710432883463602
0.03309340832586027 0.033146247563950786
0.04122272343782019 0.041719227439390834
0.0492173240738972 0.05047484346625469
0.049285011944868076 0.05055087726767564
0.05446261351527352 0.05650081384544042
0.05945299789763351 0.06260087716014487
0.06409390424552182 0.06896190072911593
0.0676201830999089 0.07595776761952469
0.0707489120790021 0.08975421502945677
0.07392756612274913 0.10377081206996944
0.07715694188439078 0.1180110716642381
0.08043784872934735 0.1324785627910818
0.08377110893806672 0.147176911379442
0.08715755791210913 0.16210980121713442
0.09059804438352052 0.1772809748741021
0.09409343062754681 0.1926942346404004
0.09764459267874248 0.2083534434791498
0.10125242055052756 0.22426252599469468
0.10491781845824814 0.240425469416211
0.10864170504579615 0.25684632459700973
0.11236559163334416 0.27326717977780846
0.11603098954106474 0.2894301231993248
0.11963881741284982 0.30533920571486967
0.12318997946404549 0.32099841455361905
0.1266853657080718 0.33641167431991736
0.13012585217948316 0.35158284797688505
0.13351230115352558 0.36651573781457747
0.13684556136224496 0.38121408640293764
0.14012646820720154 0.3956815775297814
0.14335584396884318 0.40992183712405
0.14653449801259022 0.42393843416456267
0.1496632269916834 0.43773488157449475
0.15244945832256732 0.450858070083253
0.15492180269617498 0.46410741091212837
0.15716414633640316 0.4774611495528473
0.15932681516049868 0.49089171422753236
0.16167650715884538 0.5043544191788701
0.16469436483722188 0.517745359092126
0.16924411083257954 0.5307510003454576
0.16929956021560774 0.530872448178854
0.1753293174562324 0.5409157433221737
0.18376878721494425 0.5489530332220032
0.19400412525217914 0.5544537012662821
0.20508786880217564 0.5578346784404595
0.21647316040346642 0.5597670680310891
0.22793577986253521 0.560743442533783
0.2393897269739615 0.5610723597922754
0.26507965955530904 0.5612434007018327
0.29118328207710986 0.5614171959161536
0.317707256268284 0.5615937897883393
0.3446583511328575 0.5617732273857172
0.3720434446774341 0.5619555545013428
0.3998695256664849 0.5621408176656858
0.42814369540590347 0.5623290641585051
0.45687316955528207 0.5625203420209148
0.4860652799693716 0.5627147000676442
0.5157274765691945 0.5629121878994956
0.5453896731690174 0.563109675731347
0.5745817835831069 0.5633040337780764
0.6033112577324855 0.563495311640486
0.631585427471904 0.5636835581333054
0.6594115084609549 0.5638688212976485
0.6867966020055316 0.5640511484132741
0.7137476968701051 0.564230586010652
0.7402716710612791 0.5644071798828377
0.76637529358308 0.5645809750971587
0.7920652261644275 0.5647520160067159
0.8122958657605108 0.5628487637006735
0.8316938356863752 0.5562902081070283
0.8489673202878708 0.5449708529040688
0.8633467861080616 0.5298791771460543
0.8749219753315306 0.5123097246003406
0.8842022731342639 0.4932166207095184
0.8917191234565578 0.473164145354172
0.897901079062067 0.4524674829252927
0.9030716919488305 0.4313042958893504
0.9074744211579183 0.40977779935705017
0.9112971382786821 0.3879501844023651
0.9146892785457018 0.3658601587225571
0.9177742741695772 0.34353268525529024
0.917870441774955 0.342804687748084
0.9210655061873035 0.3177015789064148
0.9240904018589825 0.2928151302352378
0.9270664714734812 0.26815834027050806
0.9301015853930933 0.2437422362815923
0.9332962881296728 0.2195780741456379
0.9367488104194897 0.1956792298552579
0.9405594912770409 0.1720631783562876
0.9448347117916158 0.14875386079431963
0.9496913981534503 0.12578496507052483
0.95526175158624 0.10320462196334895
0.9616976171554937 0.08108214158954735
0.96917565201404 0.059518294817327094
0.977899473618798 0.03865989483374757
0.9880963596936827 0.01871979434828094
1.0 0.0
