# CURVE 2D, normalized by CHORD
# COLUMN#1 = X-coordinate, COLUMN#2 = Y-coordinate
#-------------------------------------------------------------------------------
-0.002074636143622496 0.009817626783693047
-0.00206196104272823 0.011003763184166376
-0.0020399393729830244 0.008739805609020433
-0.0019880974681256605 0.012306480368910492
-0.0019695364425582687 0.007761981439455057
-0.0018730956122256866 0.006875974028675659
-0.0018369858204565354 0.013733777799025116
-0.0017585126483073696 0.006073891631915779
-0.0016321304379619164 0.005348241059186602
-0.0015903241743203092 0.015293176227331895
-0.0015843308141260189 0.015325482302147104
-0.0014989574151684985 0.004692000480405502
-0.0013628824421392184 0.004098658231643318
-0.0012268865172302356 0.003562220814178273
-0.0011830219091556451 0.017173798437686228
-0.0010931969799159978 0.003077209111584197
-0.0009634368751308114 0.0026386378499202823
-0.0008387480793641373 0.0022419874149554883
-0.0007274568273259236 0.01883186010992559
-0.0007199027118594932 0.0018831679352383965
-0.0006073710835512148 0.0015584895519417314
-0.0005013975703479466 0.0012646253505658967
-0.00040205470283382824 0.0009985779597311778
-0.00030928711749969866 0.0007576477337245271
-0.000244440009102633 0.020318600691995814
-0.00022293433452821783 0.0005394080442963809
-0.00014278694637951577 0.0003416669502360212
-6.85718806748554e-05 0.00016245688879156018
0.0 0.0
0.0002471125670879396 0.0216520354022678
0.0007341211004776494 0.022848706364376196
0.0012077437318560062 0.02392351471693497
0.0016622263859170506 0.024889729481938735
0.0020940086581566148 0.025759112390152075
0.0025011164293970317 0.026542054781907326
0.0028826767000046357 0.027247744943697534
0.003238618602528458 0.027884296304242162
0.0035693933418947995 0.02845890041954377
0.003875832004153546 0.028977925476850293
0.004158993761277905 0.029447032122724072
0.00442009343986244 0.029871250115849204
0.004660413235900111 0.030255067793487227
0.004881273476162704 0.030602486741469995
0.005083983992629318 0.030917088029905778
0.005269827701409912 0.03120207717121539
0.005440044526333952 0.03146032698323225
0.005595819711452162 0.031694415715039
0.005738272111807878 0.03190666325502641
0.005868457340199624 0.03209915540592924
0.005987366834095675 0.032273768740394365
0.00598736683409568 0.032273768740394365
0.008448294285789831 0.035875762868718214
0.011647499972992248 0.04055835523553923
0.01580646736635538 0.04664572531240656
0.02121312497772747 0.05455930641233407
0.028241779872511162 0.06484696184223984
0.03737903123572997 0.07822091390111734
0.04925745800791442 0.09560705157765809
0.0646994128117542 0.11820903055716106
0.08477395405674591 0.1475916032305149
0.10484849530173762 0.17697417590386874
0.1202904501055774 0.19957615488337171
0.13216887687776185 0.21696229255991248
0.14130612824098066 0.23033624461879
0.14833478313576437 0.24062390004869577
0.15374144074713644 0.24853748114862328
0.15790040814049958 0.2546248512254906
0.161099613827702 0.2593074435923116
0.16356054127939615 0.26290943772063546
0.16458551086666004 0.264484305532627
0.16563714235425928 0.26626372492987016
0.1667109395434943 0.26826783403508564
0.1678024691401441 0.27051810722062597
0.1689071091738603 0.27303775436666006
0.17002024795622964 0.2758518869820418
0.17113745135238692 0.278987755861027
0.17225412148216546 0.2824751903211889
0.17336585457909437 0.28634679114381373
0.17446824111765566 0.2906383504098573
0.17555701844872776 0.29538918056337804
0.17662809986660796 0.30064251880229803
0.17767766861689302 0.3064459521927362
0.17870235333137108 0.31285187342009474
0.1796995050557053 0.31991797593760257
0.18066754414835548 0.3277078026070209
0.1816064653199133 0.3362913425472065
0.1825187221953189 0.34574566577840754
0.1834103531897836 0.3561556270834929
0.18429277813107706 0.3676146034192974
0.18518555139147141 0.3802252505138023
0.18612069277843202 0.39410021540124046
0.18714970733246325 0.40936265216235457
0.18835575548904543 0.4261461378933531
0.1883857436698073 0.42654094332326314
0.18958452202435314 0.44130528874412445
0.1908446444551318 0.45471245285132916
0.1921857455595813 0.46688076702506537
0.19361819479753709 0.4779172222885173
0.19514652064177612 0.48791835461741573
0.19677168884084154 0.49697104887981897
0.1984923706155749 0.5051532887807877
0.20030591076949467 0.5125347793044032
0.20220846571484108 0.519177601308712
0.20419545867788186 0.5251366772200754
0.20626138322659154 0.530460301309049
0.20839913539361596 0.5351908485820012
0.21059970306206324 0.5393654310814043
0.21285158982568905 0.5430167650621895
0.2151393173062269 0.5461749761417496
0.21744349147649628 0.5488691113245012
0.21974062771799735 0.5511294065560214
0.22200417390537253 0.552989337840297
0.22420672468863942 0.5544867206942788
0.22632263958542928 0.5556637537257986
0.2283307201613561 0.5565654036772213
0.23021600182392588 0.5572365933331892
0.23197005410137853 0.5577196285845878
0.23359012043632835 0.5580530524111059
0.2532953238075192 0.5614743036588236
0.27300052717871004 0.5648955549065412
0.2927057305499009 0.5683168061542588
0.31241093392109154 0.5717380574019764
0.3321161372922822 0.575159308649694
0.3518213406634728 0.5785805598974115
0.37152654403466345 0.5820018111451292
0.3912317474058541 0.5854230623928467
0.4109369507770447 0.5888443136405643
0.43064215414823537 0.592265564888282
0.45034735751942595 0.5956868161359996
0.4700525608906166 0.5991080673837171
0.4897577642618076 0.6025293186314348
0.5094629676329991 0.6059505698791525
0.5291681710041908 0.6093718211268703
0.5488733743753823 0.6127930723745881
0.5685785777465738 0.6162143236223058
0.5882837811177654 0.6196355748700236
0.6079889844889568 0.6230568261177413
0.6276941878601483 0.626478077365459
0.6473993912313398 0.6298993286131768
0.6671045946025312 0.6333205798608945
0.6868097979737228 0.6367418311086123
0.7065150013449143 0.64016308235633
0.7262202047161056 0.6435843336040477
0.7459254080872972 0.6470055848517655
0.7656306114584888 0.6504268360994833
0.7853358148296803 0.653848087347201
0.7987380375984063 0.6561750042790369
0.8023475430349502 0.6566426247458054
0.8063484685012452 0.6567718988393986
0.8107355817595426 0.6564042060996074
0.8154621143942384 0.655353915719544
0.8204313990397571 0.6534394564020005
0.8255111029456589 0.6505219753300939
0.8305680453945044 0.646526944998275
0.8355026520828226 0.6414353934661499
0.8402589410306275 0.6352522428747345
0.8448167088339732 0.627980373886376
0.8491767595276791 0.6196061224994484
0.8533507067118077 0.6100956077427431
0.8573536438049133 0.5993945209372745
0.861201700460354 0.5874299183691253
0.8649108265449227 0.5741114604952152
0.8684961932914989 0.5593320701255249
0.8719734138294929 0.5429683825145952
0.8753596147110331 0.5248805029444652
0.8786749298419387 0.5049113927709853
0.8819452771406643 0.482886065268112
0.8852049739408321 0.4586103752663333
0.888502060550465 0.4318698750655701
0.8919049163082339 0.4024285157111704
0.8955132592021026 0.3700276831663599
0.8956166567134483 0.36909227040801645
0.9000079915574026 0.32967054745369867
0.9041815825251605 0.29385336795396255
0.9082760231294985 0.26132878275758914
0.9123714913868529 0.23181046255376164
0.9165135434883742 0.20503718755246558
0.9207262052928852 0.180771348048431
0.9250200781671823 0.15879723357755532
0.9293970355856644 0.13891924196761268
0.9338528203717882 0.12096006222697651
0.9383797457127446 0.10475923687304116
0.9429667728977487 0.09017134707041694
0.9476014036048896 0.07706489967574201
0.952268743193056 0.06532051477393404
0.9569523103467119 0.05482972335360841
0.9616338420701943 0.04549348656469748
0.9662936519936088 0.03722098395652439
0.9709096508685667 0.029927616675236732
0.9754587642471506 0.02353427453336817
0.97991620040283 0.01796526792999545
0.9842570932548238 0.013147829158254331
0.9884569386597722 0.009010919652008445
0.9924933312299475 0.0054854667348715035
0.9963461579186266 0.0025034196275492064
1.0 0.0
