# CURVE 2D, normalized by CHORD
# COLUMN#1 = X-coordinate, COLUMN#2 = Y-coordinate
#-------------------------------------------------------------------------------
0.0 0.0
0.01029473359123435 0.004374798017070352
0.02003866157492013 0.009909156348191788
0.028999631246642826 0.016671562376494264
0.03693617934892408 0.024641024549903003
0.03699232294078971 0.024706298115768743
0.042499813399473924 0.03192914415158746
0.04714244682466106 0.039715583641986386
0.050922198662132837 0.04793643301561633
0.05388132628486689 0.05646878159248111
0.05608744827376382 0.06520829229987699
0.05764140175829571 0.07258995722832597
0.05921989091943784 0.08008817271336008
0.0608233031558046 0.08770477899459626
0.06245203198272313 0.09544164536755602
0.06410647712881135 0.10330067064243478
0.06578704463408075 0.11128378361011487
0.06749414694958832 0.1193929435155365
0.0692282030386617 0.12763014053854288
0.0709896384797228 0.13599739628231733
0.07277888557073474 0.14449676426953278
0.07459638343529806 0.1531303304463347
0.07644257813042203 0.16190021369428176
0.0783179227559976 0.17080856635036948
0.08022287756599882 0.1798575747352647
0.08212783237600003 0.18890658312015993
0.0840031770015756 0.19781493577624762
0.08584937169669957 0.20658481902419468
0.08766686956126289 0.21521838520099662
0.08945611665227483 0.22371775318821208
0.09121755209333593 0.23208500893198653
0.09295160818240931 0.24032220595499287
0.09465871049791688 0.24843136586041453
0.09633927800318628 0.2564144788280946
0.0979937231492745 0.26427350410297334
0.09962245197619304 0.2720103704759331
0.1012258642125598 0.2796269767571693
0.10280435337370193 0.2871251922422034
0.10435830685823382 0.2945068571706524
0.10708752945679159 0.3074992683827803
0.10989843760376841 0.3205433729725229
0.1128663278352373 0.3336222838253414
0.11604659606756872 0.34672139849952843
0.11949347601625095 0.3598237877134615
0.1232692655894516 0.372906878297129
0.12745272584583794 0.38593796703730054
0.13215017380263305 0.3988664356883022
0.1322324082720671 0.399077570943127
0.13710905821003608 0.4107170756546245
0.14266183414614914 0.4219877694237804
0.14912583912476507 0.4326953617197539
0.15686257865037684 0.4424445536829906
0.16636873214103276 0.450359645621831
0.177850098823251 0.4546784847754215
0.1900240160449824 0.4537949678179474
0.19002401604498242 0.4537949678179474
0.2160675610670677 0.44641499432459825
0.24253099113670626 0.4389160377773457
0.2694210758182184 0.4312961798810728
0.29674469381770363 0.4235534714130974
0.3245088347426704 0.41568593172454466
0.3527206008900356 0.40769154823368103
0.38138720906295076 0.3995682759110792
0.41051599241692 0.3913140367564823
0.44011440233568205 0.3829267192672345
0.47019001033733554 0.3744041778981413
0.5002656183389891 0.3658816365290481
0.5298640282577511 0.35749431903980033
0.5589928116117203 0.3492400798852034
0.5876594197846354 0.34111680756260154
0.6158711859320007 0.333122424071738
0.6436353268569674 0.3252548843831852
0.6709589448564527 0.31751217591520975
0.6978490295379648 0.3098923180189369
0.7243124596076034 0.3023933614716844
0.7503560046296887 0.2950133879783352
0.7676430269574115 0.28761111889399155
0.7833735736563197 0.2769885109352754
0.7978289645814955 0.26444084384296235
0.8113181819555587 0.2506414371595898
0.8240773133840923 0.23595882662344744
0.8362785341179624 0.2206109282206048
0.8480494069518834 0.20473615079468319
0.8594878204850116 0.18842821228607384
0.8706722449238367 0.17175446387777055
0.8816686897174091 0.15476621183105252
0.8925361078578659 0.1375052828958528
0.9033309399405737 0.1200086337494167
0.9036095769042849 0.119553475808982
0.9123677190070171 0.10518460817811391
0.9210399628495138 0.09089229102411434
0.9296676544290762 0.07670083021042635
0.9383004994429781 0.06263982366885548
0.9470040919092327 0.04874975460738165
0.9558750456648869 0.03509386687141745
0.9650768133833934 0.021788787522074495
0.97494714759533 0.00910990592037081
0.9864828682747238 -0.0018626532207046288
1.0 0.0
