# CURVE 2D, normalized by CHORD
# COLUMN#1 = X-coordinate, COLUMN#2 = Y-coordinate
#-------------------------------------------------------------------------------
0.0 0.0
0.01544017375569737 0.001178845856299145
0.03095095137334965 0.002639919883753145
0.04652299694835466 0.004427581170622774
0.06214272977624993 0.00659752776787008
0.07779001046061507 0.009220939502847011
0.09343417600654383 0.012390818680425584
0.10902692835386389 0.016231797091240237
0.12448894866207298 0.020915393502598432
0.13968318151861658 0.026684024808562877
0.13987412438293692 0.026765887996687186
0.15183724154482994 0.03249909354214521
0.1631218317539837 0.03936750443865349
0.1733429045524782 0.047644946213495444
0.1818769379851856 0.05757124067887677
0.18789507857305415 0.06912551873882768
0.19075192145601913 0.08178132493618821
0.19075192145601913 0.08178132493618823
0.19226008812916065 0.09767032433871575
0.1937923873690754 0.11381356774879853
0.19534920532723413 0.1302151233908565
0.1969309343340177 0.14687912458602553
0.19853797299758727 0.1638097707937868
0.20017072630433677 0.18101132867026382
0.20182960572095265 0.1984881331434531
0.2035150292981067 0.21624458850566036
0.20522742177580808 0.23428516952341683
0.20696721469044127 0.2526144225651555
0.20873484648351648 0.2712369667469319
0.21053076261216053 0.2901574950964778
0.21232667874080458 0.30907802344602375
0.21409431053387978 0.32770056762780014
0.21583410344851298 0.3460298206695388
0.2175464959262144 0.36407040168729526
0.2192319195033684 0.38182685704950253
0.22089079891998428 0.3993036615226918
0.2225235522267338 0.41650521939916885
0.22413059089030338 0.4334358656069301
0.22571231989708695 0.4500998668020991
0.2272691378552457 0.4665014224441571
0.22880143709516043 0.4826446658542399
0.23030960376830195 0.4985336652567674
0.23138983124573145 0.5094237149955123
0.23273277270830445 0.5203045304092306
0.2350113316638634 0.5310389934880392
0.24128991908809483 0.5396631079578116
0.24133201397755347 0.5396815170360476
0.2504871728787113 0.5399468569099825
0.25939710492865015 0.5373713719247999
0.26808279078366265 0.5341565003142034
0.2766903725737999 0.5307889911989383
0.2852806809340353 0.5274297767800602
0.30927809800601547 0.5181320882075742
0.33366196561056344 0.5086846711584896
0.3584385070847024 0.4990851144295779
0.38361404598507065 0.4893309679879827
0.40919500770184236 0.47941974234591384
0.43518792109863835 0.46934890792527145
0.4615994201788457 0.45911589441203815
0.4884362457787717 0.4487180901002742
0.5157052472880639 0.438152841225549
0.5434133843978357 0.4274174512876375
0.5711215215076075 0.41668206134972596
0.5983905230168998 0.40611681247500075
0.6252273486168257 0.3957190081632368
0.6516388476970331 0.3854859946500035
0.677631761093829 0.3754151602293611
0.7032127228106008 0.36550393458729225
0.728388261710969 0.355749788145697
0.753164803185108 0.34615023141678536
0.7775486707896561 0.3367028143677008
0.8015460878616362 0.32740512579521475
0.8156427439474887 0.320543967186371
0.8284161754783728 0.31128062600565226
0.839515386465382 0.29991579507501814
0.8489124194492357 0.2869716585381936
0.8568431296615382 0.27295450844083496
0.8636464092058932 0.2582371142585323
0.869654584439576 0.24306155498038023
0.8751541136833371 0.2275800178799213
0.8803825702910612 0.2118910667051229
0.8855371693100128 0.19606372538300942
0.8856578754512843 0.19569345504124824
0.8919353245093149 0.17673476044941985
0.898480194856032 0.15803111309194823
0.9054684345186459 0.1396533649400766
0.9130342504326132 0.12167159557599103
0.9212763483407906 0.10415716656335089
0.9302613749448086 0.08718213993631443
0.9400254042805234 0.07081652585103278
0.9505763209668482 0.055124907126592376
0.9618962958261931 0.040162397408070157
0.9739461027834846 0.025971574030738888
0.9866696976590064 0.012580034790663611
1.0 0.0
