# CURVE 2D, normalized by CHORD
# COLUMN#1 = X-coordinate, COLUMN#2 = Y-coordinate
#-------------------------------------------------------------------------------
0.0 0.0
0.0005148508566819857 0.00029753488539708357
0.0010809577876843633 0.0006252192109469938
0.001703391852002885 0.0009861613948780924
0.0023877214225354305 0.00138379712410537
0.003140055961445896 0.0018219321504707973
0.003967093456194954 0.002304790440998084
0.004876180837171792 0.0028370528822436276
0.005875365304460493 0.003423925600940537
0.006973458676198145 0.004071201264108104
0.008180101294565834 0.00478533781769109
0.009505829850759314 0.00557354862326461
0.010962146420394326 0.006443910052212965
0.012561583320984745 0.0074054969101781136
0.01431777188386093 0.008468533368086818
0.016245491562661613 0.009644599468876091
0.018360708110621286 0.010946878317444063
0.020680570837440078 0.01239049129289227
0.02322335583638074 0.013992936730033028
0.02600830641139786 0.01577469824194483
0.029055272065157 0.017760151044349814
0.032384016827625664 0.019978907122980772
0.03601282650053362 0.022468029366208956
0.03995568334760617 0.02527586515528214
0.04421600384838412 0.028469456833267168
0.044275905679375324 0.028515829484444477
0.04619155531938423 0.030024814325529753
0.04790900779808276 0.03142660248287275
0.04944655541057675 0.03272953367085813
0.05082078880907974 0.03394123961268668
0.0520467761307902 0.03506867689135835
0.05313818280572967 0.036118206944790544
0.05410742902553283 0.03709561608917343
0.05496579101636832 0.038006180286394284
0.05572350718678179 0.0388547077004568
0.056389913465877774 0.039645545601406464
0.0569734841951381 0.040382661023990206
0.05748198630092759 0.04106961713227153
0.057922504639814014 0.04170964992766668
0.05830153540944197 0.042305681813885776
0.05862508101563515 0.04286033689276924
0.058898679145586184 0.04337599519946683
0.05912747079745996 0.043854816890302704
0.059316279815472085 0.04429876395053139
0.059469571426622805 0.044709671762901276
0.059591583290860485 0.045089241875548684
0.059686261784404 0.04543910995010517
0.05975730508454454 0.04576086223404645
0.05980813186733654 0.04605606656535091
0.05984192916021589 0.04632627852613172
0.060357533242549465 0.051398978317485716
0.06102781854958311 0.05799348804624593
0.061899189448726855 0.06656635069363423
0.06303197161761372 0.077711072135239
0.06450458843716664 0.09219921000932518
0.06641899030258544 0.11103378924563724
0.06890771272762988 0.1355187422528429
0.07214305188018764 0.16734918116221026
0.07634899277851274 0.20872875174438782
0.08055493367683784 0.2501083223265654
0.0837902728293956 0.28193876123593276
0.08627899525444005 0.3064237142431384
0.08819339711985885 0.32525829347945046
0.08966601393941176 0.33974643135353666
0.09079879610829864 0.35089115279514144
0.09167016700744238 0.3594640154425297
0.09234045231447602 0.36605852517128995
0.09285605639680959 0.37113122496264395
0.09289978491399843 0.3715588732871308
0.0929484549083132 0.3720292279442169
0.09300273908044498 0.372546540196309
0.09306336648758332 0.37311548691793045
0.09313124996943394 0.3737411999688279
0.09320740229905584 0.3744293220389321
0.09329307357104566 0.37518604316030885
0.09338978993107609 0.3760181520275067
0.09349938749282669 0.3769330928560104
0.09362415751505346 0.3779390139054636
0.09376700836049125 0.379044817083561
0.0939316778416554 0.3802602027981272
0.09412316608391792 0.38159568210709116
0.09434825427091395 0.3830625614858301
0.09461660327278125 0.3846728010719156
0.0949425947010237 0.38643863931350086
0.09534903381144023 0.38837157674536
0.0958752709432117 0.3904794923835784
0.09659792145947861 0.39275700118334045
0.09769503578200933 0.3951423554497757
0.09964610426810434 0.3972331784821217
0.10273308132762844 0.3975538344475301
0.1059675189324868 0.39624263368399704
0.10930662703246218 0.3943286440557058
0.10936483430575909 0.3942938376588908
0.11424268799759904 0.3914610620005283
0.11884071311500297 0.3891937010703431
0.12320024516464749 0.3875473209349068
0.1272980251164838 0.3864726021847914
0.13110340971960124 0.38587868372187745
0.13459835292600222 0.38566293039223526
0.13778118702786463 0.38572877074963746
0.14066327047162264 0.38599432646310794
0.14326390817575946 0.3863948821938203
0.14560616353995678 0.38688106179902315
0.14771393229494365 0.3874167117363955
0.14961043369938715 0.38797545683980994
0.1513172401946189 0.38853884468625444
0.15285407861398995 0.38909390281017375
0.1542387170591766 0.38963184925770517
0.15548704602224364 0.3901469594805042
0.1566132002391617 0.39063578270666216
0.15762981087919778 0.39109633219573214
0.15854807844264998 0.3915278559889395
0.1593780105383786 0.3919303265659794
0.16012846527646157 0.3923044053304796
0.16080742105006313 0.3926509723492089
0.1614219330135043 0.39297130825195786
0.16197838468187462 0.3932666973607568
0.17960944098275247 0.402708405559768
0.19724049728363038 0.41215011375877914
0.21487155358450824 0.42159182195779027
0.2325026098853861 0.43103353015680146
0.250133666186264 0.4404752383558126
0.26776472248714184 0.4499169465548238
0.2853957787880199 0.45935865475383497
0.3030268350888979 0.4688003629528463
0.32065789138977596 0.4782420711518575
0.338288947690654 0.48768377935086876
0.355920003991532 0.49712548754988
0.37355106029241003 0.5065671957488913
0.3911821165932882 0.5160089039479026
0.4088131728941665 0.5254506121469139
0.42644422919504477 0.5348923203459254
0.444075285495923 0.5443340285449366
0.4617063417968013 0.553775736743948
0.47933739809767956 0.5632174449429594
0.49696845439855786 0.5726591531419708
0.5145995106994361 0.5821008613409822
0.5322305670003143 0.5915425695399935
0.5498616233011927 0.600984277739005
0.567492679602071 0.6104259859380162
0.5851237359029492 0.6198676941370277
0.6027547922038274 0.629309402336039
0.6203858485047042 0.6387511105350496
0.638016904805581 0.6481928187340602
0.6556479611064578 0.6576345269330708
0.6732790174073346 0.6670762351320814
0.6909100737082114 0.6765179433310919
0.7085411300090882 0.6859596515301025
0.7209380478670099 0.692598396196568
0.7241674071287646 0.6941484284315755
0.7278817351103614 0.6954598949501491
0.7321345019786902 0.69627559413415
0.7368928388244195 0.6962107552013018
0.7419422402195646 0.6948443368772699
0.7469284670951455 0.6919681088015736
0.7515893011889521 0.6876731319583358
0.7558559833693108 0.6821529757796165
0.7597686621946319 0.6755471537131542
0.7633944344330857 0.6679177643727936
0.7667961025481408 0.6592699179545939
0.7700260029707591 0.649570870764797
0.7731272870826335 0.6387616031012938
0.7761365005357688 0.6267630431797034
0.7790873256069237 0.6134794942813288
0.7820120219849425 0.5987997904075599
0.7849448192682065 0.5825979567292773
0.7879241475906337 0.5647329592694366
0.7909955294790386 0.5450481771596736
0.7942153100895827 0.523370702447711
0.797655502847557 0.4995105888535695
0.8014102357008758 0.4732602223891519
0.8056050080886697 0.4443941477636627
0.8104101811586686 0.41266986342678025
0.8105655723007639 0.4116742157577288
0.8183023911362288 0.364822143370053
0.8262413586789352 0.3223892029017302
0.834456248843595 0.2840142377890165
0.842960798755551 0.24936632197927258
0.8517358072759377 0.21814316993234192
0.8607425578348813 0.19006845757951735
0.8699308850892347 0.16488910427149422
0.8792424022676241 0.14237190235027927
0.8886148395600754 0.1223011879879993
0.8979822706043878 0.10447530436748044
0.9072783615631662 0.08870472191338849
0.9164375158502907 0.07480964787107727
0.9253968108703579 0.06261845265244007
0.9340984423772546 0.051967137689509106
0.9424909601825501 0.04269867261432352
0.9505311483549895 0.034663599145962835
0.958185558017054 0.027721402057518687
0.9654294006856342 0.02173981132866107
0.9722483006300632 0.016597820741273937
0.9786363047616224 0.012184958765766085
0.9845949031365288 0.00840155661198877
0.9901323980091373 0.005159701790991192
0.9952619331675724 0.0023819287412245992
1.0 0.0
