# CURVE 2D, normalized by CHORD
# COLUMN#1 = X-coordinate, COLUMN#2 = Y-coordinate
#-------------------------------------------------------------------------------
0.0 0.0
0.0002772290251646924 3.970668424800064e-05
0.0005821319428289129 8.372483299789275e-05
0.0009174640518728604 0.0001325661195578749
0.0012862538008986733 0.00018680780249575622
0.0016918287449658425 0.0002471077595610087
0.0021378438815842764 0.0003142218514416441
0.0026283143697081214 0.000389012110566765
0.003167648348595476 0.0004724761027372964
0.0037606844552907047 0.0005657684329001235
0.004412731364542328 0.0006702339658315221
0.005129610375452158 0.0007874474996408181
0.005917700204163655 0.0009192663614856946
0.006783983770341979 0.0010678975740370396
0.007736096175165685 0.0012359837918458844
0.008782370836550337 0.001426722804852202
0.009931881926922908 0.0016440242177938802
0.011194474645498421 0.001892736227207765
0.012580777292454614 0.0021789488032829944
0.014102168524154149 0.0025104606838559367
0.015770666734944958 0.0028974729297558694
0.01759865999273348 0.0033536934540801793
0.01959831610688191 0.0038981423227289792
0.02178025700844746 0.004558401061623621
0.024150466047085456 0.005376752449465935
0.024184137637304957 0.005389303929884718
0.02533966211202065 0.005838817493276901
0.02637772293226159 0.006278036526598263
0.027308507113389856 0.006706541816085122
0.028141292160070008 0.007123924407403569
0.028884552618243443 0.0075297508298203236
0.02954603466490085 0.007923583626077412
0.03013285822085272 0.008304943669319529
0.030651578270781906 0.008673339307209604
0.0311082698916915 0.00902825090289866
0.03150858845065583 0.009369150491641358
0.03185782880063675 0.00969551621963535
0.032160962894398376 0.010006864481391126
0.03242268270665196 0.01030276706421887
0.03264742050061994 0.010582882310158775
0.032839327650284904 0.010847003883636672
0.0330023138734175 0.011095047871379458
0.0331400010238959 0.011327093003106418
0.03325572559203733 0.011543370908611943
0.0333525262304048 0.011744259617971823
0.033433129777843566 0.011930270668737785
0.03349996804401521 0.012102019420471295
0.033555182045104916 0.012260202978775529
0.03360063028598516 0.012405577095417746
0.03363791862928267 0.012538928938363914
0.03363791862928267 0.012538928938363919
0.035684399964288446 0.020294104963941795
0.03834482569979597 0.03037583379719308
0.041803379155955736 0.04348208128041972
0.04629949864896344 0.060520203008614354
0.052144453989873454 0.08266976125526737
0.05974289593305647 0.11146418697591629
0.06962087045919439 0.1488969404127599
0.08246223734317369 0.19755951988065656
0.09915601429234676 0.2608208731889222
0.11584979124151983 0.3240822264971879
0.12869115812549914 0.3727448059650845
0.13856913265163706 0.4101775594019281
0.14616757459482005 0.43897198512257707
0.15201252993573008 0.46112154336923006
0.15650864942873777 0.4781596650974247
0.15996720288489755 0.49126591258065133
0.16262762862040508 0.5013476414139026
0.16467410995541085 0.5091028174394805
0.16489839118315042 0.5099381189295542
0.16515328843821614 0.5108547122508073
0.1654435349619512 0.5118601703231265
0.16577462377153307 0.5129626930875472
0.16615286491781314 0.5141711606064039
0.16658579879885835 0.5154950755093229
0.16708208305681294 0.5169446671258142
0.16765189913076645 0.5185308301951395
0.1683071317166617 0.5202651276960855
0.1690616478505056 0.5221597517637715
0.16993172708454574 0.5242274072831646
0.17093624477905484 0.5264812736858856
0.17209734883706004 0.5289347280257619
0.17344081415197907 0.5316011533622204
0.17499679632083892 0.5344934929049772
0.1768004088861713 0.5376237872253448
0.17889264163211727 0.5410023912254692
0.18132134582103357 0.5446369293041752
0.18414237944762057 0.5485308363570268
0.1874210045942434 0.5526812505546803
0.19123354627181635 0.5570759554469038
0.19566917422299984 0.5616890216173471
0.20083207758914656 0.5664740865094746
0.20684327038257222 0.5713544738106293
0.2069642096339381 0.5714456415587365
0.21302766844517365 0.5756862576559895
0.2187932672664469 0.5791512041740662
0.22423263298592006 0.5819457337234003
0.2293297769976053 0.5841651588637357
0.23407839616136156 0.5858955034295961
0.23847984335571246 0.587213901916976
0.24254141909736324 0.588189159515841
0.2462750550750814 0.5888818444264754
0.24969607424657173 0.5893446442133601
0.2528220955451198 0.5896229528836802
0.2556721311732154 0.5897553720781723
0.2582658254382582 0.5897742909395408
0.2606228422333748 0.5897066004611176
0.2627623984016386 0.589574292726374
0.26470294563550584 0.5893953519340062
0.26646192954409914 0.5891840613692572
0.2680556863690974 0.5889518872699152
0.26949936124972085 0.5887077683879793
0.2708069043576828 0.5884586266801883
0.27199109798040205 0.5882097453504582
0.27306361383106514 0.5879651137582548
0.2740350581691642 0.587727603453746
0.27491506486923295 0.5874992783704865
0.27571236882722955 0.587281556201785
0.2949733627073514 0.5818950810324458
0.3142343565874733 0.5765086058631067
0.3334953504675951 0.5711221306937675
0.35275634434771685 0.5657356555244285
0.37201733822783856 0.5603491803550893
0.39127833210796026 0.5549627051857502
0.4105393259880825 0.5495762300164109
0.4298003198682048 0.5441897548470715
0.4490613137483272 0.5388032796777323
0.46832230762844956 0.533416804508393
0.48758330150857193 0.5280303293390537
0.5068442953886944 0.5226438541697145
0.5261052892688162 0.5172573790003753
0.5453662831489375 0.5118709038310362
0.564627277029059 0.5064844286616972
0.5838882709091804 0.5010979534923581
0.6031492647893024 0.49571147832301893
0.6224102586694246 0.4903250031536797
0.6416712525495467 0.4849385279843405
0.6609322464296689 0.47955205281500124
0.6683482389367136 0.47747811728790324
0.6714955437354923 0.4763997561230981
0.674794622368089 0.47481630137705383
0.6781892452064968 0.47265296639343535
0.6816213254501963 0.46985485731657706
0.685040848152573 0.4663853502934029
0.6884134276860737 0.4622205988896285
0.6917191105806484 0.4573390904519368
0.6949497833418968 0.4517155454745865
0.6981063640260472 0.4453174429303801
0.7011956633616582 0.43810289824545695
0.7042280790554932 0.43001977822250836
0.7072168158790921 0.4210055993162793
0.7101786285496733 0.410987693032723
0.713133507037312 0.3998827403804858
0.716106212249245 0.3875966576859027
0.719127937950597 0.37402421222158305
0.7222390345494779 0.3590486570879321
0.725492379163154 0.3425413088262076
0.7289587039257106 0.3243614029729427
0.7327338233228525 0.30435631461948626
0.7369497431180171 0.2823627830355676
0.7417913903516004 0.2582100320033175
0.7475228225726431 0.23172682138354564
0.7545300479992151 0.20275691307325489
0.7547239891754083 0.2020076818892539
0.7647656293041957 0.1667679530508237
0.7756883485258754 0.13530029112915135
0.7875627525846236 0.10744667597668611
0.8003875420973359 0.08309308546139461
0.8140854888008375 0.062156662987687385
0.8284902115376387 0.04455744692885517
0.8433429494622365 0.03017689254755661
0.8583138678065858 0.01881520640500999
0.873051400240294 0.010169733879822764
0.8872434874709135 0.0038533243760857736
0.900660670164805 -0.0005569419533636843
0.9131669216612637 -0.003468418479855536
0.9247062485051241 -0.005238121677912775
0.9352797570857998 -0.006159343569319114
0.9449240679894712 -0.006463126610569517
0.9536951760910138 -0.0063271500551222186
0.9616577621218527 -0.005884792323116962
0.9688786448511658 -0.005235775365736625
0.9754229925873524 -0.004453205048077418
0.9813526154419914 -0.003592000585786049
0.9867247958451755 -0.002691347356990247
0.9915921952210531 -0.0017800072975388186
0.9960027024410771 -0.0008779184975899173
1.0 0.0
