# CURVE 2D, normalized by CHORD
# COLUMN#1 = X-coordinate, COLUMN#2 = Y-coordinate
#-------------------------------------------------------------------------------
0.0 0.0
0.006370086284278329 0.010389455531336427
0.012743964652636441 0.020829805593170915
0.01911706451611711 0.03132397267321832
0.02548276814524376 0.04187607103826223
0.0318308781570945 0.05249227629276842
0.038144184525953584 0.06318274441290728
0.03819917674246467 0.0632766317307279
0.04258070556292882 0.0708145735083188
0.04689078701243492 0.07838283273832702
0.05107817387107931 0.08600889090451887
0.05493722429457082 0.09379343050281666
0.054937224294570826 0.09379343050281666
0.06062946098101031 0.1071551362116254
0.06641258349006413 0.12073018329778207
0.07228804296180377 0.1345219781035816
0.07825731370611368 0.14853398135911744
0.084321893572635 0.16276970905067112
0.09048330432661608 0.17723273330296732
0.09674309203076412 0.1919266832755155
0.1031028274331935 0.20685524607326294
0.10956410636156871 0.2220221676717881
0.11612855012353997 0.237431253857266
0.12279780591357278 0.2530863711814416
0.12957354722627304 0.26899144793185137
0.1363492885389733 0.2848965246822611
0.1430185443290061 0.30055164200643675
0.14958298809097736 0.3159607281919147
0.15604426701935256 0.3311276497904398
0.16240400242178196 0.34605621258818725
0.16866379012592997 0.36075016256073544
0.17482520087991105 0.3752131868130316
0.1808897807464324 0.3894489145045853
0.18685905149074228 0.40346091776012116
0.19273451096248193 0.41725271256592067
0.19851763347153573 0.43082775965207737
0.20420987015797523 0.4441894653608861
0.20860678463294638 0.4562220417441549
0.21201293610165176 0.46863394016443627
0.21473476347747775 0.4812739407952789
0.21702775941076938 0.4940581936108814
0.2191280141649974 0.5069346779156141
0.22129345206313086 0.5198593820320851
0.22387278468740232 0.5327664228979216
0.22390830576193277 0.532920905832239
0.22664526271623764 0.5430554761149688
0.23055921779698355 0.5527511259038143
0.23670657907143086 0.5611147305075055
0.24593736560653554 0.5655736389241373
0.25620401070258564 0.5647933775577996
0.26581664275331546 0.5610383179448104
0.29464757588650414 0.5466484237809737
0.32394397763632343 0.5320262081692337
0.3537133628838237 0.5171679203345996
0.3839633678360378 0.502069748946702
0.41470175198476034 0.4867278211421421
0.4459364000969511 0.4711382015310547
0.4776753242372733 0.45529689118763306
0.5099266658232845 0.4391998266243565
0.5426986977138089 0.42284287874965654
0.5754707296043332 0.40648593087495655
0.6077220711903444 0.39038886631168
0.6394609953306666 0.3745475559682584
0.6706956434428574 0.358957936357171
0.7014340275915799 0.34361600855261115
0.731684032543794 0.32851783716471356
0.7614534177912942 0.3136595493300793
0.7907498195411136 0.2990373337183394
0.8195807526743022 0.28464743955450267
0.8340791011482402 0.2757685992004572
0.8470588834679464 0.26459268239758893
0.8584693531356009 0.25164659452494803
0.8684461502344721 0.23740878040443608
0.8772042698026679 0.22224245014377567
0.88496998468513 0.2064021341534153
0.8919521689362776 0.19006161037043828
0.8983369582150986 0.17334063576202852
0.9042919162569095 0.15632460621074928
0.9099740524583843 0.13907840230312948
0.9155399438310791 0.12165675298266612
0.915663979824584 0.12126669747428338
0.920614696148076 0.10579119915261888
0.9256768668032098 0.09046167324994235
0.9310021699804406 0.07533164216611642
0.9367791315143997 0.06047932102926743
0.9432590472460802 0.04603356146611482
0.9507954506230221 0.032229413953266284
0.9598909187475296 0.01953373407176529
0.9711614291824031 0.008899710489266232
0.9848627266608517 0.0019521902054530644
1.0 0.0
