# CURVE 2D, normalized by CHORD
# COLUMN#1 = X-coordinate, COLUMN#2 = Y-coordinate
#-------------------------------------------------------------------------------
0.0 0.0
0.015467146984233427 0.00018635377771030926
0.03103463039019599 0.00037753468002007606
0.04670309391138211 0.000574103966019422
0.062473183265817564 0.000776761762341589
0.07834554525877577 0.0009864021199395814
0.09432082626645544 0.0012041977377164907
0.11039966957979598 0.0014317423727807153
0.12658271055052897 0.00167129718296251
0.14287056658790415 0.0019262733802787662
0.159263814120585 0.002202268210907817
0.15947667248274772 0.0022060154698990116
0.17017220771535285 0.002401235252932981
0.18084006919569948 0.0026133272016524737
0.19148008336266345 0.0028519790418034424
0.2020915791557502 0.0031422373212435903
0.21264550380055494 0.003743511732203747
0.21264550380055494 0.003743511732203756
0.21525376592314632 0.017571545283816603
0.21790364295205525 0.03162020555688588
0.22059579885445466 0.0458930126578706
0.22333090819113516 0.06039354285664192
0.22610965628552654 0.07512542948257214
0.228932739395416 0.09009236383492096
0.23180086488740623 0.10529809610774686
0.23471475141415685 0.12074643632957548
0.2376751290944539 0.13644125531806053
0.24068273969615217 0.15238648564987628
0.24373833682203652 0.16858612264608475
0.2468426860986485 0.1850442253732243
0.2499470353752605 0.20150232810036384
0.25300263250114485 0.21770196509657228
0.2560102431028431 0.23364719542838805
0.25897062078314015 0.2493420144168731
0.26188450730989077 0.2647903546387017
0.264752632801881 0.2799960869115276
0.2675757159117705 0.2949630212638764
0.26960297265128363 0.4288077587025193
0.27035446400616187 0.30969490788980664
0.27160884207784236 0.41891302221187715
0.27163651607699846 0.4188465058372418
0.27308957334284234 0.324195438088578
0.27578172924524175 0.33846824518956264
0.2758287398872825 0.40877632234581174
0.2784316062741507 0.3525169054626319
0.27931290211239557 0.3984744203488044
0.2794254576908038 0.4297120522941918
0.28103986839674205 0.3663449390142448
0.28153434339574634 0.3878616765726059
0.28216221406341707 0.37706847685275
0.2894638467188694 0.4272014763955112
0.3012868932412368 0.42380930708075026
0.3132983757887687 0.42036307328259676
0.32550129765976993 0.4168619133198982
0.3378987100191925 0.41330495177800536
0.35049371266153545 0.4096912992898873
0.36328945478590347 0.4060200523137582
0.3762891357834192 0.40229029290715956
0.3894960060371849 0.3985010884974418
0.40291336773499375 0.39465149164858815
0.4165445756949944 0.3907405398243218
0.43039303820451524 0.3867672551474374
0.44446221787225715 0.3827306441552973
0.45875563249406937 0.3786296975514301
0.4730490471158816 0.37452875094756294
0.4871182267836235 0.3704921399554228
0.5009666892931444 0.36651885527853845
0.514597897253145 0.3626079034542721
0.5280152589509538 0.3587583066054184
0.5412221292047196 0.35496910219570066
0.5542218102022353 0.351239342789102
0.5670175523266033 0.34756809581297293
0.5796125549689461 0.34395444332485486
0.5920099673283687 0.34039748178296203
0.6042128891993701 0.33689632182026347
0.6162243717469019 0.33345008802210996
0.6280474182692694 0.330057918707349
0.645124044182211 0.32201059506126467
0.6604135896170008 0.3105936911251605
0.6745377163222688 0.2975145937196372
0.6879197961704874 0.28345277496173893
0.7008218020209137 0.26873396379984527
0.7134159387684542 0.25353980394001335
0.7258237210818259 0.2379838747314909
0.7381372026069791 0.22214449335177164
0.7504306763641084 0.2060804744235786
0.7627681350969974 0.18984000158056272
0.7752080233691861 0.17346593124525397
0.7878069054413999 0.15699966868507934
0.8006224955869404 0.1404843972413933
0.8010193342326226 0.13997796493048043
0.8138763812110462 0.12376982119792064
0.82685448824808 0.1078756620083039
0.8400137742527458 0.09234995048755859
0.8534215392651171 0.07725977461545569
0.8671556454534546 0.06269175217597446
0.8813088545246377 0.04876300762490855
0.8959935194569869 0.035638833140606264
0.9113451054915325 0.023562193918916813
0.9275194707822986 0.012904886231883688
0.9446630684360954 0.004248844802197917
0.9628043120650029 -0.001515453200827416
0.9815864680874965 -0.0032259320342001912
1.0 0.0
