# CURVE 2D, normalized by CHORD
# COLUMN#1 = X-coordinate, COLUMN#2 = Y-coordinate
#-------------------------------------------------------------------------------
0.0 0.0
0.00039586556525844077 0.00012393478065533513
0.0008312740002961092 0.00026040250136367764
0.001310168725304814 0.0004106909377465181
0.0018368866142698323 0.0005762193592736723
0.0024161937673678954 0.0007585630081557578
0.0030533303881876846 0.0009594623971840618
0.003754055022531703 0.0011808498075810575
0.004524696253669122 0.0014248687414531054
0.005372207221350912 0.0016939026790937887
0.006304226409365732 0.0019906040106525604
0.007329143061507986 0.002317930276998344
0.008456167702534153 0.002679188279212627
0.009695407942725049 0.0030780877030181365
0.011057951704690832 0.0035187999835148646
0.012555953095946664 0.004006039727471697
0.014202721852147007 0.0045451680551351105
0.016012815348039132 0.005142323052155592
0.01800212470485114 0.0058046044641399015
0.020187948897395783 0.006540330227162485
0.0225890351782689 0.007359424645604039
0.025225548666608148 0.00827403196638848
0.02811888131064608 0.009299573281562001
0.031291085418169926 0.010456737538773875
0.034763291395411 0.011775799884520053
0.03481007105702599 0.011794041195635162
0.036103644506004194 0.01230444716474175
0.037275754477394375 0.012778131899662103
0.038337460266276144 0.013218156639570967
0.03929880311112092 0.013627329978132778
0.04016889922148731 0.014008227201696918
0.0409560196486368 0.014363218333898527
0.04166766347843205 0.014694490734307713
0.042310631493597456 0.01500405359519768
0.04289108013748835 0.015293769185948406
0.0434145795377163 0.01556536025827379
0.04388615484383597 0.015820437355739465
0.044310337852502345 0.016060493973761494
0.04469119371067268 0.016286936785693158
0.04503234653535065 0.016501102408000554
0.04533701115377844 0.016704252185565226
0.04560798771310862 0.016897610494705433
0.045847664655238735 0.01708236674083736
0.046057981516110715 0.01725970354244461
0.046240397767226736 0.01743077434439466
0.046395757526058734 0.017596732285941913
0.0465241468678969 0.017758640207006827
0.046624642170266364 0.0179172927104089
0.04669517227945961 0.01807268973312201
0.046732881953380254 0.018223069803995906
0.046732881953380254 0.01822306980399591
0.04723878972760173 0.02184445094738434
0.047896469834089656 0.026552246433789325
0.04875145397252395 0.032672380566115794
0.049862933352488543 0.0406285549381402
0.05130785654644251 0.05097158162177194
0.053186256698582665 0.0644175163104932
0.055628176896364866 0.08189723140583083
0.05880267315348173 0.10462086102976974
0.06292951828773365 0.1341615795408903
0.06705636342198557 0.16370229805201086
0.07023085967910242 0.1864259276759498
0.07267277987688463 0.20390564277128742
0.07455118002902478 0.21735157746000866
0.07599610322297876 0.2276946041436404
0.07710758260294334 0.23565077851566482
0.07796256674137764 0.24177091264799128
0.07862024684786556 0.24647870813439626
0.07912615462208704 0.2501000892777847
0.07933193307604242 0.25155879988198065
0.07956272784082742 0.2531627490282592
0.07982228021935762 0.2549262665629453
0.08011483349444334 0.2568650854503452
0.0804454237573174 0.2589964421584406
0.08082018727464088 0.26133918299576125
0.08124646503446643 0.263913912125782
0.08173323389257275 0.2667430973299786
0.08229155336981521 0.2698511766772649
0.08293514977489448 0.2732646399147888
0.08368130617356413 0.2770120396137463
0.08455218977686886 0.28112387422313745
0.0855763346404693 0.2856323528171462
0.08679147814956119 0.29057069209674313
0.08824818036272296 0.29597185975576756
0.09001565904421682 0.30186603531487816
0.0921903971704058 0.3082757923206412
0.09490928302144597 0.31520670488300445
0.0983681530263131 0.32262921024641456
0.10284250683659657 0.3304452866305751
0.10869241166565795 0.3384369536635707
0.11630087060074353 0.34622953931168154
0.12591003087425123 0.35338331144285506
0.13749248333543096 0.3596783662754782
0.1376744598167917 0.35976404709934284
0.15153425580747848 0.365583014459947
0.16435641055291927 0.37031675090657584
0.17603420893799898 0.37456254009425566
0.18659630150263243 0.37856757387451184
0.1961165177540606 0.3824168189366296
0.20468293553674907 0.386127059240154
0.21238555314375215 0.38968995178662047
0.21931066853686623 0.3930910619756815
0.22553830048852927 0.39631766473362484
0.23114141625417806 0.3993609934503605
0.23618565175658665 0.40221695188426454
0.24072975499154986 0.40488538181378486
0.24482607372807386 0.40736936449591743
0.24852119053253133 0.4096743825138695
0.25185654949268615 0.411807601060369
0.2548690009881784 0.413777348731844
0.2575913405694796 0.4155926464168384
0.26005278417150224 0.41726285662427637
0.2622794221598848 0.4187973727291963
0.2642945769308343 0.4202054470352989
0.2661190443205343 0.42149617091467567
0.26777152884699157 0.4226781635716515
0.26926867741036514 0.4237598115195993
0.27062559040751955 0.42474882125855784
0.2867641354579157 0.43656183796286896
0.30290268050831193 0.44837485466718
0.31904122555870806 0.46018787137149114
0.33517977060910426 0.47200088807580226
0.35131831565950056 0.48381390478011344
0.36745686070989675 0.49562692148442455
0.383595405760293 0.5074399381887357
0.39973395081068924 0.5192529548930469
0.41587249586108554 0.531065971597358
0.43201104091148185 0.5428789883016693
0.4481495859618781 0.5546920050059805
0.4642881310122744 0.5665050217102916
0.48042667606267087 0.5783180384146028
0.49656522111306745 0.5901310551189144
0.5127037661634639 0.6019440718232256
0.5288423112138602 0.6137570885275367
0.5449808562642565 0.6255701052318481
0.5611194013146528 0.6373831219361592
0.577257946365049 0.6491961386404703
0.5933964914154453 0.6610091553447816
0.6095350364658415 0.6728221720490926
0.6256735815162378 0.6846351887534038
0.641812126566634 0.696448205457715
0.6579506716170302 0.708261222162026
0.6740892166674264 0.7200742388663373
0.6858647776791928 0.7286936589255957
0.6897616554652386 0.7314725053996527
0.6941305490836989 0.7344102359270871
0.6990426487247327 0.7374775019553601
0.7045828315886696 0.7406212759307964
0.7108526050693934 0.7437489278722125
0.7179690647010998 0.7467061041810127
0.7260592326126168 0.749232192912025
0.7352271970906886 0.7509058887146699
0.7454708014523889 0.7510855222714847
0.7565311281037458 0.7489648910254572
0.7678186529826678 0.7438673903281267
0.7786601337983797 0.7356060330410324
0.788659061361721 0.724419637518726
0.7977388099329996 0.7106276578374523
0.8059816891166109 0.6944361111770179
0.813509433062795 0.6759186731641176
0.8204367714172591 0.6550483882423844
0.8268612097143803 0.6317269162582925
0.8328653141893504 0.6058030926600395
0.8385230680108402 0.5770834476371737
0.843907929856377 0.5453376909421952
0.8491015230517482 0.5103010623031113
0.854205830861539 0.47167519379240813
0.8593599826681961 0.42912821410812396
0.859504250357862 0.4278987090147309
0.8650186941877878 0.38011391923685833
0.8700527094140783 0.33667562433901044
0.8748531400136771 0.29721296162731026
0.8795732010727367 0.2613830375870532
0.8843107036585707 0.2288724636067627
0.8891297363300916 0.19939674081359982
0.8940732318894761 0.1726988688959418
0.899171484151884 0.14854797537016814
0.9044461504841101 0.12673776072516418
0.9099144855735067 0.10708561414172703
0.915590853534992 0.08943179588780928
0.921488449864146 0.07363940338625401
0.9276174054437155 0.05959382326269584
0.9339847898373719 0.04720348240436885
0.9405902060331839 0.03639936671991012
0.9474187445474385 0.02713246276908369
0.9544328594406851 0.01936810067754309
0.9615613463852931 0.013071631575033042
0.9686957470480017 0.008188187831612494
0.9756984072543206 0.0046196800274869495
0.9824268526522683 0.0022147644224708722
0.9887627636534119 0.0007796294469323233
0.9946308290433301 0.00010639091584983281
1.0 0.0
