# CURVE 2D, normalized by CHORD
# COLUMN#1 = X-coordinate, COLUMN#2 = Y-coordinate
#-------------------------------------------------------------------------------
0.0 0.0
0.008724681046779408 0.00595756472576023
0.016554568035591806 0.013077674862428107
0.02335785072116339 0.021209702299391002
0.029089844428744988 0.030153082328300815
0.029133620852888495 0.030231251879624152
0.0336094580258584 0.039297763693598234
0.037209107155896856 0.048722034408000735
0.040031735386345677 0.058383506892360625
0.042176138493382954 0.0681940849842607
0.04373264771937093 0.07809138177201644
0.04437181362322933 0.08300962014883312
0.045020991764979264 0.08800490045222739
0.04568033898169071 0.09307842950830157
0.046350014567213736 0.09823143304753007
0.047030180310662785 0.10346515600088751
0.04772100053550387 0.10878086280061577
0.048422642139253985 0.11417983768570217
0.04913527463380246 0.11966338501214309
0.04985907018636387 0.12523282956806758
0.050594203661072444 0.1308895168937972
0.051340852661228134 0.13663481360691954
0.052099197572204325 0.14247010773245383
0.05286942160502774 0.14839680903818844
0.053651710840641 0.15441634937527135
0.0544462542748585 0.16053018302413563
0.055240797709075994 0.1666440166729999
0.05602308694468925 0.17266355701008282
0.05679331097751267 0.17859025831581743
0.05755165588848886 0.18442555244135173
0.05829830488864455 0.19017084915447408
0.059033438363353126 0.19582753648020368
0.059757233915914525 0.2013969810361282
0.060469866410463 0.2068805283625691
0.06117150801421312 0.2122795032476555
0.0618623282390542 0.21759521004738375
0.06254249398250325 0.2228289330007412
0.06321216956802628 0.22798193653996968
0.06387151678473772 0.23305546559604387
0.06452069492648765 0.23805074589943814
0.06515986083034606 0.24296898427625482
0.06638514553087906 0.2531809747599101
0.06748598123771543 0.26343270294416676
0.06867117719301881 0.27370029521179146
0.07041712696557764 0.28390978884779994
0.07377597241565291 0.29371139110489675
0.07380825070252156 0.2937749642415722
0.07943760626026451 0.30123335148196617
0.08723349248864792 0.3063830704474009
0.09597157071633368 0.3097008577438057
0.10502693543557542 0.31196472530179326
0.11419297852925918 0.3136312024686698
0.11419297852925919 0.3136312024686698
0.14649263559121545 0.3187575965941171
0.17931393927825692 0.32396678312164057
0.21266531429907132 0.32926009916689575
0.24655532142326025 0.33463890344025254
0.280992659678753 0.34010457659555465
0.3159861685847092 0.3456585215845116
0.35154483042048323 0.35130216401681424
0.38767777253123353 0.35703695252606593
0.42439426967076704 0.3628643591416242
0.46111076681030055 0.36869176575718243
0.49724370892105085 0.3744265542664341
0.5328023707568249 0.3800701966987367
0.5677958796627811 0.3856241416876937
0.6022332179182739 0.3910898148429958
0.6361232250424628 0.39646861911635256
0.6694746000632772 0.40176193516160774
0.7022959037503187 0.4069711216891312
0.734595560812275 0.4120975158145785
0.754277242121006 0.4079226736343506
0.7698551424324646 0.3944145666111558
0.7822032622232566 0.3775922100162966
0.7927009864143846 0.3593353389739873
0.802060759479067 0.3402647713975107
0.8106731492795941 0.3206451498666653
0.8187766128418283 0.3006114252529652
0.8265316743966835 0.2802420292411089
0.8340555690146801 0.25958739637246725
0.8414409259702365 0.23868317454607263
0.8487666094504142 0.21755706224644486
0.8561050899893318 0.1962329606951038
0.8635282203241782 0.1747339662310396
0.8637731330359666 0.1740285846978675
0.870569564992433 0.15462000876031026
0.8774500694910258 0.1354185988713248
0.8844788995636248 0.11644778076961876
0.8917318885864697 0.097737928669846
0.8993040928252053 0.07933146904552082
0.9073225703585909 0.06129235808216373
0.9159689924891107 0.04372533863070484
0.925523171334358 0.02682010707329571
0.9364540393236139 0.010969871491856123
0.9496012570512151 -0.0028460953431229978
0.9661565291246357 -0.011740790328684853
0.9845836881319078 -0.01030069080687313
1.0 0.0
