# CURVE 2D, normalized by CHORD
# COLUMN#1 = X-coordinate, COLUMN#2 = Y-coordinate
#-------------------------------------------------------------------------------
0.0 0.0
0.01186672618447566 0.0009742937951966379
0.02376788482106403 0.0021251535833951493
0.03569692541007267 0.003490113566052828
0.04764330575003244 0.005121413273038382
0.0595890360843262 0.007095316451100546
0.07150076129849464 0.009530664036512778
0.08330869040172788 0.012630093036747904
0.08342067681730814 0.012663958177989926
0.09229700084023706 0.015731341322222103
0.10076456359176741 0.01975142707988841
0.10814744365219953 0.02545863831562274
0.11187442916468157 0.03383127610077962
0.11187442916468157 0.03383127610077963
0.11220299357961051 0.0415588137091841
0.11253674876350933 0.04940843350485104
0.1128757767218578 0.05738206418243093
0.11322016075568542 0.06548166490672834
0.1135699854820387 0.07370922579407942
0.11392533685477223 0.08206676840133445
0.1142863021856679 0.09055634622256545
0.11465297016588796 0.09918004519362088
0.11502543088776684 0.10793998420465158
0.11540377586694742 0.11683831562073371
0.11578809806486684 0.12587722581071661
0.11617849191159772 0.13505893568442565
0.11657505332905008 0.14438570123835198
0.1169778797545399 0.15385981410996322
0.11738070618002971 0.16333392698157445
0.11777726759748207 0.1726606925355008
0.11816766144421295 0.18184240240920982
0.11855198364213237 0.19088131259919272
0.11893032862131295 0.19977964401527487
0.11930278934319183 0.20853958302630554
0.11966945732341189 0.21716328199736099
0.12003042265430756 0.22565285981859198
0.12038577402704109 0.23401040242584703
0.12073559875339437 0.24223796331319808
0.12107998278722198 0.2503375640374955
0.12141901074557046 0.2583111947150754
0.12175276592946928 0.26616081451074236
0.12208133034439822 0.2738883521191468
0.12320982511607582 0.2902315368855482
0.12521382402913678 0.3066012117863961
0.1280990271492753 0.32295100714860087
0.13186703295802102 0.3392344237846901
0.13651553961059198 0.355405269704903
0.14203910968517264 0.3714178604363117
0.14842933849636342 0.3872272615123767
0.15567553708607187 0.40278926669485193
0.16376497177921853 0.41806042106581887
0.1726831735101616 0.43299794876691156
0.17286350102831277 0.4332829248690685
0.18258975290804064 0.4478075491727479
0.19296432487774748 0.461731265466022
0.20394235275816566 0.47503446991846693
0.21548045868301252 0.4876997077889507
0.22753666508915288 0.499711377686165
0.24007035235050567 0.5110554023222368
0.2530419531671118 0.5217192066781432
0.26641297342840065 0.5316913836081156
0.28014561436470536 0.5409618837784262
0.2942027741903532 0.5495217966280308
0.3103618181405611 0.558850621028728
0.32677978921955897 0.5683289273990577
0.3434608363892676 0.577959110988227
0.36040917509318904 0.5877436054261166
0.3776290883216857 0.5976848833382804
0.39512492769432844 0.6077854569707996
0.4129011145595882 0.6180478788251478
0.43096214111214887 0.6284747423032311
0.4493125715281227 0.6390686823627623
0.46795704311845754 0.6498323761831372
0.48690026750082427 0.6607685438419812
0.505843491883191 0.6717047115008253
0.5244879634735258 0.6824684053212002
0.5428383938894996 0.6930623453807314
0.5608994204420603 0.7034892088588147
0.57867560730732 0.7137516307131629
0.5961714466799628 0.7238522043456821
0.6133913599084595 0.7337934822578459
0.6303396986123809 0.7435779766957354
0.6470207457820896 0.7532081602849048
0.6634387168610874 0.7626864666552345
0.6795977608112953 0.7720152910559317
0.6997848984933253 0.7808015678311598
0.7218386454662982 0.7828498960508398
0.7429566350020564 0.7755631930533273
0.7603242142686607 0.7610191862428647
0.7740978073070135 0.7426860137242353
0.7853255108887424 0.72241149882144
0.7947943033226909 0.7010000510761806
0.8030081791166966 0.6788263141970665
0.8102947190474741 0.6560834604771537
0.816876605103775 0.6328801499186271
0.8229125996727276 0.6092818688544563
0.8285212736153043 0.5853303288577382
0.833794362590573 0.5610531577594408
0.8388060893724955 0.5364694260962591
0.8436183638581937 0.5115926621731701
0.8482849534023101 0.48643283207340016
0.8528541990805779 0.460997566975197
0.8530637874551397 0.45981538354597584
0.8582277510817025 0.4303748453520045
0.863279790203615 0.4012332983704162
0.8682832442202234 0.3723984517942545
0.8732968661000499 0.3438772737540007
0.8783775411763488 0.31567683310181077
0.8835826162372079 0.2878050811153153
0.888972535651369 0.26027177967191106
0.8946137060080969 0.2330896696784903
0.9005819499405612 0.20627610212174458
0.9069675570410205 0.17985562011144862
0.9138820095053359 0.15386403478671623
0.9214684393269543 0.1283555011115438
0.9299188436389139 0.10341570115971373
0.9395000811564851 0.07918687997540409
0.9506008219269553 0.05592205684507499
0.963802788216109 0.03410732290046028
0.97995762657162 0.014755353510814273
1.0 0.0
