# CURVE 2D, normalized by CHORD
# COLUMN#1 = X-coordinate, COLUMN#2 = Y-coordinate
#-------------------------------------------------------------------------------
0.0 0.0
0.0035674912107058294 0.011289048245694634
0.007149458934208915 0.022618478393045233
0.010746362109044446 0.03398830781818018
0.014358871157312339 0.045398487296517076
0.017988061563520157 0.05684883934521941
0.021635918747837754 0.06833889711421565
0.02166563269184588 0.06843238020118775
0.024315807672961712 0.07675957080876675
0.026975672583901076 0.08508291759101921
0.02968423006411956 0.09338960388513534
0.03105152177959136 0.09708818949963863
0.032440153737762184 0.10084450143089166
0.03385045901017288 0.10465944065239967
0.03528277586683616 0.1085339221997682
0.03673744785737265 0.11246887539017983
0.0382148238934133 0.1164652440452962
0.03971525833228787 0.12052398671763946
0.04123911106201964 0.12464607692050646
0.042786747587646674 0.12883250336147178
0.04435853911889031 0.13308427017953506
0.04595486265919205 0.13740239718596958
0.04757610109614 0.14178792010893002
0.049222643293306764 0.146241890841878
0.05089488418352062 0.15076537769588483
0.05259322486359247 0.1553594656558722
0.05431807269052133 0.16002525664085232
0.05604292051745019 0.16469104762583245
0.05774126119752204 0.1692851355858198
0.05941350208773589 0.17380862243982664
0.06106004428490266 0.17826259317277462
0.06268128272185061 0.18264811609573506
0.06427760626215234 0.18696624310216958
0.06584939779339599 0.19121800992023286
0.06739703431902301 0.1954044363611982
0.06892088704875479 0.19952652656406517
0.07042132148762936 0.20358526923640843
0.07189869752367001 0.2075816378915248
0.0733533695142065 0.21151659108193643
0.07478568637086977 0.21539107262930496
0.07619599164328048 0.21920601185081298
0.0775846236014513 0.222962323782066
0.0789519153169231 0.2266609093965693
0.08117476616483799 0.2414296324074814
0.0812370937347705 0.3488973870830959
0.08123778724532198 0.34857984247661705
0.08126239682441765 0.362301175127396
0.08132696056646062 0.3330160130155291
0.08142269715294331 0.3756373014076194
0.08148946602270435 0.31753837176909727
0.08167684187580936 0.30214615057667
0.08176639735376326 0.25647413577910455
0.08177121081620388 0.3889033850930708
0.08183746715235789 0.28683831094948675
0.08190415023522662 0.27161402314272215
0.08238722340702782 0.4020934726239914
0.0834048835850961 0.41519229010117126
0.08509567790662119 0.42815353600205525
0.08821758533578429 0.44076413650183505
0.09668782282509608 0.4492588107354796
0.117797265079024 0.44670874920712783
0.1392459718032666 0.4441177038733643
0.16103939555215627 0.4414850160550602
0.18318307651180357 0.4388100164869979
0.20568264390848798 0.43609202514773526
0.22854381743968427 0.43333035108673396
0.25177240872808776 0.43052429224871125
0.2753743227990081 0.4276731352951675
0.2993555595815075 0.42477615542304575
0.3237222154336648 0.42183261618047707
0.3484804846923526 0.4188417692795645
0.3732387539510404 0.41585092237865195
0.3976054098031977 0.4129073831360833
0.4215866465856971 0.41001040326396154
0.44518856065661744 0.4071592463104178
0.46841715194502087 0.40435318747239507
0.4912783254762172 0.40159151341139376
0.5137778928729015 0.3988735220721311
0.5359215738325489 0.39619852250406884
0.5577149975814386 0.3935658346857647
0.5791637043056812 0.3909747893520012
0.6002731465596091 0.38842472782364945
0.6162370473415932 0.3790475115997516
0.6292391315325213 0.3653021360168746
0.6411523042857576 0.3503899066560142
0.6525625295048608 0.3348920143985174
0.6637285415896369 0.31902283814763116
0.6747938235554055 0.30288925255393945
0.6858508757910313 0.28655535699945356
0.6969662578699188 0.2700651402922173
0.7081924864951291 0.2534524776499358
0.7195742877799611 0.23674617405064605
0.7311523830718895 0.2199729761281745
0.7429659541295183 0.20315960250318107
0.7550544416911987 0.18633435891734565
0.7554838031777327 0.18574456207817155
0.7698588773480591 0.16633665942922743
0.7844528672789436 0.14736464154785658
0.7993196891972411 0.12887964142640962
0.8145176363539424 0.11094323655778843
0.8301113898597947 0.09363208352605615
0.8461736577444152 0.07704405225947693
0.8627871807597531 0.06130777077771
0.8800445018397175 0.04659525067386721
0.8980452770559995 0.033140901452387635
0.9168856528864292 0.021267278859905613
0.9366302718366135 0.011414187591427465
0.9572534647098295 0.004156105696711059
0.9785410686555552 0.0001579183280530124
1.0 0.0
