# CURVE 2D, normalized by CHORD
# COLUMN#1 = X-coordinate, COLUMN#2 = Y-coordinate
#-------------------------------------------------------------------------------
0.0 0.0
0.000540783896639335 5.441467900799113e-05
0.0011356454485825515 0.0001142781236751351
0.0017899922448103816 0.00018013696385682
0.0025097726037281204 0.0002525927845748327
0.0033015296240323055 0.00033230784057570485
0.0041724606489698165 0.00042001125963283154
0.005130482679912942 0.0005165058372744236
0.006184304303508235 0.0006226757865339692
0.007343504856986638 0.0007394948110845028
0.008618621424437487 0.0008680358343947554
0.010021244583393991 0.0010094811975875286
0.01156412369329415 0.0011651342010384627
0.013261282650298164 0.0013364324172031503
0.015128147253907393 0.0015249619708825775
0.017181685187269223 0.0017324744601339864
0.019440559935508583 0.0019609061525472106
0.021925300003043147 0.0022124000026112756
0.024658484808710964 0.002489332252069923
0.02766494882868429 0.002794345007892286
0.030972005535372587 0.003130388065263358
0.03460969260804626 0.0035007757335730975
0.03861103915805434 0.0039092734551937035
0.0430123542090228 0.004360245331840708
0.04785352901513773 0.004858958922078678
0.04791745570400448 0.004865568026239655
0.04953193541547975 0.005032730034188371
0.05099959694125502 0.005185151655355467
0.0523337885835682 0.005324160016499996
0.05354664502374508 0.005450962913521473
0.054649197646954355 0.0055666596863574985
0.05565147483750825 0.00567225110179405
0.05656259311503739 0.005768648724907644
0.05739084011022136 0.005856682254163677
0.05814374977913392 0.0059371082447646426
0.058828170980737886 0.0060106161310044095
0.059450329671115194 0.006077835088724267
0.060015885525907434 0.006139339484719285
0.06052998328388337 0.006195655014835923
0.06099729950841275 0.006247263444248879
0.06142208504464978 0.0062946073494224925
0.06180820332412053 0.006338096938645336
0.062159165426195456 0.006378113890854435
0.06247816135880121 0.006415019757348047
0.06276808819485469 0.0064491654180345755
0.06303157452798033 0.006480907656424142
0.06327099985127115 0.006510643842405551
0.06348850320726958 0.0065389023659392954
0.06368594727691075 0.006566694869531228
0.06386276217788857 0.006602495056816148
0.06386276217788857 0.006602495056816149
0.06428609318680262 0.009882972618443994
0.0648364234983909 0.014147593448560217
0.06555185290345567 0.019691600527711295
0.06648191113003984 0.026898809730607695
0.06769098682459929 0.036268181694373
0.06926278522752655 0.04844836524726791
0.071306123151332 0.0642826038660313
0.0739624624522791 0.08486711407042369
0.07741570354351031 0.11162697733613379
0.08086894463474152 0.1383868406018439
0.08352528393568862 0.15897135080623628
0.08556862185949407 0.17480558942499969
0.08714042026242133 0.1869857729778946
0.08834949595698077 0.1963551449416599
0.08927955418356495 0.20356235414455628
0.08999498358862972 0.20910636122370735
0.090545313900218 0.2133709820538236
0.09096864490913205 0.21665145961545143
0.0912729319283935 0.2190061151677369
0.09160871522491389 0.22159609808110825
0.09197957072302487 0.22444488519587
0.09238958309187531 0.22757828065430552
0.09284344409776574 0.23102464182755025
0.09334659259200755 0.2348151232155595
0.09390537052883398 0.23898394371521292
0.09452726639481207 0.2435686697927192
0.09522114959185164 0.24861052942212963
0.09599767222260285 0.254154734648204
0.09686975971669617 0.26025082380534725
0.09785322597760754 0.26695301818314626
0.09896764852140004 0.2743205706575552
0.10023755082524577 0.28241809051614475
0.10169401488958293 0.2913158085559283
0.10337690770942291 0.3010897201967254
0.10533802294182885 0.31182149363970246
0.10764564843826387 0.323597931201558
0.11039126535972477 0.3365096116418584
0.11369947989387544 0.3506480187394329
0.11774360340521312 0.36609963744462426
0.12277005685145152 0.3829340667187469
0.12913859670365616 0.40117919568944554
0.13738868479293295 0.4207675210610784
0.1375465841038731 0.42110480054719845
0.14555320972193841 0.4366432426296838
0.15396114706362965 0.4501263712389762
0.162682133447001 0.46164097784964236
0.17159599045577245 0.47128239046908355
0.18055542332318508 0.4791698331837575
0.189400533482958 0.4854563453552939
0.19797873880360667 0.4903288005071673
0.20616397484593893 0.493995721835168
0.2138674862485027 0.49666921215272886
0.2210388434791665 0.49854808365223136
0.22766005715374005 0.4998068773948696
0.23373697501625457 0.5005914875050003
0.23929102881299943 0.5010193196183108
0.24435258682766692 0.5011834275207361
0.24895642213288732 0.5011557847964657
0.25313862705145496 0.5009913280803938
0.2569347599487802 0.5007320206651822
0.26037879969476074 0.5004096354090294
0.2635025780541181 0.5000479360896991
0.2663355379443213 0.4996645542700777
0.26890470869248484 0.49927256670712633
0.2712347562006645 0.4988814603148787
0.27334812151805293 0.49849805807303815
0.2752651977087802 0.49812726854464284
0.29488000468411574 0.49422094708829434
0.31449481165945126 0.49031462563194583
0.3341096186347867 0.4864083041755974
0.35372442561012213 0.4825019827192489
0.3733392325854576 0.47859566126290043
0.392954039560793 0.4746893398065519
0.41256884653612846 0.4707830183502035
0.43218365351146387 0.46687669689385497
0.4517984604867992 0.4629703754375065
0.47141326746213463 0.45906405398115807
0.49102807443747004 0.4551577325248096
0.5106428814128054 0.4512514110684611
0.5302576883881409 0.44734508961211267
0.5498724953634763 0.44343876815576416
0.5694873023388117 0.4395324466994157
0.5891021093141471 0.4356261252430672
0.6087169162894825 0.43171980378671876
0.6283317232648179 0.42781348233037025
0.6479465302401534 0.4239071608740218
0.6675613372154888 0.4200008394176733
0.6871761441908242 0.41609451796132485
0.7067909511661596 0.4121881965049764
0.726405758141495 0.4082818750486279
0.7460205651168305 0.4043755535922794
0.7579477267676263 0.40200023949775754
0.7611401162614009 0.4013562187716259
0.7646480181666506 0.40062957321076814
0.768501907430304 0.39980742464127794
0.7727351334834461 0.398875151620605
0.7773838307318846 0.3978146401896418
0.7824873313308699 0.3966048175216988
0.7880880702269383 0.39521989294699583
0.794231747802667 0.393628815605097
0.8009671792177435 0.3917935747935797
0.8083460652071046 0.38966753100062906
0.8164224261214653 0.38719301781471377
0.8252514690532684 0.38429790793424695
0.8348879029283032 0.38089182958081697
0.8453829664083262 0.37686065754566345
0.8567791128425246 0.37205823862686177
0.869102417129139 0.36629806953381355
0.8823490265445562 0.3593400243730152
0.896464868708165 0.35087729102519716
0.9113140031990574 0.3405230554942318
0.9266347896347066 0.3278065666854245
0.9419907496921136 0.3121943928251769
0.9567423265127392 0.29315601812104825
0.9700950955510051 0.2702771479972333
0.9812630748756342 0.24336224051984923
0.9814110236869034 0.24292673805403203
0.988195322658419 0.21913097457078934
0.992567986344194 0.1970616917930316
0.9953227383942549 0.17679307903832747
0.9970138181017306 0.15827373679847448
0.9980169635079853 0.14139723768622062
0.9985836194985981 0.12603810660222556
0.9988806314149518 0.11206880929017735
0.9990179605973636 0.09936727074316222
0.9990635037782675 0.05910275916005515
0.9990672155002405 0.08781982625645528
0.9990673111529458 0.0677786116453888
0.9990719685372378 0.05121562534669139
0.9990741774543391 0.07732204811517479
0.999096944443244 0.04404554413907258
0.9991395053558132 0.03752738876177503
0.9991988073658293 0.03160196400301544
0.9992728891645489 0.02621545422373147
0.9993593125368841 0.021318926809440936
0.9994554684499246 0.016867883503932472
0.9995587612307189 0.012821854653581335
0.9996668084502494 0.009144034786493213
0.9997775628930804 0.005800953655020449
0.9998891401174869 0.0027621692570024285
1.0 0.0
