# CURVE 2D, normalized by CHORD
# COLUMN#1 = X-coordinate, COLUMN#2 = Y-coordinate
#-------------------------------------------------------------------------------
0.0 0.0
0.005157467540986537 0.009540749090828136
0.010259601379332984 0.01915180424363447
0.015290024006959986 0.028841118026806865
0.020225437292122252 0.03861958199123361
0.025030722736251832 0.048502859760848754
0.02964852862782865 0.05851498420456373
0.029688718462853682 0.05860520857652629
0.03298809499280164 0.06627574467557466
0.03602455397397256 0.07404548386248719
0.038612108258464235 0.08196643224279075
0.04014964519000874 0.09013414759060306
0.04014964519000874 0.09013414759060308
0.04087770927395428 0.10497195874366858
0.04161740412536379 0.12004680278298827
0.042368915544848486 0.13536246629059814
0.04313243230116999 0.15092279633888958
0.043908146178656286 0.166731701456938
0.04469625202537519 0.18279315261226867
0.045496947802077324 0.1991111842083062
0.04631043463192102 0.215689895097758
0.047136916850991493 0.2325334496121867
0.04797660205962716 0.2496460786080297
0.04882970117456575 0.26703208052932903
0.04969642848192361 0.28469582248743797
0.05056315578928148 0.3023595644455469
0.05141625490422007 0.3197455663668462
0.05225594011285573 0.33685819536268924
0.053082422331926206 0.35370174987711794
0.0538959091617699 0.37028046076656973
0.05469660493847204 0.38659849236260724
0.05548471078519094 0.40265994351793793
0.056260424662677236 0.4184688486359863
0.05702394141899874 0.4340291786842778
0.05777545283848343 0.44934484219188764
0.058515147689892945 0.46441968623120733
0.05924321177383848 0.47925749738427287
0.059827799284915203 0.4911386075982206
0.06044055157184855 0.5030683257769046
0.06114047508174019 0.5150434599153128
0.06206108502880894 0.5270538643797938
0.06358273720257976 0.5390509557685551
0.06755789032801472 0.5504147827114471
0.07876292604062235 0.5517911115909435
0.07885868885845193 0.5517562928963711
0.09262423317943368 0.5452271280984974
0.1061827630769129 0.5384430444740578
0.1199618429954159 0.5323220013530412
0.1339983316811488 0.5270459929458896
0.14824752708987646 0.5226428110349179
0.16264793060237398 0.5190854435339831
0.17714019146645615 0.516323799041674
0.19167297958141633 0.5142985744622635
0.21269281144589613 0.5118733080804178
0.23405042982641766 0.5094090679195771
0.25575126291722877 0.5069052276751588
0.27780082614309554 0.5043611509779307
0.3002047235610874 0.5017761912322728
0.3229686492848892 0.499149691451841
0.3460983889320016 0.49648098409258856
0.369599821094198 0.49376939088310534
0.393478918831611 0.49101422265222994
0.41774175119083 0.4882147791538921
0.44239448474739274 0.48537034888913977
0.46704721830395546 0.48252591862438743
0.4913100506631744 0.4797264751260496
0.5151891484005875 0.47697130689517425
0.5386905805627837 0.474259713685691
0.5618203202098963 0.4715910063264386
0.5845842459336981 0.46896450654600674
0.6069881433516899 0.46637954680034893
0.6290377065775566 0.46383547010312076
0.6507385396683678 0.4613316298587025
0.6720961580488893 0.4588673896978619
0.6931159899133691 0.45644212331601614
0.7131689613208233 0.45319734432834274
0.7329663469106742 0.4478932916181825
0.7521791083794759 0.44024600871439384
0.7703961417836906 0.4300748711062772
0.7871923517132594 0.41738195428025354
0.8022362242581138 0.4023802074729097
0.8153731131467853 0.3854344395738929
0.8266343231092204 0.36695575464575925
0.8361839229095565 0.3473149428981923
0.844250928254743 0.32680424637310396
0.8510806836621587 0.3056368038339504
0.8569109665446772 0.2839620369785352
0.8619633434040791 0.26188280804403835
0.866445241558961 0.2394703228313833
0.8705567370993912 0.21677553712032552
0.8706727482537491 0.21611194765342379
0.8744762211507479 0.19397804557980192
0.8782574408102732 0.17203261998385097
0.8822228794277118 0.15031091220311935
0.8866005996578487 0.1288591167908844
0.891659871580135 0.10774863800418903
0.8977361508212799 0.08710088999981151
0.9052628291851084 0.06713444679445556
0.9147926247287492 0.048252391573339125
0.9269480193005394 0.03117847654013449
0.9421532616164863 0.01703778648216338
0.960128284963957 0.007014096692481129
0.9797958634408597 0.0015297638339069298
1.0 0.0
