# CURVE 2D, normalized by CHORD
# COLUMN#1 = X-coordinate, COLUMN#2 = Y-coordinate
#-------------------------------------------------------------------------------
0.0 0.0
0.007543636308299613 0.003004707804220748
0.014772045261328358 0.006716966865125853
0.021560628302305568 0.011193643307417659
0.02776736747257145 0.016456571044092157
0.027811518176306102 0.016499130160147497
0.03462457290898135 0.024258440624298782
0.04007136160830926 0.033023663508296316
0.04410655303092302 0.04251655693928691
0.04410655303092303 0.0425165569392869
0.050474822199742087 0.061065451848873714
0.056945250968759534 0.07991190762434905
0.0635194781794935 0.09906069772900222
0.07019916896371307 0.11851667220189036
0.07698601516518572 0.1382847588862648
0.08388173576819044 0.15836996467770376
0.0908880773329051 0.1787773767922677
0.09800681443777831 0.19951216405499833
0.10523975012899774 0.2205795782090875
0.1125887163771687 0.24198495524604807
0.12005557454131906 0.2637337167572232
0.1275224327054694 0.2854824782683983
0.13487139895364036 0.3068878553053589
0.1421043346448598 0.3279552694594481
0.149223071749733 0.3486900567221787
0.15622941331444767 0.3690974688367426
0.16312513391745237 0.38918267462818157
0.16991198011892503 0.40895076131255603
0.1765916709031446 0.4284067357854442
0.18316589811387857 0.44755552589009734
0.189636326882896 0.4664019816655727
0.19600459605171508 0.4849508765751595
0.19871797016766793 0.4951658905683508
0.19883249871718497 0.5485045331846956
0.19883589957673975 0.5484032456634987
0.19925011281105295 0.5589587157020852
0.19948492925812167 0.5376747129830403
0.20014168628430132 0.5056760786350157
0.20020938273431624 0.526985011947594
0.20053986987405448 0.5163113691564307
0.20386359880005137 0.5680401840546642
0.21388876385533223 0.5699964661101519
0.22405303476074134 0.5677669470939049
0.2570634726433469 0.5574774137258186
0.29060771308896516 0.5470214911900508
0.32469438806961953 0.5363964888538847
0.3593322691425398 0.5255996725751336
0.3945302697073556 0.5146282639985624
0.4302974472997904 0.5034794398409298
0.4666430059224458 0.49215033116447043
0.5035762984132766 0.48063802263862865
0.541106828852365 0.4689395517898531
0.5786373592914535 0.4572410809410775
0.6155706517822843 0.44572877241523573
0.6519162104049397 0.4343996637387764
0.6876833879973746 0.4232508395811438
0.7228813885621904 0.41227943100457254
0.7575192696351106 0.40148261472582153
0.7916059446157651 0.39085761238965533
0.8251501850613834 0.38040168985388756
0.8581606229439889 0.3701121564858013
0.8741132059913008 0.3613639961035009
0.8866359043302546 0.3478927368716264
0.8962990649272632 0.3320443399437628
0.9039798151019117 0.31498136631417967
0.9102973059376309 0.29721505624463473
0.9156530414306702 0.2789867075928008
0.9203157811722953 0.26042154062939254
0.9244761819487907 0.24159034440549182
0.9282785593937444 0.22253630335020314
0.9318398248736868 0.20328783384095156
0.9352621474519579 0.18386546864401765
0.9353517306143146 0.1833491910695046
0.9385624509088685 0.1647485883066819
0.9417757599278251 0.14628766130008775
0.9450799202896397 0.1279811868279034
0.9485730696674967 0.10984759496834368
0.952373679526304 0.09191332741784881
0.956637104790745 0.07422089264160224
0.9615853329563456 0.056846179208103816
0.9675649966196891 0.03994092365097629
0.9751722578214309 0.02385616541250377
0.9854972328629931 0.009565780227589917
1.0 0.0
