# CURVE 2D, normalized by CHORD
# COLUMN#1 = X-coordinate, COLUMN#2 = Y-coordinate
#-------------------------------------------------------------------------------
0.0 0.0
0.00015720074301356994 2.9759643743206057e-05
0.00032987768473000817 6.37577558543263e-05
0.0005195142688370307 0.00010268711996134719
0.0007277260810227734 0.00014735925228536093
0.0009562646934225903 0.00019874798706079206
0.0012070335331297653 0.0002579797946027322
0.0014820829767194376 0.00032641705561289153
0.001783624848660939 0.0004056547101410246
0.0021140290906429843 0.0004975896828062743
0.002475821486727838 0.000604476082841117
0.0028716796166712165 0.0007289784463814993
0.0033044156058605043 0.0008742567927818005
0.003776960066017747 0.0010440306677572185
0.0042923178041505 0.0012427036693064498
0.004853529455699092 0.001475439990364564
0.005463604489726516 0.0017482853261582615
0.006125441805848893 0.0020682767597040947
0.006841729197953668 0.002443557493583905
0.007614826646650736 0.0028834801918094298
0.008446626957576293 0.0033987081065473303
0.009338435425356388 0.004001248587913974
0.010290816156880437 0.004704517146027437
0.011303478974410806 0.005523324751273776
0.012375194934214602 0.0064738397645253635
0.012397717003324878 0.006494775701121431
0.013675394095936617 0.007750074066975017
0.01477960607242129 0.008946877888174116
0.01573791511893143 0.01007522872042284
0.016573067216564014 0.01113057936567773
0.017303769897904154 0.012111907065234332
0.017945441594668512 0.013020427910765887
0.018510818051801176 0.01385876048986023
0.01901049557641035 0.014630337478826697
0.01945332685860757 0.015339039795032946
0.01984675180746795 0.015988943779889773
0.02019706752482239 0.01658415036884888
0.020509623016645814 0.017128685318035863
0.02078899541040969 0.017626424669257183
0.02103910901935261 0.018081061131040934
0.021263361515576 0.018496070352568953
0.02146469117565329 0.01887471117656828
0.021645656437293787 0.01922001861116028
0.021808489212283122 0.01953480986262715
0.0219551501506391 0.019821687735077715
0.022087359165153978 0.02008305495596558
0.02220663612311488 0.02032112121546847
0.022314322109280534 0.020537918074128633
0.022411607485289545 0.020735308450224914
0.0224995470411662 0.020915000659471446
0.022499547041166204 0.02091500065947144
0.025522244789168563 0.0271122922311941
0.02945175186157163 0.03516877127443355
0.03456011105569563 0.04564219403064487
0.04120097800805682 0.059257643613719546
0.049834105046126356 0.07695772807171664
0.061057170195616774 0.09996783786711287
0.0756471548899543 0.12988098060112796
0.0946141349925931 0.16876806615534756
0.1192712091260235 0.21932127737583304
0.14392828325945392 0.2698744885963185
0.1628952633620927 0.3087615741505381
0.17748524805643023 0.3386747168845532
0.18870831320592063 0.36168482667994944
0.1973414402439902 0.37938491113794653
0.20398230719635138 0.3930003607210212
0.20909066639047538 0.4034737834772325
0.21302017346287844 0.411530262520472
0.2160428712108808 0.41772755409219464
0.2162730068321014 0.41819933264379533
0.21652621223448873 0.41871826162271586
0.21680481962008205 0.4192890437528368
0.21711140023138176 0.4199168491762073
0.21744879942656292 0.42060735672860955
0.2178201642533354 0.42136680470426796
0.21822898581639263 0.42220204079635515
0.2186791445224197 0.42312057765022393
0.2191749680926662 0.42413064985885324
0.21972130295640985 0.42524127278941454
0.22032361852506321 0.42646229432642874
0.22098811716830422 0.4278044535079797
0.2217219428300822 0.4292794004745778
0.22253343533618353 0.4308997031559339
0.22343253531692467 0.4326787861734284
0.22443149876468266 0.4346307135491322
0.22554601792315526 0.4367697425526302
0.22679739925911077 0.4391092470997465
0.22821670495741606 0.4416593185609563
0.2298535691663036 0.4444208272300379
0.23179644871788108 0.4473689918138058
0.23422038369189843 0.4504010874864205
0.23746284167053452 0.4531647405886553
0.2418132777043765 0.45487302948285413
0.24186255506273993 0.45488294181505157
0.2470647689614594 0.4552900540414884
0.25181374846036325 0.45514433240863134
0.2561287535853236 0.4549446441231107
0.26005331994105374 0.4548097263144236
0.26362278891424146 0.4547555894853403
0.2668680983416224 0.4547714849290833
0.26981759278469 0.4548414672989895
0.2724974942605833 0.45495054979929545
0.27493200596656053 0.45508636557967524
0.277143370909214 0.4552391680293081
0.27915195047422087 0.45540149552524867
0.28097632257881505 0.45556780656284124
0.28263340707981255 0.45573400943149767
0.2841385964663132 0.45589710441642894
0.28550586682688905 0.456055059412465
0.286747916482815 0.45620643798939786
0.2878762691584215 0.4563503394611874
0.28890138319539027 0.45648624445327357
0.28983274809801196 0.45661392637900927
0.2906789791813974 0.45673333944218136
0.2914478901462341 0.4568446263360402
0.29214657617726286 0.45694801006244606
0.2927814764417316 0.4570437950547018
0.29335843378287474 0.4571323493618737
0.313123212528794 0.4601907020434423
0.3328879912747133 0.4632490547250109
0.35265277002063256 0.46630740740657955
0.3724175487665517 0.46936576008814807
0.39218232751247084 0.4724241127697167
0.41194710625839 0.47548246545128525
0.4317118850043094 0.47854081813285393
0.4514766637502289 0.48159917081442255
0.47124144249614824 0.48465752349599117
0.49100622124206744 0.4877158761775598
0.5107709999879866 0.49077422885912836
0.5305357787339057 0.4938325815406969
0.5503005574798253 0.4968909342222656
0.5700653362257454 0.49994928690383433
0.5898301149716649 0.503007639585403
0.6095948937175845 0.5060659922669716
0.629359672463504 0.5091243449485403
0.6491244512094235 0.5121826976301089
0.6688892299553431 0.5152410503116776
0.6886540087012626 0.5182994029932463
0.694231190548845 0.5191624022343924
0.6968570308291868 0.5195135212971526
0.6997598825550192 0.5197686790797197
0.7029633374187746 0.5198778539949966
0.706487466380424 0.5197743285574215
0.7103442966375743 0.5193704349618579
0.7145314705450801 0.5185577313852788
0.7190244955529217 0.5172080228389754
0.7237716965704063 0.5151855619434734
0.7286955225047115 0.5123622442214633
0.7337046307196227 0.5086352222673727
0.7387128937491476 0.5039349878055759
0.7436547544579936 0.49821911481803655
0.7484920647786684 0.4914591534552454
0.7532129141642216 0.48362750184808295
0.7578251114228038 0.4746875562973741
0.7623519415380353 0.46458975093106186
0.7668275162621115 0.4532692546442991
0.7712967665393754 0.4406463479256331
0.7758153958061055 0.42662646860563946
0.7804525194446875 0.41110090336782346
0.785294499030726 0.3939474480620232
0.7904510020507576 0.3750314814495519
0.7960627284999751 0.3542075066754932
0.8023125981928504 0.33132205996936204
0.8024970728162313 0.33065685055407845
0.8135434783513936 0.2924121393484292
0.8245583495357452 0.25794080737956365
0.835662879367424 0.2269735565735547
0.8468513292653483 0.1992382346694284
0.8580578860077929 0.17446722221982036
0.869191408614466 0.15240042706422785
0.880154350726495 0.13278690219958697
0.8908549494448029 0.11538708734834223
0.9012126581737168 0.09997405931599736
0.9111619943827124 0.08633554940685115
0.9206532558420145 0.07427508078365024
0.9296522746143532 0.06361297289058483
0.938138396928154 0.05418609056459799
0.9461029603756036 0.04584784927228873
0.9535476098918665 0.038467941133341545
0.9604812151534755 0.03193030744494995
0.9669190531154652 0.026132980558245044
0.9728806674313295 0.020986300653139764
0.9783887102876107 0.01641185779915882
0.9834675597879218 0.012340927665001764
0.988142529129623 0.008713395222616493
0.9924393996623754 0.005476967885656407
0.9963834981247573 0.00258568721749963
1.0 0.0
