# CURVE 2D, normalized by CHORD
# COLUMN#1 = X-coordinate, COLUMN#2 = Y-coordinate
#-------------------------------------------------------------------------------
0.0 0.0
0.010721238930991417 0.008119258778328557
0.02146541362967167 0.016311579486710033
0.03222674676009783 0.024584719233247277
0.04299700472274932 0.032949415788963626
0.053763828345593234 0.04142133347146549
0.06450723558892461 0.050025055658234265
0.07519105104396516 0.058803592670356855
0.0752917068722016 0.0588877485769179
0.0821529091012007 0.06471368858403277
0.08888249732678949 0.07067489694276989
0.09535697687894565 0.07689537962072929
0.1005551724082187 0.0840717506544946
0.10073124168174423 0.08830618522210729
0.10091006359110424 0.09260682018968854
0.10109168117051978 0.0969746905225651
0.1012761381270013 0.10141084736652839
0.10146347885086689 0.10591635830079685
0.10165374842642501 0.11049230759493338
0.10184699264282424 0.11513979646977912
0.10204325800507257 0.11985994336246683
0.10224259174522904 0.12465388419557724
0.1024450418337704 0.12952277265050352
0.10265065699113525 0.1344677804450894
0.10285948669944894 0.13949009761560777
0.10307158121443162 0.1445909328031479
0.10328699157749242 0.14977151354447965
0.10350576962801286 0.15503308656746545
0.10372796801582215 0.16037691809109017
0.10395016640363144 0.1657207496147149
0.10416894445415188 0.1709823226377007
0.10438435481721269 0.17616290337903245
0.10459644933219536 0.18126373856657257
0.10480527904050907 0.18628605573709095
0.10501089419787392 0.19123106353167682
0.10521334428641527 0.1960999519866031
0.10541267802657175 0.20089389281971354
0.10560894338882008 0.20561403971240122
0.10580218760521931 0.21026152858724698
0.10599245718077743 0.21483747788138352
0.10617979790464302 0.21934298881565198
0.10636425486112452 0.22377914565961526
0.10654587244054008 0.22814701599249182
0.10672469434990009 0.23244765096007308
0.10690076362342563 0.23668208552768577
0.10834707807946097 0.2515908774594292
0.1113053494145189 0.26636088718339274
0.11558775499908061 0.280890872234504
0.12103899904338401 0.29511464916962504
0.12753580810468051 0.3089860689512117
0.1349830216012231 0.32246863622740674
0.14330932388850012 0.3355282533318869
0.15246294611645542 0.34812817570533316
0.15262074899091282 0.348332046903267
0.1625649936757786 0.3604030959109052
0.17315611875424863 0.37179313392963215
0.18436201217560907 0.382454549301729
0.19616036485554444 0.3923234384174943
0.20853508462286882 0.40131480157199356
0.22147185635090222 0.4093161916075461
0.2349510481235877 0.4161803288254504
0.24893623579948929 0.42171717182964435
0.2489362357994893 0.42171717182964435
0.27286830191576994 0.42979306794467353
0.29718560122594234 0.43799896132942495
0.32189433480821494 0.44633694454302714
0.34700080355922175 0.45480914382842125
0.3725114098007946 0.4634177196545679
0.3984326589125988 0.47216486726738155
0.4247711609910498 0.4810528172495332
0.45153363253493284 0.4900838360892644
0.4787268981581567 0.49926022675835724
0.5063578923300768 0.5085843292994078
0.5339888865019968 0.5179084318404583
0.5611821521252207 0.5270848225095511
0.5879446236691038 0.5361158413492824
0.6142831257475547 0.545003791331434
0.6402043748593589 0.5537509389442477
0.6657149811009317 0.5623595147703943
0.6908214498519386 0.5708317140557884
0.7155301834342112 0.5791696972693905
0.7398474827443836 0.587375590654142
0.7637795488606642 0.5954514867691711
0.7845336676349596 0.5969535599439232
0.8022921596771959 0.585808698593781
0.8139743710747855 0.5678678858959454
0.8219254528320744 0.5477173099572976
0.827770709454449 0.526638608294834
0.8323127731569634 0.5050314676527635
0.8359875377568078 0.48305221058003656
0.8390606861565175 0.4607726931478778
0.841708995941967 0.4382295012233584
0.844060198304745 0.4154427288937987
0.8462128774369223 0.39242401001046306
0.8482482544697658 0.36918048005117987
0.8502376417937265 0.3457169254035323
0.8522474256738333 0.32203708770317785
0.8543430671576562 0.29814462218682847
0.854430155738962 0.29717870268406993
0.8567471169274875 0.27245978109302965
0.8592591755562262 0.2479963673609468
0.8620398124136829 0.223796560668706
0.8651695362787106 0.19987221953551515
0.8687412170169876 0.1762411569700605
0.8728666583030485 0.15293060722736823
0.8776865044933442 0.12998323991410526
0.8833836599149067 0.1074676841604737
0.8902063664236214 0.08549911322234323
0.8984997748366389 0.06427950695421517
0.9087514468226456 0.04418278392565403
0.9216181221533668 0.025929330954595552
0.9377820769729485 0.010869640753879249
0.9572719124989533 0.0009925980037279753
0.9786552147844413 -0.0023805740331701705
1.0 0.0
