# CURVE 2D, normalized by CHORD
# COLUMN#1 = X-coordinate, COLUMN#2 = Y-coordinate
#-------------------------------------------------------------------------------
0.0 0.0
4.186047821886252e-06 0.0002780714826699079
9.363343191505064e-06 0.0005839409474636362
1.576139570496453e-05 0.0009203847114938557
2.3649263936655443e-05 0.0012904556924510377
3.3362419957068676e-05 0.0016975103367849193
4.530961847478655e-05 0.0021452385042276703
5.9992580131326906e-05 0.002637695912409978
7.802059366819622e-05 0.0031793397931078513
0.00010014354672303144 0.003775067279300397
0.00012727872755606247 0.004430257442272134
0.0001605535109623732 0.005150816426263889
0.00020135106296686664 0.005943226240211426
0.00025136643822870565 0.006814597029714129
0.00031269139188010284 0.007772721608440921
0.0003879012894136183 0.008826133270126508
0.000480174664561268 0.009984164532013737
0.0005934387744117824 0.011257005844423115
0.0007325611740895124 0.012655760589831703
0.0009035743300478576 0.014192494309417089
0.0011139860419180246 0.015880267945552813
0.0013731458015169757 0.017733150031109576
0.0016927360133662597 0.01976618776891062
0.0020873703659297555 0.021995320379826943
0.002575381305337604 0.024437194244976517
0.0025849646575515513 0.024482307333513087
0.0030668756882897517 0.026634283784854954
0.0035459884521456815 0.028580992934636076
0.004016349751574687 0.030341801940876607
0.004473391103842494 0.03193438496549024
0.004913703232797312 0.03337483618244682
0.005334856330657909 0.03467777754514524
0.005735226745951918 0.03585647015115919
0.006113856149724911 0.03692291968914459
0.006470307567228832 0.037887986331703115
0.00680457084094831 0.03876147916705978
0.007116958124152693 0.039552254614149567
0.007408027804851853 0.040268304115098956
0.007678527672224362 0.040916832792332936
0.007929326620913021 0.041504341168131634
0.008161385339647333 0.042036688645299504
0.008375716239610479 0.042519158764376445
0.008573355267933725 0.04295651680327495
0.008755342552547842 0.04335306066904525
0.008922699805763077 0.04371267050007625
0.009076434614192554 0.0440388430502093
0.009217506443013076 0.044334741224457394
0.009346841385663617 0.04460321827194584
0.009465317613631513 0.04484685322247525
0.00957376886173366 0.045067975448035175
0.009573768861733663 0.045067975448035175
0.011011670550776335 0.0479878262374247
0.012880942746531815 0.05178363226363111
0.015310996601013947 0.05671818009769944
0.01847006661184071 0.06313309228198825
0.0225768576259155 0.07147247812156371
0.027915685944212728 0.0823136797130118
0.034856162757999125 0.09640724178189433
0.043878782615921444 0.11472887247144162
0.055608188431220444 0.13854699236785306
0.06733759424651944 0.1623651122642645
0.07636021410444176 0.1806867429538118
0.08330069091822816 0.1947803050226943
0.08863951923652538 0.2056215066141424
0.09274631025060018 0.21396089245371785
0.09590538026142695 0.22037580463800666
0.09833543411590906 0.22531035247207498
0.10020470631166455 0.2291061584982814
0.10164260800070722 0.23202600928767092
0.10221549339033463 0.23319118945349124
0.10284401076163091 0.23447370076949955
0.10353336819526075 0.23588544727262956
0.10428929129021987 0.23743952347015834
0.10511796836378834 0.23915038494104088
0.1060261726467197 0.2410339468673712
0.10702125298096342 0.24310776219137092
0.1081112303022471 0.24539116578692044
0.10930486163528515 0.24790545352827045
0.11061173379048331 0.2506740682089513
0.11204239972988991 0.2537227887262173
0.1136085593507304 0.25707992463003
0.1153233384872737 0.2607764941895289
0.11720168701948538 0.26484638024630835
0.11926101758596987 0.2693264116550912
0.1215221982986101 0.27425632129310307
0.12401111195326575 0.2796784806559383
0.12676117436201767 0.2856372114681932
0.1298173442088229 0.2921773613122644
0.13324249952497735 0.2993415405113454
0.137127373208126 0.307164934727565
0.1416050620419217 0.31566591055714355
0.1468699507090591 0.3248296090363283
0.1531951167292007 0.3345823853250014
0.1533013715623332 0.3347347419670767
0.16000823569632677 0.34364044192465254
0.1666852814383984 0.3512653834497088
0.17322756093862718 0.35775377480353615
0.17953439189548384 0.36326703022326784
0.18553033861684215 0.3679624321591489
0.19116910638019768 0.3719798528294599
0.19642906399049914 0.37543682028151987
0.20130646506175173 0.3784291310010061
0.20580930328358404 0.38103399239011093
0.2099528669193975 0.3833133634492857
0.21375655649371095 0.3853171857447297
0.21724183187809612 0.3870859302739288
0.22043081412133153 0.38865274630413277
0.22334545671175068 0.3900450030966646
0.22600704071516833 0.39128546026101246
0.22843582522461114 0.3923932816485987
0.2306509351176813 0.3933846283798617
0.23267022636021942 0.3942733386197432
0.2345103045439943 0.3950712812042961
0.2361865444783952 0.3957886961639507
0.23771312678331907 0.3964344816182924
0.2391031028785186 0.39701639396491467
0.2403684472217185 0.3975412548644419
0.2415201511879073 0.3980150342982461
0.2600267547762232 0.4055982805440785
0.27853335836453924 0.4131815267899109
0.2970399619528552 0.4207647730357433
0.31554656554117116 0.4283480192815756
0.334053169129487 0.43593126552740796
0.3525597727178029 0.44351451177324036
0.37106637630611894 0.45109775801907276
0.38957297989443507 0.4586810042649052
0.4080795834827511 0.4662642505107376
0.42658618707106716 0.47384749675657006
0.4450927906593833 0.48143074300240246
0.4635993942476993 0.48901398924823486
0.48210599783601504 0.4965972354940672
0.500612601424331 0.5041804817398996
0.5191192050126471 0.511763727985732
0.5376258086009632 0.5193469742315644
0.5561324121892792 0.5269302204773969
0.5746390157775954 0.5345134667232294
0.5931456193659115 0.5420967129690618
0.6116522229542276 0.5496799592148942
0.6301588265425437 0.5572632054607267
0.6486654301308599 0.5648464517065591
0.667172033719176 0.5724296979523915
0.685678637307492 0.580012944198224
0.7041852408958081 0.5875961904440564
0.7226918444841242 0.5951794366898888
0.7411984480724401 0.6027626829357212
0.7597050516607566 0.610345929181554
0.7782116552490733 0.6179291754273865
0.7967182588373899 0.6255124216732192
0.8152248624257062 0.6330956679190518
0.8337314660140228 0.6406789141648843
0.8522380696023394 0.6482621604107169
0.8707446731906557 0.6558454066565496
0.889251276778972 0.6634286529023821
0.8962888372831364 0.6663123562258118
0.8993303681734706 0.6675181244663083
0.9027084231444613 0.6687595964316901
0.9064644188827491 0.6700104153327315
0.9106448841034144 0.6712294166872325
0.9153013870946404 0.6723516070796068
0.920487803599228 0.6732773871822355
0.9262537989675069 0.6738510550287423
0.9326261523329261 0.6738343435562928
0.9395675421300573 0.6728794920645983
0.9469049765031818 0.6705343266492677
0.9542706399778713 0.6663533688586893
0.9611810335648745 0.6601040190204557
0.9672614250226591 0.6518473289375962
0.9690846660685555 0.2017805821746704
0.9693142780825164 0.2273981976129018
0.9693393553270047 0.17849236229047058
0.9700247354082401 0.157331137022645
0.9700761055259283 0.25556849110209623
0.9710850934282012 0.1381128457840217
0.9714061068387861 0.2865386968838979
0.9723696477290678 0.6417842109355325
0.9724651379079325 0.12066964094071703
0.9733179838691992 0.32058379493396727
0.9741111896698413 0.10484805154819289
0.9757847363705773 0.35801132635440513
0.9759728057822518 0.09050750208317263
0.97652791950398 0.6300826029913527
0.9780025147237654 0.07751889668423019
0.9787040593484225 0.39916761679097357
0.9798170847805755 0.6168211269637436
0.9801566655573055 0.06576351849969776
0.9818275133189427 0.44444560594142135
0.9818852483120716 0.4453375014567108
0.98231997930435 0.6019995096512389
0.9823961374333661 0.05513217427288489
0.9836333880402364 0.4745826633598394
0.9841034134575276 0.5855601863213885
0.9846855027014684 0.04552420093810642
0.9848783838843226 0.5011873769749488
0.9852176438306165 0.5674042169526591
0.9855772598224063 0.525389673525993
0.9856992630624639 0.5474003451298388
0.9869934902075086 0.03684683056684365
0.9892937794197956 0.02901485472661182
0.9915628788956521 0.021949560335472167
0.9937819485392672 0.015578849553331596
0.9959355670879672 0.009836567522010635
0.9980111827230417 0.004662000759119889
1.0 0.0
