# CURVE 2D, normalized by CHORD
# COLUMN#1 = X-coordinate, COLUMN#2 = Y-coordinate
#-------------------------------------------------------------------------------
0.0 0.0
7.205807510041618e-05 3.721394103642742e-05
0.0001513115816040702 7.81693612659562e-05
0.00023847751919117073 0.00012324531543800738
0.00033434431889623953 0.00017285927413944116
0.00043977831331813743 0.00022747226242215258
0.0005557317504938877 0.00028759277650289137
0.0006832508342922519 0.0003537825862309413
0.0008234850428178307 0.0004266621984524803
0.000977696965123948 0.000506917658530435
0.0011472730339020952 0.0005953081906826917
0.001333735218833381 0.00069267480459087
0.0015387537449432875 0.0007999500199024487
0.0017641606032014008 0.0009181694512607774
0.0020119637759542564 0.0010484857162830637
0.0022843624649850932 0.00119218445419213
0.002583762445249658 0.0013507044725280428
0.0029127916452251715 0.0015256621694063161
0.003274313863367278 0.0017188844734899193
0.003671439967615461 0.0019324516806658474
0.00410753134924705 0.002168759808009448
0.0045861895519038725 0.0024306127681515315
0.005111212954679312 0.0027213765211047303
0.0056864831192823834 0.003045254211915597
0.006315664470943928 0.0034078622554907906
0.006324243580297445 0.003412881941090927
0.006566456898653068 0.003555609118438204
0.006785822986332642 0.003686755723220966
0.00698443352347062 0.0038073295657535373
0.007164187998353155 0.003918249987606924
0.007326810668950301 0.0040203565521717485
0.007473866086629435 0.0041144166856218805
0.007606774147949144 0.0042011311080904015
0.007726822483791663 0.004281140774736152
0.007835178136216361 0.004355032422383605
0.007932897609738341 0.004423344315818851
0.008020937591816933 0.004486569069572231
0.008100161900962577 0.004545160070690276
0.008171348691541598 0.004599535626926353
0.008235198376227729 0.004650080657718708
0.008292335793983068 0.00469715421208379
0.00834331652537365 0.004741089834112913
0.008388628180983808 0.004782200387734501
0.008428688492527033 0.004820783686044033
0.008463842068790335 0.00485712567408201
0.00849435138863688 0.004891503974944353
0.008520376308316346 0.004924192310508358
0.008541934279577824 0.004955461634786856
0.008558830151510296 0.004985564011156696
0.008570530244163502 0.00501466591453649
0.008570530244163502 0.005014665914536497
0.009548444133201304 0.008191220634385446
0.010819732188950448 0.012320741770189117
0.012472406661424337 0.017689119246733873
0.01462088347564039 0.02466800996624205
0.017413903334121256 0.03374056790160268
0.02104482915014639 0.0455348932175715
0.025765032710979054 0.06086751612833097
0.03190129734006152 0.08079992591231827
0.03987844135786873 0.10671205863150175
0.047855585375675934 0.13262419135068523
0.0539918500047584 0.15255660113467254
0.05871205356559107 0.167889224045432
0.062342979381616204 0.17968354936140082
0.06513599924009707 0.18875610729676146
0.06728447605431312 0.19573499801626965
0.068937150526787 0.20110337549281437
0.07020843858253616 0.20523289662861804
0.07118635247157395 0.208409451348467
0.07168144052728921 0.2100274305665615
0.07222051667082363 0.21180888781691928
0.07280811224460268 0.21377011337076454
0.07344925945892185 0.2159290151170382
0.07414958195737319 0.2183052685024134
0.07491534586959275 0.22092049598178107
0.07575356231600637 0.22379845062892526
0.07667209316542033 0.22696522023758373
0.07767976941624004 0.23044945112073464
0.07878654229792806 0.23428258801932614
0.0800036547238724 0.23849913612387974
0.08134385166638693 0.24313694237302244
0.08282163975040066 0.24823749570787018
0.08445359327367509 0.25384624976398035
0.08625875103012032 0.26001295771501115
0.08825911150287029 0.26679201916576845
0.09048024981681092 0.27424283365854
0.09295216446460716 0.2824301284760691
0.09571036026519704 0.29142425481316386
0.09879734212453006 0.3013013899446992
0.10226474242483079 0.3121435536986205
0.10617634631712056 0.3240383081114198
0.11061270980464225 0.3370778161734525
0.11567845139719148 0.35135667734288395
0.11580100823188264 0.35169385504338224
0.12076695943515477 0.3650191870108721
0.12548454765555195 0.3770554669731898
0.12996948938028302 0.38791856213820725
0.1342360214243735 0.3977137785550056
0.1382971832672376 0.4065367596387466
0.1421648491006233 0.41447439441977174
0.14584994491079945 0.42160555500530333
0.1493624553536388 0.428001851906242
0.15271149060087513 0.43372829461375817
0.1559053198847972 0.4388439083432339
0.15895129881246958 0.44340237046440306
0.1618560661057707 0.44745243021552394
0.16462530240937925 0.4510385868021531
0.16726404152798385 0.4542013498060955
0.16977628951790255 0.4569780170370677
0.17216553031814444 0.45940271477045624
0.1744343431789077 0.461507202424714
0.17658474895440504 0.4633210330773449
0.17861828324957424 0.4648719428929398
0.1805361288494126 0.4661861912501464
0.18233949487413492 0.4672885014479122
0.18402947605617148 0.4682027518111128
0.18560764946581423 0.46895143043688237
0.18707605954211962 0.4695559211606651
0.2057650329188526 0.47667787834417624
0.22445400629558554 0.48379983552768746
0.24314297967231852 0.4909217927111986
0.2618319530490515 0.49804374989470984
0.2805209264257844 0.505165707078221
0.2992098998025173 0.5122876642617322
0.31789887317925025 0.5194096214452434
0.33658784655598323 0.5265315786287545
0.35527681993271626 0.5336535358122657
0.37396579330944923 0.5407754929957769
0.3926547666861822 0.5478974501792881
0.4113437400629152 0.5550194073627993
0.43003271343964844 0.5621413645463106
0.44872168681638186 0.569263321729822
0.46741066019311506 0.5763852789133331
0.48609963356984826 0.5835072360968445
0.5047886069465815 0.5906291932803557
0.5234775803233146 0.597751150463867
0.5421665537000478 0.6048731076473782
0.5608555270767811 0.6119950648308896
0.5795445004535144 0.6191170220144009
0.5982334738302476 0.6262389791979122
0.6169224472069809 0.6333609363814234
0.635611420583714 0.6404828935649347
0.6543003939604471 0.647604850748446
0.6729893673371796 0.6547268079319569
0.691678340713912 0.661848765115468
0.7103673140906444 0.6689707222989789
0.7290562874673768 0.6760926794824899
0.7377045560611122 0.6793883446533102
0.7409098357507609 0.6804409019173823
0.7445367227022961 0.6812237138075149
0.7486017177586809 0.6815802115211892
0.7530826129420641 0.6813311330667347
0.7579103293324065 0.6803019489499975
0.7629829798189359 0.6783641511869131
0.76819872948245 0.6754507973344499
0.7734830163398634 0.6715417662745216
0.7787969397945481 0.6666369617685824
0.7841290982882577 0.6607326463609854
0.7894860190540515 0.6538115935828444
0.7948843501346899 0.6458396468954137
0.8003451002035895 0.6367650198301333
0.8058916893364142 0.626519688309519
0.8115492207386357 0.6150203976708903
0.8173433192186979 0.60216870844614
0.8233010303541628 0.587851487857654
0.8294511177693812 0.5719405479010903
0.8358247091122378 0.554292064492455
0.8424562922158055 0.5347457949466237
0.8493848383142055 0.5131240344667585
0.8566557619795331 0.4892305539668055
0.8643227632594535 0.4628492017424065
0.8724511836618576 0.43374267239115055
0.872695947681511 0.4328503147169085
0.8845522019884792 0.3887225662166131
0.895060613809612 0.34853473884691527
0.9045155826887885 0.311974801463189
0.9131144396200611 0.27873938254421476
0.9209963909342996 0.2485422172635949
0.9282636054722647 0.22111703568877006
0.9349935294167042 0.19621808147928962
0.9412464404361376 0.17361954559597773
0.9470703730699525 0.15311453245294382
0.9525044216054224 0.13451382507463833
0.9575809854329556 0.11764458047595758
0.9623274569419775 0.1023490717364703
0.9667672604176648 0.08848342097394939
0.9709208208358263 0.07591647508052092
0.9748063780319434 0.06452878841503144
0.9784399043910399 0.05421143244922595
0.9818363639770138 0.044865383669151916
0.9850090402830319 0.03640034409960707
0.9879705613080836 0.02873425789928924
0.9907326892919656 0.0217924705648073
0.9933064789763612 0.01550709122103232
0.9957023715383067 0.009816397771183219
0.9979303900286898 0.004664347588210601
1.0 0.0
