# CURVE 2D, normalized by CHORD
# COLUMN#1 = X-coordinate, COLUMN#2 = Y-coordinate
#-------------------------------------------------------------------------------
0.0 0.0
0.012185292699450706 0.002173235830162924
0.024419841215144518 0.004376451505746124
0.03670300511590435 0.006614274733670335
0.04903376692444672 0.008893224398906668
0.061410455275019496 0.011223029275582257
0.07383014073329282 0.01361942933092884
0.08628705829454687 0.016111229453821665
0.08640255047586791 0.01613490153257131
0.0962184626208657 0.018203016635485052
0.10598977681086602 0.020446495695866707
0.1153766891397233 0.02364840667089656
0.1153766891397233 0.02364840667089657
0.11681177277892871 0.03598366411868359
0.11826973386160973 0.04851556456852965
0.11975093708945045 0.061247242812750374
0.12125575297804148 0.07418188361707903
0.12278455794956256 0.08732272251731972
0.12433773442694276 0.10067304662870054
0.12591567092952166 0.11423619546812899
0.12751876217023547 0.12801556178955553
0.12914740915435252 0.14201459243265396
0.13080201927978272 0.15623678918503126
0.13248300643898617 0.17068570965818203
0.1341907911225062 0.1853649681774076
0.13592580052415304 0.20027823668592112
0.13766080992579988 0.21519150519443464
0.1393685946093199 0.22987076371366022
0.14104958176852336 0.244319684186811
0.14270419189395356 0.2585418809391883
0.1443328388780706 0.2725409115822867
0.1459359301187844 0.2863202779037133
0.1475138666213633 0.2998834267431417
0.14906704309874352 0.31323375085452254
0.1505958480702646 0.3263745897547632
0.1521006639588556 0.3393092305590919
0.15358186718669634 0.3520409088033126
0.15503982826937737 0.36457280925315866
0.15647491190858276 0.3769080667009457
0.1574815790856591 0.38476269952194286
0.15884357630842505 0.3925680107956993
0.1616437562525111 0.3999197497729377
0.16895760243202823 0.40006074095855443
0.16900092627851374 0.4000431025672603
0.17943626971448418 0.3965280268642348
0.19039560592521995 0.39615931593425796
0.20103509163466707 0.39881694916058463
0.2109748698898911 0.403434218084718
0.21097486988989111 0.403434218084718
0.24060339752163967 0.4198476434628282
0.2707108148468198 0.43652636114115584
0.3013048622209875 0.4534746590731862
0.332393405108059 0.47069689451914687
0.3639844361024527 0.48819749516622146
0.3960860769839162 0.5059809602668697
0.42870658080556506 0.5240518617955459
0.4618543340156713 0.5424148456241142
0.49553785861374633 0.5610746327162619
0.5292213832118213 0.5797344198084096
0.5623691364219277 0.5980974036369779
0.5949896402435765 0.6161683051656542
0.62709128112504 0.6339517702663025
0.6586823121194336 0.651452370913377
0.6897708550065051 0.6686746063593376
0.7203649023806729 0.6856229042913681
0.7504723197058529 0.7023016219696957
0.7801008473376015 0.7187150473478059
0.7989362136551411 0.7211044592687182
0.81321429342859 0.7078493946740464
0.8219635401610963 0.6899312482455576
0.8282957988858515 0.6708194132017957
0.8333790126226259 0.6511588199625803
0.8377237852161274 0.6311462659446504
0.8416011467396369 0.6108625024786868
0.8451753518157801 0.590347047156118
0.8485560508590023 0.5696216907840379
0.851821839509187 0.5486995483023357
0.8550326473338166 0.5275891648833276
0.85823661759555 0.5062965580967067
0.8614741573798431 0.48482632347600735
0.8616112062836638 0.4839220835689557
0.8660513444652725 0.4549806774807512
0.8705895560883318 0.42636862369405076
0.8752800738206948 0.3980923088834498
0.8801681870398788 0.37015781287648597
0.8852930880033391 0.34257142329807766
0.8906901659408054 0.31534007873211684
0.8963922530889872 0.2884716669522269
0.9024305257867755 0.26197529587081453
0.9088354886447851 0.2358616403890835
0.9156375681398908 0.2101432756061361
0.9228671850487274 0.18483493447705213
0.9305555246035689 0.1599540196610193
0.9387344548263171 0.1355209696617728
0.9474367904629695 0.11155980648530707
0.9566964842706001 0.08809878733783111
0.9665477581397358 0.06517074607933684
0.9770258361493553 0.042814189016007524
0.9881653979472788 0.02107356803229122
1.0 0.0
