# CURVE 2D, normalized by CHORD
# COLUMN#1 = X-coordinate, COLUMN#2 = Y-coordinate
#-------------------------------------------------------------------------------
0.0 0.0
0.0006332122266077349 0.0002812786585643454
0.001329664854687668 0.0005908670617950254
0.002095661857556032 0.0009316411717098799
0.002938136011579413 0.0013067680368855777
0.003864705122599033 0.0017197498120513266
0.0048837442446157025 0.0021744488584984323
0.0060044555024764655 0.002675136920786724
0.007236950597710755 0.0032265363806573
0.008592337162046658 0.003833875437650408
0.010082815628270745 0.004502944502211875
0.011721782464670474 0.005240165519395677
0.013523941823347792 0.006052672254839313
0.015505425004291742 0.0069484057026566425
0.01768392142013597 0.007936219513525132
0.02007881278346518 0.009026017006673924
0.02271131182549198 0.010228920049280436
0.02560460411026685 0.011557476162090973
0.028783976959904013 0.013025941463955571
0.03227692640532886 0.014650660221776392
0.03611320512159548 0.01645061871129151
0.04032474414634761 0.018448305845578442
0.04494530751214239 0.02067114467956089
0.050009510819898746 0.02315416564522619
0.05555016571430368 0.0259457245577627
0.05562472302477155 0.025983960553892498
0.05766561877126697 0.027038998563619385
0.05951454152961344 0.028010473708107296
0.06118903053292337 0.028905612780955856
0.0627050108556945 0.029731018900419702
0.06407693846054865 0.03049272902134896
0.06531793195287508 0.031196265921058033
0.06643989233948411 0.03184668495785934
0.06745360902428024 0.03244862080184854
0.06836885743048549 0.03300632657496347
0.06919448218181048 0.033523717106160124
0.06993848273853981 0.03400439031948076
0.07060807135149677 0.03445167604496758
0.07120973282005198 0.03486866440103224
0.07174927502445703 0.03525823249445834
0.07223185822208651 0.035623084408727426
0.07266201673910762 0.035965781122648074
0.07304364183938308 0.03628879422014536
0.07337997123335623 0.03659451550245922
0.07367345766802857 0.03688534915358401
0.07392559951441564 0.03716373290102876
0.07413651773541796 0.03743220201564744
0.07430423730351285 0.037693265500329115
0.07442325189543585 0.03794883476211351
0.0744827531574047 0.03819776013366588
0.0744827531574047 0.038197760133665895
0.07529070496220197 0.04609323814655908
0.07634104230843841 0.05635735956332025
0.07770648085854578 0.06970071740510977
0.07948155097368537 0.08704708259943614
0.08178914212336684 0.10959735735206041
0.08478901061795274 0.138912714530472
0.08868883966091443 0.17702267886240702
0.09375861741676461 0.2265656324939226
0.10034932849936984 0.2909714722148927
0.10694003958197508 0.35537731193586286
0.11200981733782525 0.40492026556737837
0.11590964638078693 0.4430302298993134
0.11890951487537285 0.472345587077725
0.12121710602505431 0.4948958618303493
0.1229921761401939 0.5122422270246756
0.12435761469030128 0.5255855848664651
0.12540795203653773 0.5358497062832264
0.126215903841335 0.5437451842961195
0.12633531367749842 0.5448955240703188
0.1264704607063398 0.546160497873545
0.12662395373294286 0.5475514442514833
0.1267987502321513 0.5490808162089326
0.12699846464917255 0.5507622581904704
0.1272275261510294 0.5526107060891425
0.1274912202256295 0.5546425104780188
0.12779619125268532 0.5568755088512028
0.12815063419743303 0.5593291389904674
0.12856479512487914 0.5620245110487195
0.12905167290310532 0.5649844366175636
0.12962797714358282 0.5682333837127426
0.13031545063835515 0.5717973012113505
0.13114291290247537 0.575703171527076
0.13214903566526068 0.5799781439865838
0.1333872407523371 0.5846476416745731
0.13493283556852292 0.5897317113830638
0.1368951855480128 0.5952373280926895
0.13943723604416952 0.601142034247708
0.14280746533176986 0.6073567890372709
0.14737870744019851 0.6136426874766415
0.1536406541659966 0.619448697794529
0.1619559003042637 0.6237898189024145
0.17210132144425694 0.6256832419191827
0.17225377945137657 0.6256903850199363
0.18459605344648766 0.6247189398257991
0.195513675982216 0.6219157682589196
0.20514194078108697 0.6183960068587797
0.21368344078308152 0.6146650127861604
0.22130509595634298 0.6109612758490854
0.22813673371957474 0.6074008953216947
0.23428071496871944 0.6040393278602033
0.2398198951565472 0.6009002216220952
0.2448229461124581 0.5979897374861144
0.24934800051668077 0.595304386621953
0.25344500212180776 0.5928352520036366
0.25715744734595897 0.5905706207607109
0.26052352781656646 0.5884973922228008
0.26357707200474456 0.5866020780782337
0.26634816869989986 0.5848712708470473
0.26886372081094084 0.5832920175672455
0.2711478616109211 0.5818520014115874
0.27322229845237256 0.5805396420063617
0.2751065913690076 0.5793441275337128
0.2768183945211109 0.5782554221483326
0.27837366766788385 0.5772642581573219
0.2797868517903201 0.5763621016303871
0.2810710269334214 0.5755411176476646
0.28223803681297355 0.5747941087740687
0.29907989731058504 0.5640074626327051
0.3159217578081966 0.5532208164913416
0.3327636183058081 0.542434170349978
0.3496054788034196 0.5316475242086144
0.366447339301031 0.5208608780672509
0.3832891997986424 0.5100742319258874
0.400131060296254 0.4992875857845238
0.4169729207938656 0.4885009396431602
0.43381478129147727 0.4777142935017966
0.4506566417890888 0.46692764736043296
0.4674985022867004 0.4561410012190693
0.4843403627843121 0.4453543550777057
0.5011822232819235 0.43456770893634217
0.5180240837795348 0.42378106279497874
0.5348659442771462 0.41299441665361536
0.5517078047747573 0.4022077705122519
0.5685496652723686 0.39142112437088855
0.58539152576998 0.3806344782295251
0.6022333862675913 0.3698478320881617
0.6190752467652026 0.3590611859467982
0.635917107262814 0.3482745398054347
0.6527589677604253 0.33748789366407134
0.6696008282580367 0.3267012475227079
0.6864426887556481 0.31591460138134436
0.7032845492532595 0.3051279552399809
0.7053070692817369 0.3038325990728815
0.707922382233322 0.3021425393563626
0.7107834688710606 0.30025931807063366
0.7139111945388932 0.2981584974935376
0.7173274120957529 0.2958118553702773
0.7210554095827265 0.29318764408761444
0.7251191378392797 0.29024906924088756
0.7295434060441114 0.28695419923049137
0.734353132174849 0.28325459384747087
0.7395728567386913 0.2790944120322129
0.7452265627466658 0.2744099731810655
0.7513360251509942 0.26912763344568436
0.7579203362111301 0.26316333636663225
0.764993997117458 0.2564207231666709
0.7725657836432958 0.24879044598755076
0.7806368321774205 0.24014893912069096
0.7891990143180809 0.23035782340773053
0.7982338065626291 0.21926395349223135
0.8077124395022776 0.2067004551283816
0.8175981161782649 0.19248879308531644
0.8278529014385638 0.17644279381255276
0.838451496447299 0.1583745042836408
0.8494095867061103 0.13810445742194136
0.8608380421938238 0.11547983422701319
0.8730560117992556 0.09041676281762161
0.8732475863271913 0.09002402335960058
0.8810761823227296 0.07420278159849293
0.8884858925070291 0.05996890271864746
0.8956698684522105 0.04727293678587938
0.9027757643806464 0.03607707679124251
0.9099066919761067 0.026358819238051372
0.9171155403731892 0.018107699578633448
0.9243957137269572 0.011311609609066811
0.931677078606281 0.0059321059452057375
0.9388390601442842 0.0018779819300277455
0.9457435816040203 -0.0010045459847214378
0.9522726725373013 -0.0029140769132606093
0.9583502564791562 -0.004061145369499882
0.9639437806993727 -0.004637884804746302
0.9690534729409198 -0.0048030874742286365
0.9736997036576586 -0.004680612020031668
0.9779132205882801 -0.004363070820300805
0.9817288211941603 -0.0039183640892784775
0.9851817157459032 -0.0033954291094243083
0.9883056412027371 -0.002829198520901094
0.9911320531811658 -0.002244639321104447
0.9936897836469926 -0.0016592793017614618
0.9960049817176112 -0.0010851009601611616
0.9981012758223028 -0.0005302030412282216
1.0 0.0
