# CURVE 2D, normalized by CHORD
# COLUMN#1 = X-coordinate, COLUMN#2 = Y-coordinate
#-------------------------------------------------------------------------------
0.0 0.0
0.00029323140909907365 2.515780831586706e-06
0.0006157718685466999 6.603382007475182e-06
0.0009705418791279042 1.2731039501654408e-05
0.0013607491045050885 2.1472288952318602e-05
0.0017899146648136081 3.355083730387116e-05
0.0022619015057746875 4.986973816213762e-05
0.0027809433016564747 7.157648792298074e-05
0.0033516763603734182 0.00010008607874233626
0.003979167312737147 0.0001372174810095414
0.004668946319474601 0.00018521172146848897
0.005427026759063602 0.0002469498044822668
0.006259926936603162 0.00032604778753372697
0.007174672142149991 0.00042709960961225554
0.008178773845082265 0.0005559653693544875
0.009280170028588197 0.0007201430071675631
0.010487101662295974 0.0009292568248376778
0.0118078866984841 0.0011956962172683999
0.013250515478210564 0.0015355056532917763
0.014821973210770679 0.0019695054758916233
0.016527127446751017 0.0025246955704636793
0.018366903223335628 0.003236020409986958
0.020335439121577936 0.004148202057080859
0.02241583758828393 0.0053172266950162715
0.024574492851160538 0.006810230684025048
0.024609364472108958 0.0068371320802316
0.02639139031914105 0.008353871384013861
0.027878375983880304 0.009875402584138977
0.02910925368642226 0.011367388519005761
0.03012271480567163 0.01280441382160539
0.030954774360452766 0.01416948234720603
0.03163729337863122 0.015452646017650534
0.03219748422897093 0.016649319851757913
0.03265803078152939 0.01775873775879977
0.03303755867945801 0.018782695152853753
0.03335119523104847 0.019724618642177227
0.03361119441460718 0.02058888215643617
0.03382743964087972 0.021380355750180293
0.03400789274489101 0.022104096154223263
0.034158996152481226 0.022765137835842605
0.034285953689526645 0.023368371715736233
0.03439297982899108 0.023918466472789127
0.034483505630587365 0.024419823410784063
0.03456033017687719 0.02487655721456465
0.03462574217099056 0.02529249088376456
0.03468160857386902 0.02567116120767014
0.03472947748955173 0.02601582516792591
0.03477061766354887 0.02632947715866783
0.03480608490730476 0.02661486233098815
0.03483674932747383 0.026874494810345262
0.03483674932747383 0.026874494810345276
0.03562023257553507 0.03367664032534526
0.03663876079801469 0.042519429494845246
0.03796284748723818 0.054015055415195246
0.03968416018322872 0.06895936911165024
0.04192186668801643 0.08838697691704173
0.044830885144240454 0.11364286706405066
0.048612609137331675 0.14647552425516228
0.053528850328350266 0.1891579786036074
0.059919963876674434 0.24464516925658597
0.0663110774249986 0.30013235990956455
0.0712273186160172 0.34281481425800964
0.07500904260910843 0.37564747144912125
0.07791806106533244 0.4009033615961302
0.08015576757012015 0.4203309694015217
0.0818770802661107 0.4352752830979767
0.0832011669553342 0.4467709090183267
0.0842196951778138 0.4556136981878267
0.08500317842587504 0.4624158437028267
0.08512670127977345 0.4634841649064176
0.08526365672896447 0.46465919280200413
0.08541568749908995 0.46595156190355347
0.08558468532174658 0.4673729592714119
0.08577284349257656 0.4689362259022872
0.08598271283011169 0.47065546816370574
0.08621733267009135 0.47254617132138393
0.08648030402040993 0.4746253320355566
0.08677598507591476 0.476911588357941
0.08710972158788283 0.47942535761492977
0.08748811159703632 0.48218898204887584
0.0879195316801 0.48522684897214097
0.08841470628162736 0.48856550805871524
0.08898775487363729 0.49223371100788843
0.08965753315807604 0.4962623696216584
0.09045004732231647 0.5006842472139921
0.0914018750475683 0.505533249211171
0.09256602857052197 0.510842747475258
0.09402163451623137 0.5166418981094816
0.09588972494702123 0.5229476072599939
0.09835904811068502 0.5297465178190464
0.10172110598641339 0.5369559541867014
0.10639057811221629 0.544351435656897
0.1128247230163826 0.5514972603094337
0.11292360536261427 0.5515879628594107
0.12078617870540156 0.5575548708470826
0.12867742605594035 0.5618389248035416
0.13621402106643893 0.5649824528176379
0.14324084979309593 0.5673804627057946
0.14971769456785813 0.5692819804734192
0.15565338650937144 0.5708398311205599
0.161076416233289 0.5721493815296674
0.16602235463341766 0.5732720738274146
0.17052838622254113 0.5742489361800203
0.17463088373759647 0.575108375486659
0.17836433467000343 0.5758708053252426
0.1817609221560385 0.576551367590605
0.18485039997482197 0.5771616645796278
0.18766011922161638 0.5777108681329394
0.1902151415678142 0.5782063846421552
0.19253837562573478 0.5786543389105571
0.19465072672392683 0.5790599063937223
0.19657125560497937 0.5794275103161822
0.19831732611200317 0.579760988832741
0.19990474830473745 0.5800637038190964
0.20134791103538074 0.5803386283024281
0.20265990659423394 0.5805884050659436
0.20385264487837898 0.5808153957919026
0.2049369579692527 0.5810217217811138
0.22458444081207538 0.5847602265545477
0.24423192365489807 0.5884987313279818
0.26387940649772074 0.5922372361014159
0.2835268893405434 0.5959757408748498
0.30317437218336596 0.5997142456482838
0.3228218550261886 0.6034527504217179
0.342469337869011 0.6071912551951518
0.36211682071183343 0.6109297599685858
0.38176430355465585 0.6146682647420196
0.4014117863974782 0.6184067695154537
0.4210592692403006 0.6221452742888876
0.440706752083123 0.6258837790623215
0.46035423492594557 0.6296222838357556
0.48000171776876843 0.6333607886091895
0.49964920061159124 0.6370992933826236
0.519296683454414 0.6408377981560577
0.538944166297237 0.6445763029294918
0.5585916491400598 0.6483148077029257
0.5782391319828826 0.6520533124763598
0.5978866148257054 0.6557918172497939
0.6175340976685282 0.6595303220232279
0.6371815805113511 0.663268826796662
0.6375257101722718 0.663334307468681
0.6414424330629387 0.6640034468257581
0.6457771020778769 0.6645636633632105
0.6505687984565567 0.6649552359033664
0.6558551131463856 0.6650982407066047
0.6616682602545019 0.6648920401021575
0.6680298475568616 0.6642091390082543
0.6749440241104867 0.6628972710925242
0.6823903346753836 0.6607823490362739
0.6903197282477997 0.6576804674337032
0.6986558733343284 0.653411226487821
0.7073040322257653 0.6478121481259793
0.716166348273627 0.6407482794169104
0.7251557120536026 0.6321100345094403
0.7342051865565874 0.6218048118997349
0.7432717372531384 0.6097460764826543
0.7523351848728554 0.5958429980556087
0.7613942982046294 0.5799923276196204
0.7704640066693275 0.5620738270553501
0.7795736358527278 0.5419474592198611
0.7887667867093773 0.5194517647934858
0.798102754922468 0.4944027949286014
0.8076613388329161 0.4665939311057503
0.817549639928124 0.43579577288303917
0.8279141090106604 0.40175720533394343
0.8281860487444006 0.40084526191626824
0.8407543562555798 0.3580383440844145
0.8520788648846591 0.3190933090815247
0.8625188337336452 0.283731278334957
0.8723005966407043 0.2516714038988762
0.8815703529056517 0.2226439647801139
0.890423508260822 0.19639538479784335
0.8989222584677652 0.1726898327103617
0.9071063057286947 0.15130912839387897
0.9150000379753086 0.13205200118688096
0.9226169513286067 0.11473283614664363
0.9299634860716833 0.09918066273796135
0.9370411498590314 0.08523783798195748
0.9438476941484644 0.07275855953574918
0.9503796841319831 0.06160843430032491
0.9566323324036742 0.05166288351650717
0.962601140421299 0.0428067770981557
0.9682822945259595 0.03493361591388694
0.9736732238626555 0.027945012484188392
0.9787729619991693 0.02175024124379895
0.9835823193482041 0.01626581497947073
0.9881038804945067 0.01141504514898996
0.9923429638444013 0.00712868240503197
0.996305605757035 0.0033427991813652054
1.0 0.0
