# CURVE 2D, normalized by CHORD
# COLUMN#1 = X-coordinate, COLUMN#2 = Y-coordinate
#-------------------------------------------------------------------------------
0.0 0.0
0.0003458782639057019 0.00019682995547551412
0.0007260173008862389 0.0004139165929762493
0.0011437648635235186 0.0006534203312948627
0.0016027921689019612 0.0009177359446357122
0.002107113080118783 0.0012095383629607411
0.0026611165068944793 0.0015318129736917368
0.003269593613002096 0.0018879031645101093
0.003937772488039126 0.0022815538618902254
0.004671351410043962 0.0027169671319604684
0.005476520301595703 0.00319888761808915
0.006360005547030954 0.0037326591519069815
0.007329082847973274 0.004324345773635008
0.008391605800522407 0.004980836998880874
0.009556010522976674 0.005710002559054273
0.010831309534081249 0.006520872551033873
0.012227058660198615 0.007423865686713806
0.013753282905627457 0.008431080970273218
0.015420339201490885 0.009556675026090646
0.01723868272543903 0.010817354928485692
0.019218466027642926 0.012233054022982562
0.021368911789955314 0.013827811243545528
0.02369723079468186 0.015631054514852263
0.026206831026490393 0.017679395648901666
0.028894249508598202 0.020019220664059555
0.028937323252520585 0.020058150748060187
0.03069747370496267 0.021693337319678114
0.03225639292840665 0.023223038630916303
0.033634947258245576 0.024651994323207332
0.03485218059642559 0.02598483563478674
0.035925464827672206 0.02722609624290375
0.03687059869999662 0.028380249929375136
0.037701929326469506 0.02945170932462553
0.03843242504713342 0.030444849519117745
0.03907380534716567 0.031363976065995045
0.0396365888686648 0.032213345870554924
0.040130205725065454 0.03299713435504119
0.04056306744176327 0.033719428960656356
0.040942646966268696 0.03438421246809317
0.04127557434566966 0.03499533709983638
0.04156769063137539 0.03555652240328243
0.041824148851567045 0.036071327570130485
0.042049466135732266 0.036543151092183694
0.04224758685065003 0.036975224103078054
0.04242197395707939 0.0373705922049925
0.042575640079610746 0.03773212606154622
0.04271120554508736 0.03806251894159462
0.04283095237045891 0.038364286622097475
0.04293686746240587 0.038639771795035756
0.043030670178462176 0.03889115391663447
0.043030670178462176 0.038891153916634474
0.04486795294558009 0.043887507422575384
0.04725642054283338 0.05038276698029859
0.050361428419262666 0.05882660440533877
0.054397938658620734 0.06980359305789097
0.05964540196978622 0.08407367830620883
0.06646710427430136 0.10262478912902206
0.07533531727017101 0.12674123319867925
0.08686399416480159 0.15809261048923362
0.10185127412782131 0.19884940096695425
0.11683855409084104 0.23960619144467488
0.12836723098547162 0.27095756873522925
0.13723544398134127 0.29507401280488643
0.14405714628585642 0.3136251236276997
0.14930460959702188 0.32789520887601753
0.15334111983637996 0.3388721975285698
0.15644612771280925 0.34731603495360996
0.15883459531006253 0.35381129451133314
0.16067187807718045 0.35880764801727405
0.16115914550927557 0.3601293084926115
0.16169771213394282 0.36158218397452396
0.16229324476827123 0.36317919089744377
0.16295212382079732 0.3649344792803896
0.16368150040653723 0.3668635597988333
0.16448941564257638 0.36898342206219803
0.16538497495312424 0.3713126471849448
0.16637843625095092 0.3738715699478984
0.16748145480244575 0.376682398954145
0.16870729903390863 0.37976936644070897
0.17007111680997633 0.3831588783891585
0.17159027122819231 0.38687965756674936
0.17328478217978954 0.3909628638204417
0.17517783251839122 0.3954422061831466
0.17729648555270006 0.40035398121171634
0.17967248906671904 0.4057370808996047
0.1823434924229479 0.4116328135009924
0.1853545731087192 0.41808454756662156
0.18876035390869514 0.425136997685891
0.19262810603487832 0.4328348537306886
0.19704201937625518 0.44122045356948425
0.20211007222101132 0.45032934208821945
0.20797431808035696 0.46018231723139746
0.21482842566093013 0.47076958166984517
0.21497125314522936 0.4709795754050388
0.2210146323659459 0.47946740125346715
0.2268517359412218 0.48692723533364574
0.2324869865560846 0.49343805120210144
0.23792251686113397 0.49907104948150177
0.24315762268699864 0.5038910245833399
0.2481880963786398 0.5079582106461732
0.2530061819905406 0.5113299939234445
0.2576006858659211 0.514063103884672
0.26195795880155115 0.5162154186863485
0.2660634701508368 0.5178474531682661
0.26990410181374275 0.519022496205928
0.2734703512017584 0.5198058929486221
0.276758167060631 0.520262837099359
0.2797697336490067 0.5204557529392596
0.28251318370538697 0.5204418508514149
0.28500151398393 0.5202715060680144
0.2872511125930487 0.5199873098779724
0.28928023507022527 0.5196239676809199
0.2911078082867846 0.5192092603462071
0.29275249246907403 0.5187647461508794
0.29423206762749016 0.5183067669542687
0.2955631109910527 0.5178475115044908
0.2967608380576295 0.5173958661016661
0.297839011299217 0.5169580045694125
0.3162789853246301 0.5092141451994284
0.33471895935004314 0.5014702858294442
0.3531589333754562 0.4937264264594601
0.3715989074008692 0.4859825670894759
0.3900388814262822 0.47823870771949173
0.4084788554516952 0.47049484834950756
0.42691882947710846 0.4627509889795233
0.4453588035025218 0.455007129609539
0.4637987775279351 0.4472632702395548
0.48223875155334806 0.43951941086957064
0.5006787255787614 0.43177555149958635
0.5191186996041746 0.4240316921296021
0.5375586736295879 0.41628783275961784
0.5559986476550013 0.4085439733896335
0.5744386216804146 0.40080011401964927
0.5928785957058275 0.39305625464966515
0.6113185697312403 0.38531239527968103
0.6297585437566534 0.37756853590969686
0.6481985177820668 0.36982467653971257
0.6666384918074801 0.36208081716972823
0.6850784658328931 0.35433695779974417
0.703518439858306 0.34659309842976005
0.7219584138837188 0.33884923905977593
0.7403983879091318 0.3311053796897918
0.7588383619345451 0.3233615203198075
0.7772783359599585 0.3156176609498232
0.7957183099853719 0.30787380157983896
0.8141582840107853 0.3001299422098546
0.8325982580361986 0.2923860828398703
0.851038232061612 0.284642223469886
0.8651155589624314 0.27873045593295753
0.8667739139549039 0.2780281592219729
0.8685932227849406 0.2772442079776876
0.8705883352962044 0.2763677812812276
0.8727752207161604 0.27538628820847544
0.8751711025241714 0.2742853099199495
0.8777942664167118 0.2730478116982328
0.8806641539044666 0.2716539999895888
0.8838011003931076 0.2700804459660913
0.8872262279425658 0.2682996016096366
0.8909609106095957 0.2662785732243571
0.8950263794169737 0.263978354213227
0.8994426805413314 0.26135213147095715
0.9042276219399952 0.25834400794868956
0.9093946361814551 0.25488654624057044
0.9149506324229436 0.25089922438638035
0.9208920223139986 0.24628543477501386
0.9272005578385458 0.24093101478946752
0.9338373181616978 0.23470250128525746
0.9407364027368353 0.2274476097241769
0.9477993060731729 0.21899861199745085
0.9548923276494072 0.2091794888090772
0.9618503527071894 0.19781663455188317
0.968490529950976 0.18475092426374537
0.9746345006576885 0.16984550443536467
0.9747376325881465 0.1695648917994798
0.9801244957551868 0.1530223628527836
0.984080892851598 0.13770776639395224
0.9870301644466718 0.12363324456038031
0.989269331954828 0.1107531338542949
0.9910038986285084 0.09899538309177651
0.9923756777303927 0.08827816909346128
0.9934830571811284 0.07851833385083481
0.9943946365289271 0.06963545349766612
0.9951586828449799 0.06155372055206103
0.9958095488424263 0.05420268181314753
0.9963718567273877 0.04751737898485876
0.9968634977840705 0.041438216723887464
0.9972976654153606 0.03591068614433571
0.9976841808666631 0.030885021935750007
0.9980305117402961 0.026315850760442357
0.998342414448794 0.02216183663297619
0.9986244166137646 0.01838534437494341
0.9988801467174017 0.014952122188688955
0.9991125714283039 0.011831006849245864
0.9993241612800929 0.008993651228719394
0.9995170076947815 0.006414273768641289
0.9996929127849803 0.00406942936954706
0.999853447141866 0.0019377992945566528
1.0 0.0
