# CURVE 2D, normalized by CHORD
# COLUMN#1 = X-coordinate, COLUMN#2 = Y-coordinate
#-------------------------------------------------------------------------------
0.0 0.0
6.831461357995422e-05 3.466433491555095e-07
0.0001434606865030337 7.283479029996096e-07
0.00022612136421669058 1.1487151339806652e-06
0.00031704810663082977 1.6117225428086888e-06
0.000417067519502673 2.121773195826928e-06
0.0005270888689828094 2.6837456676790316e-06
0.0006481123476231395 3.3030474532696593e-06
0.0007812381669083159 3.985688697545638e-06
0.000927676559165289 4.738338697479877e-06
0.0010887587794254823 5.568434253755625e-06
0.0012659492076110147 6.4842714615760676e-06
0.0014608586608463418 7.495124201033563e-06
0.0016752590368209117 8.61140815366894e-06
0.0019110994215822189 9.844841341504572e-06
0.002170523807751147 1.120868669627047e-05
0.0024558905843669143 1.2718050704819405e-05
0.0027697939754190246 1.4390260768546233e-05
0.0031150876214745406 1.624540994881813e-05
0.0034949105183694285 1.8307136601252187e-05
0.003912715547748448 2.0603807744678282e-05
0.004372300856901105 2.3170408976460113e-05
0.004877844368058115 2.6051935540282374e-05
0.005433941719322105 2.9309963892599926e-05
0.006045647944833837 3.303763397943172e-05
0.006053725812823654 3.308813505811489e-05
0.00625772291202872 3.437682273078852e-05
0.006443174661990954 3.557316677217831e-05
0.006611767004693023 3.668486028173817e-05
0.006765032614153784 3.771896862358012e-05
0.006904364829831868 3.8681987953355556e-05
0.007031030323355489 3.957989756949842e-05
0.0071461806135461586 4.041823167678776e-05
0.007250862535125182 4.120207334993968e-05
0.007346027754823885 4.193616991287704e-05
0.007432541423176965 4.262492674267277e-05
0.007511190039182825 4.32724784429404e-05
0.007582688600247188 4.388271447052045e-05
0.007647687101523413 4.445936617320553e-05
0.0077067764447076486 4.50060345853566e-05
0.00776049380932382 4.552624037305904e-05
0.007809327534060599 4.6023608886131215e-05
0.007853721554856922 4.650192655796616e-05
0.007894079436329002 4.6965415465581584e-05
0.007930768033044745 4.741912579583227e-05
0.007964120808758832 4.786969283137763e-05
0.007994440827829939 4.832712453374708e-05
0.008022003388581861 4.8809615181394025e-05
0.008047057964791084 4.936245181999292e-05
0.008069790121827496 5.0450577604486816e-05
0.0080697901218275 5.045057760448557e-05
0.010218336229772695 0.003916531785622374
0.013011446170101457 0.008942437356045635
0.01664248909252885 0.01547611459759586
0.021362844891684454 0.02396989501161116
0.02749930743058674 0.03501180954983106
0.03547670873115971 0.04936629844951693
0.04584733042190457 0.06802713401910854
0.05932913861987289 0.09228622025957764
0.0768554892772317 0.12382303237218745
0.0943818399345905 0.15535984448479725
0.10786364813255883 0.17961893072526636
0.11823426982330368 0.19827976629485797
0.12621167112387666 0.21263425519454382
0.13234813366277895 0.22367616973276372
0.13706848946193456 0.23216995014677902
0.14069953238436195 0.23870362738832926
0.14349264232469072 0.2437295329587525
0.1456411884326359 0.2475956141667704
0.14664504282459268 0.24942221213914267
0.1477296677298028 0.25144212379535197
0.14889896109415915 0.253676637730262
0.15015670124182812 0.25614929561003685
0.1515059544309967 0.25888637296481004
0.15294916790041385 0.26191700360385506
0.1544876614848336 0.2652736065183708
0.15612170551834328 0.2689920313904524
0.1578499395681735 0.27311201373799887
0.15966926794108982 0.2776774086470479
0.1615746294956015 0.2827364966889205
0.16355867811325273 0.2883423346874908
0.16561180863485717 0.2945530028666713
0.16772235715106884 0.30143185811729306
0.16987698568264792 0.30904782346594056
0.17206172831491776 0.3174756239390058
0.17426382169829918 0.3267960387620873
0.17647458207483624 0.3370962084276662
0.17869413621215763 0.34846992951013517
0.1809390054054583 0.3610178588291742
0.18325412334891666 0.3748473584008226
0.18573259537357073 0.39007110550780755
0.18854933152427264 0.40680215807816056
0.19202000730869928 0.4251391592952287
0.19208803793660859 0.4254680026012194
0.19563478813578303 0.4410028213866241
0.1995574275725465 0.4549467391412262
0.20390683767732276 0.467375173601347
0.20867936128644823 0.47835230927764355
0.21382199626727916 0.48794138379133734
0.21924133918582853 0.4962163132659164
0.22481822532275897 0.5032704863367118
0.2304263662013669 0.5092187133548857
0.23594989855560716 0.5141915379961282
0.24129512438208933 0.5183248789954165
0.24639444872301006 0.52175014803712
0.25120515467264254 0.5245866880411825
0.2557050233673469 0.5269380009808375
0.2598868047622736 0.5288918179302488
0.26375400105137065 0.5305205028354919
0.267317123607734 0.5318830260893884
0.27059084010379036 0.5330274563816332
0.2735922338270383 0.5339925449024665
0.2763393783562752 0.5348098325172203
0.2788505984046009 0.5355047342667868
0.28114384545024895 0.5360979395604902
0.28323640147346274 0.5366061885911884
0.2851446048024939 0.5370433311348956
0.28688379529834435 0.5374207500865502
0.30645182694489415 0.5415550139242395
0.32601985859144395 0.5456892777619289
0.34558789023799374 0.5498235415996182
0.3651559218845435 0.5539578054373077
0.38472395353109323 0.558092069274997
0.404291985177643 0.5622263331126862
0.42386001682419294 0.5663605969503757
0.44342804847074296 0.5704948607880651
0.462996080117293 0.5746291246257546
0.482564111763843 0.5787633884634439
0.502132143410393 0.5828976523011333
0.521700175056943 0.5870319161388228
0.5412682067034931 0.5911661799765121
0.5608362383500429 0.5953004438142014
0.5804042699965928 0.5994347076518909
0.5999723016431426 0.6035689714895802
0.6195403332896926 0.6077032353272696
0.6391083649362425 0.611837499164959
0.6586763965827924 0.6159717630026483
0.6782444282293423 0.6201060268403378
0.6978124598758922 0.6242402906780271
0.7173804915224421 0.6283745545157164
0.736948523168992 0.6325088183534059
0.7565165548155419 0.6366430821910952
0.7760845864620917 0.6407773460287846
0.7956526181086419 0.644911609866474
0.8098558545272997 0.6479124189291557
0.8130733903226155 0.6485725639097262
0.8166214980706382 0.6492542934592836
0.8205350754820685 0.6499463510633854
0.8248524961549342 0.6506331533958848
0.8296161094808037 0.6512911961152621
0.8348722701754857 0.6518857925012161
0.840670854455279 0.6523675770268108
0.8470642352278285 0.6526644425352709
0.854104250164679 0.652670716425112
0.8618353364486068 0.6522323973649252
0.8702795621770429 0.651122495149962
0.8794056731340367 0.6490136826340939
0.8890717899161298 0.645456922424557
0.8989436652472722 0.6399079393833009
0.9084559985179322 0.6318717893002449
0.9169501498302596 0.6211251510096596
0.9239587586210688 0.6077794237161283
0.9293400502215223 0.5920873981810274
0.929923631268134 0.2877171653327042
0.9299761220527711 0.32293284009137524
0.9308490249825958 0.25571655768524365
0.9310289863037566 0.36165629136594135
0.9326607744947462 0.22666956926221654
0.9329656552562934 0.40422438754529166
0.9331806340543719 0.5742420159972359
0.9352351071977326 0.2003375379048131
0.9353753768077431 0.4510360747284158
0.9354139021471886 0.45183504789837475
0.9356520512886632 0.5543113114089567
0.9366384199162754 0.4812203780368796
0.9369366522180816 0.5322545193047379
0.9372083012309373 0.5079509067196112
0.9384361999214276 0.1764992023666087
0.9421278187681998 0.15494734647438055
0.9461813829669404 0.13548705311957596
0.9504804214309849 0.11793491000176043
0.954921977522477 0.10211850963398963
0.9594187871291957 0.08787678197496483
0.9638978993799019 0.07505974620671901
0.9683007646674978 0.06352881724788768
0.9725822040322448 0.05315686571534359
0.9767070908356227 0.04382721400257072
0.9806516696414473 0.035434450065888676
0.9843985416578684 0.027882346664838416
0.9879387925404062 0.02108490452888679
0.9912674957986234 0.014964101577281806
0.9943845705415425 0.00945017006867777
0.9972937252130964 0.004480901582865999
1.0 0.0
