# CURVE 2D, normalized by CHORD
# COLUMN#1 = X-coordinate, COLUMN#2 = Y-coordinate
#-------------------------------------------------------------------------------
0.0 0.0
0.007869697265231453 0.0028480740717429036
0.014993591222623663 0.00726912518646999
0.021335749619197618 0.012773012438008265
0.02698839780621138 0.01899761851930059
0.027040318311490126 0.019060774741261638
0.03311938563979155 0.027237221110515252
0.038518952399366896 0.03585064932619846
0.043379251180610305 0.04475274202728632
0.04780356328089868 0.05385292549394454
0.05186858477346883 0.06309306573908653
0.05186858477346884 0.06309306573908652
0.059391821381042376 0.08099796770756731
0.06703571857093686 0.09919003542805194
0.07480221154430117 0.11767387457608494
0.08269326653978962 0.13645416469481897
0.09071088133135358 0.15553566037973207
0.09885708573401678 0.17492319248234584
0.10713394211776234 0.19462166933324956
0.11554354592966193 0.2146360779847394
0.1240880262243789 0.23497148547338764
0.1327695462031798 0.2556330401028614
0.1415903037615909 0.2766259727473161
0.150411061320002 0.29761890539177077
0.1590925812988029 0.31828046002124455
0.16763706159351988 0.33861586750989275
0.17604666540541947 0.3586302761613826
0.18432352178916503 0.3783287530122863
0.19246972619182823 0.3977162851149001
0.2004873409833922 0.41679778079981317
0.20837839597888064 0.43557807091854717
0.21614488895224493 0.4540619100665802
0.22378878614213943 0.4722539777870648
0.23131202274971296 0.4901588797555456
0.2355021417670076 0.49931636651531197
0.2408250723265543 0.5078625375214122
0.24953194206984747 0.5105196429636432
0.2566403713575931 0.503373287472586
0.25668763083285945 0.5033178274935559
0.2637388897861099 0.4962063962157262
0.27278030743529774 0.4921971916903549
0.2825765558094163 0.49351988353081394
0.29131967949141513 0.4982433260601195
0.2990621530892262 0.5044649954244722
0.3108495871379704 0.5151533979023231
0.3228256217758082 0.5260128163108215
0.3349932746384742 0.537045986928714
0.34735561164429607 0.5482556898155887
0.35991574776672197 0.5596447495123753
0.3726768478192101 0.5712160357530519
0.3856421272526754 0.5829724641877411
0.3988148529656958 0.5949169971173737
0.41219834412768247 0.607052644240109
0.42579597301522 0.6193824634096963
0.43961116586178883 0.6319095614059719
0.4536474037210829 0.6446370947176825
0.467683641580377 0.6573646280293931
0.48149883442694585 0.6698917260256687
0.49509646331448337 0.682221545195256
0.5084799544764701 0.6943571923179913
0.5216526801894905 0.7063017252476239
0.5346179596229558 0.7180581536823131
0.5473790596754439 0.7296294399229897
0.5599391957978699 0.7410184996197763
0.5723015328036917 0.752228202506651
0.5844691856663577 0.7632613731245435
0.5964452203041954 0.7741207915330419
0.6082326543529397 0.7848091940108928
0.6270112453645134 0.7915579817310185
0.6409982025364187 0.7764144720129078
0.648710692344664 0.7565645752293765
0.6543421702425053 0.7358032150593835
0.6590196190990344 0.7146006960756046
0.6631961314620464 0.693089655664414
0.6671074289936276 0.6713237975348492
0.6708972209028626 0.6493299676090594
0.6746635655561022 0.6271238740287517
0.6784795772783212 0.6047161090857244
0.6824038217080497 0.5821148517677093
0.6864862050821796 0.5593272795247844
0.6907715307107394 0.5363604009368371
0.6953015758900444 0.5132215755961824
0.7001170487188751 0.4899190230126734
0.7003542571621937 0.48880501756476447
0.7075237420169707 0.45657267015402053
0.7152248158302649 0.42484291199643476
0.7235181195418223 0.3936403225739562
0.7324612321653756 0.3629935711957857
0.742110324128097 0.33293639935314934
0.7525208420448316 0.30350856037889556
0.7637484058423418 0.27475709047463337
0.7758478216015304 0.24673714378874514
0.788873324214898 0.21951351095250757
0.8028764700595226 0.193161356788287
0.8179040196989614 0.16776689782942839
0.8339949470876682 0.14342746489748684
0.8511778208724098 0.12025154154521953
0.8694637179267248 0.09835475727109422
0.8888439255780801 0.07785762178768971
0.909284340672644 0.05887863445852872
0.9307228052241051 0.04152664160452184
0.953068981855321 0.02589247784715904
0.9762065947099839 0.01203989337230429
1.0 0.0
