# CURVE 2D, normalized by CHORD
# COLUMN#1 = X-coordinate, COLUMN#2 = Y-coordinate
#-------------------------------------------------------------------------------
0.0 0.0
0.010227572919708277 0.005572539267053483
0.020258399194455712 0.011572640713484569
0.03002745700503318 0.018064963694288654
0.03944485012516167 0.025126509967646607
0.04838450864488245 0.032846743923310974
0.05666860640099669 0.041323413102798995
0.05674631584316466 0.04141114234943989
0.06324422422958081 0.04951389189311872
0.06880715129630534 0.05825266218534636
0.0732001002328558 0.06760393242211718
0.07619411462043602 0.07746397185619318
0.0776317327258105 0.08764151739426213
0.07784449083345257 0.09106006206023164
0.07806055875465755 0.09453178799212902
0.07827998797919446 0.09805752251483138
0.07850283079784309 0.10163810582365884
0.0787291403148551 0.10527439118459617
0.07895897046060896 0.10896724513762901
0.07919237600446166 0.11271754770324371
0.07942941256780059 0.11652619259213923
0.07967013663729822 0.12039408741820172
0.07991460557837311 0.12432215391479218
0.0801628776488603 0.12831132815439886
0.08041501201289436 0.13236256077170672
0.0806710687550084 0.13647681719013716
0.08093110889445247 0.14065507785191186
0.08119519439973463 0.1448983384516958
0.08146338820338829 0.14920761017387488
0.08173158200704195 0.15351688189605395
0.08199566751232411 0.1577601424958379
0.08225570765176818 0.1619384031576126
0.08251176439388222 0.16605265957604304
0.08276389875791627 0.1701038921933509
0.08301217082840347 0.17409306643295758
0.08325663976947836 0.17802113292954802
0.08349736383897599 0.18188902775561053
0.08373440040231492 0.18569767264450604
0.08396780594616762 0.18944797521012074
0.08419763609192148 0.1931408291631536
0.08442394560893349 0.1967771145240909
0.08464678842758212 0.20035769783291837
0.08486621765211903 0.20388343235562073
0.085082285573324 0.2073551582875181
0.08529504368096608 0.21077370295348763
0.08578396260243029 0.22384346287641474
0.08598540397752093 0.23698750344620267
0.08612836474419723 0.25019859685465795
0.08631482751663876 0.26347569331215404
0.08661278407422468 0.2768176249209359
0.0870816367774703 0.2902218554086697
0.08778408630242045 0.30368344293368554
0.08879557571713775 0.3171932847755833
0.08881703583288493 0.31743519983808155
0.09020125772309572 0.33061259648457786
0.09208698509864008 0.3436672320422562
0.09465623371627896 0.35654343008413003
0.0982099120677826 0.36911938571814074
0.10329409274161978 0.38108441319388553
0.11093847498310129 0.39147719597813707
0.12218440776105088 0.39741694324870924
0.12218440776105091 0.39741694324870924
0.14686136711073203 0.40200453933912295
0.17193549313951 0.4066659711188713
0.19741317810052875 0.41140242694650037
0.22330091712791986 0.4162151143067543
0.2496053098926349 0.42110526011840477
0.2763330622849272 0.42607411104703474
0.3034909881239131 0.43112293382285566
0.3310860108946475 0.4362530155636409
0.35912516551315743 0.4414656641028558
0.38761560011988283 0.44676220832306945
0.41610603472660823 0.4520587525432831
0.44414518934511815 0.45727140108249803
0.47174021211585254 0.46240148282328325
0.49889813795483845 0.46745030559910417
0.5256258903471307 0.4724191565277341
0.5519302831118458 0.4773093023393846
0.5778180221392369 0.4821219896996385
0.6032957071002556 0.48685844552726754
0.6283698331290336 0.4915198773070159
0.6530467924787148 0.4961074733974296
0.6712567079338868 0.4953466178764248
0.6883680223517491 0.4884282772608505
0.703902878280364 0.4781337935946665
0.7181931414309872 0.4659288633699326
0.731566554741464 0.45251171140035235
0.7442560304682758 0.4382447301357414
0.7564230124020617 0.4233352401380028
0.7681820341390982 0.40791158876579475
0.779616848809651 0.392058236085117
0.7907907826334686 0.37583366813304603
0.8017527370562433 0.35927978653530723
0.8125417592214358 0.34242780889380325
0.812907432507632 0.34184752795259127
0.8266796196093686 0.31958781093903893
0.8400070531741469 0.2973530972370781
0.8529487532873254 0.27518100569174286
0.8655516406831604 0.25309956587535876
0.8778540308191061 0.23113026158022065
0.8898876259968855 0.20928978261554554
0.9016793033547487 0.18759141769517038
0.9132521214152755 0.1660458640039431
0.9246262542167485 0.14466190748817911
0.935819558225586 0.12344684628146382
0.9468480767324173 0.10240684377389118
0.9577264878344337 0.08154722576207621
0.9684683652596735 0.060872662429401196
0.9790864912063025 0.040387366463757075
0.9895930789394547 0.020095236719594803
1.0 0.0
