# CURVE 2D, normalized by CHORD
# COLUMN#1 = X-coordinate, COLUMN#2 = Y-coordinate
#-------------------------------------------------------------------------------
0.0 0.0
0.010431353836505277 0.005453010417318697
0.020857092912204774 0.011021488741425537
0.0312664235430169 0.016723663450846856
0.04164421103031406 0.022584109670946335
0.05196820393321094 0.028637364552087874
0.06220351013572488 0.034934734084074215
0.07229026477074946 0.041558385652400956
0.07238979285277541 0.04162649757513019
0.08021320700432293 0.04721401012931273
0.08771087493621664 0.053208011750663975
0.09457022700353429 0.05989541414277549
0.09942855394392763 0.06804381080651675
0.11503639070881551 0.13407712622902962
0.11394366681451899 0.12945405240600477
0.11286771811853856 0.12490195074769224
0.11180828709261843 0.12041973170883347
0.11076512016200617 0.11600632247057063
0.10973796764475956 0.11166066668366757
0.10872658369198529 0.10738172421567263
0.10773072622899497 0.10316847090196302
0.10675015689736467 0.09901989830061109
0.10578464099788369 0.0949350134510138
0.10483394743437952 0.0909128386362277
0.10389784865840478 0.08695241114895239
0.10297612061477365 0.08305278306110658
0.10206854268793426 0.07921302099694161
0.1011748976491643 0.07543220590963796
0.1002949716045774 0.07170943286133154
0.09942855394392763 0.06804381080651675
0.11503639070881551 0.13407712622902962
0.11612911460311202 0.13870020005205447
0.11720506329909246 0.143252301710367
0.11826449432501258 0.14773452074922577
0.11930766125562485 0.1521479299874886
0.12033481377287146 0.15649358577439165
0.12134619772564573 0.1607725282423866
0.12234205518863604 0.16498578155609622
0.12332262452026635 0.16913435415744815
0.12428814041974733 0.17321923900704542
0.1252388339832515 0.1772414138218315
0.12617493275922625 0.18120184130910683
0.12709666080285736 0.18510146939695266
0.12800423872969677 0.18894123146111763
0.12889788376846673 0.19272204654842126
0.12977780981305362 0.19644481959672766
0.13064422747370338 0.20011044165154246
0.13064422747370338 0.20011044165154246
0.13602954440167284 0.2112627975460269
0.14640451526947315 0.21805813577037575
0.15878241453061165 0.22017443906182524
0.17141477453344567 0.21976697992884384
0.18400313829223666 0.21812872313650059
0.19655190246992568 0.21590154507560408
0.1967436690706149 0.21586510333360545
0.20969779109701817 0.2133567255399191
0.2226161744351746 0.2109773521116864
0.2355474720631472 0.2090362041450591
0.248513994584676 0.20790726998714706
0.2614639058901824 0.20812476788890946
0.2741229617634491 0.21049623389005812
0.2856625974919034 0.2160204546957605
0.5126037575360953 0.37438195703558363
0.48824375519853186 0.3573833369244193
0.4642698220911232 0.3406541192578473
0.44067583959990525 0.324190034414176
0.4174557860817 0.30798688043876654
0.39460373532727555 0.2920405219716121
0.372113855048862 0.27634688919191364
0.3499804053916383 0.2609019767793823
0.3281977374688096 0.2457018428920042
0.3067602919199015 0.23074260816000514
0.2856625974919034 0.2160204546957605
0.5126037575360953 0.37438195703558363
0.5369637598736589 0.39138057714674795
0.5609376929810674 0.40810979481332
0.5845316754722855 0.42457387965699134
0.6077517289904907 0.4407770336324007
0.6306037797449151 0.45672339209955515
0.6530936600233287 0.47241702487925363
0.6752271096805524 0.48786193729178495
0.6970097776033811 0.5030620711791631
0.7184472231522891 0.5180213059111621
0.7395449175802873 0.5327434593754068
0.7395449175802873 0.5327434593754068
0.7584578453736783 0.535792224750185
0.7732840456675021 0.5224091202485569
0.7833668723649196 0.5047028340572138
0.7913618755414846 0.48575208236485673
0.798248369881496 0.4661822618161412
0.8044703085939496 0.4462058905399827
0.8102714329131686 0.4259185079248586
0.8158046329618868 0.40537112969456585
0.8211761608659904 0.3845946345295497
0.8264661364379753 0.36360972576807443
0.8317396342630643 0.3424317449129637
0.8370531612883365 0.3210732718851934
0.8424589440553213 0.2995457532212742
0.8426674888151136 0.2987220698598804
0.8488718131005127 0.27453468084310634
0.8552080939993189 0.25062127095800796
0.8617398076537014 0.22699872681798855
0.86853311193512 0.20368703641598707
0.8756606488449108 0.1807113652197602
0.8832061345701574 0.15810502179723657
0.8912696977049965 0.13591378629795398
0.8999762325473227 0.11420330647638754
0.9094857071877731 0.09307108347227239
0.9200104763163995 0.0726691101611688
0.931837184287693 0.053245576635677014
0.945352371482358 0.0352271148270978
0.9610402454874727 0.019375381729520552
0.9793250691267483 0.007016430258310684
1.0 0.0
