# CURVE 2D, normalized by CHORD
# COLUMN#1 = X-coordinate, COLUMN#2 = Y-coordinate
#-------------------------------------------------------------------------------
0.0 0.0
0.013717165352371073 0.003128438036449687
0.027509909359768617 0.006288890372269694
0.04137812450211353 0.009483827302590082
0.055321540347397315 0.012716396943275232
0.06933964583625989 0.01599073410735907
0.08343155798212992 0.019312475945369355
0.09759578270626929 0.022689688152381263
0.11182973637099632 0.026134685655560676
0.12612864753223071 0.029668118344870608
0.12629756921830237 0.029710428840960573
0.13709232702804702 0.03245110653759873
0.1478417603696731 0.035281415447604714
0.15852043394811 0.038289255647752256
0.1687527643855821 0.04226818559387346
0.20230712729456285 0.2343631315365598
0.199260808855688 0.2169233018063029
0.19626239107970048 0.19975769797247916
0.193311120771046 0.1828620080754286
0.1904062565775042 0.1662319879572427
0.18754706880396255 0.14986346019564212
0.1847328392291188 0.13375231305461766
0.18196286092506533 0.11789449945157204
0.1792364380797106 0.10228603594070196
0.17655288582199277 0.08692300171236586
0.1739115300498416 0.07180153760818586
0.17131170726084566 0.05691784515163592
0.1687527643855821 0.042268185593873464
0.20230712729456285 0.2343631315365598
0.2053534457334377 0.2518029612668167
0.20835186350942522 0.26896856510064043
0.2113031338180797 0.28586425499769097
0.2142079980116215 0.3024942751158769
0.21706718578516315 0.3188628028774775
0.21988141536000694 0.33497395001850194
0.2226513936640604 0.35083176362154755
0.2253778165094151 0.36644022713241764
0.22806136876713295 0.3818032613607537
0.23070272453928412 0.39692472546493374
0.23330254732828004 0.4118084179214837
0.23586149020354363 0.42645807747924613
0.23586149020354363 0.42645807747924613
0.2374485043842279 0.4374842636726128
0.23854834436763447 0.44860868155921624
0.23940058831162198 0.4597933994160791
0.2402488431208331 0.4710167033077539
0.2413723984658074 0.48225363804211524
0.24313450203791787 0.49344508312013213
0.24315852270896696 0.4935642456802338
0.2461006906393667 0.5045651369803412
0.2508984332974902 0.514842189109606
0.2581750829285341 0.5234737893718714
0.2677267083986606 0.5294311366649829
0.27851402569342876 0.5326068308321139
0.5108494746677206 0.5743713222905544
0.4880072604541082 0.5702652185314081
0.4655257697884261 0.5662239582371869
0.4433993061354427 0.5622465174018765
0.42162226291943683 0.5583318881905347
0.4001891221035593 0.5544790786839177
0.37909445279163 0.5506871126271401
0.3583329098520153 0.5469550291823038
0.33789923256323673 0.5432818826850331
0.31778824328096833 0.5396667424048556
0.29799484612608496 0.5361086923093658
0.27851402569342876 0.5326068308321139
0.5108494746677206 0.5743713222905544
0.533691688881333 0.5784774260497008
0.5561731795470151 0.582518686343922
0.5782996431999985 0.5864961271792324
0.6000766864160043 0.5904107563905742
0.621509827231882 0.5942635658971912
0.6426044965438112 0.5980555319539688
0.6633660394834259 0.6017876153988051
0.6837997167722045 0.6054607618960758
0.7039107060544729 0.6090759021762533
0.7237041032093563 0.6126339522717431
0.7431849236420125 0.616135813748995
0.7431849236420125 0.616135813748995
0.7613640461573994 0.6115894535988637
0.772952959568764 0.5960562414333599
0.7801382374440547 0.5777451150500548
0.7853045980191502 0.5585790196424558
0.789405756442831 0.538984603509437
0.7928970982175493 0.5191019326971527
0.7960360208286894 0.4989898903593311
0.798987665839221 0.47867788257832694
0.8018686483966857 0.45818287469826874
0.8047683970288082 0.43751626078520567
0.807760340393713 0.4166870255350307
0.8109085000066182 0.3957034441581849
0.8142716842155456 0.374574149252526
0.8144064053431863 0.37375685321563373
0.8190757789423361 0.3468065188397498
0.8241854691809781 0.3202149731009971
0.8298139607344217 0.29400561010644755
0.8360354046371582 0.2682066708432199
0.8429223519589305 0.24285265553710228
0.8505468948194547 0.21798572407110306
0.8589809679183236 0.19365718850277266
0.8682969340836666 0.16992950426778686
0.8785654211107871 0.14687766356328405
0.889853555280214 0.12459087496219358
0.9022209035847075 0.10317323676865414
0.9157142053895696 0.08274318864581244
0.9303614909016139 0.06343141746176302
0.9461633484106319 0.04537428799281441
0.963088569650065 0.028706801623315927
0.9810688107336104 0.01355010945297575
1.0 0.0
