# CURVE 2D, normalized by CHORD
# COLUMN#1 = X-coordinate, COLUMN#2 = Y-coordinate
#-------------------------------------------------------------------------------
0.0 0.0
0.00031920962975845235 4.6543772115599116e-05
0.0006703235982983844 9.78558025993554e-05
0.0010565282472275485 0.00015444060844984215
0.0014813280565064099 0.00021685635535687007
0.0019485764885720548 0.00028572675566914643
0.0024625110616004757 0.0003617462979113399
0.003027790983382143 0.0004456923789971548
0.0036495391306909206 0.0005384346164601624
0.0043333875853049 0.0006409493087707496
0.005085527559620243 0.0007543362381921738
0.005912764101038219 0.0008798382965729932
0.006822575988593792 0.001018864527023471
0.007823180504174236 0.0011730221851397613
0.00892360421829944 0.001344154019501817
0.010133759367164104 0.0015343874100634558
0.011464525441335286 0.0017462014582547934
0.012927835809908797 0.001982516334396645
0.01453676761350116 0.002246818098592051
0.016305630844487173 0.00254334341679521
0.018250049873120885 0.0028773578887055554
0.020387020249708777 0.0032556081494543687
0.022734905378494857 0.003687094034362297
0.02531327810008786 0.004184533518421125
0.028142344402812176 0.004767451070573442
0.02818123262280057 0.004775797268245301
0.029303654180700106 0.00502133769306467
0.030322190965006265 0.00525283392000907
0.031246271917264673 0.005471312461682889
0.032084464221198 0.005677722762129124
0.03284454943942817 0.00587295082521713
0.033533594127081956 0.006057824567459404
0.03415801490032548 0.006233115181959069
0.034723636174686184 0.006399543514785786
0.03523573929312576 0.006557795619763743
0.03569911515117057 0.00670850911553094
0.03611810226155677 0.006852292334206019
0.03649662345834585 0.00698973076519734
0.03683822489997531 0.007121375719894237
0.03714609823609648 0.007247767941475003
0.03742310814216049 0.00736943332218339
0.03767181220678215 0.007486887543160026
0.037894468599696966 0.007600653857977385
0.03809305230894031 0.007711248560527791
0.038269242395453824 0.00781920612128163
0.03842441241191345 0.007925070464438877
0.03855959763157788 0.008029392187880742
0.03867543876676086 0.008132708805815403
0.0387721240680645 0.008235462993325688
0.03884933176840961 0.008337851474186522
0.11392770627969424 0.12241521212724617
0.09479800439941753 0.09334870776048161
0.08008284910689697 0.07098985824758577
0.06876349888188116 0.0537907432376659
0.06005630640109977 0.04056065476849677
0.053358466031267926 0.03038366363836667
0.04820628113139727 0.022555208922881972
0.04424306197765061 0.01653332068020144
0.041194431859383956 0.01190109895506257
0.038849331768409615 0.008337851474186517
0.11392770627969424 0.12241521212724617
0.13305740815997097 0.1514817164940107
0.1477725634524915 0.17384056600690656
0.15909191367750733 0.19103968101682642
0.16779910615828875 0.20426976948599557
0.1744969465281206 0.21444676061612566
0.17964913142799122 0.22227521533161035
0.18361235058173786 0.2282971035742909
0.18666098070000453 0.23292932529942975
0.1890060807909789 0.2364925727803058
0.1890060807909789 0.2364925727803058
0.1893879102579812 0.23707098594314577
0.1898097251943191 0.23770604669672216
0.19027599048349955 0.2384031011076135
0.19079174358280082 0.23916793909645628
0.19136263290837408 0.24000684838982095
0.19199508034884755 0.24092659108493905
0.19269646986727665 0.24193436617413294
0.19347525894852727 0.24303782910381025
0.19434113999034625 0.24424508186764
0.1953055829874026 0.24556438723189644
0.1963819918404397 0.24700414406166846
0.19758645200074598 0.24857240345276535
0.19893858657176225 0.25027621887118306
0.20046267008761737 0.2521206430446835
0.2021895614360826 0.2541067411876678
0.20415988556291415 0.2562277664150589
0.20642862625877892 0.2584621905045176
0.2090732723295 0.2607582825527888
0.21220477320337872 0.2630002501340831
0.21597121163475688 0.26493162088089095
0.22048599777303807 0.266031169369676
0.22557558730025326 0.2656275146736885
0.2308357751591878 0.26362114143671556
0.23623563126148672 0.26056581402374346
0.23631241630800004 0.26051943877332506
0.24239156372028067 0.25696682602690407
0.24819655007655522 0.25427929962701845
0.25378400105653937 0.25267636571378715
0.2590365532013443 0.2520944895110195
0.26383797707313317 0.25229977247105256
0.2681470410621335 0.25302852215367705
0.27198226864332176 0.25406863378525674
0.27538835711875365 0.25527361125298437
0.2784155583337488 0.2565485646820578
0.2811110637266452 0.2578338187059254
0.28351652726552345 0.2590924057632202
0.28566775711061765 0.2603021778806217
0.28759541291092244 0.261450396216408
0.289325710860771 0.26253052092431706
0.29088125751206945 0.26353988539896334
0.29228154676122653 0.2644784896638293
0.293543477758161 0.2653480439784852
0.2946819233194947 0.26615112190501555
0.295709819729257 0.2668910938582182
0.29663864670332013 0.2675715420277821
0.29747846153142304 0.26819632726341996
0.2982382375311418 0.2687692437155189
0.2989260108488067 0.2692939431669447
0.2995488354257306 0.2697741037811688
0.2995488354257306 0.2697741037811688
0.3153593029550614 0.28202274111370396
0.3311697704843923 0.2942713784462392
0.34698023801372313 0.3065200157787743
0.3627907055430539 0.3187686531113095
0.3786011730723847 0.33101729044384465
0.3944116406017155 0.34326592777637976
0.41022210813104637 0.355514565108915
0.4260325756603773 0.36776320244145017
0.44184304318970813 0.38001183977398534
0.4576535107190391 0.3922604771065207
0.4734639782483701 0.40450911443905596
0.489274445777701 0.41675775177159124
0.5050849133070319 0.4290063891041264
0.5208953808363626 0.4412550264366615
0.5367058483656933 0.4535036637691966
0.5525163158950241 0.4657523011017317
0.5683267834243548 0.47800093843426683
0.5841372509536856 0.4902495757668019
0.5999477184830164 0.5024982130993371
0.6157581860123473 0.5147468504318723
0.6315686535416782 0.5269954877644075
0.6473791210710091 0.5392441250969428
0.66318958860034 0.551492762429478
0.679000056129671 0.5637413997620133
0.6871464247195311 0.5700525296668844
0.6871464247195311 0.5700525296668844
0.6871464247195311 0.5700525296668844
0.6871464247195311 0.5700525296668844
0.6871464247195311 0.5700525296668844
0.6871464247195311 0.5700525296668844
0.6871464247195311 0.5700525296668844
0.6871464247195311 0.5700525296668844
0.6871464247195311 0.5700525296668844
0.6871464247195311 0.5700525296668844
0.6871464247195311 0.5700525296668844
0.6871464247195311 0.5700525296668844
0.6871464247195311 0.5700525296668844
0.6871464247195311 0.5700525296668844
0.6871464247195311 0.5700525296668844
0.6871464247195311 0.5700525296668844
0.6871464247195311 0.5700525296668844
0.6871464247195311 0.5700525296668844
0.6871464247195311 0.5700525296668844
0.6871464247195311 0.5700525296668844
0.6871464247195311 0.5700525296668844
0.6871464247195311 0.5700525296668844
0.6871464247195311 0.5700525296668844
0.6871464247195311 0.5700525296668844
0.6871464247195311 0.5700525296668844
0.6871464247195311 0.5700525296668844
0.6871464247195311 0.5700525296668844
0.6871464247195311 0.5700525296668844
0.6871464247195311 0.5700525296668844
0.6871464247195311 0.5700525296668844
0.6871464247195311 0.5700525296668844
0.6871464247195311 0.5700525296668844
0.6871464247195311 0.5700525296668844
0.6871464247195311 0.5700525296668844
0.6871464247195311 0.5700525296668844
0.6871464247195311 0.5700525296668844
0.6871464247195311 0.5700525296668844
0.6871464247195311 0.5700525296668844
0.6871464247195311 0.5700525296668844
0.6871464247195311 0.5700525296668844
0.6871464247195311 0.5700525296668844
0.6871464247195311 0.5700525296668844
0.6871464247195311 0.5700525296668844
0.6871464247195311 0.5700525296668844
0.6871464247195311 0.5700525296668844
0.6871464247195311 0.5700525296668844
0.6871464247195311 0.5700525296668844
0.6871464247195311 0.5700525296668844
0.6871464247195311 0.5700525296668844
0.6871464247195311 0.5700525296668844
0.6871464247195311 0.5700525296668844
0.6871464247195311 0.5700525296668844
0.6871464247195311 0.5700525296668844
0.6871464247195311 0.5700525296668844
0.6871464247195311 0.5700525296668844
0.6871464247195311 0.5700525296668844
0.6871464247195311 0.5700525296668844
0.6871464247195311 0.5700525296668844
0.6871464247195311 0.5700525296668844
0.6871464247195311 0.5700525296668844
0.6871464247195311 0.5700525296668844
0.6871464247195311 0.5700525296668844
0.6871464247195311 0.5700525296668844
0.6871464247195311 0.5700525296668844
0.6871464247195311 0.5700525296668844
0.6871464247195311 0.5700525296668844
0.6871464247195311 0.5700525296668844
0.6871464247195311 0.5700525296668844
0.6871464247195311 0.5700525296668844
0.6871464247195311 0.5700525296668844
0.6871464247195311 0.5700525296668844
0.6871464247195311 0.5700525296668844
0.6871464247195311 0.5700525296668844
0.6871464247195311 0.5700525296668844
0.6871464247195311 0.5700525296668844
0.6871464247195311 0.5700525296668844
0.6871464247195311 0.5700525296668844
0.6871464247195311 0.5700525296668844
0.6871464247195311 0.5700525296668844
0.6871464247195311 0.5700525296668844
0.6871464247195311 0.5700525296668844
0.6871464247195311 0.5700525296668844
0.6871464247195311 0.5700525296668844
0.6871464247195311 0.5700525296668844
0.6871464247195311 0.5700525296668844
0.6871464247195311 0.5700525296668844
0.6871464247195311 0.5700525296668844
0.6871464247195311 0.5700525296668844
0.6871464247195311 0.5700525296668844
0.6871464247195311 0.5700525296668844
0.6871464247195311 0.5700525296668844
0.6871464247195311 0.5700525296668844
0.6871464247195311 0.5700525296668844
0.6871464247195311 0.5700525296668844
0.6871464247195311 0.5700525296668844
0.6871464247195311 0.5700525296668844
0.6871464247195311 0.5700525296668844
0.6871464247195311 0.5700525296668844
0.6871464247195311 0.5700525296668844
0.6871464247195311 0.5700525296668844
0.6871464247195311 0.5700525296668844
0.6871464247195311 0.5700525296668844
0.6871464247195311 0.5700525296668844
0.6871464247195311 0.5700525296668844
0.6871464247195311 0.5700525296668844
0.6871464247195311 0.5700525296668844
0.6871464247195311 0.5700525296668844
0.6871464247195311 0.5700525296668844
0.6871464247195311 0.5700525296668844
0.6871464247195311 0.5700525296668844
0.6871464247195311 0.5700525296668844
0.6871464247195311 0.5700525296668844
0.6871464247195311 0.5700525296668844
0.6871464247195311 0.5700525296668844
0.6871464247195311 0.5700525296668844
0.6871464247195311 0.5700525296668844
0.6871464247195311 0.5700525296668844
0.6871464247195311 0.5700525296668844
0.6871464247195311 0.5700525296668844
0.6871464247195311 0.5700525296668844
0.6871464247195311 0.5700525296668844
0.6871464247195311 0.5700525296668844
0.6871464247195311 0.5700525296668844
0.6871464247195311 0.5700525296668844
0.6871464247195311 0.5700525296668844
0.6871464247195311 0.5700525296668844
0.6871464247195311 0.5700525296668844
0.6871464247195311 0.5700525296668844
0.6871464247195311 0.5700525296668844
0.6871464247195311 0.5700525296668844
0.6871464247195311 0.5700525296668844
0.6871464247195311 0.5700525296668844
0.6871464247195311 0.5700525296668844
0.6871464247195311 0.5700525296668844
0.6871464247195311 0.5700525296668844
0.6871464247195311 0.5700525296668844
0.6871464247195311 0.5700525296668844
0.6871464247195311 0.5700525296668844
0.6871464247195311 0.5700525296668844
0.6871464247195311 0.5700525296668844
0.6871464247195311 0.5700525296668844
0.6871464247195311 0.5700525296668844
0.6871464247195311 0.5700525296668844
0.6871464247195311 0.5700525296668844
0.6871464247195311 0.5700525296668844
0.6871464247195311 0.5700525296668844
0.6871464247195311 0.5700525296668844
0.6871464247195311 0.5700525296668844
0.6871464247195311 0.5700525296668844
0.6871464247195311 0.5700525296668844
0.6871464247195311 0.5700525296668844
0.6871464247195311 0.5700525296668844
0.6871464247195311 0.5700525296668844
0.6871464247195311 0.5700525296668844
0.6871464247195311 0.5700525296668844
0.6871464247195311 0.5700525296668844
0.6871464247195311 0.5700525296668844
0.6871464247195311 0.5700525296668844
0.6871464247195311 0.5700525296668844
0.6871464247195311 0.5700525296668844
0.6871464247195311 0.5700525296668844
0.6871464247195311 0.5700525296668844
0.6871464247195311 0.5700525296668844
0.6871464247195311 0.5700525296668844
0.6871464247195311 0.5700525296668844
0.6871464247195311 0.5700525296668844
0.6871464247195311 0.5700525296668844
0.6871464247195311 0.5700525296668844
0.6871464247195311 0.5700525296668844
0.6871464247195311 0.5700525296668844
0.6871464247195311 0.5700525296668844
0.6871464247195311 0.5700525296668844
0.6871464247195311 0.5700525296668844
0.6871464247195311 0.5700525296668844
0.6871464247195311 0.5700525296668844
0.6871464247195311 0.5700525296668844
0.6871464247195311 0.5700525296668844
0.6871464247195311 0.5700525296668844
0.6871464247195311 0.5700525296668844
0.6871464247195311 0.5700525296668844
0.6871464247195311 0.5700525296668844
0.6871464247195311 0.5700525296668844
0.6871464247195311 0.5700525296668844
0.6871464247195311 0.5700525296668844
0.6871464247195311 0.5700525296668844
0.6871464247195311 0.5700525296668844
0.6871464247195311 0.5700525296668844
0.6871464247195311 0.5700525296668844
0.6871464247195311 0.5700525296668844
0.6871464247195311 0.5700525296668844
0.6871464247195311 0.5700525296668844
0.6871464247195311 0.5700525296668844
0.6871464247195311 0.5700525296668844
0.6871464247195311 0.5700525296668844
0.6871464247195311 0.5700525296668844
0.6871464247195311 0.5700525296668844
0.6871464247195311 0.5700525296668844
0.6871464247195311 0.5700525296668844
0.6871464247195311 0.5700525296668844
0.6871464247195311 0.5700525296668844
0.6871464247195311 0.5700525296668844
0.6871464247195311 0.5700525296668844
0.6871464247195311 0.5700525296668844
0.6871464247195311 0.5700525296668844
0.6871464247195311 0.5700525296668844
0.6871464247195311 0.5700525296668844
0.6871464247195311 0.5700525296668844
0.6871464247195311 0.5700525296668844
0.6871464247195311 0.5700525296668844
0.6871464247195311 0.5700525296668844
0.6871464247195311 0.5700525296668844
0.6871464247195311 0.5700525296668844
0.6871464247195311 0.5700525296668844
0.6871464247195311 0.5700525296668844
0.6871464247195311 0.5700525296668844
0.6871464247195311 0.5700525296668844
0.6871464247195311 0.5700525296668844
0.6871464247195311 0.5700525296668844
0.6871464247195311 0.5700525296668844
0.6871464247195311 0.5700525296668844
0.6871464247195311 0.5700525296668844
0.6871464247195311 0.5700525296668844
0.6871464247195311 0.5700525296668844
0.6871464247195311 0.5700525296668844
0.6871464247195311 0.5700525296668844
0.6871464247195311 0.5700525296668844
0.6871464247195311 0.5700525296668844
0.6871464247195311 0.5700525296668844
0.6871464247195311 0.5700525296668844
0.6871464247195311 0.5700525296668844
0.6871464247195311 0.5700525296668844
0.6871464247195311 0.5700525296668844
0.6871464247195311 0.5700525296668844
0.6871464247195311 0.5700525296668844
0.6871464247195311 0.5700525296668844
0.6871464247195311 0.5700525296668844
0.6871464247195311 0.5700525296668844
0.6871464247195311 0.5700525296668844
0.6871464247195311 0.5700525296668844
0.6871464247195311 0.5700525296668844
0.6871464247195311 0.5700525296668844
0.6871464247195311 0.5700525296668844
0.6871464247195311 0.5700525296668844
0.6871464247195311 0.5700525296668844
0.6871464247195311 0.5700525296668844
0.6871464247195311 0.5700525296668844
0.6871464247195311 0.5700525296668844
0.6871464247195311 0.5700525296668844
0.6871464247195311 0.5700525296668844
0.6871464247195311 0.5700525296668844
0.6871464247195311 0.5700525296668844
0.6871464247195311 0.5700525296668844
0.6871464247195311 0.5700525296668844
0.6871464247195311 0.5700525296668844
0.6871464247195311 0.5700525296668844
0.6871464247195311 0.5700525296668844
0.6871464247195311 0.5700525296668844
0.6871464247195311 0.5700525296668844
0.6871464247195311 0.5700525296668844
0.6871464247195311 0.5700525296668844
0.6871464247195311 0.5700525296668844
0.6871464247195311 0.5700525296668844
0.6871464247195311 0.5700525296668844
0.6871464247195311 0.5700525296668844
0.6871464247195311 0.5700525296668844
0.6871464247195311 0.5700525296668844
0.6871464247195311 0.5700525296668844
0.6871464247195311 0.5700525296668844
0.6871464247195311 0.5700525296668844
0.6871464247195311 0.5700525296668844
0.6871464247195311 0.5700525296668844
0.6871464247195311 0.5700525296668844
0.6871464247195311 0.5700525296668844
0.6871464247195311 0.5700525296668844
0.6871464247195311 0.5700525296668844
0.6871464247195311 0.5700525296668844
0.6871464247195311 0.5700525296668844
0.6871464247195311 0.5700525296668844
0.6871464247195311 0.5700525296668844
0.6871464247195311 0.5700525296668844
0.6871464247195311 0.5700525296668844
0.6871464247195311 0.5700525296668844
0.6871464247195311 0.5700525296668844
0.6871464247195311 0.5700525296668844
0.6871464247195311 0.5700525296668844
0.6871464247195311 0.5700525296668844
0.6871464247195311 0.5700525296668844
0.6871464247195311 0.5700525296668844
0.6871464247195311 0.5700525296668844
0.6871464247195311 0.5700525296668844
0.6871464247195311 0.5700525296668844
0.6871464247195311 0.5700525296668844
0.6871464247195311 0.5700525296668844
0.6871464247195311 0.5700525296668844
0.6871464247195311 0.5700525296668844
0.6871464247195311 0.5700525296668844
0.6871464247195311 0.5700525296668844
0.6871464247195311 0.5700525296668844
0.6871464247195311 0.5700525296668844
0.6871464247195311 0.5700525296668844
0.6871464247195311 0.5700525296668844
0.6871464247195311 0.5700525296668844
0.6871464247195311 0.5700525296668844
0.6871464247195311 0.5700525296668844
0.6871464247195311 0.5700525296668844
0.6871464247195311 0.5700525296668844
0.6871464247195311 0.5700525296668844
0.6871464247195311 0.5700525296668844
0.6871464247195311 0.5700525296668844
0.6871464247195311 0.5700525296668844
0.6871464247195311 0.5700525296668844
0.6871464247195311 0.5700525296668844
0.6871464247195311 0.5700525296668844
0.6871464247195311 0.5700525296668844
0.6871464247195311 0.5700525296668844
0.6871464247195311 0.5700525296668844
0.6871464247195311 0.5700525296668844
0.6871464247195311 0.5700525296668844
0.6871464247195311 0.5700525296668844
0.6871464247195311 0.5700525296668844
0.6871464247195311 0.5700525296668844
0.6871464247195311 0.5700525296668844
0.6871464247195311 0.5700525296668844
0.6871464247195311 0.5700525296668844
0.6871464247195311 0.5700525296668844
0.6871464247195311 0.5700525296668844
0.6871464247195311 0.5700525296668844
0.6871464247195311 0.5700525296668844
0.6871464247195311 0.5700525296668844
0.6871464247195311 0.5700525296668844
0.6871464247195311 0.5700525296668844
0.6871464247195311 0.5700525296668844
0.6871464247195311 0.5700525296668844
0.6871464247195311 0.5700525296668844
0.6871464247195311 0.5700525296668844
0.6871464247195311 0.5700525296668844
0.6871464247195311 0.5700525296668844
0.6871464247195311 0.5700525296668844
0.6871464247195311 0.5700525296668844
0.6871464247195311 0.5700525296668844
0.6871464247195311 0.5700525296668844
0.6871464247195311 0.5700525296668844
0.6871464247195311 0.5700525296668844
0.6871464247195311 0.5700525296668844
0.6871464247195311 0.5700525296668844
0.6871464247195311 0.5700525296668844
0.6871464247195311 0.5700525296668844
0.6871464247195311 0.5700525296668844
0.6871464247195311 0.5700525296668844
0.6871464247195311 0.5700525296668844
0.6871464247195311 0.5700525296668844
0.6871464247195311 0.5700525296668844
0.6871464247195311 0.5700525296668844
0.6871464247195311 0.5700525296668844
0.6871464247195311 0.5700525296668844
0.6871464247195311 0.5700525296668844
0.6871464247195311 0.5700525296668844
0.6871464247195311 0.5700525296668844
0.6871464247195311 0.5700525296668844
0.6871464247195311 0.5700525296668844
0.6871464247195311 0.5700525296668844
0.6871464247195311 0.5700525296668844
0.6871464247195311 0.5700525296668844
0.6871464247195311 0.5700525296668844
0.6871464247195311 0.5700525296668844
0.6871464247195311 0.5700525296668844
0.6871464247195311 0.5700525296668844
0.6871464247195311 0.5700525296668844
0.6871464247195311 0.5700525296668844
0.6871464247195311 0.5700525296668844
0.6871464247195311 0.5700525296668844
0.6871464247195311 0.5700525296668844
0.6871464247195311 0.5700525296668844
0.6871464247195311 0.5700525296668844
0.6871464247195311 0.5700525296668844
0.6871464247195311 0.5700525296668844
0.6871464247195311 0.5700525296668844
0.6871464247195311 0.5700525296668844
0.6871464247195311 0.5700525296668844
0.6871464247195311 0.5700525296668844
0.6871464247195311 0.5700525296668844
0.6871464247195311 0.5700525296668844
0.6871464247195311 0.5700525296668844
0.6871464247195311 0.5700525296668844
0.6871464247195311 0.5700525296668844
0.6871464247195311 0.5700525296668844
0.6871464247195311 0.5700525296668844
0.6871464247195311 0.5700525296668844
0.6871464247195311 0.5700525296668844
0.6871464247195311 0.5700525296668844
0.6871464247195311 0.5700525296668844
0.6871464247195311 0.5700525296668844
0.6871464247195311 0.5700525296668844
0.6871464247195311 0.5700525296668844
0.6871464247195311 0.5700525296668844
0.6871464247195311 0.5700525296668844
0.6871464247195311 0.5700525296668844
0.6871464247195311 0.5700525296668844
0.6871464247195311 0.5700525296668844
0.6871464247195311 0.5700525296668844
0.6871464247195311 0.5700525296668844
0.6871464247195311 0.5700525296668844
0.6871464247195311 0.5700525296668844
0.6871464247195311 0.5700525296668844
0.6871464247195311 0.5700525296668844
0.6871464247195311 0.5700525296668844
0.6871464247195311 0.5700525296668844
0.6871464247195311 0.5700525296668844
0.6871464247195311 0.5700525296668844
0.6871464247195311 0.5700525296668844
0.6871464247195311 0.5700525296668844
0.6871464247195311 0.5700525296668844
0.6871464247195311 0.5700525296668844
0.6871464247195311 0.5700525296668844
0.6871464247195311 0.5700525296668844
0.6871464247195311 0.5700525296668844
0.6871464247195311 0.5700525296668844
0.6871464247195311 0.5700525296668844
0.6871464247195311 0.5700525296668844
0.6871464247195311 0.5700525296668844
0.6871464247195311 0.5700525296668844
0.6871464247195311 0.5700525296668844
0.6871464247195311 0.5700525296668844
0.6871464247195311 0.5700525296668844
0.6871464247195311 0.5700525296668844
0.6871464247195311 0.5700525296668844
0.6871464247195311 0.5700525296668844
0.6871464247195311 0.5700525296668844
0.6871464247195311 0.5700525296668844
0.6871464247195311 0.5700525296668844
0.6871464247195311 0.5700525296668844
0.6871464247195311 0.5700525296668844
0.6871464247195311 0.5700525296668844
0.6871464247195311 0.5700525296668844
0.6871464247195311 0.5700525296668844
0.6871464247195311 0.5700525296668844
0.6871464247195311 0.5700525296668844
0.6871464247195311 0.5700525296668844
0.6871464247195311 0.5700525296668844
0.6871464247195311 0.5700525296668844
0.6871464247195311 0.5700525296668844
0.6871464247195311 0.5700525296668844
0.6871464247195311 0.5700525296668844
0.6871464247195311 0.5700525296668844
0.6871464247195311 0.5700525296668844
0.6871464247195311 0.5700525296668844
0.6871464247195311 0.5700525296668844
0.6871464247195311 0.5700525296668844
0.6871464247195311 0.5700525296668844
0.6871464247195311 0.5700525296668844
0.6871464247195311 0.5700525296668844
0.6871464247195311 0.5700525296668844
0.6871464247195311 0.5700525296668844
0.6871464247195311 0.5700525296668844
0.6871464247195311 0.5700525296668844
0.6871464247195311 0.5700525296668844
0.6871464247195311 0.5700525296668844
0.6871464247195311 0.5700525296668844
0.6871464247195311 0.5700525296668844
0.6871464247195311 0.5700525296668844
0.6871464247195311 0.5700525296668844
0.6871464247195311 0.5700525296668844
0.6871464247195311 0.5700525296668844
0.6871464247195311 0.5700525296668844
0.6871464247195311 0.5700525296668844
0.6871464247195311 0.5700525296668844
0.6871464247195311 0.5700525296668844
0.6871464247195311 0.5700525296668844
0.6871464247195311 0.5700525296668844
0.6871464247195311 0.5700525296668844
0.6871464247195311 0.5700525296668844
0.6871464247195311 0.5700525296668844
0.6871464247195311 0.5700525296668844
0.6871464247195311 0.5700525296668844
0.6871464247195311 0.5700525296668844
0.6871464247195311 0.5700525296668844
0.6871464247195311 0.5700525296668844
0.6871464247195311 0.5700525296668844
0.6871464247195311 0.5700525296668844
0.6871464247195311 0.5700525296668844
0.6871464247195311 0.5700525296668844
0.6871464247195311 0.5700525296668844
0.6871464247195311 0.5700525296668844
0.6871464247195311 0.5700525296668844
0.6871464247195311 0.5700525296668844
0.6871464247195311 0.5700525296668844
0.6871464247195311 0.5700525296668844
0.6871464247195311 0.5700525296668844
0.6871464247195311 0.5700525296668844
0.6871464247195311 0.5700525296668844
0.6871464247195311 0.5700525296668844
0.6871464247195311 0.5700525296668844
0.6871464247195311 0.5700525296668844
0.6871464247195311 0.5700525296668844
0.6871464247195311 0.5700525296668844
0.6871464247195311 0.5700525296668844
0.6871464247195311 0.5700525296668844
0.6871464247195311 0.5700525296668844
0.6871464247195311 0.5700525296668844
0.6871464247195311 0.5700525296668844
0.6871464247195311 0.5700525296668844
0.6871464247195311 0.5700525296668844
0.6871464247195311 0.5700525296668844
0.6871464247195311 0.5700525296668844
0.6871464247195311 0.5700525296668844
0.6871464247195311 0.5700525296668844
0.6871464247195311 0.5700525296668844
0.6871464247195311 0.5700525296668844
0.6871464247195311 0.5700525296668844
0.6871464247195311 0.5700525296668844
0.6871464247195311 0.5700525296668844
0.6871464247195311 0.5700525296668844
0.6871464247195311 0.5700525296668844
0.6871464247195311 0.5700525296668844
0.6871464247195311 0.5700525296668844
0.6871464247195311 0.5700525296668844
0.6871464247195311 0.5700525296668844
0.6871464247195311 0.5700525296668844
0.6871464247195311 0.5700525296668844
0.6871464247195311 0.5700525296668844
0.6871464247195311 0.5700525296668844
0.6871464247195311 0.5700525296668844
0.6871464247195311 0.5700525296668844
0.6871464247195311 0.5700525296668844
0.6871464247195311 0.5700525296668844
0.6871464247195311 0.5700525296668844
0.6871464247195311 0.5700525296668844
0.6871464247195311 0.5700525296668844
0.6871464247195311 0.5700525296668844
0.6871464247195311 0.5700525296668844
0.6871464247195311 0.5700525296668844
0.6871464247195311 0.5700525296668844
0.6871464247195311 0.5700525296668844
0.6871464247195311 0.5700525296668844
0.6871464247195311 0.5700525296668844
0.6871464247195311 0.5700525296668844
0.6871464247195311 0.5700525296668844
0.6871464247195311 0.5700525296668844
0.6871464247195311 0.5700525296668844
0.6871464247195311 0.5700525296668844
0.6871464247195311 0.5700525296668844
0.6871464247195311 0.5700525296668844
0.6871464247195311 0.5700525296668844
0.6871464247195311 0.5700525296668844
0.6871464247195311 0.5700525296668844
0.6871464247195311 0.5700525296668844
0.6871464247195311 0.5700525296668844
0.6871464247195311 0.5700525296668844
0.6871464247195311 0.5700525296668844
0.6871464247195311 0.5700525296668844
0.6871464247195311 0.5700525296668844
0.6871464247195311 0.5700525296668844
0.6871464247195311 0.5700525296668844
0.6871464247195311 0.5700525296668844
0.6871464247195311 0.5700525296668844
0.6871464247195311 0.5700525296668844
0.6871464247195311 0.5700525296668844
0.6871464247195311 0.5700525296668844
0.6871464247195311 0.5700525296668844
0.6871464247195311 0.5700525296668844
0.6871464247195311 0.5700525296668844
0.6871464247195311 0.5700525296668844
0.6871464247195311 0.5700525296668844
0.6871464247195311 0.5700525296668844
0.6871464247195311 0.5700525296668844
0.6871464247195311 0.5700525296668844
0.6871464247195311 0.5700525296668844
0.6871464247195311 0.5700525296668844
0.6871464247195311 0.5700525296668844
0.6871464247195311 0.5700525296668844
0.6871464247195311 0.5700525296668844
0.6871464247195311 0.5700525296668844
0.6871464247195311 0.5700525296668844
0.6871464247195311 0.5700525296668844
0.6871464247195311 0.5700525296668844
0.6871464247195311 0.5700525296668844
0.6871464247195311 0.5700525296668844
0.6871464247195311 0.5700525296668844
0.6871464247195311 0.5700525296668844
0.6871464247195311 0.5700525296668844
0.6871464247195311 0.5700525296668844
0.6871464247195311 0.5700525296668844
0.6871464247195311 0.5700525296668844
0.6871464247195311 0.5700525296668844
0.6871464247195311 0.5700525296668844
0.6871464247195311 0.5700525296668844
0.6871464247195311 0.5700525296668844
0.6871464247195311 0.5700525296668844
0.6871464247195311 0.5700525296668844
0.6871464247195311 0.5700525296668844
0.6871464247195311 0.5700525296668844
0.6871464247195311 0.5700525296668844
0.6871464247195311 0.5700525296668844
0.6871464247195311 0.5700525296668844
0.6871464247195311 0.5700525296668844
0.6871464247195311 0.5700525296668844
0.6871464247195311 0.5700525296668844
0.6871464247195311 0.5700525296668844
0.6871464247195311 0.5700525296668844
0.6871464247195311 0.5700525296668844
0.6871464247195311 0.5700525296668844
0.6871464247195311 0.5700525296668844
0.6871464247195311 0.5700525296668844
0.6871464247195311 0.5700525296668844
0.6871464247195311 0.5700525296668844
0.6871464247195311 0.5700525296668844
0.6871464247195311 0.5700525296668844
0.6871464247195311 0.5700525296668844
0.6871464247195311 0.5700525296668844
0.6871464247195311 0.5700525296668844
0.6871464247195311 0.5700525296668844
0.6871464247195311 0.5700525296668844
0.6871464247195311 0.5700525296668844
0.6871464247195311 0.5700525296668844
0.6871464247195311 0.5700525296668844
0.6871464247195311 0.5700525296668844
0.6871464247195311 0.5700525296668844
0.6871464247195311 0.5700525296668844
0.6871464247195311 0.5700525296668844
0.6871464247195311 0.5700525296668844
0.6871464247195311 0.5700525296668844
0.6871464247195311 0.5700525296668844
0.6871464247195311 0.5700525296668844
0.6871464247195311 0.5700525296668844
0.6871464247195311 0.5700525296668844
0.6871464247195311 0.5700525296668844
0.6871464247195311 0.5700525296668844
0.6871464247195311 0.5700525296668844
0.6871464247195311 0.5700525296668844
0.6871464247195311 0.5700525296668844
0.6871464247195311 0.5700525296668844
0.6871464247195311 0.5700525296668844
0.6871464247195311 0.5700525296668844
0.6871464247195311 0.5700525296668844
0.6871464247195311 0.5700525296668844
0.6871464247195311 0.5700525296668844
0.6871464247195311 0.5700525296668844
0.6871464247195311 0.5700525296668844
0.6871464247195311 0.5700525296668844
0.6871464247195311 0.5700525296668844
0.6871464247195311 0.5700525296668844
0.6871464247195311 0.5700525296668844
0.6871464247195311 0.5700525296668844
0.6871464247195311 0.5700525296668844
0.6871464247195311 0.5700525296668844
0.6871464247195311 0.5700525296668844
0.6871464247195311 0.5700525296668844
0.6871464247195311 0.5700525296668844
0.6871464247195311 0.5700525296668844
0.6871464247195311 0.5700525296668844
0.6871464247195311 0.5700525296668844
0.6871464247195311 0.5700525296668844
0.6871464247195311 0.5700525296668844
0.6871464247195311 0.5700525296668844
0.6871464247195311 0.5700525296668844
0.6871464247195311 0.5700525296668844
0.6871464247195311 0.5700525296668844
0.6871464247195311 0.5700525296668844
0.6871464247195311 0.5700525296668844
0.6871464247195311 0.5700525296668844
0.6871464247195311 0.5700525296668844
0.6871464247195311 0.5700525296668844
0.6871464247195311 0.5700525296668844
0.6871464247195311 0.5700525296668844
0.6871464247195311 0.5700525296668844
0.6871464247195311 0.5700525296668844
0.6871464247195311 0.5700525296668844
0.6871464247195311 0.5700525296668844
0.6871464247195311 0.5700525296668844
0.6871464247195311 0.5700525296668844
0.6871464247195311 0.5700525296668844
0.6871464247195311 0.5700525296668844
0.6871464247195311 0.5700525296668844
0.6871464247195311 0.5700525296668844
0.6871464247195311 0.5700525296668844
0.6871464247195311 0.5700525296668844
0.6871464247195311 0.5700525296668844
0.6871464247195311 0.5700525296668844
0.6871464247195311 0.5700525296668844
0.6871464247195311 0.5700525296668844
0.6871464247195311 0.5700525296668844
0.6871464247195311 0.5700525296668844
0.6871464247195311 0.5700525296668844
0.6871464247195311 0.5700525296668844
0.6871464247195311 0.5700525296668844
0.6871464247195311 0.5700525296668844
0.6871464247195311 0.5700525296668844
0.6871464247195311 0.5700525296668844
0.6871464247195311 0.5700525296668844
0.6871464247195311 0.5700525296668844
0.6871464247195311 0.5700525296668844
0.6871464247195311 0.5700525296668844
0.6871464247195311 0.5700525296668844
0.6871464247195311 0.5700525296668844
0.6871464247195311 0.5700525296668844
0.6871464247195311 0.5700525296668844
0.6871464247195311 0.5700525296668844
0.6871464247195311 0.5700525296668844
0.6871464247195311 0.5700525296668844
0.6871464247195311 0.5700525296668844
0.6871464247195311 0.5700525296668844
0.6871464247195311 0.5700525296668844
0.6871464247195311 0.5700525296668844
0.6871464247195311 0.5700525296668844
0.6871464247195311 0.5700525296668844
0.6871464247195311 0.5700525296668844
0.6871464247195311 0.5700525296668844
0.6871464247195311 0.5700525296668844
0.6871464247195311 0.5700525296668844
0.6871464247195311 0.5700525296668844
0.6871464247195311 0.5700525296668844
0.6871464247195311 0.5700525296668844
0.6871464247195311 0.5700525296668844
0.6871464247195311 0.5700525296668844
0.6871464247195311 0.5700525296668844
0.6871464247195311 0.5700525296668844
0.6871464247195311 0.5700525296668844
0.6871464247195311 0.5700525296668844
0.6871464247195311 0.5700525296668844
0.6871464247195311 0.5700525296668844
0.6871464247195311 0.5700525296668844
0.6871464247195311 0.5700525296668844
0.6871464247195311 0.5700525296668844
0.6871464247195311 0.5700525296668844
0.6871464247195311 0.5700525296668844
0.6871464247195311 0.5700525296668844
0.6871464247195311 0.5700525296668844
0.6871464247195311 0.5700525296668844
0.6871464247195311 0.5700525296668844
0.6871464247195311 0.5700525296668844
0.6871464247195311 0.5700525296668844
0.6871464247195311 0.5700525296668844
0.6871464247195311 0.5700525296668844
0.6871464247195311 0.5700525296668844
0.6871464247195311 0.5700525296668844
0.6871464247195311 0.5700525296668844
0.6871464247195311 0.5700525296668844
0.6871464247195311 0.5700525296668844
0.6871464247195311 0.5700525296668844
0.6871464247195311 0.5700525296668844
0.6871464247195311 0.5700525296668844
0.6871464247195311 0.5700525296668844
0.6871464247195311 0.5700525296668844
0.6871464247195311 0.5700525296668844
0.6871464247195311 0.5700525296668844
0.6871464247195311 0.5700525296668844
0.6871464247195311 0.5700525296668844
0.6871464247195311 0.5700525296668844
0.6871464247195311 0.5700525296668844
0.6871464247195311 0.5700525296668844
0.6871464247195311 0.5700525296668844
0.6871464247195311 0.5700525296668844
0.6871464247195311 0.5700525296668844
0.6871464247195311 0.5700525296668844
0.6871464247195311 0.5700525296668844
0.6871464247195311 0.5700525296668844
0.6871464247195311 0.5700525296668844
0.6871464247195311 0.5700525296668844
0.6871464247195311 0.5700525296668844
0.6871464247195311 0.5700525296668844
0.6871464247195311 0.5700525296668844
0.6871464247195311 0.5700525296668844
0.6871464247195311 0.5700525296668844
0.6871464247195311 0.5700525296668844
0.6871464247195311 0.5700525296668844
0.6871464247195311 0.5700525296668844
0.6871464247195311 0.5700525296668844
0.6871464247195311 0.5700525296668844
0.6871464247195311 0.5700525296668844
0.6871464247195311 0.5700525296668844
0.6871464247195311 0.5700525296668844
0.6871464247195311 0.5700525296668844
0.6871464247195311 0.5700525296668844
0.6871464247195311 0.5700525296668844
0.6871464247195311 0.5700525296668844
0.6871464247195311 0.5700525296668844
0.6871464247195311 0.5700525296668844
0.6871464247195311 0.5700525296668844
0.6871464247195311 0.5700525296668844
0.6871464247195311 0.5700525296668844
0.6871464247195311 0.5700525296668844
0.6871464247195311 0.5700525296668844
0.6871464247195311 0.5700525296668844
0.6871464247195311 0.5700525296668844
0.6871464247195311 0.5700525296668844
0.6871464247195311 0.5700525296668844
0.6871464247195311 0.5700525296668844
0.6871464247195311 0.5700525296668844
0.6871464247195311 0.5700525296668844
0.6871464247195311 0.5700525296668844
0.6871464247195311 0.5700525296668844
0.6871464247195311 0.5700525296668844
0.6871464247195311 0.5700525296668844
0.6871464247195311 0.5700525296668844
0.6871464247195311 0.5700525296668844
0.6871464247195311 0.5700525296668844
0.6871464247195311 0.5700525296668844
0.6871464247195311 0.5700525296668844
0.6871464247195311 0.5700525296668844
0.6871464247195311 0.5700525296668844
0.6871464247195311 0.5700525296668844
0.6871464247195311 0.5700525296668844
0.6871464247195311 0.5700525296668844
0.6871464247195311 0.5700525296668844
0.6871464247195311 0.5700525296668844
0.6871464247195311 0.5700525296668844
0.6871464247195311 0.5700525296668844
0.6871464247195311 0.5700525296668844
0.6871464247195311 0.5700525296668844
0.6871464247195311 0.5700525296668844
0.6871464247195311 0.5700525296668844
0.6871464247195311 0.5700525296668844
0.6871464247195311 0.5700525296668844
0.6871464247195311 0.5700525296668844
0.6871464247195311 0.5700525296668844
0.6871464247195311 0.5700525296668844
0.6871464247195311 0.5700525296668844
0.6871464247195311 0.5700525296668844
0.6871464247195311 0.5700525296668844
0.6871464247195311 0.5700525296668844
0.6871464247195311 0.5700525296668844
0.6871464247195311 0.5700525296668844
0.6871464247195311 0.5700525296668844
0.6871464247195311 0.5700525296668844
0.6871464247195311 0.5700525296668844
0.6871464247195311 0.5700525296668844
0.6871464247195311 0.5700525296668844
0.6871464247195311 0.5700525296668844
0.6871464247195311 0.5700525296668844
0.6871464247195311 0.5700525296668844
0.6871464247195311 0.5700525296668844
0.6871464247195311 0.5700525296668844
0.6871464247195311 0.5700525296668844
0.6871464247195311 0.5700525296668844
0.6871464247195311 0.5700525296668844
0.6871464247195311 0.5700525296668844
0.6871464247195311 0.5700525296668844
0.6871464247195311 0.5700525296668844
0.6871464247195311 0.5700525296668844
0.6871464247195311 0.5700525296668844
0.6871464247195311 0.5700525296668844
0.6871464247195311 0.5700525296668844
0.6871464247195311 0.5700525296668844
0.6871464247195311 0.5700525296668844
0.6871464247195311 0.5700525296668844
0.6871464247195311 0.5700525296668844
0.6871464247195311 0.5700525296668844
0.6871464247195311 0.5700525296668844
0.6871464247195311 0.5700525296668844
0.6871464247195311 0.5700525296668844
0.6871464247195311 0.5700525296668844
0.6871464247195311 0.5700525296668844
0.6871464247195311 0.5700525296668844
0.6871464247195311 0.5700525296668844
0.6871464247195311 0.5700525296668844
0.6871464247195311 0.5700525296668844
0.6871464247195311 0.5700525296668844
0.6871464247195311 0.5700525296668844
0.6871464247195311 0.5700525296668844
0.6871464247195311 0.5700525296668844
0.6871464247195311 0.5700525296668844
0.6871464247195311 0.5700525296668844
0.6871464247195311 0.5700525296668844
0.6871464247195311 0.5700525296668844
0.6871464247195311 0.5700525296668844
0.6871464247195311 0.5700525296668844
0.6871464247195311 0.5700525296668844
0.6871464247195311 0.5700525296668844
0.6871464247195311 0.5700525296668844
0.6871464247195311 0.5700525296668844
0.6871464247195311 0.5700525296668844
0.6871464247195311 0.5700525296668844
0.6871464247195311 0.5700525296668844
0.6871464247195311 0.5700525296668844
0.6871464247195311 0.5700525296668844
0.6871464247195311 0.5700525296668844
0.6871464247195311 0.5700525296668844
0.6871464247195311 0.5700525296668844
0.6871464247195311 0.5700525296668844
0.6871464247195311 0.5700525296668844
0.6871464247195311 0.5700525296668844
0.6871464247195311 0.5700525296668844
0.6871464247195311 0.5700525296668844
0.6871464247195311 0.5700525296668844
0.6871464247195311 0.5700525296668844
0.6871464247195311 0.5700525296668844
0.6871464247195311 0.5700525296668844
0.6871464247195311 0.5700525296668844
0.6871464247195311 0.5700525296668844
0.6871464247195311 0.5700525296668844
0.6871464247195311 0.5700525296668844
0.6871464247195311 0.5700525296668844
0.6871464247195311 0.5700525296668844
0.6871464247195311 0.5700525296668844
0.6871464247195311 0.5700525296668844
0.6871464247195311 0.5700525296668844
0.6871464247195311 0.5700525296668844
0.6871464247195311 0.5700525296668844
0.6871464247195311 0.5700525296668844
0.6871464247195311 0.5700525296668844
0.6871464247195311 0.5700525296668844
0.6871464247195311 0.5700525296668844
0.6871464247195311 0.5700525296668844
0.6871464247195311 0.5700525296668844
0.6871464247195311 0.5700525296668844
0.6871464247195311 0.5700525296668844
0.6871464247195311 0.5700525296668844
0.6871464247195311 0.5700525296668844
0.6871464247195311 0.5700525296668844
0.6871464247195311 0.5700525296668844
0.6871464247195311 0.5700525296668844
0.6871464247195311 0.5700525296668844
0.6871464247195311 0.5700525296668844
0.6871464247195311 0.5700525296668844
0.6871464247195311 0.5700525296668844
0.6871464247195311 0.5700525296668844
0.6871464247195311 0.5700525296668844
0.6871464247195311 0.5700525296668844
0.6871464247195311 0.5700525296668844
0.6871464247195311 0.5700525296668844
0.6871464247195311 0.5700525296668844
0.6871464247195311 0.5700525296668844
0.6871464247195311 0.5700525296668844
0.6871464247195311 0.5700525296668844
0.6871464247195311 0.5700525296668844
0.6871464247195311 0.5700525296668844
0.6871464247195311 0.5700525296668844
0.6871464247195311 0.5700525296668844
0.6871464247195311 0.5700525296668844
0.6871464247195311 0.5700525296668844
0.6871464247195311 0.5700525296668844
0.6871464247195311 0.5700525296668844
0.6871464247195311 0.5700525296668844
0.6871464247195311 0.5700525296668844
0.6871464247195311 0.5700525296668844
0.6871464247195311 0.5700525296668844
0.6871464247195311 0.5700525296668844
0.6871464247195311 0.5700525296668844
0.6871464247195311 0.5700525296668844
0.6871464247195311 0.5700525296668844
0.6871464247195311 0.5700525296668844
0.6871464247195311 0.5700525296668844
0.6871464247195311 0.5700525296668844
0.6871464247195311 0.5700525296668844
0.6871464247195311 0.5700525296668844
0.6871464247195311 0.5700525296668844
0.6871464247195311 0.5700525296668844
0.6871464247195311 0.5700525296668844
0.6871464247195311 0.5700525296668844
0.6871464247195311 0.5700525296668844
0.6871464247195311 0.5700525296668844
0.6871464247195311 0.5700525296668844
0.6871464247195311 0.5700525296668844
0.6871464247195311 0.5700525296668844
0.6871464247195311 0.5700525296668844
0.6871464247195311 0.5700525296668844
0.6871464247195311 0.5700525296668844
0.6871464247195311 0.5700525296668844
0.6871464247195311 0.5700525296668844
0.6871464247195311 0.5700525296668844
0.6871464247195311 0.5700525296668844
0.6871464247195311 0.5700525296668844
0.6871464247195311 0.5700525296668844
0.6871464247195311 0.5700525296668844
0.6871464247195311 0.5700525296668844
0.6871464247195311 0.5700525296668844
0.6871464247195311 0.5700525296668844
0.6871464247195311 0.5700525296668844
0.6871464247195311 0.5700525296668844
0.6871464247195311 0.5700525296668844
0.6871464247195311 0.5700525296668844
0.6871464247195311 0.5700525296668844
0.6871464247195311 0.5700525296668844
0.6871464247195311 0.5700525296668844
0.6871464247195311 0.5700525296668844
0.6871464247195311 0.5700525296668844
0.6891975452016295 0.5716174004867636
0.6914819175105099 0.5733012119625414
0.6940312611675596 0.5751027504238114
0.6968840507124958 0.5770138763081737
0.7000864710471264 0.5790165745616115
0.7036954942125886 0.581074696319329
0.7077816167723363 0.5831207129144073
0.712430829574285 0.5850298094789385
0.7177382729011542 0.5865702118341539
0.7237660898584097 0.587316660208147
0.7303955790734132 0.5865778139739736
0.7371071845462847 0.5836317500414939
0.7432118256725372 0.5783503017765802
0.7484429506412212 0.5711580627135918
0.7529145752250875 0.5624479414453053
0.756823511947551 0.5524082397774294
0.760340126730511 0.5410888659759799
0.7636003889985764 0.528463734614867
0.7667180272355386 0.5144629074960911
0.7697978988128603 0.49898801509455587
0.7729460389619761 0.4819195117077016
0.7762791355819298 0.4631205951725629
0.7799334567936992 0.4424396409228379
0.7840749299559758 0.41971249609606454
0.7842152689077515 0.4189624247494742
0.7938685419713163 0.3712000979082253
0.804205937990416 0.3281260787297156
0.8152517433872463 0.28940110001750974
0.8268694485048671 0.254685023478562
0.8388679505322486 0.22364280409831105
0.8510470330950527 0.19594741721754874
0.8632202369586028 0.17128323819088628
0.8752251790723622 0.14934914731185797
0.8869279949588159 0.129861568546161
0.8982242675019899 0.11255712261062951
0.9090363478753797 0.09719359827693698
0.9193110711744708 0.08355104675536004
0.9290155191054329 0.07143114021132745
0.9381340481604996 0.06065687536386842
0.9466644158453326 0.051070990378663035
0.9546143203025628 0.042534028564742525
0.961999651592113 0.03492344088886744
0.9688417596747205 0.02813141214437679
0.9751654876712863 0.022062986568265792
0.9809985221221816 0.016635306563225136
0.9863695893225162 0.011775480744924871
0.9913075509613737 0.007419198088155316
0.9958417121563837 0.0035106534038935847
1.0 0.0
