# CURVE 2D, normalized by CHORD
# COLUMN#1 = X-coordinate, COLUMN#2 = Y-coordinate
#-------------------------------------------------------------------------------
0.0 0.0
0.013377938296227595 0.000482589950343503
0.026819048117424322 0.0010980403173008644
0.04032102685557929 0.0018710344323156676
0.05388016970619555 0.002834349606057203
0.06749035328157767 0.004033114339846831
0.08114097922363608 0.005532443875584502
0.09481237314331435 0.0074322408358098715
0.10846385082187979 0.009899813626898887
0.10861032144820852 0.00993038422747297
0.11744644369258532 0.011989689338427086
0.1261252802338074 0.014568230419787656
0.13449313748955996 0.017967046006489525
0.1420313559778828 0.022866781474672065
0.14632415570242327 0.030540029973508007
0.15694423844670652 0.144930303193396
0.15610605623377585 0.13590213508455518
0.15528089672122625 0.12701423615162544
0.15446855757748512 0.11826442705529086
0.15366883961457264 0.10965056231627505
0.15288154673926005 0.1011705297892634
0.15210648590498718 0.09282225014499862
0.15134346706452678 0.08460367636042312
0.15059230312338434 0.07651279321674277
0.14985280989392205 0.06854761680528927
0.14912480605019537 0.060706194041059855
0.14840811308349144 0.052986602183814985
0.1477025552585581 0.04538694836661675
0.1470079595705132 0.03790536913169219
0.14632415570242327 0.030540029973508007
0.15694423844670652 0.144930303193396
0.15778242065963718 0.15395847130223683
0.15860758017218682 0.16284637023516657
0.15941991931592792 0.17159617933150115
0.16021963727884042 0.18021004407051694
0.161006930154153 0.18869007659752862
0.16178199098842586 0.1970383562417934
0.16254500982888628 0.20525693002636886
0.16329617377002872 0.21334781317004922
0.16403566699949101 0.22131298958150272
0.1647636708432177 0.22915441234573214
0.16548036380992162 0.236874004202977
0.16618592163485496 0.24447365802017523
0.16688051732289985 0.25195523725509983
0.1675643211909898 0.259320576413284
0.1675643211909898 0.259320576413284
0.16783014996708115 0.2723553703211929
0.16789203036199193 0.28545357456850645
0.16794187623162485 0.2986112092319587
0.16801002733154485 0.3118284031825242
0.16811290796344616 0.3251052842644152
0.16826458674872927 0.3384418818361654
0.1684806977222239 0.3518380495261803
0.1684855661986791 0.35209404335637823
0.16875237562762738 0.3641586488715477
0.16910525732469425 0.3761709850101784
0.16957301490546167 0.38812951285237063
0.17020412457710565 0.4000307773595153
0.17109448957696202 0.4118656457521804
0.17250039576988 0.42359901937818545
0.1767403446945889 0.43386399481150173
0.46228084697676713 0.35174198530650846
0.43162731568942847 0.3605580011348085
0.4014603715968869 0.36923407352980664
0.37177229072450746 0.37777242392178434
0.34255547170627443 0.3861752384785435
0.31380243383852996 0.3944446686651546
0.2855058151646075 0.40258283179482024
0.25765837058986885 0.410591811570994
0.2302529700266627 0.41847365862089403
0.2032825965687302 0.4262303910205477
0.17674034469458894 0.43386399481150173
0.46228084697676713 0.35174198530650846
0.49293437826410585 0.3429259694782084
0.5231013223566474 0.3342498970832103
0.5527894032290268 0.3257115466912326
0.58200622224726 0.31730873213447347
0.6107592601150044 0.30903930194786233
0.6390558787889268 0.30090113881819675
0.6669033233636654 0.292892159042023
0.6943087239268716 0.2850103119921229
0.7212790973848041 0.27725357959246927
0.7478213492589454 0.26961997580151525
0.7478213492589454 0.26961997580151525
0.7601973716069657 0.25793549392787507
0.7711124325808459 0.24455402574133137
0.7817499145621074 0.23078400340378338
0.7923016269438222 0.21678267604405643
0.8028464242303653 0.2026103296577253
0.8134280892446668 0.18829883275281795
0.8240759055817062 0.17386869847551106
0.8348124509597203 0.15933533765249572
0.8456573093440342 0.1447119854526312
0.8566292884217253 0.1300114490598745
0.8677480197099706 0.11524740323287422
0.8790355262030246 0.1004357153961088
0.8793922796134741 0.09997094812368183
0.8907162061534114 0.0853426046009766
0.90209734863575 0.07092039276900257
0.9135701324059324 0.05673307155387196
0.9251817218744641 0.0428222226244957
0.937001735120873 0.029253057162084796
0.9491426601550219 0.016139063640219577
0.9618118220630671 0.0037121106904232605
0.9754815815233926 -0.007394991735229614
0.9915131594289306 -0.013555451780213884
1.0 0.0
