# CURVE 2D, normalized by CHORD
# COLUMN#1 = X-coordinate, COLUMN#2 = Y-coordinate
#-------------------------------------------------------------------------------
0.0 0.0
0.0007088170570323962 0.0001544554421956493
0.0014885046866592424 0.0003244075117674309
0.002346147242380997 0.0005114182560903441
0.0032895371320723304 0.000717207662716602
0.004327245117812483 0.0009436717667077129
0.005468698155504836 0.0011929002279004069
0.006724264667017075 0.0014671972733356126
0.008105348216143025 0.0017691052920115874
0.009624490971006105 0.002101428864897137
0.011295486669451803 0.0024672650452652214
0.01313350491745265 0.002870036477610929
0.015155228139211996 0.003313526789759163
0.017379001210225564 0.003801924103701422
0.01982499547738412 0.004339871449754343
0.02251538928951176 0.004932521623569637
0.025474563899140847 0.005585609544694168
0.028729318238844625 0.0063055347784834745
0.03230910138150218 0.007099468959340281
0.036246263143063714 0.007975496006727248
0.04057631996649452 0.008942808457908371
0.04533822952939184 0.010011999532663088
0.05057465517541007 0.011195543289479826
0.056332170541082194 0.012508682127328101
0.06266125206790774 0.013971355968696818
0.06274516133585219 0.01399091802722332
0.06489653209726404 0.01449431606575041
0.06685156089804181 0.014955198328790893
0.06862811284901453 0.015377338056423431
0.07024242643490974 0.015764175770343666
0.07170926191821986 0.01611884703308982
0.07304203502111738 0.016444212796171302
0.07425293898559228 0.016742884658475288
0.07535305514788042 0.017017249301218795
0.07635245420391766 0.017269487582027655
0.07726028746662089 0.017501595016134554
0.07808486878257265 0.01771540416214367
0.07883375083043095 0.017912597451007546
0.07951379155785367 0.018094729644945032
0.08013121660282276 0.018263239710936737
0.08069167276436114 0.018419472769036313
0.08120027447925685 0.01856470534257943
0.08166164812073727 0.018700157832647765
0.08207995862425746 0.018827047304811474
0.08245892986371765 0.01894663485757775
0.08280183387894267 0.019060337137603682
0.08311141641491743 0.01916995711601455
0.08338961485970126 0.019278293823819133
0.08363620540141878 0.019391509706826605
0.08382535867650535 0.01954249646797618
0.11161566716837554 0.13280994211021133
0.10453479574473418 0.10394980119772088
0.09908797157270237 0.08174969280349743
0.09489810682498559 0.06467268634640248
0.09167513394212652 0.05153652753325251
0.08919592403223493 0.041431789984675615
0.08728883948616448 0.03365891494730877
0.08582185137380259 0.027679780303180426
0.08469339897967806 0.02308044596154324
0.08382535867650535 0.019542496467976178
0.11161566716837554 0.13280994211021133
0.1186965385920169 0.16167008302270178
0.12414336276404872 0.18387019141692523
0.1283332275117655 0.20094719787402016
0.13155620039462457 0.21408335668717016
0.13403541030451616 0.22418809423574704
0.1359424948505866 0.23196096927311388
0.1374094829629485 0.23794010391724224
0.138537935357073 0.24253943825887941
0.13940597566024573 0.24607738775244647
0.13940597566024573 0.24607738775244647
0.13994059790271182 0.248290961004469
0.1405110346429175 0.25073008573543987
0.1411183097681402 0.2534177678244888
0.14176343871905286 0.25637929323918407
0.1424471964792856 0.25964250191393723
0.14317034434418352 0.26323798273914223
0.14393349794024626 0.2671993726029349
0.14473725048187888 0.2715636304848502
0.14558225570809938 0.27637135488356573
0.14646928870685733 0.2816671418227348
0.14739945586485204 0.2874999582690198
0.1483744805791314 0.29392355275324
0.14939709693896602 0.3009969045671004
0.15047146289663627 0.3087847298498623
0.15160408897875624 0.31735798154825307
0.1528047866365586 0.3267944226536327
0.1540883714419136 0.3371791755938279
0.1554769778810084 0.3486052675145382
0.1570037003025082 0.36117405915015155
0.158718283981137 0.3749954010042919
0.1606964588958317 0.39018713151438617
0.1630559385526692 0.4068730238783461
0.16598596481143568 0.42517681443785504
0.16980641656017126 0.44520544908469095
0.1698847177696241 0.44557459440389025
0.1730752456293583 0.45937278302578183
0.1764924754501931 0.47178539211096465
0.18016507577565458 0.48289773284068777
0.18412000700871853 0.4927741781432802
0.18838133036590954 0.5014554790193634
0.1929650629594843 0.5089561342225463
0.19786722604293133 0.5152651373880461
0.20304495968163985 0.5203565545211137
0.20839729163501136 0.5242185634276982
0.21376580278897506 0.5268976020261229
0.2189720228139936 0.528526455020934
0.2238704183013549 0.5293075771279312
0.22837819985650246 0.5294608519241754
0.2324696693644318 0.5291802334863316
0.2361555989554783 0.5286170074232628
0.23946459461125424 0.5278803229962857
0.24243172786328887 0.5270468215261566
0.24509245449585776 0.5261686702645434
0.24747988197598458 0.5252806506534088
0.24962419677268105 0.5244063698973541
0.25155205519249796 0.5235606597857003
0.2532871388323163 0.5227530514869896
0.2548501745816522 0.5219888455397297
0.25625960153675276 0.5212710274006531
0.25625960153675276 0.5212710274006531
0.2740114866539331 0.5120585046849997
0.29176337177111344 0.5028459819693462
0.30951525688829373 0.49363345925369273
0.327267142005474 0.48442093653803925
0.3450190271226543 0.4752084138223858
0.3627709122398346 0.4659958911067324
0.38052279735701483 0.456783368391079
0.398274682474195 0.44757084567542565
0.41602656759137513 0.43835832295977223
0.4337784527085553 0.42914580024411886
0.4515303378257355 0.4199332775284655
0.46928222294291566 0.4107207548128121
0.48703410806009595 0.4015082320971587
0.5047859931772762 0.3922957093815052
0.5225378782944565 0.3830831866658518
0.5402897634116368 0.37387066395019836
0.558041648528817 0.364658141234545
0.5757935336459973 0.3554456185188915
0.5935454187631775 0.34623309580323813
0.6112973038803576 0.3370205730875847
0.6290491889975379 0.3278080503719313
0.6468010741147182 0.3185955276562779
0.6645529592318985 0.3093830049406245
0.6823048443490787 0.300170482224971
0.7000567294662589 0.2909579595093176
0.7178086145834398 0.2817454367936639
0.7355604997006208 0.2725329140780101
0.7533123848178016 0.26332039136235635
0.7710642699349826 0.25410786864670254
0.7888161550521635 0.24489534593104872
0.8065680401693445 0.235682823215395
0.8243199252865253 0.22647030049974123
0.8325283828127688 0.22221043734031773
0.8325283828127688 0.22221043734031773
0.8325283828127688 0.22221043734031773
0.8325283828127688 0.22221043734031773
0.8325283828127688 0.22221043734031773
0.8325283828127688 0.22221043734031773
0.8325283828127688 0.22221043734031773
0.8325283828127688 0.22221043734031773
0.8325283828127688 0.22221043734031773
0.8325283828127688 0.22221043734031773
0.8325283828127688 0.22221043734031773
0.8325283828127688 0.22221043734031773
0.8325283828127688 0.22221043734031773
0.8325283828127688 0.22221043734031773
0.8325283828127688 0.22221043734031773
0.8325283828127688 0.22221043734031773
0.8325283828127688 0.22221043734031773
0.8325283828127688 0.22221043734031773
0.8325283828127688 0.22221043734031773
0.8325283828127688 0.22221043734031773
0.8325283828127688 0.22221043734031773
0.8325283828127688 0.22221043734031773
0.8325283828127688 0.22221043734031773
0.8325283828127688 0.22221043734031773
0.8325283828127688 0.22221043734031773
0.8325283828127688 0.22221043734031773
0.8325283828127688 0.22221043734031773
0.8325283828127688 0.22221043734031773
0.8325283828127688 0.22221043734031773
0.8325283828127688 0.22221043734031773
0.8325283828127688 0.22221043734031773
0.8325283828127688 0.22221043734031773
0.8325283828127688 0.22221043734031773
0.8325283828127688 0.22221043734031773
0.8325283828127688 0.22221043734031773
0.8325283828127688 0.22221043734031773
0.8325283828127688 0.22221043734031773
0.8325283828127688 0.22221043734031773
0.8325283828127688 0.22221043734031773
0.8325283828127688 0.22221043734031773
0.8325283828127688 0.22221043734031773
0.8325283828127688 0.22221043734031773
0.8325283828127688 0.22221043734031773
0.8325283828127688 0.22221043734031773
0.8325283828127688 0.22221043734031773
0.8325283828127688 0.22221043734031773
0.8325283828127688 0.22221043734031773
0.8325283828127688 0.22221043734031773
0.8325283828127688 0.22221043734031773
0.8325283828127688 0.22221043734031773
0.8325283828127688 0.22221043734031773
0.8325283828127688 0.22221043734031773
0.8325283828127688 0.22221043734031773
0.8325283828127688 0.22221043734031773
0.8325283828127688 0.22221043734031773
0.8325283828127688 0.22221043734031773
0.8325283828127688 0.22221043734031773
0.8325283828127688 0.22221043734031773
0.8325283828127688 0.22221043734031773
0.8325283828127688 0.22221043734031773
0.8325283828127688 0.22221043734031773
0.8325283828127688 0.22221043734031773
0.8325283828127688 0.22221043734031773
0.8325283828127688 0.22221043734031773
0.8325283828127688 0.22221043734031773
0.8325283828127688 0.22221043734031773
0.8325283828127688 0.22221043734031773
0.8325283828127688 0.22221043734031773
0.8325283828127688 0.22221043734031773
0.8325283828127688 0.22221043734031773
0.8325283828127688 0.22221043734031773
0.8325283828127688 0.22221043734031773
0.8325283828127688 0.22221043734031773
0.8325283828127688 0.22221043734031773
0.8325283828127688 0.22221043734031773
0.8325283828127688 0.22221043734031773
0.8325283828127688 0.22221043734031773
0.8325283828127688 0.22221043734031773
0.8325283828127688 0.22221043734031773
0.8325283828127688 0.22221043734031773
0.8325283828127688 0.22221043734031773
0.8325283828127688 0.22221043734031773
0.8325283828127688 0.22221043734031773
0.8325283828127688 0.22221043734031773
0.8325283828127688 0.22221043734031773
0.8325283828127688 0.22221043734031773
0.8325283828127688 0.22221043734031773
0.8325283828127688 0.22221043734031773
0.8325283828127688 0.22221043734031773
0.8325283828127688 0.22221043734031773
0.8325283828127688 0.22221043734031773
0.8325283828127688 0.22221043734031773
0.8325283828127688 0.22221043734031773
0.8325283828127688 0.22221043734031773
0.8325283828127688 0.22221043734031773
0.8325283828127688 0.22221043734031773
0.8325283828127688 0.22221043734031773
0.8325283828127688 0.22221043734031773
0.8325283828127688 0.22221043734031773
0.8325283828127688 0.22221043734031773
0.8325283828127688 0.22221043734031773
0.8325283828127688 0.22221043734031773
0.8325283828127688 0.22221043734031773
0.8325283828127688 0.22221043734031773
0.8325283828127688 0.22221043734031773
0.8325283828127688 0.22221043734031773
0.8325283828127688 0.22221043734031773
0.8325283828127688 0.22221043734031773
0.8325283828127688 0.22221043734031773
0.8325283828127688 0.22221043734031773
0.8325283828127688 0.22221043734031773
0.8325283828127688 0.22221043734031773
0.8325283828127688 0.22221043734031773
0.8325283828127688 0.22221043734031773
0.8325283828127688 0.22221043734031773
0.8325283828127688 0.22221043734031773
0.8325283828127688 0.22221043734031773
0.8325283828127688 0.22221043734031773
0.8325283828127688 0.22221043734031773
0.8325283828127688 0.22221043734031773
0.8325283828127688 0.22221043734031773
0.8325283828127688 0.22221043734031773
0.8325283828127688 0.22221043734031773
0.8325283828127688 0.22221043734031773
0.8325283828127688 0.22221043734031773
0.8325283828127688 0.22221043734031773
0.8325283828127688 0.22221043734031773
0.8325283828127688 0.22221043734031773
0.8325283828127688 0.22221043734031773
0.8325283828127688 0.22221043734031773
0.8325283828127688 0.22221043734031773
0.8325283828127688 0.22221043734031773
0.8325283828127688 0.22221043734031773
0.8325283828127688 0.22221043734031773
0.8325283828127688 0.22221043734031773
0.8325283828127688 0.22221043734031773
0.8325283828127688 0.22221043734031773
0.8325283828127688 0.22221043734031773
0.8325283828127688 0.22221043734031773
0.8325283828127688 0.22221043734031773
0.8325283828127688 0.22221043734031773
0.8325283828127688 0.22221043734031773
0.8325283828127688 0.22221043734031773
0.8325283828127688 0.22221043734031773
0.8325283828127688 0.22221043734031773
0.8325283828127688 0.22221043734031773
0.8325283828127688 0.22221043734031773
0.8325283828127688 0.22221043734031773
0.8325283828127688 0.22221043734031773
0.8325283828127688 0.22221043734031773
0.8325283828127688 0.22221043734031773
0.8325283828127688 0.22221043734031773
0.8325283828127688 0.22221043734031773
0.8325283828127688 0.22221043734031773
0.8325283828127688 0.22221043734031773
0.8325283828127688 0.22221043734031773
0.8325283828127688 0.22221043734031773
0.8325283828127688 0.22221043734031773
0.8325283828127688 0.22221043734031773
0.8325283828127688 0.22221043734031773
0.8325283828127688 0.22221043734031773
0.8325283828127688 0.22221043734031773
0.8325283828127688 0.22221043734031773
0.8325283828127688 0.22221043734031773
0.8325283828127688 0.22221043734031773
0.8325283828127688 0.22221043734031773
0.8325283828127688 0.22221043734031773
0.8325283828127688 0.22221043734031773
0.8325283828127688 0.22221043734031773
0.8325283828127688 0.22221043734031773
0.8325283828127688 0.22221043734031773
0.8325283828127688 0.22221043734031773
0.8325283828127688 0.22221043734031773
0.8325283828127688 0.22221043734031773
0.8325283828127688 0.22221043734031773
0.8325283828127688 0.22221043734031773
0.8325283828127688 0.22221043734031773
0.8325283828127688 0.22221043734031773
0.8325283828127688 0.22221043734031773
0.8325283828127688 0.22221043734031773
0.8325283828127688 0.22221043734031773
0.8325283828127688 0.22221043734031773
0.8325283828127688 0.22221043734031773
0.8325283828127688 0.22221043734031773
0.8325283828127688 0.22221043734031773
0.8325283828127688 0.22221043734031773
0.8325283828127688 0.22221043734031773
0.8325283828127688 0.22221043734031773
0.8325283828127688 0.22221043734031773
0.8325283828127688 0.22221043734031773
0.8325283828127688 0.22221043734031773
0.8325283828127688 0.22221043734031773
0.8325283828127688 0.22221043734031773
0.8325283828127688 0.22221043734031773
0.8325283828127688 0.22221043734031773
0.8325283828127688 0.22221043734031773
0.8325283828127688 0.22221043734031773
0.8325283828127688 0.22221043734031773
0.8325283828127688 0.22221043734031773
0.8325283828127688 0.22221043734031773
0.8325283828127688 0.22221043734031773
0.8325283828127688 0.22221043734031773
0.8325283828127688 0.22221043734031773
0.8325283828127688 0.22221043734031773
0.8325283828127688 0.22221043734031773
0.8325283828127688 0.22221043734031773
0.8325283828127688 0.22221043734031773
0.8325283828127688 0.22221043734031773
0.8325283828127688 0.22221043734031773
0.8325283828127688 0.22221043734031773
0.8325283828127688 0.22221043734031773
0.8325283828127688 0.22221043734031773
0.8325283828127688 0.22221043734031773
0.8325283828127688 0.22221043734031773
0.8325283828127688 0.22221043734031773
0.8325283828127688 0.22221043734031773
0.8325283828127688 0.22221043734031773
0.8325283828127688 0.22221043734031773
0.8325283828127688 0.22221043734031773
0.8325283828127688 0.22221043734031773
0.8325283828127688 0.22221043734031773
0.8325283828127688 0.22221043734031773
0.8325283828127688 0.22221043734031773
0.8325283828127688 0.22221043734031773
0.8325283828127688 0.22221043734031773
0.8325283828127688 0.22221043734031773
0.8325283828127688 0.22221043734031773
0.8325283828127688 0.22221043734031773
0.8325283828127688 0.22221043734031773
0.8325283828127688 0.22221043734031773
0.8325283828127688 0.22221043734031773
0.8325283828127688 0.22221043734031773
0.8325283828127688 0.22221043734031773
0.8325283828127688 0.22221043734031773
0.8325283828127688 0.22221043734031773
0.8325283828127688 0.22221043734031773
0.8325283828127688 0.22221043734031773
0.8325283828127688 0.22221043734031773
0.8325283828127688 0.22221043734031773
0.8325283828127688 0.22221043734031773
0.8325283828127688 0.22221043734031773
0.8325283828127688 0.22221043734031773
0.8325283828127688 0.22221043734031773
0.8325283828127688 0.22221043734031773
0.8325283828127688 0.22221043734031773
0.8325283828127688 0.22221043734031773
0.8325283828127688 0.22221043734031773
0.8325283828127688 0.22221043734031773
0.8325283828127688 0.22221043734031773
0.8325283828127688 0.22221043734031773
0.8325283828127688 0.22221043734031773
0.8325283828127688 0.22221043734031773
0.8325283828127688 0.22221043734031773
0.8325283828127688 0.22221043734031773
0.8325283828127688 0.22221043734031773
0.8325283828127688 0.22221043734031773
0.8325283828127688 0.22221043734031773
0.8325283828127688 0.22221043734031773
0.8325283828127688 0.22221043734031773
0.8325283828127688 0.22221043734031773
0.8325283828127688 0.22221043734031773
0.8325283828127688 0.22221043734031773
0.8325283828127688 0.22221043734031773
0.8325283828127688 0.22221043734031773
0.8325283828127688 0.22221043734031773
0.8325283828127688 0.22221043734031773
0.8325283828127688 0.22221043734031773
0.8325283828127688 0.22221043734031773
0.8325283828127688 0.22221043734031773
0.8325283828127688 0.22221043734031773
0.8325283828127688 0.22221043734031773
0.8325283828127688 0.22221043734031773
0.8325283828127688 0.22221043734031773
0.8325283828127688 0.22221043734031773
0.8325283828127688 0.22221043734031773
0.8325283828127688 0.22221043734031773
0.8325283828127688 0.22221043734031773
0.8325283828127688 0.22221043734031773
0.8325283828127688 0.22221043734031773
0.8325283828127688 0.22221043734031773
0.8325283828127688 0.22221043734031773
0.8325283828127688 0.22221043734031773
0.8325283828127688 0.22221043734031773
0.8325283828127688 0.22221043734031773
0.8325283828127688 0.22221043734031773
0.8325283828127688 0.22221043734031773
0.8325283828127688 0.22221043734031773
0.8325283828127688 0.22221043734031773
0.8325283828127688 0.22221043734031773
0.8325283828127688 0.22221043734031773
0.8325283828127688 0.22221043734031773
0.8325283828127688 0.22221043734031773
0.8325283828127688 0.22221043734031773
0.8325283828127688 0.22221043734031773
0.8325283828127688 0.22221043734031773
0.8325283828127688 0.22221043734031773
0.8325283828127688 0.22221043734031773
0.8325283828127688 0.22221043734031773
0.8325283828127688 0.22221043734031773
0.8325283828127688 0.22221043734031773
0.8325283828127688 0.22221043734031773
0.8325283828127688 0.22221043734031773
0.8325283828127688 0.22221043734031773
0.8325283828127688 0.22221043734031773
0.8325283828127688 0.22221043734031773
0.8325283828127688 0.22221043734031773
0.8325283828127688 0.22221043734031773
0.8325283828127688 0.22221043734031773
0.8325283828127688 0.22221043734031773
0.8325283828127688 0.22221043734031773
0.8325283828127688 0.22221043734031773
0.8325283828127688 0.22221043734031773
0.8325283828127688 0.22221043734031773
0.8325283828127688 0.22221043734031773
0.8325283828127688 0.22221043734031773
0.8325283828127688 0.22221043734031773
0.8325283828127688 0.22221043734031773
0.8325283828127688 0.22221043734031773
0.8325283828127688 0.22221043734031773
0.8325283828127688 0.22221043734031773
0.8325283828127688 0.22221043734031773
0.8325283828127688 0.22221043734031773
0.8325283828127688 0.22221043734031773
0.8325283828127688 0.22221043734031773
0.8325283828127688 0.22221043734031773
0.8325283828127688 0.22221043734031773
0.8325283828127688 0.22221043734031773
0.8325283828127688 0.22221043734031773
0.8325283828127688 0.22221043734031773
0.8325283828127688 0.22221043734031773
0.8325283828127688 0.22221043734031773
0.8325283828127688 0.22221043734031773
0.8325283828127688 0.22221043734031773
0.8325283828127688 0.22221043734031773
0.8325283828127688 0.22221043734031773
0.8325283828127688 0.22221043734031773
0.8325283828127688 0.22221043734031773
0.8325283828127688 0.22221043734031773
0.8325283828127688 0.22221043734031773
0.8325283828127688 0.22221043734031773
0.8325283828127688 0.22221043734031773
0.8325283828127688 0.22221043734031773
0.8325283828127688 0.22221043734031773
0.8325283828127688 0.22221043734031773
0.8325283828127688 0.22221043734031773
0.8325283828127688 0.22221043734031773
0.8325283828127688 0.22221043734031773
0.8325283828127688 0.22221043734031773
0.8325283828127688 0.22221043734031773
0.8325283828127688 0.22221043734031773
0.8325283828127688 0.22221043734031773
0.8325283828127688 0.22221043734031773
0.8325283828127688 0.22221043734031773
0.8325283828127688 0.22221043734031773
0.8325283828127688 0.22221043734031773
0.8325283828127688 0.22221043734031773
0.8325283828127688 0.22221043734031773
0.8325283828127688 0.22221043734031773
0.8325283828127688 0.22221043734031773
0.8325283828127688 0.22221043734031773
0.8325283828127688 0.22221043734031773
0.8325283828127688 0.22221043734031773
0.8325283828127688 0.22221043734031773
0.8325283828127688 0.22221043734031773
0.8325283828127688 0.22221043734031773
0.8325283828127688 0.22221043734031773
0.8325283828127688 0.22221043734031773
0.8325283828127688 0.22221043734031773
0.8325283828127688 0.22221043734031773
0.8325283828127688 0.22221043734031773
0.8325283828127688 0.22221043734031773
0.8325283828127688 0.22221043734031773
0.8325283828127688 0.22221043734031773
0.8325283828127688 0.22221043734031773
0.8325283828127688 0.22221043734031773
0.8325283828127688 0.22221043734031773
0.8325283828127688 0.22221043734031773
0.8325283828127688 0.22221043734031773
0.8325283828127688 0.22221043734031773
0.8325283828127688 0.22221043734031773
0.8325283828127688 0.22221043734031773
0.8325283828127688 0.22221043734031773
0.8325283828127688 0.22221043734031773
0.8325283828127688 0.22221043734031773
0.8325283828127688 0.22221043734031773
0.8325283828127688 0.22221043734031773
0.8325283828127688 0.22221043734031773
0.8325283828127688 0.22221043734031773
0.8325283828127688 0.22221043734031773
0.8325283828127688 0.22221043734031773
0.8325283828127688 0.22221043734031773
0.8325283828127688 0.22221043734031773
0.8325283828127688 0.22221043734031773
0.8325283828127688 0.22221043734031773
0.8325283828127688 0.22221043734031773
0.8325283828127688 0.22221043734031773
0.8325283828127688 0.22221043734031773
0.8325283828127688 0.22221043734031773
0.8325283828127688 0.22221043734031773
0.8325283828127688 0.22221043734031773
0.8325283828127688 0.22221043734031773
0.8325283828127688 0.22221043734031773
0.8325283828127688 0.22221043734031773
0.8325283828127688 0.22221043734031773
0.8325283828127688 0.22221043734031773
0.8325283828127688 0.22221043734031773
0.8325283828127688 0.22221043734031773
0.8325283828127688 0.22221043734031773
0.8325283828127688 0.22221043734031773
0.8325283828127688 0.22221043734031773
0.8325283828127688 0.22221043734031773
0.8325283828127688 0.22221043734031773
0.8325283828127688 0.22221043734031773
0.8325283828127688 0.22221043734031773
0.8325283828127688 0.22221043734031773
0.8325283828127688 0.22221043734031773
0.8325283828127688 0.22221043734031773
0.8325283828127688 0.22221043734031773
0.8325283828127688 0.22221043734031773
0.8325283828127688 0.22221043734031773
0.8325283828127688 0.22221043734031773
0.8325283828127688 0.22221043734031773
0.8325283828127688 0.22221043734031773
0.8325283828127688 0.22221043734031773
0.8325283828127688 0.22221043734031773
0.8325283828127688 0.22221043734031773
0.8325283828127688 0.22221043734031773
0.8325283828127688 0.22221043734031773
0.8325283828127688 0.22221043734031773
0.8325283828127688 0.22221043734031773
0.8325283828127688 0.22221043734031773
0.8325283828127688 0.22221043734031773
0.8325283828127688 0.22221043734031773
0.8325283828127688 0.22221043734031773
0.8325283828127688 0.22221043734031773
0.8325283828127688 0.22221043734031773
0.8325283828127688 0.22221043734031773
0.8325283828127688 0.22221043734031773
0.8325283828127688 0.22221043734031773
0.8325283828127688 0.22221043734031773
0.8325283828127688 0.22221043734031773
0.8325283828127688 0.22221043734031773
0.8325283828127688 0.22221043734031773
0.8325283828127688 0.22221043734031773
0.8325283828127688 0.22221043734031773
0.8325283828127688 0.22221043734031773
0.8325283828127688 0.22221043734031773
0.8325283828127688 0.22221043734031773
0.8325283828127688 0.22221043734031773
0.8325283828127688 0.22221043734031773
0.8325283828127688 0.22221043734031773
0.8325283828127688 0.22221043734031773
0.8325283828127688 0.22221043734031773
0.8325283828127688 0.22221043734031773
0.8325283828127688 0.22221043734031773
0.8325283828127688 0.22221043734031773
0.8325283828127688 0.22221043734031773
0.8325283828127688 0.22221043734031773
0.8325283828127688 0.22221043734031773
0.8325283828127688 0.22221043734031773
0.8325283828127688 0.22221043734031773
0.8325283828127688 0.22221043734031773
0.8325283828127688 0.22221043734031773
0.8325283828127688 0.22221043734031773
0.8325283828127688 0.22221043734031773
0.8325283828127688 0.22221043734031773
0.8325283828127688 0.22221043734031773
0.8325283828127688 0.22221043734031773
0.8325283828127688 0.22221043734031773
0.8325283828127688 0.22221043734031773
0.8325283828127688 0.22221043734031773
0.8325283828127688 0.22221043734031773
0.8325283828127688 0.22221043734031773
0.8325283828127688 0.22221043734031773
0.8325283828127688 0.22221043734031773
0.8325283828127688 0.22221043734031773
0.8325283828127688 0.22221043734031773
0.8325283828127688 0.22221043734031773
0.8325283828127688 0.22221043734031773
0.8325283828127688 0.22221043734031773
0.8325283828127688 0.22221043734031773
0.8325283828127688 0.22221043734031773
0.8325283828127688 0.22221043734031773
0.8325283828127688 0.22221043734031773
0.8325283828127688 0.22221043734031773
0.8325283828127688 0.22221043734031773
0.8325283828127688 0.22221043734031773
0.8325283828127688 0.22221043734031773
0.8325283828127688 0.22221043734031773
0.8325283828127688 0.22221043734031773
0.8325283828127688 0.22221043734031773
0.8325283828127688 0.22221043734031773
0.8325283828127688 0.22221043734031773
0.8325283828127688 0.22221043734031773
0.8325283828127688 0.22221043734031773
0.8325283828127688 0.22221043734031773
0.8325283828127688 0.22221043734031773
0.8325283828127688 0.22221043734031773
0.8325283828127688 0.22221043734031773
0.8325283828127688 0.22221043734031773
0.8325283828127688 0.22221043734031773
0.8325283828127688 0.22221043734031773
0.8325283828127688 0.22221043734031773
0.8325283828127688 0.22221043734031773
0.8325283828127688 0.22221043734031773
0.8325283828127688 0.22221043734031773
0.8325283828127688 0.22221043734031773
0.8325283828127688 0.22221043734031773
0.8325283828127688 0.22221043734031773
0.8325283828127688 0.22221043734031773
0.8325283828127688 0.22221043734031773
0.8325283828127688 0.22221043734031773
0.8325283828127688 0.22221043734031773
0.8325283828127688 0.22221043734031773
0.8325283828127688 0.22221043734031773
0.8325283828127688 0.22221043734031773
0.8325283828127688 0.22221043734031773
0.8325283828127688 0.22221043734031773
0.8325283828127688 0.22221043734031773
0.8325283828127688 0.22221043734031773
0.8325283828127688 0.22221043734031773
0.8325283828127688 0.22221043734031773
0.8325283828127688 0.22221043734031773
0.8325283828127688 0.22221043734031773
0.8325283828127688 0.22221043734031773
0.8325283828127688 0.22221043734031773
0.8325283828127688 0.22221043734031773
0.8325283828127688 0.22221043734031773
0.8325283828127688 0.22221043734031773
0.8325283828127688 0.22221043734031773
0.8325283828127688 0.22221043734031773
0.8325283828127688 0.22221043734031773
0.8325283828127688 0.22221043734031773
0.8325283828127688 0.22221043734031773
0.8325283828127688 0.22221043734031773
0.8325283828127688 0.22221043734031773
0.8325283828127688 0.22221043734031773
0.8325283828127688 0.22221043734031773
0.8325283828127688 0.22221043734031773
0.8325283828127688 0.22221043734031773
0.8325283828127688 0.22221043734031773
0.8325283828127688 0.22221043734031773
0.8325283828127688 0.22221043734031773
0.8325283828127688 0.22221043734031773
0.8325283828127688 0.22221043734031773
0.8325283828127688 0.22221043734031773
0.8325283828127688 0.22221043734031773
0.8325283828127688 0.22221043734031773
0.8325283828127688 0.22221043734031773
0.8325283828127688 0.22221043734031773
0.8325283828127688 0.22221043734031773
0.8325283828127688 0.22221043734031773
0.8325283828127688 0.22221043734031773
0.8325283828127688 0.22221043734031773
0.8325283828127688 0.22221043734031773
0.8325283828127688 0.22221043734031773
0.8325283828127688 0.22221043734031773
0.8325283828127688 0.22221043734031773
0.8325283828127688 0.22221043734031773
0.8325283828127688 0.22221043734031773
0.8325283828127688 0.22221043734031773
0.8325283828127688 0.22221043734031773
0.8325283828127688 0.22221043734031773
0.8325283828127688 0.22221043734031773
0.8325283828127688 0.22221043734031773
0.8325283828127688 0.22221043734031773
0.8325283828127688 0.22221043734031773
0.8325283828127688 0.22221043734031773
0.8325283828127688 0.22221043734031773
0.8325283828127688 0.22221043734031773
0.8325283828127688 0.22221043734031773
0.8325283828127688 0.22221043734031773
0.8325283828127688 0.22221043734031773
0.8325283828127688 0.22221043734031773
0.8325283828127688 0.22221043734031773
0.8325283828127688 0.22221043734031773
0.8325283828127688 0.22221043734031773
0.8325283828127688 0.22221043734031773
0.8325283828127688 0.22221043734031773
0.8325283828127688 0.22221043734031773
0.8325283828127688 0.22221043734031773
0.8325283828127688 0.22221043734031773
0.8325283828127688 0.22221043734031773
0.8325283828127688 0.22221043734031773
0.8325283828127688 0.22221043734031773
0.8325283828127688 0.22221043734031773
0.8325283828127688 0.22221043734031773
0.8325283828127688 0.22221043734031773
0.8325283828127688 0.22221043734031773
0.8325283828127688 0.22221043734031773
0.8325283828127688 0.22221043734031773
0.8325283828127688 0.22221043734031773
0.8325283828127688 0.22221043734031773
0.8325283828127688 0.22221043734031773
0.8325283828127688 0.22221043734031773
0.8325283828127688 0.22221043734031773
0.8325283828127688 0.22221043734031773
0.8325283828127688 0.22221043734031773
0.8325283828127688 0.22221043734031773
0.8325283828127688 0.22221043734031773
0.8325283828127688 0.22221043734031773
0.8325283828127688 0.22221043734031773
0.8325283828127688 0.22221043734031773
0.8325283828127688 0.22221043734031773
0.8325283828127688 0.22221043734031773
0.8325283828127688 0.22221043734031773
0.8325283828127688 0.22221043734031773
0.8325283828127688 0.22221043734031773
0.8325283828127688 0.22221043734031773
0.8325283828127688 0.22221043734031773
0.8325283828127688 0.22221043734031773
0.8325283828127688 0.22221043734031773
0.8325283828127688 0.22221043734031773
0.8325283828127688 0.22221043734031773
0.8325283828127688 0.22221043734031773
0.8325283828127688 0.22221043734031773
0.8325283828127688 0.22221043734031773
0.8325283828127688 0.22221043734031773
0.8325283828127688 0.22221043734031773
0.8325283828127688 0.22221043734031773
0.8325283828127688 0.22221043734031773
0.8325283828127688 0.22221043734031773
0.8325283828127688 0.22221043734031773
0.8325283828127688 0.22221043734031773
0.8325283828127688 0.22221043734031773
0.8325283828127688 0.22221043734031773
0.8325283828127688 0.22221043734031773
0.8325283828127688 0.22221043734031773
0.8325283828127688 0.22221043734031773
0.8325283828127688 0.22221043734031773
0.8325283828127688 0.22221043734031773
0.8325283828127688 0.22221043734031773
0.8325283828127688 0.22221043734031773
0.8325283828127688 0.22221043734031773
0.8325283828127688 0.22221043734031773
0.8325283828127688 0.22221043734031773
0.8325283828127688 0.22221043734031773
0.8325283828127688 0.22221043734031773
0.8325283828127688 0.22221043734031773
0.8325283828127688 0.22221043734031773
0.8325283828127688 0.22221043734031773
0.8325283828127688 0.22221043734031773
0.8325283828127688 0.22221043734031773
0.8325283828127688 0.22221043734031773
0.8325283828127688 0.22221043734031773
0.8325283828127688 0.22221043734031773
0.8325283828127688 0.22221043734031773
0.8325283828127688 0.22221043734031773
0.8325283828127688 0.22221043734031773
0.8325283828127688 0.22221043734031773
0.8325283828127688 0.22221043734031773
0.8325283828127688 0.22221043734031773
0.8325283828127688 0.22221043734031773
0.8325283828127688 0.22221043734031773
0.8325283828127688 0.22221043734031773
0.8325283828127688 0.22221043734031773
0.8325283828127688 0.22221043734031773
0.8325283828127688 0.22221043734031773
0.8325283828127688 0.22221043734031773
0.8325283828127688 0.22221043734031773
0.8325283828127688 0.22221043734031773
0.8325283828127688 0.22221043734031773
0.8325283828127688 0.22221043734031773
0.8325283828127688 0.22221043734031773
0.8325283828127688 0.22221043734031773
0.8325283828127688 0.22221043734031773
0.8325283828127688 0.22221043734031773
0.8325283828127688 0.22221043734031773
0.8325283828127688 0.22221043734031773
0.8325283828127688 0.22221043734031773
0.8325283828127688 0.22221043734031773
0.8325283828127688 0.22221043734031773
0.8325283828127688 0.22221043734031773
0.8325283828127688 0.22221043734031773
0.8325283828127688 0.22221043734031773
0.8325283828127688 0.22221043734031773
0.8325283828127688 0.22221043734031773
0.8325283828127688 0.22221043734031773
0.8325283828127688 0.22221043734031773
0.8325283828127688 0.22221043734031773
0.8325283828127688 0.22221043734031773
0.8325283828127688 0.22221043734031773
0.8325283828127688 0.22221043734031773
0.8325283828127688 0.22221043734031773
0.8325283828127688 0.22221043734031773
0.8325283828127688 0.22221043734031773
0.8325283828127688 0.22221043734031773
0.8325283828127688 0.22221043734031773
0.8325283828127688 0.22221043734031773
0.8325283828127688 0.22221043734031773
0.8325283828127688 0.22221043734031773
0.8325283828127688 0.22221043734031773
0.8325283828127688 0.22221043734031773
0.8325283828127688 0.22221043734031773
0.8325283828127688 0.22221043734031773
0.8325283828127688 0.22221043734031773
0.8325283828127688 0.22221043734031773
0.8325283828127688 0.22221043734031773
0.8325283828127688 0.22221043734031773
0.8325283828127688 0.22221043734031773
0.8325283828127688 0.22221043734031773
0.8325283828127688 0.22221043734031773
0.8325283828127688 0.22221043734031773
0.8325283828127688 0.22221043734031773
0.8325283828127688 0.22221043734031773
0.8325283828127688 0.22221043734031773
0.8325283828127688 0.22221043734031773
0.8325283828127688 0.22221043734031773
0.8325283828127688 0.22221043734031773
0.8325283828127688 0.22221043734031773
0.8325283828127688 0.22221043734031773
0.8325283828127688 0.22221043734031773
0.8325283828127688 0.22221043734031773
0.8325283828127688 0.22221043734031773
0.8325283828127688 0.22221043734031773
0.8325283828127688 0.22221043734031773
0.8325283828127688 0.22221043734031773
0.8325283828127688 0.22221043734031773
0.8325283828127688 0.22221043734031773
0.8325283828127688 0.22221043734031773
0.8325283828127688 0.22221043734031773
0.8325283828127688 0.22221043734031773
0.8325283828127688 0.22221043734031773
0.8325283828127688 0.22221043734031773
0.8325283828127688 0.22221043734031773
0.8325283828127688 0.22221043734031773
0.8325283828127688 0.22221043734031773
0.8325283828127688 0.22221043734031773
0.8325283828127688 0.22221043734031773
0.8325283828127688 0.22221043734031773
0.8325283828127688 0.22221043734031773
0.8325283828127688 0.22221043734031773
0.8325283828127688 0.22221043734031773
0.8325283828127688 0.22221043734031773
0.8325283828127688 0.22221043734031773
0.8325283828127688 0.22221043734031773
0.8325283828127688 0.22221043734031773
0.8325283828127688 0.22221043734031773
0.8325283828127688 0.22221043734031773
0.8325283828127688 0.22221043734031773
0.8325283828127688 0.22221043734031773
0.8325283828127688 0.22221043734031773
0.8325283828127688 0.22221043734031773
0.8325283828127688 0.22221043734031773
0.8325283828127688 0.22221043734031773
0.8325283828127688 0.22221043734031773
0.8325283828127688 0.22221043734031773
0.8325283828127688 0.22221043734031773
0.8325283828127688 0.22221043734031773
0.8325283828127688 0.22221043734031773
0.8325283828127688 0.22221043734031773
0.8325283828127688 0.22221043734031773
0.8325283828127688 0.22221043734031773
0.8325283828127688 0.22221043734031773
0.8325283828127688 0.22221043734031773
0.8325283828127688 0.22221043734031773
0.8325283828127688 0.22221043734031773
0.8325283828127688 0.22221043734031773
0.8325283828127688 0.22221043734031773
0.8325283828127688 0.22221043734031773
0.8325283828127688 0.22221043734031773
0.8325283828127688 0.22221043734031773
0.8325283828127688 0.22221043734031773
0.8325283828127688 0.22221043734031773
0.8325283828127688 0.22221043734031773
0.8325283828127688 0.22221043734031773
0.8325283828127688 0.22221043734031773
0.8325283828127688 0.22221043734031773
0.8325283828127688 0.22221043734031773
0.8325283828127688 0.22221043734031773
0.8325283828127688 0.22221043734031773
0.8325283828127688 0.22221043734031773
0.8325283828127688 0.22221043734031773
0.8325283828127688 0.22221043734031773
0.8325283828127688 0.22221043734031773
0.8325283828127688 0.22221043734031773
0.8325283828127688 0.22221043734031773
0.8325283828127688 0.22221043734031773
0.8325283828127688 0.22221043734031773
0.8325283828127688 0.22221043734031773
0.8325283828127688 0.22221043734031773
0.8325283828127688 0.22221043734031773
0.8325283828127688 0.22221043734031773
0.8325283828127688 0.22221043734031773
0.8325283828127688 0.22221043734031773
0.8325283828127688 0.22221043734031773
0.8325283828127688 0.22221043734031773
0.8325283828127688 0.22221043734031773
0.8325283828127688 0.22221043734031773
0.8325283828127688 0.22221043734031773
0.8325283828127688 0.22221043734031773
0.8325283828127688 0.22221043734031773
0.8325283828127688 0.22221043734031773
0.8325283828127688 0.22221043734031773
0.8325283828127688 0.22221043734031773
0.8325283828127688 0.22221043734031773
0.8325283828127688 0.22221043734031773
0.8325283828127688 0.22221043734031773
0.8325283828127688 0.22221043734031773
0.8325283828127688 0.22221043734031773
0.8325283828127688 0.22221043734031773
0.8325283828127688 0.22221043734031773
0.8325283828127688 0.22221043734031773
0.8325283828127688 0.22221043734031773
0.8325283828127688 0.22221043734031773
0.8325283828127688 0.22221043734031773
0.8325283828127688 0.22221043734031773
0.8325283828127688 0.22221043734031773
0.8325283828127688 0.22221043734031773
0.8325283828127688 0.22221043734031773
0.8325283828127688 0.22221043734031773
0.8325283828127688 0.22221043734031773
0.8325283828127688 0.22221043734031773
0.8325283828127688 0.22221043734031773
0.8325283828127688 0.22221043734031773
0.8325283828127688 0.22221043734031773
0.8325283828127688 0.22221043734031773
0.8325283828127688 0.22221043734031773
0.8325283828127688 0.22221043734031773
0.8325283828127688 0.22221043734031773
0.8325283828127688 0.22221043734031773
0.8325283828127688 0.22221043734031773
0.8325283828127688 0.22221043734031773
0.8325283828127688 0.22221043734031773
0.8325283828127688 0.22221043734031773
0.8325283828127688 0.22221043734031773
0.8325283828127688 0.22221043734031773
0.8325283828127688 0.22221043734031773
0.8325283828127688 0.22221043734031773
0.8325283828127688 0.22221043734031773
0.8325283828127688 0.22221043734031773
0.8325283828127688 0.22221043734031773
0.8325283828127688 0.22221043734031773
0.8325283828127688 0.22221043734031773
0.8325283828127688 0.22221043734031773
0.8325283828127688 0.22221043734031773
0.8325283828127688 0.22221043734031773
0.8325283828127688 0.22221043734031773
0.8325283828127688 0.22221043734031773
0.8325283828127688 0.22221043734031773
0.8325283828127688 0.22221043734031773
0.8325283828127688 0.22221043734031773
0.8325283828127688 0.22221043734031773
0.8325283828127688 0.22221043734031773
0.8325283828127688 0.22221043734031773
0.8325283828127688 0.22221043734031773
0.8325283828127688 0.22221043734031773
0.8325283828127688 0.22221043734031773
0.8325283828127688 0.22221043734031773
0.8325283828127688 0.22221043734031773
0.8325283828127688 0.22221043734031773
0.8325283828127688 0.22221043734031773
0.8325283828127688 0.22221043734031773
0.8325283828127688 0.22221043734031773
0.8325283828127688 0.22221043734031773
0.8325283828127688 0.22221043734031773
0.8325283828127688 0.22221043734031773
0.8325283828127688 0.22221043734031773
0.8325283828127688 0.22221043734031773
0.8325283828127688 0.22221043734031773
0.8325283828127688 0.22221043734031773
0.8325283828127688 0.22221043734031773
0.8325283828127688 0.22221043734031773
0.8325283828127688 0.22221043734031773
0.8325283828127688 0.22221043734031773
0.8325283828127688 0.22221043734031773
0.8325283828127688 0.22221043734031773
0.8325283828127688 0.22221043734031773
0.8325283828127688 0.22221043734031773
0.8325283828127688 0.22221043734031773
0.8325283828127688 0.22221043734031773
0.8325283828127688 0.22221043734031773
0.8325283828127688 0.22221043734031773
0.8325283828127688 0.22221043734031773
0.8325283828127688 0.22221043734031773
0.8325283828127688 0.22221043734031773
0.8325283828127688 0.22221043734031773
0.8325283828127688 0.22221043734031773
0.8325283828127688 0.22221043734031773
0.8325283828127688 0.22221043734031773
0.8325283828127688 0.22221043734031773
0.8325283828127688 0.22221043734031773
0.8325283828127688 0.22221043734031773
0.8325283828127688 0.22221043734031773
0.8325283828127688 0.22221043734031773
0.8325283828127688 0.22221043734031773
0.8325283828127688 0.22221043734031773
0.8325283828127688 0.22221043734031773
0.8325283828127688 0.22221043734031773
0.8325283828127688 0.22221043734031773
0.8325283828127688 0.22221043734031773
0.8325283828127688 0.22221043734031773
0.8325283828127688 0.22221043734031773
0.8325283828127688 0.22221043734031773
0.8325283828127688 0.22221043734031773
0.8325283828127688 0.22221043734031773
0.8325283828127688 0.22221043734031773
0.8325283828127688 0.22221043734031773
0.8325283828127688 0.22221043734031773
0.8325283828127688 0.22221043734031773
0.8325283828127688 0.22221043734031773
0.8325283828127688 0.22221043734031773
0.8325283828127688 0.22221043734031773
0.8325283828127688 0.22221043734031773
0.8325283828127688 0.22221043734031773
0.8325283828127688 0.22221043734031773
0.8325283828127688 0.22221043734031773
0.8325283828127688 0.22221043734031773
0.8325283828127688 0.22221043734031773
0.8325283828127688 0.22221043734031773
0.8325283828127688 0.22221043734031773
0.8325283828127688 0.22221043734031773
0.8325283828127688 0.22221043734031773
0.8325283828127688 0.22221043734031773
0.8325283828127688 0.22221043734031773
0.8325283828127688 0.22221043734031773
0.8325283828127688 0.22221043734031773
0.8325283828127688 0.22221043734031773
0.8325283828127688 0.22221043734031773
0.8325283828127688 0.22221043734031773
0.8325283828127688 0.22221043734031773
0.8325283828127688 0.22221043734031773
0.8325283828127688 0.22221043734031773
0.8325283828127688 0.22221043734031773
0.8325283828127688 0.22221043734031773
0.8325283828127688 0.22221043734031773
0.8325283828127688 0.22221043734031773
0.8325283828127688 0.22221043734031773
0.8325283828127688 0.22221043734031773
0.8325283828127688 0.22221043734031773
0.8325283828127688 0.22221043734031773
0.8325283828127688 0.22221043734031773
0.8325283828127688 0.22221043734031773
0.8325283828127688 0.22221043734031773
0.8325283828127688 0.22221043734031773
0.8325283828127688 0.22221043734031773
0.8325283828127688 0.22221043734031773
0.8325283828127688 0.22221043734031773
0.8325283828127688 0.22221043734031773
0.8325283828127688 0.22221043734031773
0.8325283828127688 0.22221043734031773
0.8325283828127688 0.22221043734031773
0.8325283828127688 0.22221043734031773
0.8325283828127688 0.22221043734031773
0.8325283828127688 0.22221043734031773
0.8325283828127688 0.22221043734031773
0.8325283828127688 0.22221043734031773
0.8325283828127688 0.22221043734031773
0.8325283828127688 0.22221043734031773
0.8325283828127688 0.22221043734031773
0.8325283828127688 0.22221043734031773
0.8325283828127688 0.22221043734031773
0.8325283828127688 0.22221043734031773
0.8325283828127688 0.22221043734031773
0.8325283828127688 0.22221043734031773
0.8325283828127688 0.22221043734031773
0.8325283828127688 0.22221043734031773
0.8325283828127688 0.22221043734031773
0.8325283828127688 0.22221043734031773
0.8325283828127688 0.22221043734031773
0.8325283828127688 0.22221043734031773
0.8325283828127688 0.22221043734031773
0.8325283828127688 0.22221043734031773
0.8325283828127688 0.22221043734031773
0.8325283828127688 0.22221043734031773
0.8325283828127688 0.22221043734031773
0.8325283828127688 0.22221043734031773
0.8325283828127688 0.22221043734031773
0.8345272847031712 0.22117078704478343
0.8367239378104181 0.22002306874742628
0.8391375581042794 0.21875542819811583
0.8417891763214853 0.21735463738843225
0.8447018002945476 0.21580592648215363
0.8479004746109782 0.21409257889655184
0.851412420994579 0.21219563601145275
0.8552672687209046 0.21009371885229183
0.8594970269105091 0.20776232413916793
0.8641362938289919 0.20517351131400335
0.8692221552498618 0.2022949822582117
0.8747940787013706 0.19908913845456183
0.8808936826592407 0.19551192014903077
0.8875641835587336 0.1915111388292774
0.8948492504967788 0.18702396824181441
0.9027911846915839 0.18197367934670677
0.9114276167461144 0.1762647130635035
0.920785607101993 0.1697752173146709
0.9308708530475254 0.16234543587432196
0.9416469419682131 0.15375892343360148
0.9529945496478474 0.14371309743525562
0.9646256553868637 0.13177394548442742
0.975908730205136 0.11733128259240637
0.9855936144000722 0.09966807385146141
0.9856775846987444 0.09947032347762517
0.9891555216074183 0.08986886889920614
0.9914421868758069 0.08087009090638812
0.992858119395048 0.07254782916092836
0.9936954698964534 0.06491843194787927
0.9941836772416255 0.057957642445908814
0.9944844916850921 0.051621063868930714
0.9947028584841795 0.045858133258114324
0.9949016952130186 0.04061911713878752
0.9951151347763474 0.03585774263990516
0.9953586573260407 0.031531737205769926
0.9956362792235425 0.027602584609742173
0.9959455389429364 0.024035107325280223
0.9962805357959127 0.02079706712069482
0.9966341911384874 0.017858889121311065
0.9969992663779977 0.01519342203619617
0.9973690103723835 0.012775754777540699
0.9977377201493736 0.010583102941562237
0.9981005996848493 0.008594635245573764
0.998453843092162 0.0067913535110317455
0.9987945344716901 0.0051559580101571455
0.9991206843267095 0.003672751312328014
0.9994307972547805 0.002327446323670248
0.9997240226041668 0.001107101843743468
1.0 0.0
