# CURVE 2D, normalized by CHORD
# COLUMN#1 = X-coordinate, COLUMN#2 = Y-coordinate
#-------------------------------------------------------------------------------
0.0 0.0
0.00031443313710326773 0.00023470969696582944
0.0006600265683524317 0.0004932690747843825
0.001039829629314822 0.0007781512135995822
0.0014571857636526007 0.0010920903263962251
0.001915753577454715 0.0014381187587507325
0.002419534233978543 0.0018196018771295687
0.002972899551502508 0.0022402789766896984
0.003580620862946056 0.0027043107181311038
0.004247905536705679 0.003216324754445858
0.004980417522051742 0.003781491102072301
0.005784315749441103 0.004405583640092938
0.006666276609052383 0.005095072442651547
0.007633524801998412 0.005857215916343507
0.008693841005180954 0.0067001934988911065
0.009855572411286734 0.007633245330357728
0.01112761772314826 0.008666854283863202
0.01251938223131275 0.009812973276708653
0.01404069296133389 0.011085305981263458
0.015701637941506 0.012499676586697461
0.017512288079102677 0.01407452230849831
0.01948225624462434 0.015831534058409296
0.021619927441766315 0.017796582855966334
0.023931176996360153 0.020001028430571628
0.026417157696195917 0.022483649453765273
0.02645705261688946 0.022524574360180752
0.028054839514181782 0.024195757015520656
0.029477656950039458 0.02574287807924074
0.030743440179846992 0.027174319880419934
0.031868483103589224 0.028497885524531776
0.0328675603770937 0.02972086801294382
0.033754060208860084 0.030850091272345604
0.03454009754102625 0.03189195249598185
0.0352366178599343 0.032852458202477425
0.03585349018153388 0.03373725656602176
0.03639959829467364 0.034551660994115475
0.03688292248020888 0.03530067213949146
0.037310609595152006 0.035989000196428214
0.037689059091156205 0.03662107131466612
0.03802397331287757 0.037201051482649794
0.038320429330751346 0.03773285262647983
0.038582937667998016 0.038220143527950876
0.038815491111904396 0.03866636311427954
0.039021630967775646 0.03907472215484598
0.039204480168202493 0.039448220376132256
0.03936679433936859 0.039789652058446645
0.03951099664745932 0.04010161804595779
0.03963922270675431 0.04038653139653706
0.039753347647439076 0.04064662989991674
0.039855025772853464 0.04088398150906358
0.09187693758487855 0.16376202324009478
0.07862194011478138 0.1324531367431779
0.06842578821470663 0.10836937789939567
0.06058259444541836 0.08984340955802472
0.054549368469042764 0.07559266468004706
0.049908425410292306 0.06463055323544888
0.046338469211253494 0.05619815981652719
0.04359234905814671 0.04971170334043358
0.04147994894037227 0.04472212143574618
0.039855025772853464 0.04088398150906358
0.09187693758487855 0.16376202324009478
0.10513193505497573 0.19507090973701166
0.11532808695505048 0.2191546685807939
0.12317128072433875 0.23768063692216485
0.12920450670071434 0.2519313818001425
0.1338454497594648 0.2628934932447407
0.1374154059585036 0.27132588666366236
0.1401615261116104 0.277812343139756
0.14227392622938484 0.2828019250444434
0.14389884939690364 0.286640064971126
0.14389884939690364 0.286640064971126
0.1443182576613902 0.2876506117745713
0.1447636736937326 0.28876869190238186
0.1452355011421174 0.2900056479919338
0.1457338148887295 0.2913740144491171
0.14625858285327506 0.2928875254329213
0.14680960669813 0.294561248090426
0.14738643985660088 0.29641172969371626
0.14798847185787867 0.29845710268141046
0.14861490454910778 0.3007172432867686
0.14926493987158942 0.30321389081743666
0.14993766253893037 0.30597087538953466
0.1506323446588679 0.30901425973272184
0.15134846850975292 0.3123725866311458
0.1520860764555658 0.3160770847137341
0.15284598035502966 0.32016194748686144
0.1536303779357659 0.32466457734315946
0.15444341352126026 0.3296258951495453
0.15529221307523486 0.33509062000022166
0.1561883671460236 0.34110753346820966
0.15715018520154403 0.3477296672232452
0.15820626772143245 0.35501429303480814
0.15940144084042943 0.363022440830927
0.16080703391331438 0.3718172988465633
0.16254002338045143 0.3814597463433328
0.16257731480881674 0.38165190240515906
0.16411228463821845 0.3890169926988172
0.1657185961931894 0.3956649688786899
0.16740958412894513 0.40164798831748705
0.16919417516527724 0.4070108596134857
0.1710776756127414 0.4117911598132398
0.17306179543404787 0.4160194250601187
0.17514372563929337 0.4197197047581782
0.17731411894007212 0.4229110939318502
0.1795551557933064 0.4256103668279541
0.1818389998422413 0.42783628480393415
0.18412820412858982 0.4296151371780043
0.18638005822523085 0.43098455507536015
0.1885530589325725 0.431994133481897
0.1906134356190155 0.4327014925003805
0.19253881825882008 0.4331656959013509
0.19431823323375647 0.4334413664880215
0.19594978461531382 0.43357545418761717
0.1974377746682703 0.43360601596962794
0.198790133354335 0.4335626666522735
0.20001657729204955 0.4334681663649727
0.20112743471977898 0.43333958526294575
0.2021329252118215 0.4331895210997152
0.20304277713065882 0.43302721314934045
0.20386606955023934 0.432859492020543
0.20386606955023934 0.432859492020543
0.22341669304711156 0.42864367408287685
0.2429673165439838 0.42442785614521067
0.26251794004085605 0.42021203820754455
0.28206856353772836 0.4159962202698783
0.30161918703460067 0.41178040233221214
0.321169810531473 0.40756458439454596
0.34072043402834495 0.40334876645687984
0.3602710575252168 0.3991329485192137
0.37982168102208874 0.39491713058154765
0.3993723045189606 0.3907013126438815
0.4189229280158325 0.38648549470621546
0.43847355151270434 0.38226967676854934
0.45802417500957665 0.37805385883088316
0.4775747985064494 0.37383804089321687
0.4971254220033222 0.36962222295555064
0.516676045500195 0.3654064050178843
0.5362266689970677 0.36119058708021806
0.5557772924939405 0.3569747691425518
0.5753279159908131 0.3527589512048855
0.5948785394876858 0.3485431332672192
0.6144291629845585 0.34432731532955296
0.6339797864814312 0.3401114973918867
0.6535304099783039 0.3358956794542204
0.6730810334751766 0.33167986151655415
0.6926316569720491 0.3274640435788879
0.71218228046892 0.3232482256412221
0.7317329039657908 0.3190324077035561
0.7512835274626618 0.3148165897658903
0.7674790061734003 0.3113242617760057
0.7674790061734003 0.3113242617760057
0.7674790061734003 0.3113242617760057
0.7674790061734003 0.3113242617760057
0.7674790061734003 0.3113242617760057
0.7674790061734003 0.3113242617760057
0.7674790061734003 0.3113242617760057
0.7674790061734003 0.3113242617760057
0.7674790061734003 0.3113242617760057
0.7674790061734003 0.3113242617760057
0.7674790061734003 0.3113242617760057
0.7674790061734003 0.3113242617760057
0.7674790061734003 0.3113242617760057
0.7674790061734003 0.3113242617760057
0.7674790061734003 0.3113242617760057
0.7674790061734003 0.3113242617760057
0.7674790061734003 0.3113242617760057
0.7674790061734003 0.3113242617760057
0.7674790061734003 0.3113242617760057
0.7674790061734003 0.3113242617760057
0.7674790061734003 0.3113242617760057
0.7674790061734003 0.3113242617760057
0.7674790061734003 0.3113242617760057
0.7674790061734003 0.3113242617760057
0.7674790061734003 0.3113242617760057
0.7674790061734003 0.3113242617760057
0.7674790061734003 0.3113242617760057
0.7674790061734003 0.3113242617760057
0.7674790061734003 0.3113242617760057
0.7674790061734003 0.3113242617760057
0.7674790061734003 0.3113242617760057
0.7674790061734003 0.3113242617760057
0.7674790061734003 0.3113242617760057
0.7674790061734003 0.3113242617760057
0.7674790061734003 0.3113242617760057
0.7674790061734003 0.3113242617760057
0.7674790061734003 0.3113242617760057
0.7674790061734003 0.3113242617760057
0.7674790061734003 0.3113242617760057
0.7674790061734003 0.3113242617760057
0.7674790061734003 0.3113242617760057
0.7674790061734003 0.3113242617760057
0.7674790061734003 0.3113242617760057
0.7674790061734003 0.3113242617760057
0.7674790061734003 0.3113242617760057
0.7674790061734003 0.3113242617760057
0.7674790061734003 0.3113242617760057
0.7674790061734003 0.3113242617760057
0.7674790061734003 0.3113242617760057
0.7674790061734003 0.3113242617760057
0.7674790061734003 0.3113242617760057
0.7674790061734003 0.3113242617760057
0.7674790061734003 0.3113242617760057
0.7674790061734003 0.3113242617760057
0.7674790061734003 0.3113242617760057
0.7674790061734003 0.3113242617760057
0.7674790061734003 0.3113242617760057
0.7674790061734003 0.3113242617760057
0.7674790061734003 0.3113242617760057
0.7674790061734003 0.3113242617760057
0.7674790061734003 0.3113242617760057
0.7674790061734003 0.3113242617760057
0.7674790061734003 0.3113242617760057
0.7674790061734003 0.3113242617760057
0.7674790061734003 0.3113242617760057
0.7674790061734003 0.3113242617760057
0.7674790061734003 0.3113242617760057
0.7674790061734003 0.3113242617760057
0.7674790061734003 0.3113242617760057
0.7674790061734003 0.3113242617760057
0.7674790061734003 0.3113242617760057
0.7674790061734003 0.3113242617760057
0.7674790061734003 0.3113242617760057
0.7674790061734003 0.3113242617760057
0.7674790061734003 0.3113242617760057
0.7674790061734003 0.3113242617760057
0.7674790061734003 0.3113242617760057
0.7674790061734003 0.3113242617760057
0.7674790061734003 0.3113242617760057
0.7674790061734003 0.3113242617760057
0.7674790061734003 0.3113242617760057
0.7674790061734003 0.3113242617760057
0.7674790061734003 0.3113242617760057
0.7674790061734003 0.3113242617760057
0.7674790061734003 0.3113242617760057
0.7674790061734003 0.3113242617760057
0.7674790061734003 0.3113242617760057
0.7674790061734003 0.3113242617760057
0.7674790061734003 0.3113242617760057
0.7674790061734003 0.3113242617760057
0.7674790061734003 0.3113242617760057
0.7674790061734003 0.3113242617760057
0.7674790061734003 0.3113242617760057
0.7674790061734003 0.3113242617760057
0.7674790061734003 0.3113242617760057
0.7674790061734003 0.3113242617760057
0.7674790061734003 0.3113242617760057
0.7674790061734003 0.3113242617760057
0.7674790061734003 0.3113242617760057
0.7674790061734003 0.3113242617760057
0.7674790061734003 0.3113242617760057
0.7674790061734003 0.3113242617760057
0.7674790061734003 0.3113242617760057
0.7674790061734003 0.3113242617760057
0.7674790061734003 0.3113242617760057
0.7674790061734003 0.3113242617760057
0.7674790061734003 0.3113242617760057
0.7674790061734003 0.3113242617760057
0.7674790061734003 0.3113242617760057
0.7674790061734003 0.3113242617760057
0.7674790061734003 0.3113242617760057
0.7674790061734003 0.3113242617760057
0.7674790061734003 0.3113242617760057
0.7674790061734003 0.3113242617760057
0.7674790061734003 0.3113242617760057
0.7674790061734003 0.3113242617760057
0.7674790061734003 0.3113242617760057
0.7674790061734003 0.3113242617760057
0.7674790061734003 0.3113242617760057
0.7674790061734003 0.3113242617760057
0.7674790061734003 0.3113242617760057
0.7674790061734003 0.3113242617760057
0.7674790061734003 0.3113242617760057
0.7674790061734003 0.3113242617760057
0.7674790061734003 0.3113242617760057
0.7674790061734003 0.3113242617760057
0.7674790061734003 0.3113242617760057
0.7674790061734003 0.3113242617760057
0.7674790061734003 0.3113242617760057
0.7674790061734003 0.3113242617760057
0.7674790061734003 0.3113242617760057
0.7674790061734003 0.3113242617760057
0.7674790061734003 0.3113242617760057
0.7674790061734003 0.3113242617760057
0.7674790061734003 0.3113242617760057
0.7674790061734003 0.3113242617760057
0.7674790061734003 0.3113242617760057
0.7674790061734003 0.3113242617760057
0.7674790061734003 0.3113242617760057
0.7674790061734003 0.3113242617760057
0.7674790061734003 0.3113242617760057
0.7674790061734003 0.3113242617760057
0.7674790061734003 0.3113242617760057
0.7674790061734003 0.3113242617760057
0.7674790061734003 0.3113242617760057
0.7674790061734003 0.3113242617760057
0.7674790061734003 0.3113242617760057
0.7674790061734003 0.3113242617760057
0.7674790061734003 0.3113242617760057
0.7674790061734003 0.3113242617760057
0.7674790061734003 0.3113242617760057
0.7674790061734003 0.3113242617760057
0.7674790061734003 0.3113242617760057
0.7674790061734003 0.3113242617760057
0.7674790061734003 0.3113242617760057
0.7674790061734003 0.3113242617760057
0.7674790061734003 0.3113242617760057
0.7674790061734003 0.3113242617760057
0.7674790061734003 0.3113242617760057
0.7674790061734003 0.3113242617760057
0.7674790061734003 0.3113242617760057
0.7674790061734003 0.3113242617760057
0.7674790061734003 0.3113242617760057
0.7674790061734003 0.3113242617760057
0.7674790061734003 0.3113242617760057
0.7674790061734003 0.3113242617760057
0.7674790061734003 0.3113242617760057
0.7674790061734003 0.3113242617760057
0.7674790061734003 0.3113242617760057
0.7674790061734003 0.3113242617760057
0.7674790061734003 0.3113242617760057
0.7674790061734003 0.3113242617760057
0.7674790061734003 0.3113242617760057
0.7674790061734003 0.3113242617760057
0.7674790061734003 0.3113242617760057
0.7674790061734003 0.3113242617760057
0.7674790061734003 0.3113242617760057
0.7674790061734003 0.3113242617760057
0.7674790061734003 0.3113242617760057
0.7674790061734003 0.3113242617760057
0.7674790061734003 0.3113242617760057
0.7674790061734003 0.3113242617760057
0.7674790061734003 0.3113242617760057
0.7674790061734003 0.3113242617760057
0.7674790061734003 0.3113242617760057
0.7674790061734003 0.3113242617760057
0.7674790061734003 0.3113242617760057
0.7674790061734003 0.3113242617760057
0.7674790061734003 0.3113242617760057
0.7674790061734003 0.3113242617760057
0.7674790061734003 0.3113242617760057
0.7674790061734003 0.3113242617760057
0.7674790061734003 0.3113242617760057
0.7674790061734003 0.3113242617760057
0.7674790061734003 0.3113242617760057
0.7674790061734003 0.3113242617760057
0.7674790061734003 0.3113242617760057
0.7674790061734003 0.3113242617760057
0.7674790061734003 0.3113242617760057
0.7674790061734003 0.3113242617760057
0.7674790061734003 0.3113242617760057
0.7674790061734003 0.3113242617760057
0.7674790061734003 0.3113242617760057
0.7674790061734003 0.3113242617760057
0.7674790061734003 0.3113242617760057
0.7674790061734003 0.3113242617760057
0.7674790061734003 0.3113242617760057
0.7674790061734003 0.3113242617760057
0.7674790061734003 0.3113242617760057
0.7674790061734003 0.3113242617760057
0.7674790061734003 0.3113242617760057
0.7674790061734003 0.3113242617760057
0.7674790061734003 0.3113242617760057
0.7674790061734003 0.3113242617760057
0.7674790061734003 0.3113242617760057
0.7674790061734003 0.3113242617760057
0.7674790061734003 0.3113242617760057
0.7674790061734003 0.3113242617760057
0.7674790061734003 0.3113242617760057
0.7674790061734003 0.3113242617760057
0.7674790061734003 0.3113242617760057
0.7674790061734003 0.3113242617760057
0.7674790061734003 0.3113242617760057
0.7674790061734003 0.3113242617760057
0.7674790061734003 0.3113242617760057
0.7674790061734003 0.3113242617760057
0.7674790061734003 0.3113242617760057
0.7674790061734003 0.3113242617760057
0.7674790061734003 0.3113242617760057
0.7674790061734003 0.3113242617760057
0.7674790061734003 0.3113242617760057
0.7674790061734003 0.3113242617760057
0.7674790061734003 0.3113242617760057
0.7674790061734003 0.3113242617760057
0.7674790061734003 0.3113242617760057
0.7674790061734003 0.3113242617760057
0.7674790061734003 0.3113242617760057
0.7674790061734003 0.3113242617760057
0.7674790061734003 0.3113242617760057
0.7674790061734003 0.3113242617760057
0.7674790061734003 0.3113242617760057
0.7674790061734003 0.3113242617760057
0.7674790061734003 0.3113242617760057
0.7674790061734003 0.3113242617760057
0.7674790061734003 0.3113242617760057
0.7674790061734003 0.3113242617760057
0.7674790061734003 0.3113242617760057
0.7674790061734003 0.3113242617760057
0.7674790061734003 0.3113242617760057
0.7674790061734003 0.3113242617760057
0.7674790061734003 0.3113242617760057
0.7674790061734003 0.3113242617760057
0.7674790061734003 0.3113242617760057
0.7674790061734003 0.3113242617760057
0.7674790061734003 0.3113242617760057
0.7674790061734003 0.3113242617760057
0.7674790061734003 0.3113242617760057
0.7674790061734003 0.3113242617760057
0.7674790061734003 0.3113242617760057
0.7674790061734003 0.3113242617760057
0.7674790061734003 0.3113242617760057
0.7674790061734003 0.3113242617760057
0.7674790061734003 0.3113242617760057
0.7674790061734003 0.3113242617760057
0.7674790061734003 0.3113242617760057
0.7674790061734003 0.3113242617760057
0.7674790061734003 0.3113242617760057
0.7674790061734003 0.3113242617760057
0.7674790061734003 0.3113242617760057
0.7674790061734003 0.3113242617760057
0.7674790061734003 0.3113242617760057
0.7674790061734003 0.3113242617760057
0.7674790061734003 0.3113242617760057
0.7674790061734003 0.3113242617760057
0.7674790061734003 0.3113242617760057
0.7674790061734003 0.3113242617760057
0.7674790061734003 0.3113242617760057
0.7674790061734003 0.3113242617760057
0.7674790061734003 0.3113242617760057
0.7674790061734003 0.3113242617760057
0.7674790061734003 0.3113242617760057
0.7674790061734003 0.3113242617760057
0.7674790061734003 0.3113242617760057
0.7674790061734003 0.3113242617760057
0.7674790061734003 0.3113242617760057
0.7674790061734003 0.3113242617760057
0.7674790061734003 0.3113242617760057
0.7674790061734003 0.3113242617760057
0.7674790061734003 0.3113242617760057
0.7674790061734003 0.3113242617760057
0.7674790061734003 0.3113242617760057
0.7674790061734003 0.3113242617760057
0.7674790061734003 0.3113242617760057
0.7674790061734003 0.3113242617760057
0.7674790061734003 0.3113242617760057
0.7674790061734003 0.3113242617760057
0.7674790061734003 0.3113242617760057
0.7674790061734003 0.3113242617760057
0.7674790061734003 0.3113242617760057
0.7674790061734003 0.3113242617760057
0.7674790061734003 0.3113242617760057
0.7674790061734003 0.3113242617760057
0.7674790061734003 0.3113242617760057
0.7674790061734003 0.3113242617760057
0.7674790061734003 0.3113242617760057
0.7674790061734003 0.3113242617760057
0.7674790061734003 0.3113242617760057
0.7674790061734003 0.3113242617760057
0.7674790061734003 0.3113242617760057
0.7674790061734003 0.3113242617760057
0.7674790061734003 0.3113242617760057
0.7674790061734003 0.3113242617760057
0.7674790061734003 0.3113242617760057
0.7674790061734003 0.3113242617760057
0.7674790061734003 0.3113242617760057
0.7674790061734003 0.3113242617760057
0.7674790061734003 0.3113242617760057
0.7674790061734003 0.3113242617760057
0.7674790061734003 0.3113242617760057
0.7674790061734003 0.3113242617760057
0.7674790061734003 0.3113242617760057
0.7674790061734003 0.3113242617760057
0.7674790061734003 0.3113242617760057
0.7674790061734003 0.3113242617760057
0.7674790061734003 0.3113242617760057
0.7674790061734003 0.3113242617760057
0.7674790061734003 0.3113242617760057
0.7674790061734003 0.3113242617760057
0.7674790061734003 0.3113242617760057
0.7674790061734003 0.3113242617760057
0.7674790061734003 0.3113242617760057
0.7674790061734003 0.3113242617760057
0.7674790061734003 0.3113242617760057
0.7674790061734003 0.3113242617760057
0.7674790061734003 0.3113242617760057
0.7674790061734003 0.3113242617760057
0.7674790061734003 0.3113242617760057
0.7674790061734003 0.3113242617760057
0.7674790061734003 0.3113242617760057
0.7674790061734003 0.3113242617760057
0.7674790061734003 0.3113242617760057
0.7674790061734003 0.3113242617760057
0.7674790061734003 0.3113242617760057
0.7674790061734003 0.3113242617760057
0.7674790061734003 0.3113242617760057
0.7674790061734003 0.3113242617760057
0.7674790061734003 0.3113242617760057
0.7674790061734003 0.3113242617760057
0.7674790061734003 0.3113242617760057
0.7674790061734003 0.3113242617760057
0.7674790061734003 0.3113242617760057
0.7674790061734003 0.3113242617760057
0.7674790061734003 0.3113242617760057
0.7674790061734003 0.3113242617760057
0.7674790061734003 0.3113242617760057
0.7674790061734003 0.3113242617760057
0.7674790061734003 0.3113242617760057
0.7674790061734003 0.3113242617760057
0.7674790061734003 0.3113242617760057
0.7674790061734003 0.3113242617760057
0.7674790061734003 0.3113242617760057
0.7674790061734003 0.3113242617760057
0.7674790061734003 0.3113242617760057
0.7674790061734003 0.3113242617760057
0.7674790061734003 0.3113242617760057
0.7674790061734003 0.3113242617760057
0.7674790061734003 0.3113242617760057
0.7674790061734003 0.3113242617760057
0.7674790061734003 0.3113242617760057
0.7674790061734003 0.3113242617760057
0.7674790061734003 0.3113242617760057
0.7674790061734003 0.3113242617760057
0.7674790061734003 0.3113242617760057
0.7674790061734003 0.3113242617760057
0.7674790061734003 0.3113242617760057
0.7674790061734003 0.3113242617760057
0.7674790061734003 0.3113242617760057
0.7674790061734003 0.3113242617760057
0.7674790061734003 0.3113242617760057
0.7674790061734003 0.3113242617760057
0.7674790061734003 0.3113242617760057
0.7674790061734003 0.3113242617760057
0.7674790061734003 0.3113242617760057
0.7674790061734003 0.3113242617760057
0.7674790061734003 0.3113242617760057
0.7674790061734003 0.3113242617760057
0.7674790061734003 0.3113242617760057
0.7674790061734003 0.3113242617760057
0.7674790061734003 0.3113242617760057
0.7674790061734003 0.3113242617760057
0.7674790061734003 0.3113242617760057
0.7674790061734003 0.3113242617760057
0.7674790061734003 0.3113242617760057
0.7674790061734003 0.3113242617760057
0.7674790061734003 0.3113242617760057
0.7674790061734003 0.3113242617760057
0.7674790061734003 0.3113242617760057
0.7674790061734003 0.3113242617760057
0.7674790061734003 0.3113242617760057
0.7674790061734003 0.3113242617760057
0.7674790061734003 0.3113242617760057
0.7674790061734003 0.3113242617760057
0.7674790061734003 0.3113242617760057
0.7674790061734003 0.3113242617760057
0.7674790061734003 0.3113242617760057
0.7674790061734003 0.3113242617760057
0.7674790061734003 0.3113242617760057
0.7674790061734003 0.3113242617760057
0.7674790061734003 0.3113242617760057
0.7674790061734003 0.3113242617760057
0.7674790061734003 0.3113242617760057
0.7674790061734003 0.3113242617760057
0.7674790061734003 0.3113242617760057
0.7674790061734003 0.3113242617760057
0.7674790061734003 0.3113242617760057
0.7674790061734003 0.3113242617760057
0.7674790061734003 0.3113242617760057
0.7674790061734003 0.3113242617760057
0.7674790061734003 0.3113242617760057
0.7674790061734003 0.3113242617760057
0.7674790061734003 0.3113242617760057
0.7674790061734003 0.3113242617760057
0.7674790061734003 0.3113242617760057
0.7674790061734003 0.3113242617760057
0.7674790061734003 0.3113242617760057
0.7674790061734003 0.3113242617760057
0.7674790061734003 0.3113242617760057
0.7674790061734003 0.3113242617760057
0.7674790061734003 0.3113242617760057
0.7674790061734003 0.3113242617760057
0.7674790061734003 0.3113242617760057
0.7674790061734003 0.3113242617760057
0.7674790061734003 0.3113242617760057
0.7674790061734003 0.3113242617760057
0.7674790061734003 0.3113242617760057
0.7674790061734003 0.3113242617760057
0.7674790061734003 0.3113242617760057
0.7674790061734003 0.3113242617760057
0.7674790061734003 0.3113242617760057
0.7674790061734003 0.3113242617760057
0.7674790061734003 0.3113242617760057
0.7674790061734003 0.3113242617760057
0.7674790061734003 0.3113242617760057
0.7674790061734003 0.3113242617760057
0.7674790061734003 0.3113242617760057
0.7674790061734003 0.3113242617760057
0.7674790061734003 0.3113242617760057
0.7674790061734003 0.3113242617760057
0.7674790061734003 0.3113242617760057
0.7674790061734003 0.3113242617760057
0.7674790061734003 0.3113242617760057
0.7674790061734003 0.3113242617760057
0.7674790061734003 0.3113242617760057
0.7674790061734003 0.3113242617760057
0.7674790061734003 0.3113242617760057
0.7674790061734003 0.3113242617760057
0.7674790061734003 0.3113242617760057
0.7674790061734003 0.3113242617760057
0.7674790061734003 0.3113242617760057
0.7674790061734003 0.3113242617760057
0.7674790061734003 0.3113242617760057
0.7674790061734003 0.3113242617760057
0.7674790061734003 0.3113242617760057
0.7674790061734003 0.3113242617760057
0.7674790061734003 0.3113242617760057
0.7674790061734003 0.3113242617760057
0.7674790061734003 0.3113242617760057
0.7674790061734003 0.3113242617760057
0.7674790061734003 0.3113242617760057
0.7674790061734003 0.3113242617760057
0.7674790061734003 0.3113242617760057
0.7674790061734003 0.3113242617760057
0.7674790061734003 0.3113242617760057
0.7674790061734003 0.3113242617760057
0.7674790061734003 0.3113242617760057
0.7674790061734003 0.3113242617760057
0.7674790061734003 0.3113242617760057
0.7674790061734003 0.3113242617760057
0.7674790061734003 0.3113242617760057
0.7674790061734003 0.3113242617760057
0.7674790061734003 0.3113242617760057
0.7674790061734003 0.3113242617760057
0.7674790061734003 0.3113242617760057
0.7674790061734003 0.3113242617760057
0.7674790061734003 0.3113242617760057
0.7674790061734003 0.3113242617760057
0.7674790061734003 0.3113242617760057
0.7674790061734003 0.3113242617760057
0.7674790061734003 0.3113242617760057
0.7674790061734003 0.3113242617760057
0.7674790061734003 0.3113242617760057
0.7674790061734003 0.3113242617760057
0.7674790061734003 0.3113242617760057
0.7674790061734003 0.3113242617760057
0.7674790061734003 0.3113242617760057
0.7674790061734003 0.3113242617760057
0.7674790061734003 0.3113242617760057
0.7674790061734003 0.3113242617760057
0.7674790061734003 0.3113242617760057
0.7674790061734003 0.3113242617760057
0.7674790061734003 0.3113242617760057
0.7674790061734003 0.3113242617760057
0.7674790061734003 0.3113242617760057
0.7674790061734003 0.3113242617760057
0.7674790061734003 0.3113242617760057
0.7674790061734003 0.3113242617760057
0.7674790061734003 0.3113242617760057
0.7674790061734003 0.3113242617760057
0.7674790061734003 0.3113242617760057
0.7674790061734003 0.3113242617760057
0.7674790061734003 0.3113242617760057
0.7674790061734003 0.3113242617760057
0.7674790061734003 0.3113242617760057
0.7674790061734003 0.3113242617760057
0.7674790061734003 0.3113242617760057
0.7674790061734003 0.3113242617760057
0.7674790061734003 0.3113242617760057
0.7674790061734003 0.3113242617760057
0.7674790061734003 0.3113242617760057
0.7674790061734003 0.3113242617760057
0.7674790061734003 0.3113242617760057
0.7674790061734003 0.3113242617760057
0.7674790061734003 0.3113242617760057
0.7674790061734003 0.3113242617760057
0.7674790061734003 0.3113242617760057
0.7674790061734003 0.3113242617760057
0.7674790061734003 0.3113242617760057
0.7674790061734003 0.3113242617760057
0.7674790061734003 0.3113242617760057
0.7674790061734003 0.3113242617760057
0.7674790061734003 0.3113242617760057
0.7674790061734003 0.3113242617760057
0.7674790061734003 0.3113242617760057
0.7674790061734003 0.3113242617760057
0.7674790061734003 0.3113242617760057
0.7674790061734003 0.3113242617760057
0.7674790061734003 0.3113242617760057
0.7674790061734003 0.3113242617760057
0.7674790061734003 0.3113242617760057
0.7674790061734003 0.3113242617760057
0.7674790061734003 0.3113242617760057
0.7674790061734003 0.3113242617760057
0.7674790061734003 0.3113242617760057
0.7674790061734003 0.3113242617760057
0.7674790061734003 0.3113242617760057
0.7674790061734003 0.3113242617760057
0.7674790061734003 0.3113242617760057
0.7674790061734003 0.3113242617760057
0.7674790061734003 0.3113242617760057
0.7674790061734003 0.3113242617760057
0.7674790061734003 0.3113242617760057
0.7674790061734003 0.3113242617760057
0.7674790061734003 0.3113242617760057
0.7674790061734003 0.3113242617760057
0.7674790061734003 0.3113242617760057
0.7674790061734003 0.3113242617760057
0.7674790061734003 0.3113242617760057
0.7674790061734003 0.3113242617760057
0.7674790061734003 0.3113242617760057
0.7674790061734003 0.3113242617760057
0.7674790061734003 0.3113242617760057
0.7674790061734003 0.3113242617760057
0.7674790061734003 0.3113242617760057
0.7674790061734003 0.3113242617760057
0.7674790061734003 0.3113242617760057
0.7674790061734003 0.3113242617760057
0.7674790061734003 0.3113242617760057
0.7674790061734003 0.3113242617760057
0.7674790061734003 0.3113242617760057
0.7674790061734003 0.3113242617760057
0.7674790061734003 0.3113242617760057
0.7674790061734003 0.3113242617760057
0.7674790061734003 0.3113242617760057
0.7674790061734003 0.3113242617760057
0.7674790061734003 0.3113242617760057
0.7674790061734003 0.3113242617760057
0.7674790061734003 0.3113242617760057
0.7674790061734003 0.3113242617760057
0.7674790061734003 0.3113242617760057
0.7674790061734003 0.3113242617760057
0.7674790061734003 0.3113242617760057
0.7674790061734003 0.3113242617760057
0.7674790061734003 0.3113242617760057
0.7674790061734003 0.3113242617760057
0.7674790061734003 0.3113242617760057
0.7674790061734003 0.3113242617760057
0.7674790061734003 0.3113242617760057
0.7674790061734003 0.3113242617760057
0.7674790061734003 0.3113242617760057
0.7674790061734003 0.3113242617760057
0.7674790061734003 0.3113242617760057
0.7674790061734003 0.3113242617760057
0.7674790061734003 0.3113242617760057
0.7674790061734003 0.3113242617760057
0.7674790061734003 0.3113242617760057
0.7674790061734003 0.3113242617760057
0.7674790061734003 0.3113242617760057
0.7674790061734003 0.3113242617760057
0.7674790061734003 0.3113242617760057
0.7674790061734003 0.3113242617760057
0.7674790061734003 0.3113242617760057
0.7674790061734003 0.3113242617760057
0.7674790061734003 0.3113242617760057
0.7674790061734003 0.3113242617760057
0.7674790061734003 0.3113242617760057
0.7674790061734003 0.3113242617760057
0.7674790061734003 0.3113242617760057
0.7674790061734003 0.3113242617760057
0.7674790061734003 0.3113242617760057
0.7674790061734003 0.3113242617760057
0.7674790061734003 0.3113242617760057
0.7674790061734003 0.3113242617760057
0.7674790061734003 0.3113242617760057
0.7674790061734003 0.3113242617760057
0.7674790061734003 0.3113242617760057
0.7674790061734003 0.3113242617760057
0.7674790061734003 0.3113242617760057
0.7674790061734003 0.3113242617760057
0.7674790061734003 0.3113242617760057
0.7674790061734003 0.3113242617760057
0.7674790061734003 0.3113242617760057
0.7674790061734003 0.3113242617760057
0.7674790061734003 0.3113242617760057
0.7674790061734003 0.3113242617760057
0.7674790061734003 0.3113242617760057
0.7674790061734003 0.3113242617760057
0.7674790061734003 0.3113242617760057
0.7674790061734003 0.3113242617760057
0.7674790061734003 0.3113242617760057
0.7674790061734003 0.3113242617760057
0.7674790061734003 0.3113242617760057
0.7674790061734003 0.3113242617760057
0.7674790061734003 0.3113242617760057
0.7674790061734003 0.3113242617760057
0.7674790061734003 0.3113242617760057
0.7674790061734003 0.3113242617760057
0.7674790061734003 0.3113242617760057
0.7674790061734003 0.3113242617760057
0.7674790061734003 0.3113242617760057
0.7674790061734003 0.3113242617760057
0.7674790061734003 0.3113242617760057
0.7674790061734003 0.3113242617760057
0.7674790061734003 0.3113242617760057
0.7674790061734003 0.3113242617760057
0.7674790061734003 0.3113242617760057
0.7674790061734003 0.3113242617760057
0.7674790061734003 0.3113242617760057
0.7674790061734003 0.3113242617760057
0.7674790061734003 0.3113242617760057
0.7674790061734003 0.3113242617760057
0.7674790061734003 0.3113242617760057
0.7674790061734003 0.3113242617760057
0.7674790061734003 0.3113242617760057
0.7674790061734003 0.3113242617760057
0.7674790061734003 0.3113242617760057
0.7674790061734003 0.3113242617760057
0.7674790061734003 0.3113242617760057
0.7674790061734003 0.3113242617760057
0.7674790061734003 0.3113242617760057
0.7674790061734003 0.3113242617760057
0.7674790061734003 0.3113242617760057
0.7674790061734003 0.3113242617760057
0.7674790061734003 0.3113242617760057
0.7674790061734003 0.3113242617760057
0.7674790061734003 0.3113242617760057
0.7674790061734003 0.3113242617760057
0.7674790061734003 0.3113242617760057
0.7674790061734003 0.3113242617760057
0.7674790061734003 0.3113242617760057
0.7674790061734003 0.3113242617760057
0.7674790061734003 0.3113242617760057
0.7674790061734003 0.3113242617760057
0.7674790061734003 0.3113242617760057
0.7674790061734003 0.3113242617760057
0.7674790061734003 0.3113242617760057
0.7674790061734003 0.3113242617760057
0.7674790061734003 0.3113242617760057
0.7674790061734003 0.3113242617760057
0.7674790061734003 0.3113242617760057
0.7674790061734003 0.3113242617760057
0.7674790061734003 0.3113242617760057
0.7674790061734003 0.3113242617760057
0.7674790061734003 0.3113242617760057
0.7674790061734003 0.3113242617760057
0.7674790061734003 0.3113242617760057
0.7674790061734003 0.3113242617760057
0.7674790061734003 0.3113242617760057
0.7674790061734003 0.3113242617760057
0.7674790061734003 0.3113242617760057
0.7674790061734003 0.3113242617760057
0.7674790061734003 0.3113242617760057
0.7674790061734003 0.3113242617760057
0.7674790061734003 0.3113242617760057
0.7674790061734003 0.3113242617760057
0.7674790061734003 0.3113242617760057
0.7674790061734003 0.3113242617760057
0.7674790061734003 0.3113242617760057
0.7674790061734003 0.3113242617760057
0.7674790061734003 0.3113242617760057
0.7674790061734003 0.3113242617760057
0.7674790061734003 0.3113242617760057
0.7674790061734003 0.3113242617760057
0.7674790061734003 0.3113242617760057
0.7674790061734003 0.3113242617760057
0.7674790061734003 0.3113242617760057
0.7674790061734003 0.3113242617760057
0.7674790061734003 0.3113242617760057
0.7674790061734003 0.3113242617760057
0.7674790061734003 0.3113242617760057
0.7674790061734003 0.3113242617760057
0.7674790061734003 0.3113242617760057
0.7674790061734003 0.3113242617760057
0.7674790061734003 0.3113242617760057
0.7674790061734003 0.3113242617760057
0.7674790061734003 0.3113242617760057
0.7674790061734003 0.3113242617760057
0.7674790061734003 0.3113242617760057
0.7674790061734003 0.3113242617760057
0.7674790061734003 0.3113242617760057
0.7674790061734003 0.3113242617760057
0.7674790061734003 0.3113242617760057
0.7674790061734003 0.3113242617760057
0.7674790061734003 0.3113242617760057
0.7674790061734003 0.3113242617760057
0.7674790061734003 0.3113242617760057
0.7674790061734003 0.3113242617760057
0.7674790061734003 0.3113242617760057
0.7674790061734003 0.3113242617760057
0.7674790061734003 0.3113242617760057
0.7674790061734003 0.3113242617760057
0.7674790061734003 0.3113242617760057
0.7674790061734003 0.3113242617760057
0.7674790061734003 0.3113242617760057
0.7674790061734003 0.3113242617760057
0.7674790061734003 0.3113242617760057
0.7674790061734003 0.3113242617760057
0.7674790061734003 0.3113242617760057
0.7674790061734003 0.3113242617760057
0.7674790061734003 0.3113242617760057
0.7674790061734003 0.3113242617760057
0.7674790061734003 0.3113242617760057
0.7674790061734003 0.3113242617760057
0.7674790061734003 0.3113242617760057
0.7674790061734003 0.3113242617760057
0.7674790061734003 0.3113242617760057
0.7674790061734003 0.3113242617760057
0.7674790061734003 0.3113242617760057
0.7674790061734003 0.3113242617760057
0.7674790061734003 0.3113242617760057
0.7674790061734003 0.3113242617760057
0.7674790061734003 0.3113242617760057
0.7674790061734003 0.3113242617760057
0.7674790061734003 0.3113242617760057
0.7674790061734003 0.3113242617760057
0.7674790061734003 0.3113242617760057
0.7674790061734003 0.3113242617760057
0.7674790061734003 0.3113242617760057
0.7674790061734003 0.3113242617760057
0.7674790061734003 0.3113242617760057
0.7674790061734003 0.3113242617760057
0.7674790061734003 0.3113242617760057
0.7674790061734003 0.3113242617760057
0.7674790061734003 0.3113242617760057
0.7674790061734003 0.3113242617760057
0.7674790061734003 0.3113242617760057
0.7674790061734003 0.3113242617760057
0.7674790061734003 0.3113242617760057
0.7674790061734003 0.3113242617760057
0.7674790061734003 0.3113242617760057
0.7674790061734003 0.3113242617760057
0.7674790061734003 0.3113242617760057
0.7674790061734003 0.3113242617760057
0.7674790061734003 0.3113242617760057
0.7674790061734003 0.3113242617760057
0.7674790061734003 0.3113242617760057
0.7674790061734003 0.3113242617760057
0.7674790061734003 0.3113242617760057
0.7674790061734003 0.3113242617760057
0.7674790061734003 0.3113242617760057
0.7674790061734003 0.3113242617760057
0.7674790061734003 0.3113242617760057
0.7674790061734003 0.3113242617760057
0.7674790061734003 0.3113242617760057
0.7674790061734003 0.3113242617760057
0.7674790061734003 0.3113242617760057
0.7674790061734003 0.3113242617760057
0.7674790061734003 0.3113242617760057
0.7674790061734003 0.3113242617760057
0.7674790061734003 0.3113242617760057
0.7674790061734003 0.3113242617760057
0.7674790061734003 0.3113242617760057
0.7674790061734003 0.3113242617760057
0.7674790061734003 0.3113242617760057
0.7674790061734003 0.3113242617760057
0.7674790061734003 0.3113242617760057
0.7674790061734003 0.3113242617760057
0.7674790061734003 0.3113242617760057
0.7674790061734003 0.3113242617760057
0.7674790061734003 0.3113242617760057
0.7674790061734003 0.3113242617760057
0.7674790061734003 0.3113242617760057
0.7674790061734003 0.3113242617760057
0.7674790061734003 0.3113242617760057
0.7674790061734003 0.3113242617760057
0.7674790061734003 0.3113242617760057
0.7674790061734003 0.3113242617760057
0.7674790061734003 0.3113242617760057
0.7674790061734003 0.3113242617760057
0.7674790061734003 0.3113242617760057
0.7674790061734003 0.3113242617760057
0.7674790061734003 0.3113242617760057
0.7674790061734003 0.3113242617760057
0.7674790061734003 0.3113242617760057
0.7674790061734003 0.3113242617760057
0.7674790061734003 0.3113242617760057
0.7674790061734003 0.3113242617760057
0.7674790061734003 0.3113242617760057
0.7674790061734003 0.3113242617760057
0.7674790061734003 0.3113242617760057
0.7674790061734003 0.3113242617760057
0.7674790061734003 0.3113242617760057
0.7674790061734003 0.3113242617760057
0.7674790061734003 0.3113242617760057
0.7674790061734003 0.3113242617760057
0.7674790061734003 0.3113242617760057
0.7674790061734003 0.3113242617760057
0.7674790061734003 0.3113242617760057
0.7674790061734003 0.3113242617760057
0.7674790061734003 0.3113242617760057
0.7674790061734003 0.3113242617760057
0.7674790061734003 0.3113242617760057
0.7674790061734003 0.3113242617760057
0.7674790061734003 0.3113242617760057
0.7674790061734003 0.3113242617760057
0.7674790061734003 0.3113242617760057
0.7674790061734003 0.3113242617760057
0.7674790061734003 0.3113242617760057
0.7674790061734003 0.3113242617760057
0.7674790061734003 0.3113242617760057
0.7674790061734003 0.3113242617760057
0.7674790061734003 0.3113242617760057
0.7674790061734003 0.3113242617760057
0.7674790061734003 0.3113242617760057
0.7674790061734003 0.3113242617760057
0.7674790061734003 0.3113242617760057
0.7674790061734003 0.3113242617760057
0.7674790061734003 0.3113242617760057
0.7674790061734003 0.3113242617760057
0.7674790061734003 0.3113242617760057
0.7674790061734003 0.3113242617760057
0.7674790061734003 0.3113242617760057
0.7674790061734003 0.3113242617760057
0.7674790061734003 0.3113242617760057
0.7674790061734003 0.3113242617760057
0.7674790061734003 0.3113242617760057
0.7674790061734003 0.3113242617760057
0.7674790061734003 0.3113242617760057
0.7674790061734003 0.3113242617760057
0.7674790061734003 0.3113242617760057
0.7674790061734003 0.3113242617760057
0.7674790061734003 0.3113242617760057
0.7674790061734003 0.3113242617760057
0.7674790061734003 0.3113242617760057
0.7674790061734003 0.3113242617760057
0.7674790061734003 0.3113242617760057
0.7674790061734003 0.3113242617760057
0.7674790061734003 0.3113242617760057
0.7674790061734003 0.3113242617760057
0.7674790061734003 0.3113242617760057
0.7674790061734003 0.3113242617760057
0.7674790061734003 0.3113242617760057
0.7674790061734003 0.3113242617760057
0.7674790061734003 0.3113242617760057
0.7674790061734003 0.3113242617760057
0.7674790061734003 0.3113242617760057
0.7674790061734003 0.3113242617760057
0.7674790061734003 0.3113242617760057
0.7674790061734003 0.3113242617760057
0.7674790061734003 0.3113242617760057
0.7674790061734003 0.3113242617760057
0.7674790061734003 0.3113242617760057
0.7674790061734003 0.3113242617760057
0.7674790061734003 0.3113242617760057
0.7674790061734003 0.3113242617760057
0.7674790061734003 0.3113242617760057
0.7674790061734003 0.3113242617760057
0.7674790061734003 0.3113242617760057
0.7674790061734003 0.3113242617760057
0.7674790061734003 0.3113242617760057
0.7674790061734003 0.3113242617760057
0.7674790061734003 0.3113242617760057
0.7674790061734003 0.3113242617760057
0.7674790061734003 0.3113242617760057
0.7674790061734003 0.3113242617760057
0.7674790061734003 0.3113242617760057
0.7674790061734003 0.3113242617760057
0.7674790061734003 0.3113242617760057
0.7674790061734003 0.3113242617760057
0.7674790061734003 0.3113242617760057
0.7674790061734003 0.3113242617760057
0.7674790061734003 0.3113242617760057
0.7674790061734003 0.3113242617760057
0.7674790061734003 0.3113242617760057
0.7674790061734003 0.3113242617760057
0.7674790061734003 0.3113242617760057
0.7674790061734003 0.3113242617760057
0.7674790061734003 0.3113242617760057
0.7674790061734003 0.3113242617760057
0.7674790061734003 0.3113242617760057
0.7674790061734003 0.3113242617760057
0.7674790061734003 0.3113242617760057
0.7674790061734003 0.3113242617760057
0.7674790061734003 0.3113242617760057
0.7674790061734003 0.3113242617760057
0.7674790061734003 0.3113242617760057
0.7674790061734003 0.3113242617760057
0.7674790061734003 0.3113242617760057
0.7674790061734003 0.3113242617760057
0.7674790061734003 0.3113242617760057
0.7674790061734003 0.3113242617760057
0.7674790061734003 0.3113242617760057
0.7674790061734003 0.3113242617760057
0.7674790061734003 0.3113242617760057
0.7674790061734003 0.3113242617760057
0.7674790061734003 0.3113242617760057
0.7674790061734003 0.3113242617760057
0.7674790061734003 0.3113242617760057
0.7674790061734003 0.3113242617760057
0.7674790061734003 0.3113242617760057
0.7674790061734003 0.3113242617760057
0.7674790061734003 0.3113242617760057
0.7674790061734003 0.3113242617760057
0.7674790061734003 0.3113242617760057
0.7674790061734003 0.3113242617760057
0.7674790061734003 0.3113242617760057
0.7674790061734003 0.3113242617760057
0.7674790061734003 0.3113242617760057
0.7674790061734003 0.3113242617760057
0.7674790061734003 0.3113242617760057
0.7674790061734003 0.3113242617760057
0.7674790061734003 0.3113242617760057
0.7674790061734003 0.3113242617760057
0.7674790061734003 0.3113242617760057
0.7674790061734003 0.3113242617760057
0.7674790061734003 0.3113242617760057
0.7674790061734003 0.3113242617760057
0.7674790061734003 0.3113242617760057
0.7674790061734003 0.3113242617760057
0.7674790061734003 0.3113242617760057
0.7674790061734003 0.3113242617760057
0.7674790061734003 0.3113242617760057
0.7674790061734003 0.3113242617760057
0.7674790061734003 0.3113242617760057
0.7674790061734003 0.3113242617760057
0.7674790061734003 0.3113242617760057
0.7674790061734003 0.3113242617760057
0.7674790061734003 0.3113242617760057
0.7674790061734003 0.3113242617760057
0.7674790061734003 0.3113242617760057
0.7674790061734003 0.3113242617760057
0.7674790061734003 0.3113242617760057
0.7674790061734003 0.3113242617760057
0.7674790061734003 0.3113242617760057
0.7674790061734003 0.3113242617760057
0.7674790061734003 0.3113242617760057
0.7674790061734003 0.3113242617760057
0.7674790061734003 0.3113242617760057
0.7674790061734003 0.3113242617760057
0.7674790061734003 0.3113242617760057
0.7674790061734003 0.3113242617760057
0.7674790061734003 0.3113242617760057
0.7674790061734003 0.3113242617760057
0.7694398131339121 0.3108649802678667
0.7715761141455071 0.31027892282472297
0.7738960422783135 0.30953362016161284
0.7764049084857049 0.3085904080332159
0.7791034372529204 0.30740291912582757
0.7819859907495256 0.30591706466289453
0.785038416790111 0.30407119497976437
0.7882375875171832 0.30179942214074656
0.7915506793862661 0.29903332532389015
0.7949368862687048 0.2957057377742981
0.7983519160483462 0.2917547512837843
0.801751885936776 0.2871242451780544
0.8050987433902933 0.28176394392826143
0.8083634619274358 0.27562669585634564
0.8115285780673384 0.2686654555031629
0.814588843344548 0.2608298433188685
0.8175521022069698 0.2520636299482419
0.8204401117477067 0.24230279408997052
0.8232907915843528 0.23147448343111512
0.8261625071952217 0.21949675155199386
0.8291407613386734 0.2062791071110717
0.8323489600281324 0.1917245136641391
0.8359651767296239 0.17573401520334755
0.8402479185294617 0.15821656449265054
0.8403592509113429 0.15778632049558222
0.8470729455923875 0.1342670034773866
0.8544660380601519 0.113298706990497
0.8625942753903774 0.0947945264292524
0.8713894233338889 0.0786642568255615
0.8806958603790345 0.06479594257736063
0.8903044662230546 0.05303997528085904
0.8999896421746986 0.04320499219806055
0.9095420210972112 0.035066866389076336
0.9187912622052412 0.028387660902955844
0.9276143865159886 0.02293477893906652
0.935933679090481 0.01849547495596591
0.9437085803655016 0.0148840947864779
0.9509264766872888 0.011944398334754875
0.9575939949234721 0.00954763097668949
0.9637301797476744 0.007588966838091683
0.9693617021761595 0.0059841991650106015
0.9745191865840023 0.004665444418839222
0.9792350379514304 0.003578473267619596
0.9835418313963682 0.0026797412465200967
0.9874713821032709 0.001934354208732958
0.9910541384049278 0.0013142129640419124
0.994318887508167 0.0007968433874230347
0.997292509515262 0.0003637566034637988
1.0 0.0
