# CURVE 2D, normalized by CHORD
# COLUMN#1 = X-coordinate, COLUMN#2 = Y-coordinate
#-------------------------------------------------------------------------------
0.0 0.0
0.001005523476935388 9.667291284682561e-05
0.0021115975217754165 0.00020303162743044877
0.003328276763317861 0.0003200491709139123
0.004666621221696258 0.00044879661467564844
0.006138796794072818 0.0005904534333094927
0.007758185808793773 0.0007463186920053925
0.009539508642148632 0.0009178232772384325
0.011498957429373773 0.0011065440498369665
0.013654343256721078 0.0013142182698174592
0.01602525786537603 0.0015427616144251914
0.018633251648654384 0.0017942867179760427
0.02150202936885072 0.0020711243917838932
0.024657665294428022 0.0023758485259222474
0.028128839938240245 0.0027113025625045773
0.03194710017066974 0.003080631690797771
0.036147145197713 0.0034873197370298365
0.04076714090884311 0.003935232037903361
0.04584906506465007 0.004428668635256955
0.05143908616674957 0.0049724312065375425
0.057587978700321965 0.00557191186949226
0.064351577145193 0.006233218330042608
0.07179126923343059 0.006963372667809097
0.07997452506167421 0.007770662546604433
0.08897544204838863 0.008665389008369767
0.0890942941467631 0.008677263433597409
0.0920961142382344 0.008977801526256313
0.09482492549267765 0.009252175110559377
0.09730554968118964 0.009502730043855497
0.09956055170696193 0.009731602264671435
0.10161044476260313 0.00994073694356194
0.10347387683350394 0.010131905914996409
0.10516780015833158 0.010306724362706866
0.10670762555934957 0.010466663299781919
0.10810736224535765 0.01061306570874169
0.10937974536644436 0.010747156711245823
0.11053635160817214 0.010870056271925256
0.11158770449808647 0.010982788568524944
0.11254336980494048 0.011086293546227264
0.11341204244560188 0.011181435550732366
0.11420162533817708 0.011269012388117342
0.11491930045945155 0.011349768803628792
0.11557159383981122 0.01142440441009093
0.11616443323614292 0.011493592191277172
0.1167031996716154 0.01155800029091442
0.11719277115257405 0.01161833271464022
0.11763755471385923 0.011675414874596333
0.11804149049683509 0.011730421871627988
0.11840793048675932 0.011785779982686043
0.11873324627610407 0.011862550802414634
0.13720776570848997 0.2890183165983785
0.1325005240903353 0.2184000166073514
0.1288795689994471 0.1640782473834843
0.1260942189295331 0.12229227105743273
0.12395164195267618 0.09014921234508536
0.12230350581663238 0.06542378256635661
0.12103570878890639 0.04640422119810372
0.12006048030604025 0.031773789376370765
0.11931030454998937 0.020519611051960762
0.11873324627610407 0.011862550802414606
0.13720776570848997 0.2890183165983785
0.14191500732664464 0.3596366165894056
0.14553596241753283 0.4139583858132727
0.14832131248744684 0.4557443621393243
0.15046388946430378 0.4878874208516717
0.15211202560034756 0.5126128506304004
0.15337982262807354 0.5316324119986533
0.1543550511109397 0.5462628438203863
0.15510522686699058 0.5575170221447963
0.15568228514087587 0.5661740823943424
0.15568228514087587 0.5661740823943424
0.1557006083528815 0.5664520827745909
0.15572030300160253 0.5667579132109366
0.15574140014935406 0.5670943627153356
0.155763912729378 0.5674645000437578
0.15578783728219953 0.5678717012709092
0.15581311778958581 0.5683196822926494
0.1558396812966159 0.5688125300656415
0.15586737020331062 0.5693547429252857
0.15589596496060457 0.5699512692452803
0.15592513823427756 0.5706075535022294
0.1559544375707973 0.5713295847681924
0.15598325603786248 0.5721239501049298
0.1560107811737256 0.5729978932752307
0.1560359596583181 0.57395937757955
0.15605742812586126 0.5750171547417086
0.15607345429474634 0.5761808384870537
0.15608189369072992 0.5774609836698458
0.1560801789279577 0.5788691723811581
0.15606544976179565 0.5804181107228027
0.156035084593568 0.582121749807209
0.1559885534677932 0.5839954754049991
0.1559342464710804 0.5860564944330053
0.15592418267787517 0.5883241364735058
0.1566150901375272 0.5906021069387934
0.15662473129168641 0.5906053912200937
0.15894398549664693 0.5896233997320373
0.16084705523060847 0.5882491741015853
0.16255988165823498 0.5869761308404235
0.1641237167567053 0.5858279263025297
0.16555585252500837 0.5847985166703907
0.1668677862249041 0.5838767496373835
0.16806903765069137 0.5830511311643823
0.16916818437093142 0.5823110037096414
0.17017319200172576 0.5816468285866273
0.1710915224961498 0.5810501850161985
0.17193014887887328 0.5805136446104466
0.1726955892975797 0.5800306848013118
0.1733939129044193 0.5795955671668753
0.17403074947802222 0.5792032284261738
0.17461130530673957 0.5788491889485115
0.17514039745930113 0.5785294995785807
0.17562245371889273 0.5782406400125848
0.17606155334625564 0.577979492062597
0.17646144081822987 0.5777432758773793
0.17682554980901255 0.5775295101082043
0.177157028944965 0.5773359819848544
0.1774587540325008 0.5771607005006963
0.17773336850880442 0.5770019039586097
0.17798327181548826 0.5768579832184573
0.17798327181548826 0.5768579832184573
0.19532320776220136 0.5668917090217533
0.2126631437089144 0.5569254348250494
0.23000307965562752 0.5469591606283455
0.24734301560234073 0.5369928864316414
0.2646829515490538 0.5270266122349375
0.28202288749576687 0.5170603380382336
0.2993628234424801 0.5070940638415296
0.3167027593891934 0.49712778964482557
0.3340426953359067 0.48716151544812153
0.35138263128261993 0.4771952412514175
0.3687225672293332 0.46722896705471345
0.3860625031760465 0.4572626928580094
0.4034024391227594 0.44729641866130554
0.42074237506947204 0.4373301444646019
0.4380823110161849 0.42736387026789807
0.45542224696289796 0.4173975960711942
0.4727621829096109 0.4074313218744903
0.4901021188563239 0.39746504767778645
0.5074420548030367 0.3874987734810826
0.5247819907497498 0.37753249928437865
0.5421219266964629 0.36756622508767484
0.5594618626431759 0.3575999508909709
0.5768017985898888 0.34763367669426715
0.5941417345366017 0.3376674024975632
0.6114816704833148 0.3277011283008593
0.6261984733570953 0.31924252192597585
0.6261984733570953 0.31924252192597585
0.6261984733570953 0.31924252192597585
0.6261984733570953 0.31924252192597585
0.6261984733570953 0.31924252192597585
0.6261984733570953 0.31924252192597585
0.6261984733570953 0.31924252192597585
0.6261984733570953 0.31924252192597585
0.6261984733570953 0.31924252192597585
0.6261984733570953 0.31924252192597585
0.6261984733570953 0.31924252192597585
0.6261984733570953 0.31924252192597585
0.6261984733570953 0.31924252192597585
0.6261984733570953 0.31924252192597585
0.6261984733570953 0.31924252192597585
0.6261984733570953 0.31924252192597585
0.6261984733570953 0.31924252192597585
0.6261984733570953 0.31924252192597585
0.6261984733570953 0.31924252192597585
0.6261984733570953 0.31924252192597585
0.6261984733570953 0.31924252192597585
0.6261984733570953 0.31924252192597585
0.6261984733570953 0.31924252192597585
0.6261984733570953 0.31924252192597585
0.6261984733570953 0.31924252192597585
0.6261984733570953 0.31924252192597585
0.6261984733570953 0.31924252192597585
0.6261984733570953 0.31924252192597585
0.6261984733570953 0.31924252192597585
0.6261984733570953 0.31924252192597585
0.6261984733570953 0.31924252192597585
0.6261984733570953 0.31924252192597585
0.6261984733570953 0.31924252192597585
0.6261984733570953 0.31924252192597585
0.6261984733570953 0.31924252192597585
0.6261984733570953 0.31924252192597585
0.6261984733570953 0.31924252192597585
0.6261984733570953 0.31924252192597585
0.6261984733570953 0.31924252192597585
0.6261984733570953 0.31924252192597585
0.6261984733570953 0.31924252192597585
0.6261984733570953 0.31924252192597585
0.6261984733570953 0.31924252192597585
0.6261984733570953 0.31924252192597585
0.6261984733570953 0.31924252192597585
0.6261984733570953 0.31924252192597585
0.6261984733570953 0.31924252192597585
0.6261984733570953 0.31924252192597585
0.6261984733570953 0.31924252192597585
0.6261984733570953 0.31924252192597585
0.6261984733570953 0.31924252192597585
0.6261984733570953 0.31924252192597585
0.6261984733570953 0.31924252192597585
0.6261984733570953 0.31924252192597585
0.6261984733570953 0.31924252192597585
0.6261984733570953 0.31924252192597585
0.6261984733570953 0.31924252192597585
0.6261984733570953 0.31924252192597585
0.6261984733570953 0.31924252192597585
0.6261984733570953 0.31924252192597585
0.6261984733570953 0.31924252192597585
0.6261984733570953 0.31924252192597585
0.6261984733570953 0.31924252192597585
0.6261984733570953 0.31924252192597585
0.6261984733570953 0.31924252192597585
0.6261984733570953 0.31924252192597585
0.6261984733570953 0.31924252192597585
0.6261984733570953 0.31924252192597585
0.6261984733570953 0.31924252192597585
0.6261984733570953 0.31924252192597585
0.6261984733570953 0.31924252192597585
0.6261984733570953 0.31924252192597585
0.6261984733570953 0.31924252192597585
0.6261984733570953 0.31924252192597585
0.6261984733570953 0.31924252192597585
0.6261984733570953 0.31924252192597585
0.6261984733570953 0.31924252192597585
0.6261984733570953 0.31924252192597585
0.6261984733570953 0.31924252192597585
0.6261984733570953 0.31924252192597585
0.6261984733570953 0.31924252192597585
0.6261984733570953 0.31924252192597585
0.6261984733570953 0.31924252192597585
0.6261984733570953 0.31924252192597585
0.6261984733570953 0.31924252192597585
0.6261984733570953 0.31924252192597585
0.6261984733570953 0.31924252192597585
0.6261984733570953 0.31924252192597585
0.6261984733570953 0.31924252192597585
0.6261984733570953 0.31924252192597585
0.6261984733570953 0.31924252192597585
0.6261984733570953 0.31924252192597585
0.6261984733570953 0.31924252192597585
0.6261984733570953 0.31924252192597585
0.6261984733570953 0.31924252192597585
0.6261984733570953 0.31924252192597585
0.6261984733570953 0.31924252192597585
0.6261984733570953 0.31924252192597585
0.6261984733570953 0.31924252192597585
0.6261984733570953 0.31924252192597585
0.6261984733570953 0.31924252192597585
0.6261984733570953 0.31924252192597585
0.6261984733570953 0.31924252192597585
0.6261984733570953 0.31924252192597585
0.6261984733570953 0.31924252192597585
0.6261984733570953 0.31924252192597585
0.6261984733570953 0.31924252192597585
0.6261984733570953 0.31924252192597585
0.6261984733570953 0.31924252192597585
0.6261984733570953 0.31924252192597585
0.6261984733570953 0.31924252192597585
0.6261984733570953 0.31924252192597585
0.6261984733570953 0.31924252192597585
0.6261984733570953 0.31924252192597585
0.6261984733570953 0.31924252192597585
0.6261984733570953 0.31924252192597585
0.6261984733570953 0.31924252192597585
0.6261984733570953 0.31924252192597585
0.6261984733570953 0.31924252192597585
0.6261984733570953 0.31924252192597585
0.6261984733570953 0.31924252192597585
0.6261984733570953 0.31924252192597585
0.6261984733570953 0.31924252192597585
0.6261984733570953 0.31924252192597585
0.6261984733570953 0.31924252192597585
0.6261984733570953 0.31924252192597585
0.6261984733570953 0.31924252192597585
0.6261984733570953 0.31924252192597585
0.6261984733570953 0.31924252192597585
0.6261984733570953 0.31924252192597585
0.6261984733570953 0.31924252192597585
0.6261984733570953 0.31924252192597585
0.6261984733570953 0.31924252192597585
0.6261984733570953 0.31924252192597585
0.6261984733570953 0.31924252192597585
0.6261984733570953 0.31924252192597585
0.6261984733570953 0.31924252192597585
0.6261984733570953 0.31924252192597585
0.6261984733570953 0.31924252192597585
0.6261984733570953 0.31924252192597585
0.6261984733570953 0.31924252192597585
0.6261984733570953 0.31924252192597585
0.6261984733570953 0.31924252192597585
0.6261984733570953 0.31924252192597585
0.6261984733570953 0.31924252192597585
0.6261984733570953 0.31924252192597585
0.6261984733570953 0.31924252192597585
0.6261984733570953 0.31924252192597585
0.6261984733570953 0.31924252192597585
0.6261984733570953 0.31924252192597585
0.6261984733570953 0.31924252192597585
0.6261984733570953 0.31924252192597585
0.6261984733570953 0.31924252192597585
0.6261984733570953 0.31924252192597585
0.6261984733570953 0.31924252192597585
0.6261984733570953 0.31924252192597585
0.6261984733570953 0.31924252192597585
0.6261984733570953 0.31924252192597585
0.6261984733570953 0.31924252192597585
0.6261984733570953 0.31924252192597585
0.6261984733570953 0.31924252192597585
0.6261984733570953 0.31924252192597585
0.6261984733570953 0.31924252192597585
0.6261984733570953 0.31924252192597585
0.6261984733570953 0.31924252192597585
0.6261984733570953 0.31924252192597585
0.6261984733570953 0.31924252192597585
0.6261984733570953 0.31924252192597585
0.6261984733570953 0.31924252192597585
0.6261984733570953 0.31924252192597585
0.6261984733570953 0.31924252192597585
0.6261984733570953 0.31924252192597585
0.6261984733570953 0.31924252192597585
0.6261984733570953 0.31924252192597585
0.6261984733570953 0.31924252192597585
0.6261984733570953 0.31924252192597585
0.6261984733570953 0.31924252192597585
0.6261984733570953 0.31924252192597585
0.6261984733570953 0.31924252192597585
0.6261984733570953 0.31924252192597585
0.6261984733570953 0.31924252192597585
0.6261984733570953 0.31924252192597585
0.6261984733570953 0.31924252192597585
0.6261984733570953 0.31924252192597585
0.6261984733570953 0.31924252192597585
0.6261984733570953 0.31924252192597585
0.6261984733570953 0.31924252192597585
0.6261984733570953 0.31924252192597585
0.6261984733570953 0.31924252192597585
0.6261984733570953 0.31924252192597585
0.6261984733570953 0.31924252192597585
0.6261984733570953 0.31924252192597585
0.6261984733570953 0.31924252192597585
0.6261984733570953 0.31924252192597585
0.6261984733570953 0.31924252192597585
0.6261984733570953 0.31924252192597585
0.6261984733570953 0.31924252192597585
0.6261984733570953 0.31924252192597585
0.6261984733570953 0.31924252192597585
0.6261984733570953 0.31924252192597585
0.6261984733570953 0.31924252192597585
0.6261984733570953 0.31924252192597585
0.6261984733570953 0.31924252192597585
0.6261984733570953 0.31924252192597585
0.6261984733570953 0.31924252192597585
0.6261984733570953 0.31924252192597585
0.6261984733570953 0.31924252192597585
0.6261984733570953 0.31924252192597585
0.6261984733570953 0.31924252192597585
0.6261984733570953 0.31924252192597585
0.6261984733570953 0.31924252192597585
0.6261984733570953 0.31924252192597585
0.6261984733570953 0.31924252192597585
0.6261984733570953 0.31924252192597585
0.6261984733570953 0.31924252192597585
0.6261984733570953 0.31924252192597585
0.6261984733570953 0.31924252192597585
0.6261984733570953 0.31924252192597585
0.6261984733570953 0.31924252192597585
0.6261984733570953 0.31924252192597585
0.6261984733570953 0.31924252192597585
0.6261984733570953 0.31924252192597585
0.6261984733570953 0.31924252192597585
0.6261984733570953 0.31924252192597585
0.6261984733570953 0.31924252192597585
0.6261984733570953 0.31924252192597585
0.6261984733570953 0.31924252192597585
0.6261984733570953 0.31924252192597585
0.6261984733570953 0.31924252192597585
0.6261984733570953 0.31924252192597585
0.6261984733570953 0.31924252192597585
0.6261984733570953 0.31924252192597585
0.6261984733570953 0.31924252192597585
0.6261984733570953 0.31924252192597585
0.6261984733570953 0.31924252192597585
0.6261984733570953 0.31924252192597585
0.6261984733570953 0.31924252192597585
0.6261984733570953 0.31924252192597585
0.6261984733570953 0.31924252192597585
0.6261984733570953 0.31924252192597585
0.6261984733570953 0.31924252192597585
0.6261984733570953 0.31924252192597585
0.6261984733570953 0.31924252192597585
0.6261984733570953 0.31924252192597585
0.6261984733570953 0.31924252192597585
0.6261984733570953 0.31924252192597585
0.6261984733570953 0.31924252192597585
0.6261984733570953 0.31924252192597585
0.6261984733570953 0.31924252192597585
0.6261984733570953 0.31924252192597585
0.6261984733570953 0.31924252192597585
0.6261984733570953 0.31924252192597585
0.6261984733570953 0.31924252192597585
0.6261984733570953 0.31924252192597585
0.6261984733570953 0.31924252192597585
0.6261984733570953 0.31924252192597585
0.6261984733570953 0.31924252192597585
0.6261984733570953 0.31924252192597585
0.6261984733570953 0.31924252192597585
0.6261984733570953 0.31924252192597585
0.6261984733570953 0.31924252192597585
0.6261984733570953 0.31924252192597585
0.6261984733570953 0.31924252192597585
0.6261984733570953 0.31924252192597585
0.6261984733570953 0.31924252192597585
0.6261984733570953 0.31924252192597585
0.6261984733570953 0.31924252192597585
0.6261984733570953 0.31924252192597585
0.6261984733570953 0.31924252192597585
0.6261984733570953 0.31924252192597585
0.6261984733570953 0.31924252192597585
0.6261984733570953 0.31924252192597585
0.6261984733570953 0.31924252192597585
0.6261984733570953 0.31924252192597585
0.6261984733570953 0.31924252192597585
0.6261984733570953 0.31924252192597585
0.6261984733570953 0.31924252192597585
0.6261984733570953 0.31924252192597585
0.6261984733570953 0.31924252192597585
0.6261984733570953 0.31924252192597585
0.6261984733570953 0.31924252192597585
0.6261984733570953 0.31924252192597585
0.6261984733570953 0.31924252192597585
0.6261984733570953 0.31924252192597585
0.6261984733570953 0.31924252192597585
0.6261984733570953 0.31924252192597585
0.6261984733570953 0.31924252192597585
0.6261984733570953 0.31924252192597585
0.6261984733570953 0.31924252192597585
0.6261984733570953 0.31924252192597585
0.6261984733570953 0.31924252192597585
0.6261984733570953 0.31924252192597585
0.6261984733570953 0.31924252192597585
0.6261984733570953 0.31924252192597585
0.6261984733570953 0.31924252192597585
0.6261984733570953 0.31924252192597585
0.6261984733570953 0.31924252192597585
0.6261984733570953 0.31924252192597585
0.6261984733570953 0.31924252192597585
0.6261984733570953 0.31924252192597585
0.6261984733570953 0.31924252192597585
0.6261984733570953 0.31924252192597585
0.6261984733570953 0.31924252192597585
0.6261984733570953 0.31924252192597585
0.6261984733570953 0.31924252192597585
0.6261984733570953 0.31924252192597585
0.6261984733570953 0.31924252192597585
0.6261984733570953 0.31924252192597585
0.6261984733570953 0.31924252192597585
0.6261984733570953 0.31924252192597585
0.6261984733570953 0.31924252192597585
0.6261984733570953 0.31924252192597585
0.6261984733570953 0.31924252192597585
0.6261984733570953 0.31924252192597585
0.6261984733570953 0.31924252192597585
0.6261984733570953 0.31924252192597585
0.6261984733570953 0.31924252192597585
0.6261984733570953 0.31924252192597585
0.6261984733570953 0.31924252192597585
0.6261984733570953 0.31924252192597585
0.6261984733570953 0.31924252192597585
0.6261984733570953 0.31924252192597585
0.6261984733570953 0.31924252192597585
0.6261984733570953 0.31924252192597585
0.6261984733570953 0.31924252192597585
0.6261984733570953 0.31924252192597585
0.6261984733570953 0.31924252192597585
0.6261984733570953 0.31924252192597585
0.6261984733570953 0.31924252192597585
0.6261984733570953 0.31924252192597585
0.6261984733570953 0.31924252192597585
0.6261984733570953 0.31924252192597585
0.6261984733570953 0.31924252192597585
0.6261984733570953 0.31924252192597585
0.6261984733570953 0.31924252192597585
0.6261984733570953 0.31924252192597585
0.6261984733570953 0.31924252192597585
0.6261984733570953 0.31924252192597585
0.6261984733570953 0.31924252192597585
0.6261984733570953 0.31924252192597585
0.6261984733570953 0.31924252192597585
0.6261984733570953 0.31924252192597585
0.6261984733570953 0.31924252192597585
0.6261984733570953 0.31924252192597585
0.6261984733570953 0.31924252192597585
0.6261984733570953 0.31924252192597585
0.6261984733570953 0.31924252192597585
0.6261984733570953 0.31924252192597585
0.6261984733570953 0.31924252192597585
0.6261984733570953 0.31924252192597585
0.6261984733570953 0.31924252192597585
0.6261984733570953 0.31924252192597585
0.6261984733570953 0.31924252192597585
0.6261984733570953 0.31924252192597585
0.6261984733570953 0.31924252192597585
0.6261984733570953 0.31924252192597585
0.6261984733570953 0.31924252192597585
0.6261984733570953 0.31924252192597585
0.6261984733570953 0.31924252192597585
0.6261984733570953 0.31924252192597585
0.6261984733570953 0.31924252192597585
0.6261984733570953 0.31924252192597585
0.6261984733570953 0.31924252192597585
0.6261984733570953 0.31924252192597585
0.6261984733570953 0.31924252192597585
0.6261984733570953 0.31924252192597585
0.6261984733570953 0.31924252192597585
0.6261984733570953 0.31924252192597585
0.6261984733570953 0.31924252192597585
0.6261984733570953 0.31924252192597585
0.6261984733570953 0.31924252192597585
0.6261984733570953 0.31924252192597585
0.6261984733570953 0.31924252192597585
0.6261984733570953 0.31924252192597585
0.6261984733570953 0.31924252192597585
0.6261984733570953 0.31924252192597585
0.6261984733570953 0.31924252192597585
0.6261984733570953 0.31924252192597585
0.6261984733570953 0.31924252192597585
0.6261984733570953 0.31924252192597585
0.6261984733570953 0.31924252192597585
0.6261984733570953 0.31924252192597585
0.6261984733570953 0.31924252192597585
0.6261984733570953 0.31924252192597585
0.6261984733570953 0.31924252192597585
0.6261984733570953 0.31924252192597585
0.6261984733570953 0.31924252192597585
0.6261984733570953 0.31924252192597585
0.6261984733570953 0.31924252192597585
0.6261984733570953 0.31924252192597585
0.6261984733570953 0.31924252192597585
0.6261984733570953 0.31924252192597585
0.6261984733570953 0.31924252192597585
0.6261984733570953 0.31924252192597585
0.6261984733570953 0.31924252192597585
0.6261984733570953 0.31924252192597585
0.6261984733570953 0.31924252192597585
0.6261984733570953 0.31924252192597585
0.6261984733570953 0.31924252192597585
0.6261984733570953 0.31924252192597585
0.6261984733570953 0.31924252192597585
0.6261984733570953 0.31924252192597585
0.6261984733570953 0.31924252192597585
0.6261984733570953 0.31924252192597585
0.6261984733570953 0.31924252192597585
0.6261984733570953 0.31924252192597585
0.6261984733570953 0.31924252192597585
0.6261984733570953 0.31924252192597585
0.6261984733570953 0.31924252192597585
0.6261984733570953 0.31924252192597585
0.6261984733570953 0.31924252192597585
0.6261984733570953 0.31924252192597585
0.6261984733570953 0.31924252192597585
0.6261984733570953 0.31924252192597585
0.6261984733570953 0.31924252192597585
0.6261984733570953 0.31924252192597585
0.6261984733570953 0.31924252192597585
0.6261984733570953 0.31924252192597585
0.6261984733570953 0.31924252192597585
0.6261984733570953 0.31924252192597585
0.6261984733570953 0.31924252192597585
0.6261984733570953 0.31924252192597585
0.6261984733570953 0.31924252192597585
0.6261984733570953 0.31924252192597585
0.6261984733570953 0.31924252192597585
0.6261984733570953 0.31924252192597585
0.6261984733570953 0.31924252192597585
0.6261984733570953 0.31924252192597585
0.6261984733570953 0.31924252192597585
0.6261984733570953 0.31924252192597585
0.6261984733570953 0.31924252192597585
0.6261984733570953 0.31924252192597585
0.6261984733570953 0.31924252192597585
0.6261984733570953 0.31924252192597585
0.6261984733570953 0.31924252192597585
0.6261984733570953 0.31924252192597585
0.6261984733570953 0.31924252192597585
0.6261984733570953 0.31924252192597585
0.6261984733570953 0.31924252192597585
0.6261984733570953 0.31924252192597585
0.6261984733570953 0.31924252192597585
0.6261984733570953 0.31924252192597585
0.6261984733570953 0.31924252192597585
0.6261984733570953 0.31924252192597585
0.6261984733570953 0.31924252192597585
0.6261984733570953 0.31924252192597585
0.6261984733570953 0.31924252192597585
0.6261984733570953 0.31924252192597585
0.6261984733570953 0.31924252192597585
0.6261984733570953 0.31924252192597585
0.6261984733570953 0.31924252192597585
0.6261984733570953 0.31924252192597585
0.6261984733570953 0.31924252192597585
0.6261984733570953 0.31924252192597585
0.6261984733570953 0.31924252192597585
0.6261984733570953 0.31924252192597585
0.6261984733570953 0.31924252192597585
0.6261984733570953 0.31924252192597585
0.6261984733570953 0.31924252192597585
0.6261984733570953 0.31924252192597585
0.6261984733570953 0.31924252192597585
0.6261984733570953 0.31924252192597585
0.6261984733570953 0.31924252192597585
0.6261984733570953 0.31924252192597585
0.6261984733570953 0.31924252192597585
0.6261984733570953 0.31924252192597585
0.6261984733570953 0.31924252192597585
0.6261984733570953 0.31924252192597585
0.6261984733570953 0.31924252192597585
0.6261984733570953 0.31924252192597585
0.6261984733570953 0.31924252192597585
0.6261984733570953 0.31924252192597585
0.6261984733570953 0.31924252192597585
0.6261984733570953 0.31924252192597585
0.6261984733570953 0.31924252192597585
0.6261984733570953 0.31924252192597585
0.6261984733570953 0.31924252192597585
0.6261984733570953 0.31924252192597585
0.6261984733570953 0.31924252192597585
0.6261984733570953 0.31924252192597585
0.6261984733570953 0.31924252192597585
0.6261984733570953 0.31924252192597585
0.6261984733570953 0.31924252192597585
0.6261984733570953 0.31924252192597585
0.6261984733570953 0.31924252192597585
0.6261984733570953 0.31924252192597585
0.6261984733570953 0.31924252192597585
0.6261984733570953 0.31924252192597585
0.6261984733570953 0.31924252192597585
0.6261984733570953 0.31924252192597585
0.6261984733570953 0.31924252192597585
0.6261984733570953 0.31924252192597585
0.6261984733570953 0.31924252192597585
0.6261984733570953 0.31924252192597585
0.6261984733570953 0.31924252192597585
0.6261984733570953 0.31924252192597585
0.6261984733570953 0.31924252192597585
0.6261984733570953 0.31924252192597585
0.6261984733570953 0.31924252192597585
0.6261984733570953 0.31924252192597585
0.6261984733570953 0.31924252192597585
0.6261984733570953 0.31924252192597585
0.6261984733570953 0.31924252192597585
0.6261984733570953 0.31924252192597585
0.6261984733570953 0.31924252192597585
0.6261984733570953 0.31924252192597585
0.6261984733570953 0.31924252192597585
0.6261984733570953 0.31924252192597585
0.6261984733570953 0.31924252192597585
0.6261984733570953 0.31924252192597585
0.6261984733570953 0.31924252192597585
0.6261984733570953 0.31924252192597585
0.6261984733570953 0.31924252192597585
0.6261984733570953 0.31924252192597585
0.6261984733570953 0.31924252192597585
0.6261984733570953 0.31924252192597585
0.6261984733570953 0.31924252192597585
0.6261984733570953 0.31924252192597585
0.6261984733570953 0.31924252192597585
0.6261984733570953 0.31924252192597585
0.6261984733570953 0.31924252192597585
0.6261984733570953 0.31924252192597585
0.6261984733570953 0.31924252192597585
0.6261984733570953 0.31924252192597585
0.6261984733570953 0.31924252192597585
0.6261984733570953 0.31924252192597585
0.6261984733570953 0.31924252192597585
0.6261984733570953 0.31924252192597585
0.6261984733570953 0.31924252192597585
0.6261984733570953 0.31924252192597585
0.6261984733570953 0.31924252192597585
0.6261984733570953 0.31924252192597585
0.6261984733570953 0.31924252192597585
0.6261984733570953 0.31924252192597585
0.6261984733570953 0.31924252192597585
0.6261984733570953 0.31924252192597585
0.6261984733570953 0.31924252192597585
0.6261984733570953 0.31924252192597585
0.6261984733570953 0.31924252192597585
0.6261984733570953 0.31924252192597585
0.6261984733570953 0.31924252192597585
0.6261984733570953 0.31924252192597585
0.6261984733570953 0.31924252192597585
0.6261984733570953 0.31924252192597585
0.6261984733570953 0.31924252192597585
0.6261984733570953 0.31924252192597585
0.6261984733570953 0.31924252192597585
0.6261984733570953 0.31924252192597585
0.6261984733570953 0.31924252192597585
0.6261984733570953 0.31924252192597585
0.6261984733570953 0.31924252192597585
0.6261984733570953 0.31924252192597585
0.6261984733570953 0.31924252192597585
0.6261984733570953 0.31924252192597585
0.6261984733570953 0.31924252192597585
0.6261984733570953 0.31924252192597585
0.6261984733570953 0.31924252192597585
0.6261984733570953 0.31924252192597585
0.6261984733570953 0.31924252192597585
0.6261984733570953 0.31924252192597585
0.6261984733570953 0.31924252192597585
0.6261984733570953 0.31924252192597585
0.6261984733570953 0.31924252192597585
0.6261984733570953 0.31924252192597585
0.6261984733570953 0.31924252192597585
0.6261984733570953 0.31924252192597585
0.6261984733570953 0.31924252192597585
0.6261984733570953 0.31924252192597585
0.6261984733570953 0.31924252192597585
0.6261984733570953 0.31924252192597585
0.6261984733570953 0.31924252192597585
0.6261984733570953 0.31924252192597585
0.6261984733570953 0.31924252192597585
0.6261984733570953 0.31924252192597585
0.6261984733570953 0.31924252192597585
0.6261984733570953 0.31924252192597585
0.6261984733570953 0.31924252192597585
0.6261984733570953 0.31924252192597585
0.6261984733570953 0.31924252192597585
0.6261984733570953 0.31924252192597585
0.6261984733570953 0.31924252192597585
0.6261984733570953 0.31924252192597585
0.6261984733570953 0.31924252192597585
0.6261984733570953 0.31924252192597585
0.6261984733570953 0.31924252192597585
0.6261984733570953 0.31924252192597585
0.6261984733570953 0.31924252192597585
0.6261984733570953 0.31924252192597585
0.6261984733570953 0.31924252192597585
0.6261984733570953 0.31924252192597585
0.6261984733570953 0.31924252192597585
0.6261984733570953 0.31924252192597585
0.6261984733570953 0.31924252192597585
0.6261984733570953 0.31924252192597585
0.6261984733570953 0.31924252192597585
0.6261984733570953 0.31924252192597585
0.6261984733570953 0.31924252192597585
0.6261984733570953 0.31924252192597585
0.6261984733570953 0.31924252192597585
0.6261984733570953 0.31924252192597585
0.6261984733570953 0.31924252192597585
0.6261984733570953 0.31924252192597585
0.6261984733570953 0.31924252192597585
0.6261984733570953 0.31924252192597585
0.6261984733570953 0.31924252192597585
0.6261984733570953 0.31924252192597585
0.6261984733570953 0.31924252192597585
0.6261984733570953 0.31924252192597585
0.6261984733570953 0.31924252192597585
0.6261984733570953 0.31924252192597585
0.6261984733570953 0.31924252192597585
0.6261984733570953 0.31924252192597585
0.6261984733570953 0.31924252192597585
0.6261984733570953 0.31924252192597585
0.6261984733570953 0.31924252192597585
0.6261984733570953 0.31924252192597585
0.6261984733570953 0.31924252192597585
0.6261984733570953 0.31924252192597585
0.6261984733570953 0.31924252192597585
0.6261984733570953 0.31924252192597585
0.6261984733570953 0.31924252192597585
0.6261984733570953 0.31924252192597585
0.6261984733570953 0.31924252192597585
0.6261984733570953 0.31924252192597585
0.6261984733570953 0.31924252192597585
0.6261984733570953 0.31924252192597585
0.6261984733570953 0.31924252192597585
0.6261984733570953 0.31924252192597585
0.6261984733570953 0.31924252192597585
0.6261984733570953 0.31924252192597585
0.6261984733570953 0.31924252192597585
0.6261984733570953 0.31924252192597585
0.6261984733570953 0.31924252192597585
0.6261984733570953 0.31924252192597585
0.6261984733570953 0.31924252192597585
0.6261984733570953 0.31924252192597585
0.6261984733570953 0.31924252192597585
0.6261984733570953 0.31924252192597585
0.6261984733570953 0.31924252192597585
0.6261984733570953 0.31924252192597585
0.6261984733570953 0.31924252192597585
0.6261984733570953 0.31924252192597585
0.6261984733570953 0.31924252192597585
0.6261984733570953 0.31924252192597585
0.6261984733570953 0.31924252192597585
0.6261984733570953 0.31924252192597585
0.6261984733570953 0.31924252192597585
0.6261984733570953 0.31924252192597585
0.6261984733570953 0.31924252192597585
0.6261984733570953 0.31924252192597585
0.6261984733570953 0.31924252192597585
0.6261984733570953 0.31924252192597585
0.6261984733570953 0.31924252192597585
0.6261984733570953 0.31924252192597585
0.6261984733570953 0.31924252192597585
0.6261984733570953 0.31924252192597585
0.6261984733570953 0.31924252192597585
0.6261984733570953 0.31924252192597585
0.6261984733570953 0.31924252192597585
0.6261984733570953 0.31924252192597585
0.6261984733570953 0.31924252192597585
0.6261984733570953 0.31924252192597585
0.6261984733570953 0.31924252192597585
0.6261984733570953 0.31924252192597585
0.6261984733570953 0.31924252192597585
0.6261984733570953 0.31924252192597585
0.6261984733570953 0.31924252192597585
0.6261984733570953 0.31924252192597585
0.6261984733570953 0.31924252192597585
0.6261984733570953 0.31924252192597585
0.6261984733570953 0.31924252192597585
0.6261984733570953 0.31924252192597585
0.6261984733570953 0.31924252192597585
0.6261984733570953 0.31924252192597585
0.6261984733570953 0.31924252192597585
0.6261984733570953 0.31924252192597585
0.6261984733570953 0.31924252192597585
0.6261984733570953 0.31924252192597585
0.6261984733570953 0.31924252192597585
0.6261984733570953 0.31924252192597585
0.6261984733570953 0.31924252192597585
0.6261984733570953 0.31924252192597585
0.6261984733570953 0.31924252192597585
0.6261984733570953 0.31924252192597585
0.6261984733570953 0.31924252192597585
0.6261984733570953 0.31924252192597585
0.6261984733570953 0.31924252192597585
0.6261984733570953 0.31924252192597585
0.6261984733570953 0.31924252192597585
0.6261984733570953 0.31924252192597585
0.6261984733570953 0.31924252192597585
0.6261984733570953 0.31924252192597585
0.6261984733570953 0.31924252192597585
0.6261984733570953 0.31924252192597585
0.6261984733570953 0.31924252192597585
0.6261984733570953 0.31924252192597585
0.6261984733570953 0.31924252192597585
0.6261984733570953 0.31924252192597585
0.6261984733570953 0.31924252192597585
0.6261984733570953 0.31924252192597585
0.6261984733570953 0.31924252192597585
0.6261984733570953 0.31924252192597585
0.6261984733570953 0.31924252192597585
0.6261984733570953 0.31924252192597585
0.6261984733570953 0.31924252192597585
0.6261984733570953 0.31924252192597585
0.6261984733570953 0.31924252192597585
0.6261984733570953 0.31924252192597585
0.6261984733570953 0.31924252192597585
0.6261984733570953 0.31924252192597585
0.6261984733570953 0.31924252192597585
0.6261984733570953 0.31924252192597585
0.6261984733570953 0.31924252192597585
0.6261984733570953 0.31924252192597585
0.6261984733570953 0.31924252192597585
0.6261984733570953 0.31924252192597585
0.6261984733570953 0.31924252192597585
0.6261984733570953 0.31924252192597585
0.6261984733570953 0.31924252192597585
0.6261984733570953 0.31924252192597585
0.6261984733570953 0.31924252192597585
0.6261984733570953 0.31924252192597585
0.6261984733570953 0.31924252192597585
0.6261984733570953 0.31924252192597585
0.6261984733570953 0.31924252192597585
0.6261984733570953 0.31924252192597585
0.6261984733570953 0.31924252192597585
0.6261984733570953 0.31924252192597585
0.6261984733570953 0.31924252192597585
0.6261984733570953 0.31924252192597585
0.6261984733570953 0.31924252192597585
0.6261984733570953 0.31924252192597585
0.6261984733570953 0.31924252192597585
0.6261984733570953 0.31924252192597585
0.6261984733570953 0.31924252192597585
0.6261984733570953 0.31924252192597585
0.6261984733570953 0.31924252192597585
0.6261984733570953 0.31924252192597585
0.6261984733570953 0.31924252192597585
0.6261984733570953 0.31924252192597585
0.6261984733570953 0.31924252192597585
0.6261984733570953 0.31924252192597585
0.6261984733570953 0.31924252192597585
0.6261984733570953 0.31924252192597585
0.6261984733570953 0.31924252192597585
0.6261984733570953 0.31924252192597585
0.6261984733570953 0.31924252192597585
0.6261984733570953 0.31924252192597585
0.6261984733570953 0.31924252192597585
0.6261984733570953 0.31924252192597585
0.6261984733570953 0.31924252192597585
0.6261984733570953 0.31924252192597585
0.6261984733570953 0.31924252192597585
0.6261984733570953 0.31924252192597585
0.6261984733570953 0.31924252192597585
0.6261984733570953 0.31924252192597585
0.6261984733570953 0.31924252192597585
0.6261984733570953 0.31924252192597585
0.6261984733570953 0.31924252192597585
0.6261984733570953 0.31924252192597585
0.6261984733570953 0.31924252192597585
0.6261984733570953 0.31924252192597585
0.6261984733570953 0.31924252192597585
0.6261984733570953 0.31924252192597585
0.6261984733570953 0.31924252192597585
0.6261984733570953 0.31924252192597585
0.6261984733570953 0.31924252192597585
0.6261984733570953 0.31924252192597585
0.6261984733570953 0.31924252192597585
0.6261984733570953 0.31924252192597585
0.6261984733570953 0.31924252192597585
0.6261984733570953 0.31924252192597585
0.6261984733570953 0.31924252192597585
0.6261984733570953 0.31924252192597585
0.6261984733570953 0.31924252192597585
0.6261984733570953 0.31924252192597585
0.6261984733570953 0.31924252192597585
0.6261984733570953 0.31924252192597585
0.6261984733570953 0.31924252192597585
0.6261984733570953 0.31924252192597585
0.6261984733570953 0.31924252192597585
0.6261984733570953 0.31924252192597585
0.6261984733570953 0.31924252192597585
0.6261984733570953 0.31924252192597585
0.6261984733570953 0.31924252192597585
0.6261984733570953 0.31924252192597585
0.6261984733570953 0.31924252192597585
0.6261984733570953 0.31924252192597585
0.6261984733570953 0.31924252192597585
0.6261984733570953 0.31924252192597585
0.6261984733570953 0.31924252192597585
0.6261984733570953 0.31924252192597585
0.6261984733570953 0.31924252192597585
0.6261984733570953 0.31924252192597585
0.6261984733570953 0.31924252192597585
0.6261984733570953 0.31924252192597585
0.6261984733570953 0.31924252192597585
0.6261984733570953 0.31924252192597585
0.6261984733570953 0.31924252192597585
0.6261984733570953 0.31924252192597585
0.6261984733570953 0.31924252192597585
0.6261984733570953 0.31924252192597585
0.6261984733570953 0.31924252192597585
0.6261984733570953 0.31924252192597585
0.6261984733570953 0.31924252192597585
0.6261984733570953 0.31924252192597585
0.6261984733570953 0.31924252192597585
0.6261984733570953 0.31924252192597585
0.6261984733570953 0.31924252192597585
0.6261984733570953 0.31924252192597585
0.6261984733570953 0.31924252192597585
0.6261984733570953 0.31924252192597585
0.6261984733570953 0.31924252192597585
0.6261984733570953 0.31924252192597585
0.6261984733570953 0.31924252192597585
0.6261984733570953 0.31924252192597585
0.6261984733570953 0.31924252192597585
0.6261984733570953 0.31924252192597585
0.6261984733570953 0.31924252192597585
0.6261984733570953 0.31924252192597585
0.6261984733570953 0.31924252192597585
0.6261984733570953 0.31924252192597585
0.6261984733570953 0.31924252192597585
0.6261984733570953 0.31924252192597585
0.6261984733570953 0.31924252192597585
0.6261984733570953 0.31924252192597585
0.6261984733570953 0.31924252192597585
0.6261984733570953 0.31924252192597585
0.6261984733570953 0.31924252192597585
0.6261984733570953 0.31924252192597585
0.6261984733570953 0.31924252192597585
0.6261984733570953 0.31924252192597585
0.6261984733570953 0.31924252192597585
0.6261984733570953 0.31924252192597585
0.6261984733570953 0.31924252192597585
0.6261984733570953 0.31924252192597585
0.6261984733570953 0.31924252192597585
0.6261984733570953 0.31924252192597585
0.6261984733570953 0.31924252192597585
0.6261984733570953 0.31924252192597585
0.6261984733570953 0.31924252192597585
0.6261984733570953 0.31924252192597585
0.6261984733570953 0.31924252192597585
0.6261984733570953 0.31924252192597585
0.6261984733570953 0.31924252192597585
0.6261984733570953 0.31924252192597585
0.6261984733570953 0.31924252192597585
0.6261984733570953 0.31924252192597585
0.6261984733570953 0.31924252192597585
0.6261984733570953 0.31924252192597585
0.6261984733570953 0.31924252192597585
0.6261984733570953 0.31924252192597585
0.6261984733570953 0.31924252192597585
0.6261984733570953 0.31924252192597585
0.6261984733570953 0.31924252192597585
0.6261984733570953 0.31924252192597585
0.6261984733570953 0.31924252192597585
0.6261984733570953 0.31924252192597585
0.6261984733570953 0.31924252192597585
0.6261984733570953 0.31924252192597585
0.6261984733570953 0.31924252192597585
0.6261984733570953 0.31924252192597585
0.6261984733570953 0.31924252192597585
0.6261984733570953 0.31924252192597585
0.6261984733570953 0.31924252192597585
0.6261984733570953 0.31924252192597585
0.6261984733570953 0.31924252192597585
0.6261984733570953 0.31924252192597585
0.6261984733570953 0.31924252192597585
0.6261984733570953 0.31924252192597585
0.6261984733570953 0.31924252192597585
0.6261984733570953 0.31924252192597585
0.6261984733570953 0.31924252192597585
0.6261984733570953 0.31924252192597585
0.6261984733570953 0.31924252192597585
0.6261984733570953 0.31924252192597585
0.6261984733570953 0.31924252192597585
0.6261984733570953 0.31924252192597585
0.6261984733570953 0.31924252192597585
0.6261984733570953 0.31924252192597585
0.6261984733570953 0.31924252192597585
0.6261984733570953 0.31924252192597585
0.6261984733570953 0.31924252192597585
0.6261984733570953 0.31924252192597585
0.6261984733570953 0.31924252192597585
0.6261984733570953 0.31924252192597585
0.6261984733570953 0.31924252192597585
0.6261984733570953 0.31924252192597585
0.6261984733570953 0.31924252192597585
0.6261984733570953 0.31924252192597585
0.6261984733570953 0.31924252192597585
0.6261984733570953 0.31924252192597585
0.6261984733570953 0.31924252192597585
0.6261984733570953 0.31924252192597585
0.6261984733570953 0.31924252192597585
0.6261984733570953 0.31924252192597585
0.6261984733570953 0.31924252192597585
0.6261984733570953 0.31924252192597585
0.6261984733570953 0.31924252192597585
0.6261984733570953 0.31924252192597585
0.6261984733570953 0.31924252192597585
0.6261984733570953 0.31924252192597585
0.6261984733570953 0.31924252192597585
0.6261984733570953 0.31924252192597585
0.6261984733570953 0.31924252192597585
0.6261984733570953 0.31924252192597585
0.6261984733570953 0.31924252192597585
0.6261984733570953 0.31924252192597585
0.6261984733570953 0.31924252192597585
0.6261984733570953 0.31924252192597585
0.6261984733570953 0.31924252192597585
0.6261984733570953 0.31924252192597585
0.6261984733570953 0.31924252192597585
0.6261984733570953 0.31924252192597585
0.6261984733570953 0.31924252192597585
0.6261984733570953 0.31924252192597585
0.6261984733570953 0.31924252192597585
0.6261984733570953 0.31924252192597585
0.6261984733570953 0.31924252192597585
0.6261984733570953 0.31924252192597585
0.6261984733570953 0.31924252192597585
0.6261984733570953 0.31924252192597585
0.6261984733570953 0.31924252192597585
0.6261984733570953 0.31924252192597585
0.6261984733570953 0.31924252192597585
0.6261984733570953 0.31924252192597585
0.6261984733570953 0.31924252192597585
0.6261984733570953 0.31924252192597585
0.6261984733570953 0.31924252192597585
0.6261984733570953 0.31924252192597585
0.6261984733570953 0.31924252192597585
0.6261984733570953 0.31924252192597585
0.6261984733570953 0.31924252192597585
0.6261984733570953 0.31924252192597585
0.6261984733570953 0.31924252192597585
0.6261984733570953 0.31924252192597585
0.6261984733570953 0.31924252192597585
0.6261984733570953 0.31924252192597585
0.6261984733570953 0.31924252192597585
0.6261984733570953 0.31924252192597585
0.6261984733570953 0.31924252192597585
0.6261984733570953 0.31924252192597585
0.6261984733570953 0.31924252192597585
0.6261984733570953 0.31924252192597585
0.6261984733570953 0.31924252192597585
0.6261984733570953 0.31924252192597585
0.6261984733570953 0.31924252192597585
0.6261984733570953 0.31924252192597585
0.6261984733570953 0.31924252192597585
0.6261984733570953 0.31924252192597585
0.6261984733570953 0.31924252192597585
0.6261984733570953 0.31924252192597585
0.6261984733570953 0.31924252192597585
0.6261984733570953 0.31924252192597585
0.6261984733570953 0.31924252192597585
0.6261984733570953 0.31924252192597585
0.6261984733570953 0.31924252192597585
0.6261984733570953 0.31924252192597585
0.6261984733570953 0.31924252192597585
0.6261984733570953 0.31924252192597585
0.6261984733570953 0.31924252192597585
0.6261984733570953 0.31924252192597585
0.6261984733570953 0.31924252192597585
0.6261984733570953 0.31924252192597585
0.6261984733570953 0.31924252192597585
0.6261984733570953 0.31924252192597585
0.6261984733570953 0.31924252192597585
0.6261984733570953 0.31924252192597585
0.6261984733570953 0.31924252192597585
0.6261984733570953 0.31924252192597585
0.6261984733570953 0.31924252192597585
0.6261984733570953 0.31924252192597585
0.6261984733570953 0.31924252192597585
0.6261984733570953 0.31924252192597585
0.6261984733570953 0.31924252192597585
0.6279049814811778 0.318224538511061
0.6297455585408903 0.3170455935471614
0.6317279857534761 0.31568510242135933
0.6338607483298729 0.31412103777638933
0.6361532050129751 0.31232978279971363
0.6386158210468046 0.31028601996864
0.6412603353896462 0.30796249278862636
0.6441003745931929 0.30533021435716834
0.6471516788480312 0.3023581302211984
0.6504325733569815 0.29901300983357354
0.6539644919529932 0.29525931665644334
0.6577725472121366 0.2910590566319009
0.661886190380514 0.2863716490709417
0.6663399786399208 0.28115383369215574
0.671174440792915 0.2753596072840462
0.6764371945661003 0.26894032105992993
0.6821840910919401 0.2618447577172285
0.6884807333939346 0.2540194914962088
0.6954041385408137 0.2454093636674922
0.7030447435677322 0.23595827664645747
0.7115086786157592 0.22561030322364103
0.720920423551635 0.21431129079362166
0.7314258360883112 0.20201107637124138
0.7431952862622965 0.18866625213992702
0.743528355219345 0.18829559835913465
0.7656420947926046 0.16457053780428743
0.7865265040365075 0.1437576238699415
0.8061795796223352 0.12553063623023442
0.8245973118874419 0.10957542063762161
0.8417881346280873 0.09560362770039887
0.8577754223538928 0.08335707117320044
0.8725962040902152 0.07260852604141824
0.886298083993534 0.06315998338893476
0.8989359101856788 0.05483974557021122
0.9105692187715795 0.04749979944739149
0.9212599029675316 0.04101281954685498
0.9310702461102078 0.03526908582895163
0.9400618306566795 0.030174365960540146
0.9482944205577916 0.025647433616329884
0.955825434752294 0.021618377461550316
0.9627094068883127 0.0180267408900198
0.968997787937266 0.014820201529685868
0.9747388473281723 0.011953409655576081
0.9799776787297242 0.009387031180696434
0.9847561394680542 0.007086668024906994
0.9891131084162718 0.005022464729013259
0.9930844836681025 0.0031682268099050555
0.9967032946418732 0.0015008151547786898
1.0 0.0
