# CURVE 2D, normalized by CHORD
# COLUMN#1 = X-coordinate, COLUMN#2 = Y-coordinate
#-------------------------------------------------------------------------------
0.0 0.0
-1.6562986476265785e-05 0.00023180283091749386
-3.3020690099744384e-05 0.00048690572419043574
-4.92277703940065e-05 0.0007676348508262921
-6.502206519168305e-05 0.0010765475987020985
-8.022439791157997e-05 0.00141645572083625
-9.462286562864505e-05 0.001790451404787537
-0.00010798405790765567 0.002201934595002937
-0.00012004319731957183 0.0026546441122185975
-0.0001305051499767399 0.0031526914026688262
-0.00013903164235751756 0.0037005979873317796
-0.00014525106159488197 0.004303336166141537
-0.00014874332417400462 0.004966374316060797
-0.00014903889512827114 0.005695726396090439
-0.00014561158167422262 0.00649800648727891
-0.00013787754806468793 0.00738048880852043
-0.00012518415266660676 0.008351173712979025
-0.00010680113866627574 0.009418860217585421
-8.191944057483706e-05 0.010593225946038499
-4.963673938733016e-05 0.011884914877962179
-8.947983125222957e-06 0.013305633923676482
4.126109092762134e-05 0.014868259298897362
0.00010222997619741167 0.016586953293754217
0.00017533605209527783 0.018477292824071977
0.00026210537410797176 0.020556410981788637
0.0002647521847459886 0.02061762714862466
0.00045276579000988996 0.024722106144750865
0.0006392059127903174 0.028452709175008303
0.0008192500421547086 0.03184362335213267
0.00099037763997416 0.03492586830577585
0.0011513567374689046 0.03772760383762556
0.001301709468433072 0.04027440278496035
0.0014414131187893758 0.04258949438895098
0.0015707219436671238 0.044693982762869074
0.0016900534076665585 0.04660704395746268
0.001799921742852528 0.04834610355403769
0.001900887447358661 0.049926997886307334
0.0019935314534774095 0.05136411956792106
0.0020784332365803232 0.05267054981666621
0.002156158870294252 0.05385817832162332
0.0022272520511330417 0.054937812141538804
0.002292231193765913 0.055919274391352074
0.002351583838184187 0.05681149417283191
0.002405767501654044 0.05762258795229303
0.002455208749347841 0.058359933661357104
0.0025003047037742096 0.05903023791052726
0.0025414219509075683 0.05963959726249517
0.0025789003249304596 0.06019355361690158
0.002613051756507108 0.060697144871597206
0.0026441638273788227 0.06115495066918857
0.01281547650470778 0.21067138519491832
0.010223862334649574 0.17257513128295837
0.008230312973066336 0.14327032058145067
0.006696813464156155 0.12072815850336785
0.005517198457302168 0.10338803382791951
0.004609802298183717 0.09004947638526695
0.003911805252707986 0.07978904758322652
0.0033748844484958844 0.07189641004319541
0.0029618684452558056 0.06582515039701764
0.002644163827378823 0.06115495066918858
0.01281547650470778 0.21067138519491832
0.015407090674765986 0.24876763910687827
0.017400640036349224 0.27807244980838597
0.018934139545259406 0.30061461188646876
0.02011375455211339 0.31795473656191714
0.021021150711231843 0.3312932940045697
0.021719147756707573 0.3415537228066101
0.022256068560919676 0.3494463603466412
0.022669084564159753 0.355517619992819
0.022986789182036737 0.36018781972064806
0.022986789182036737 0.36018781972064806
0.02304037412305646 0.3609532650653068
0.023102792765575468 0.36179500428588807
0.023175824715642352 0.36272058267864876
0.023261542649444647 0.36373827956493715
0.023362633694147043 0.36485715203864455
0.023482308054673478 0.3660871159245749
0.023624620167729298 0.3674389944631817
0.02379465340685611 0.3689245773643792
0.023998832535896523 0.3705566630674113
0.024245311950532953 0.37234908076530143
0.024544611565752543 0.37431665514786944
0.024910193115263855 0.37647513504036845
0.0253597001912281 0.3788409383585768
0.025916386043074405 0.3814307001138369
0.026611004160990343 0.3842604630802641
0.02748476478809521 0.3873441402459281
0.02859295270641321 0.3906909036108005
0.03000970491041686 0.3943006353576349
0.0318327983528703 0.3981566005295353
0.034186172107878623 0.4022147730717363
0.03721441420516629 0.40639213402712576
0.04106161847545227 0.4105636465157207
0.04583702786754737 0.4145833858959275
0.0515889771102103 0.41833448743631124
0.05168996894546427 0.41839255364288375
0.058615299534773596 0.42191499749782274
0.06513530093967274 0.42463602516134047
0.07116795725087902 0.4268419551404974
0.07670195666151555 0.42870621688704846
0.08175560490614968 0.43033212677965027
0.08635889108401952 0.43178181293624507
0.09054565869966695 0.43309347034333856
0.0943501005305592 0.4342913291379269
0.09780516273026313 0.43539140863338244
0.1009418372706099 0.4364048565087011
0.10378888299944816 0.4373399131855807
0.10637276828980491 0.4382030608921758
0.10871772242731019 0.4389997106058723
0.11084585376539509 0.43973458023616674
0.11277728255012519 0.44041194293254327
0.11453029312991125 0.44103574916967625
0.11612148273240307 0.4416097023749266
0.11756590427424081 0.4421373036496503
0.11887720546245367 0.44262186616731386
0.12006776230210654 0.44306651012032006
0.12114878184897322 0.44347420886413347
0.12213043084378397 0.4438477375566277
0.12302190730686488 0.4441897477856827
0.12383156896880955 0.44450266982274467
0.12383156896880955 0.44450266982274467
0.14247804188665888 0.4517351692333158
0.16112451480450818 0.4589676686438869
0.17977098772235747 0.466200168054458
0.19841746064020682 0.47343266746502916
0.2170639335580562 0.4806651668756003
0.23571040647590558 0.4878976662861714
0.25435687939375506 0.4951301656967426
0.27300335231160466 0.5023626651073139
0.2916498252294543 0.5095951645178851
0.31029629814730403 0.5168276639284564
0.3289427710651537 0.5240601633390276
0.3475892439830034 0.5312926627495989
0.36623571690085266 0.53852516216017
0.38488218981870154 0.545757661570741
0.40352866273655047 0.5529901609813119
0.42217513565439935 0.5602226603918828
0.4408216085722483 0.5674551598024538
0.45946808149009716 0.5746876592130248
0.4781145544079462 0.5819201586235958
0.4967610273257952 0.5891526580341667
0.5154075002436441 0.5963851574447377
0.5340539731614932 0.6036176568553088
0.5527004460793421 0.6108501562658797
0.5713469189971911 0.6180826556764507
0.58999339191504 0.6253151550870217
0.6086398648328886 0.6325476544975924
0.6153757518023467 0.6351603361962126
0.6153757518023467 0.6351603361962126
0.6153757518023467 0.6351603361962126
0.6153757518023467 0.6351603361962126
0.6153757518023467 0.6351603361962126
0.6153757518023467 0.6351603361962126
0.6153757518023467 0.6351603361962126
0.6153757518023467 0.6351603361962126
0.6153757518023467 0.6351603361962126
0.6153757518023467 0.6351603361962126
0.6153757518023467 0.6351603361962126
0.6153757518023467 0.6351603361962126
0.6153757518023467 0.6351603361962126
0.6153757518023467 0.6351603361962126
0.6153757518023467 0.6351603361962126
0.6153757518023467 0.6351603361962126
0.6153757518023467 0.6351603361962126
0.6153757518023467 0.6351603361962126
0.6153757518023467 0.6351603361962126
0.6153757518023467 0.6351603361962126
0.6153757518023467 0.6351603361962126
0.6153757518023467 0.6351603361962126
0.6153757518023467 0.6351603361962126
0.6153757518023467 0.6351603361962126
0.6153757518023467 0.6351603361962126
0.6153757518023467 0.6351603361962126
0.6153757518023467 0.6351603361962126
0.6153757518023467 0.6351603361962126
0.6153757518023467 0.6351603361962126
0.6153757518023467 0.6351603361962126
0.6153757518023467 0.6351603361962126
0.6153757518023467 0.6351603361962126
0.6153757518023467 0.6351603361962126
0.6153757518023467 0.6351603361962126
0.6153757518023467 0.6351603361962126
0.6153757518023467 0.6351603361962126
0.6153757518023467 0.6351603361962126
0.6153757518023467 0.6351603361962126
0.6153757518023467 0.6351603361962126
0.6153757518023467 0.6351603361962126
0.6153757518023467 0.6351603361962126
0.6153757518023467 0.6351603361962126
0.6153757518023467 0.6351603361962126
0.6153757518023467 0.6351603361962126
0.6153757518023467 0.6351603361962126
0.6153757518023467 0.6351603361962126
0.6153757518023467 0.6351603361962126
0.6153757518023467 0.6351603361962126
0.6153757518023467 0.6351603361962126
0.6153757518023467 0.6351603361962126
0.6153757518023467 0.6351603361962126
0.6153757518023467 0.6351603361962126
0.6153757518023467 0.6351603361962126
0.6153757518023467 0.6351603361962126
0.6153757518023467 0.6351603361962126
0.6153757518023467 0.6351603361962126
0.6153757518023467 0.6351603361962126
0.6153757518023467 0.6351603361962126
0.6153757518023467 0.6351603361962126
0.6153757518023467 0.6351603361962126
0.6153757518023467 0.6351603361962126
0.6153757518023467 0.6351603361962126
0.6153757518023467 0.6351603361962126
0.6153757518023467 0.6351603361962126
0.6153757518023467 0.6351603361962126
0.6153757518023467 0.6351603361962126
0.6153757518023467 0.6351603361962126
0.6153757518023467 0.6351603361962126
0.6153757518023467 0.6351603361962126
0.6153757518023467 0.6351603361962126
0.6153757518023467 0.6351603361962126
0.6153757518023467 0.6351603361962126
0.6153757518023467 0.6351603361962126
0.6153757518023467 0.6351603361962126
0.6153757518023467 0.6351603361962126
0.6153757518023467 0.6351603361962126
0.6153757518023467 0.6351603361962126
0.6153757518023467 0.6351603361962126
0.6153757518023467 0.6351603361962126
0.6153757518023467 0.6351603361962126
0.6153757518023467 0.6351603361962126
0.6153757518023467 0.6351603361962126
0.6153757518023467 0.6351603361962126
0.6153757518023467 0.6351603361962126
0.6153757518023467 0.6351603361962126
0.6153757518023467 0.6351603361962126
0.6153757518023467 0.6351603361962126
0.6153757518023467 0.6351603361962126
0.6153757518023467 0.6351603361962126
0.6153757518023467 0.6351603361962126
0.6153757518023467 0.6351603361962126
0.6153757518023467 0.6351603361962126
0.6153757518023467 0.6351603361962126
0.6153757518023467 0.6351603361962126
0.6153757518023467 0.6351603361962126
0.6153757518023467 0.6351603361962126
0.6153757518023467 0.6351603361962126
0.6153757518023467 0.6351603361962126
0.6153757518023467 0.6351603361962126
0.6153757518023467 0.6351603361962126
0.6153757518023467 0.6351603361962126
0.6153757518023467 0.6351603361962126
0.6153757518023467 0.6351603361962126
0.6153757518023467 0.6351603361962126
0.6153757518023467 0.6351603361962126
0.6153757518023467 0.6351603361962126
0.6153757518023467 0.6351603361962126
0.6153757518023467 0.6351603361962126
0.6153757518023467 0.6351603361962126
0.6153757518023467 0.6351603361962126
0.6153757518023467 0.6351603361962126
0.6153757518023467 0.6351603361962126
0.6153757518023467 0.6351603361962126
0.6153757518023467 0.6351603361962126
0.6153757518023467 0.6351603361962126
0.6153757518023467 0.6351603361962126
0.6153757518023467 0.6351603361962126
0.6153757518023467 0.6351603361962126
0.6153757518023467 0.6351603361962126
0.6153757518023467 0.6351603361962126
0.6153757518023467 0.6351603361962126
0.6153757518023467 0.6351603361962126
0.6153757518023467 0.6351603361962126
0.6153757518023467 0.6351603361962126
0.6153757518023467 0.6351603361962126
0.6153757518023467 0.6351603361962126
0.6153757518023467 0.6351603361962126
0.6153757518023467 0.6351603361962126
0.6153757518023467 0.6351603361962126
0.6153757518023467 0.6351603361962126
0.6153757518023467 0.6351603361962126
0.6153757518023467 0.6351603361962126
0.6153757518023467 0.6351603361962126
0.6153757518023467 0.6351603361962126
0.6153757518023467 0.6351603361962126
0.6153757518023467 0.6351603361962126
0.6153757518023467 0.6351603361962126
0.6153757518023467 0.6351603361962126
0.6153757518023467 0.6351603361962126
0.6153757518023467 0.6351603361962126
0.6153757518023467 0.6351603361962126
0.6153757518023467 0.6351603361962126
0.6153757518023467 0.6351603361962126
0.6153757518023467 0.6351603361962126
0.6153757518023467 0.6351603361962126
0.6153757518023467 0.6351603361962126
0.6153757518023467 0.6351603361962126
0.6153757518023467 0.6351603361962126
0.6153757518023467 0.6351603361962126
0.6153757518023467 0.6351603361962126
0.6153757518023467 0.6351603361962126
0.6153757518023467 0.6351603361962126
0.6153757518023467 0.6351603361962126
0.6153757518023467 0.6351603361962126
0.6153757518023467 0.6351603361962126
0.6153757518023467 0.6351603361962126
0.6153757518023467 0.6351603361962126
0.6153757518023467 0.6351603361962126
0.6153757518023467 0.6351603361962126
0.6153757518023467 0.6351603361962126
0.6153757518023467 0.6351603361962126
0.6153757518023467 0.6351603361962126
0.6153757518023467 0.6351603361962126
0.6153757518023467 0.6351603361962126
0.6153757518023467 0.6351603361962126
0.6153757518023467 0.6351603361962126
0.6153757518023467 0.6351603361962126
0.6153757518023467 0.6351603361962126
0.6153757518023467 0.6351603361962126
0.6153757518023467 0.6351603361962126
0.6153757518023467 0.6351603361962126
0.6153757518023467 0.6351603361962126
0.6153757518023467 0.6351603361962126
0.6153757518023467 0.6351603361962126
0.6153757518023467 0.6351603361962126
0.6153757518023467 0.6351603361962126
0.6153757518023467 0.6351603361962126
0.6153757518023467 0.6351603361962126
0.6153757518023467 0.6351603361962126
0.6153757518023467 0.6351603361962126
0.6153757518023467 0.6351603361962126
0.6153757518023467 0.6351603361962126
0.6153757518023467 0.6351603361962126
0.6153757518023467 0.6351603361962126
0.6153757518023467 0.6351603361962126
0.6153757518023467 0.6351603361962126
0.6153757518023467 0.6351603361962126
0.6153757518023467 0.6351603361962126
0.6153757518023467 0.6351603361962126
0.6153757518023467 0.6351603361962126
0.6153757518023467 0.6351603361962126
0.6153757518023467 0.6351603361962126
0.6153757518023467 0.6351603361962126
0.6153757518023467 0.6351603361962126
0.6153757518023467 0.6351603361962126
0.6153757518023467 0.6351603361962126
0.6153757518023467 0.6351603361962126
0.6153757518023467 0.6351603361962126
0.6153757518023467 0.6351603361962126
0.6153757518023467 0.6351603361962126
0.6153757518023467 0.6351603361962126
0.6153757518023467 0.6351603361962126
0.6153757518023467 0.6351603361962126
0.6153757518023467 0.6351603361962126
0.6153757518023467 0.6351603361962126
0.6153757518023467 0.6351603361962126
0.6153757518023467 0.6351603361962126
0.6153757518023467 0.6351603361962126
0.6153757518023467 0.6351603361962126
0.6153757518023467 0.6351603361962126
0.6153757518023467 0.6351603361962126
0.6153757518023467 0.6351603361962126
0.6153757518023467 0.6351603361962126
0.6153757518023467 0.6351603361962126
0.6153757518023467 0.6351603361962126
0.6153757518023467 0.6351603361962126
0.6153757518023467 0.6351603361962126
0.6153757518023467 0.6351603361962126
0.6153757518023467 0.6351603361962126
0.6153757518023467 0.6351603361962126
0.6153757518023467 0.6351603361962126
0.6153757518023467 0.6351603361962126
0.6153757518023467 0.6351603361962126
0.6153757518023467 0.6351603361962126
0.6153757518023467 0.6351603361962126
0.6153757518023467 0.6351603361962126
0.6153757518023467 0.6351603361962126
0.6153757518023467 0.6351603361962126
0.6153757518023467 0.6351603361962126
0.6153757518023467 0.6351603361962126
0.6153757518023467 0.6351603361962126
0.6153757518023467 0.6351603361962126
0.6153757518023467 0.6351603361962126
0.6153757518023467 0.6351603361962126
0.6153757518023467 0.6351603361962126
0.6153757518023467 0.6351603361962126
0.6153757518023467 0.6351603361962126
0.6153757518023467 0.6351603361962126
0.6153757518023467 0.6351603361962126
0.6153757518023467 0.6351603361962126
0.6153757518023467 0.6351603361962126
0.6153757518023467 0.6351603361962126
0.6153757518023467 0.6351603361962126
0.6153757518023467 0.6351603361962126
0.6153757518023467 0.6351603361962126
0.6153757518023467 0.6351603361962126
0.6153757518023467 0.6351603361962126
0.6153757518023467 0.6351603361962126
0.6153757518023467 0.6351603361962126
0.6153757518023467 0.6351603361962126
0.6153757518023467 0.6351603361962126
0.6153757518023467 0.6351603361962126
0.6153757518023467 0.6351603361962126
0.6153757518023467 0.6351603361962126
0.6153757518023467 0.6351603361962126
0.6153757518023467 0.6351603361962126
0.6153757518023467 0.6351603361962126
0.6153757518023467 0.6351603361962126
0.6153757518023467 0.6351603361962126
0.6153757518023467 0.6351603361962126
0.6153757518023467 0.6351603361962126
0.6153757518023467 0.6351603361962126
0.6153757518023467 0.6351603361962126
0.6153757518023467 0.6351603361962126
0.6153757518023467 0.6351603361962126
0.6153757518023467 0.6351603361962126
0.6153757518023467 0.6351603361962126
0.6153757518023467 0.6351603361962126
0.6153757518023467 0.6351603361962126
0.6153757518023467 0.6351603361962126
0.6153757518023467 0.6351603361962126
0.6153757518023467 0.6351603361962126
0.6153757518023467 0.6351603361962126
0.6153757518023467 0.6351603361962126
0.6153757518023467 0.6351603361962126
0.6153757518023467 0.6351603361962126
0.6153757518023467 0.6351603361962126
0.6153757518023467 0.6351603361962126
0.6153757518023467 0.6351603361962126
0.6153757518023467 0.6351603361962126
0.6153757518023467 0.6351603361962126
0.6153757518023467 0.6351603361962126
0.6153757518023467 0.6351603361962126
0.6153757518023467 0.6351603361962126
0.6153757518023467 0.6351603361962126
0.6153757518023467 0.6351603361962126
0.6153757518023467 0.6351603361962126
0.6153757518023467 0.6351603361962126
0.6153757518023467 0.6351603361962126
0.6153757518023467 0.6351603361962126
0.6153757518023467 0.6351603361962126
0.6153757518023467 0.6351603361962126
0.6153757518023467 0.6351603361962126
0.6153757518023467 0.6351603361962126
0.6153757518023467 0.6351603361962126
0.6153757518023467 0.6351603361962126
0.6153757518023467 0.6351603361962126
0.6153757518023467 0.6351603361962126
0.6153757518023467 0.6351603361962126
0.6153757518023467 0.6351603361962126
0.6153757518023467 0.6351603361962126
0.6153757518023467 0.6351603361962126
0.6153757518023467 0.6351603361962126
0.6153757518023467 0.6351603361962126
0.6153757518023467 0.6351603361962126
0.6153757518023467 0.6351603361962126
0.6153757518023467 0.6351603361962126
0.6153757518023467 0.6351603361962126
0.6153757518023467 0.6351603361962126
0.6153757518023467 0.6351603361962126
0.6153757518023467 0.6351603361962126
0.6153757518023467 0.6351603361962126
0.6153757518023467 0.6351603361962126
0.6153757518023467 0.6351603361962126
0.6153757518023467 0.6351603361962126
0.6153757518023467 0.6351603361962126
0.6153757518023467 0.6351603361962126
0.6153757518023467 0.6351603361962126
0.6153757518023467 0.6351603361962126
0.6153757518023467 0.6351603361962126
0.6153757518023467 0.6351603361962126
0.6153757518023467 0.6351603361962126
0.6153757518023467 0.6351603361962126
0.6153757518023467 0.6351603361962126
0.6153757518023467 0.6351603361962126
0.6153757518023467 0.6351603361962126
0.6153757518023467 0.6351603361962126
0.6153757518023467 0.6351603361962126
0.6153757518023467 0.6351603361962126
0.6153757518023467 0.6351603361962126
0.6153757518023467 0.6351603361962126
0.6153757518023467 0.6351603361962126
0.6153757518023467 0.6351603361962126
0.6153757518023467 0.6351603361962126
0.6153757518023467 0.6351603361962126
0.6153757518023467 0.6351603361962126
0.6153757518023467 0.6351603361962126
0.6153757518023467 0.6351603361962126
0.6153757518023467 0.6351603361962126
0.6153757518023467 0.6351603361962126
0.6153757518023467 0.6351603361962126
0.6153757518023467 0.6351603361962126
0.6153757518023467 0.6351603361962126
0.6153757518023467 0.6351603361962126
0.6153757518023467 0.6351603361962126
0.6153757518023467 0.6351603361962126
0.6153757518023467 0.6351603361962126
0.6153757518023467 0.6351603361962126
0.6153757518023467 0.6351603361962126
0.6153757518023467 0.6351603361962126
0.6153757518023467 0.6351603361962126
0.6153757518023467 0.6351603361962126
0.6153757518023467 0.6351603361962126
0.6153757518023467 0.6351603361962126
0.6153757518023467 0.6351603361962126
0.6153757518023467 0.6351603361962126
0.6153757518023467 0.6351603361962126
0.6153757518023467 0.6351603361962126
0.6153757518023467 0.6351603361962126
0.6153757518023467 0.6351603361962126
0.6153757518023467 0.6351603361962126
0.6153757518023467 0.6351603361962126
0.6153757518023467 0.6351603361962126
0.6153757518023467 0.6351603361962126
0.6153757518023467 0.6351603361962126
0.6153757518023467 0.6351603361962126
0.6153757518023467 0.6351603361962126
0.6153757518023467 0.6351603361962126
0.6153757518023467 0.6351603361962126
0.6153757518023467 0.6351603361962126
0.6153757518023467 0.6351603361962126
0.6153757518023467 0.6351603361962126
0.6153757518023467 0.6351603361962126
0.6153757518023467 0.6351603361962126
0.6153757518023467 0.6351603361962126
0.6153757518023467 0.6351603361962126
0.6153757518023467 0.6351603361962126
0.6153757518023467 0.6351603361962126
0.6153757518023467 0.6351603361962126
0.6153757518023467 0.6351603361962126
0.6153757518023467 0.6351603361962126
0.6153757518023467 0.6351603361962126
0.6153757518023467 0.6351603361962126
0.6153757518023467 0.6351603361962126
0.6153757518023467 0.6351603361962126
0.6153757518023467 0.6351603361962126
0.6153757518023467 0.6351603361962126
0.6153757518023467 0.6351603361962126
0.6153757518023467 0.6351603361962126
0.6153757518023467 0.6351603361962126
0.6153757518023467 0.6351603361962126
0.6153757518023467 0.6351603361962126
0.6153757518023467 0.6351603361962126
0.6153757518023467 0.6351603361962126
0.6153757518023467 0.6351603361962126
0.6153757518023467 0.6351603361962126
0.6153757518023467 0.6351603361962126
0.6153757518023467 0.6351603361962126
0.6153757518023467 0.6351603361962126
0.6153757518023467 0.6351603361962126
0.6153757518023467 0.6351603361962126
0.6153757518023467 0.6351603361962126
0.6153757518023467 0.6351603361962126
0.6153757518023467 0.6351603361962126
0.6153757518023467 0.6351603361962126
0.6153757518023467 0.6351603361962126
0.6153757518023467 0.6351603361962126
0.6153757518023467 0.6351603361962126
0.6153757518023467 0.6351603361962126
0.6153757518023467 0.6351603361962126
0.6153757518023467 0.6351603361962126
0.6153757518023467 0.6351603361962126
0.6153757518023467 0.6351603361962126
0.6153757518023467 0.6351603361962126
0.6153757518023467 0.6351603361962126
0.6153757518023467 0.6351603361962126
0.6153757518023467 0.6351603361962126
0.6153757518023467 0.6351603361962126
0.6153757518023467 0.6351603361962126
0.6153757518023467 0.6351603361962126
0.6153757518023467 0.6351603361962126
0.6153757518023467 0.6351603361962126
0.6153757518023467 0.6351603361962126
0.6153757518023467 0.6351603361962126
0.6153757518023467 0.6351603361962126
0.6153757518023467 0.6351603361962126
0.6153757518023467 0.6351603361962126
0.6153757518023467 0.6351603361962126
0.6153757518023467 0.6351603361962126
0.6153757518023467 0.6351603361962126
0.6153757518023467 0.6351603361962126
0.6153757518023467 0.6351603361962126
0.6153757518023467 0.6351603361962126
0.6153757518023467 0.6351603361962126
0.6153757518023467 0.6351603361962126
0.6153757518023467 0.6351603361962126
0.6153757518023467 0.6351603361962126
0.6153757518023467 0.6351603361962126
0.6153757518023467 0.6351603361962126
0.6153757518023467 0.6351603361962126
0.6153757518023467 0.6351603361962126
0.6153757518023467 0.6351603361962126
0.6153757518023467 0.6351603361962126
0.6153757518023467 0.6351603361962126
0.6153757518023467 0.6351603361962126
0.6153757518023467 0.6351603361962126
0.6153757518023467 0.6351603361962126
0.6153757518023467 0.6351603361962126
0.6153757518023467 0.6351603361962126
0.6153757518023467 0.6351603361962126
0.6153757518023467 0.6351603361962126
0.6153757518023467 0.6351603361962126
0.6153757518023467 0.6351603361962126
0.6153757518023467 0.6351603361962126
0.6153757518023467 0.6351603361962126
0.6153757518023467 0.6351603361962126
0.6153757518023467 0.6351603361962126
0.6153757518023467 0.6351603361962126
0.6153757518023467 0.6351603361962126
0.6153757518023467 0.6351603361962126
0.6153757518023467 0.6351603361962126
0.6153757518023467 0.6351603361962126
0.6153757518023467 0.6351603361962126
0.6153757518023467 0.6351603361962126
0.6153757518023467 0.6351603361962126
0.6153757518023467 0.6351603361962126
0.6153757518023467 0.6351603361962126
0.6153757518023467 0.6351603361962126
0.6153757518023467 0.6351603361962126
0.6153757518023467 0.6351603361962126
0.6153757518023467 0.6351603361962126
0.6153757518023467 0.6351603361962126
0.6153757518023467 0.6351603361962126
0.6153757518023467 0.6351603361962126
0.6153757518023467 0.6351603361962126
0.6153757518023467 0.6351603361962126
0.6153757518023467 0.6351603361962126
0.6153757518023467 0.6351603361962126
0.6153757518023467 0.6351603361962126
0.6153757518023467 0.6351603361962126
0.6153757518023467 0.6351603361962126
0.6153757518023467 0.6351603361962126
0.6153757518023467 0.6351603361962126
0.6153757518023467 0.6351603361962126
0.6153757518023467 0.6351603361962126
0.6153757518023467 0.6351603361962126
0.6153757518023467 0.6351603361962126
0.6153757518023467 0.6351603361962126
0.6153757518023467 0.6351603361962126
0.6153757518023467 0.6351603361962126
0.6153757518023467 0.6351603361962126
0.6153757518023467 0.6351603361962126
0.6153757518023467 0.6351603361962126
0.6153757518023467 0.6351603361962126
0.6153757518023467 0.6351603361962126
0.6153757518023467 0.6351603361962126
0.6153757518023467 0.6351603361962126
0.6153757518023467 0.6351603361962126
0.6153757518023467 0.6351603361962126
0.6153757518023467 0.6351603361962126
0.6153757518023467 0.6351603361962126
0.6153757518023467 0.6351603361962126
0.6153757518023467 0.6351603361962126
0.6153757518023467 0.6351603361962126
0.6153757518023467 0.6351603361962126
0.6153757518023467 0.6351603361962126
0.6153757518023467 0.6351603361962126
0.6153757518023467 0.6351603361962126
0.6153757518023467 0.6351603361962126
0.6153757518023467 0.6351603361962126
0.6153757518023467 0.6351603361962126
0.6153757518023467 0.6351603361962126
0.6153757518023467 0.6351603361962126
0.6153757518023467 0.6351603361962126
0.6153757518023467 0.6351603361962126
0.6153757518023467 0.6351603361962126
0.6153757518023467 0.6351603361962126
0.6153757518023467 0.6351603361962126
0.6153757518023467 0.6351603361962126
0.6153757518023467 0.6351603361962126
0.6153757518023467 0.6351603361962126
0.6153757518023467 0.6351603361962126
0.6153757518023467 0.6351603361962126
0.6153757518023467 0.6351603361962126
0.6153757518023467 0.6351603361962126
0.6153757518023467 0.6351603361962126
0.6153757518023467 0.6351603361962126
0.6153757518023467 0.6351603361962126
0.6153757518023467 0.6351603361962126
0.6153757518023467 0.6351603361962126
0.6153757518023467 0.6351603361962126
0.6153757518023467 0.6351603361962126
0.6153757518023467 0.6351603361962126
0.6153757518023467 0.6351603361962126
0.6153757518023467 0.6351603361962126
0.6153757518023467 0.6351603361962126
0.6153757518023467 0.6351603361962126
0.6153757518023467 0.6351603361962126
0.6153757518023467 0.6351603361962126
0.6153757518023467 0.6351603361962126
0.6153757518023467 0.6351603361962126
0.6153757518023467 0.6351603361962126
0.6153757518023467 0.6351603361962126
0.6153757518023467 0.6351603361962126
0.6153757518023467 0.6351603361962126
0.6153757518023467 0.6351603361962126
0.6153757518023467 0.6351603361962126
0.6153757518023467 0.6351603361962126
0.6153757518023467 0.6351603361962126
0.6153757518023467 0.6351603361962126
0.6153757518023467 0.6351603361962126
0.6153757518023467 0.6351603361962126
0.6153757518023467 0.6351603361962126
0.6153757518023467 0.6351603361962126
0.6153757518023467 0.6351603361962126
0.6153757518023467 0.6351603361962126
0.6153757518023467 0.6351603361962126
0.6153757518023467 0.6351603361962126
0.6153757518023467 0.6351603361962126
0.6153757518023467 0.6351603361962126
0.6153757518023467 0.6351603361962126
0.6153757518023467 0.6351603361962126
0.6153757518023467 0.6351603361962126
0.6153757518023467 0.6351603361962126
0.6153757518023467 0.6351603361962126
0.6153757518023467 0.6351603361962126
0.6153757518023467 0.6351603361962126
0.6153757518023467 0.6351603361962126
0.6153757518023467 0.6351603361962126
0.6153757518023467 0.6351603361962126
0.6153757518023467 0.6351603361962126
0.6153757518023467 0.6351603361962126
0.6153757518023467 0.6351603361962126
0.6153757518023467 0.6351603361962126
0.6153757518023467 0.6351603361962126
0.6153757518023467 0.6351603361962126
0.6153757518023467 0.6351603361962126
0.6153757518023467 0.6351603361962126
0.6153757518023467 0.6351603361962126
0.6153757518023467 0.6351603361962126
0.6153757518023467 0.6351603361962126
0.6153757518023467 0.6351603361962126
0.6153757518023467 0.6351603361962126
0.6153757518023467 0.6351603361962126
0.6153757518023467 0.6351603361962126
0.6153757518023467 0.6351603361962126
0.6153757518023467 0.6351603361962126
0.6153757518023467 0.6351603361962126
0.6153757518023467 0.6351603361962126
0.6153757518023467 0.6351603361962126
0.6153757518023467 0.6351603361962126
0.6153757518023467 0.6351603361962126
0.6153757518023467 0.6351603361962126
0.6153757518023467 0.6351603361962126
0.6153757518023467 0.6351603361962126
0.6153757518023467 0.6351603361962126
0.6153757518023467 0.6351603361962126
0.6153757518023467 0.6351603361962126
0.6153757518023467 0.6351603361962126
0.6153757518023467 0.6351603361962126
0.6153757518023467 0.6351603361962126
0.6153757518023467 0.6351603361962126
0.6153757518023467 0.6351603361962126
0.6153757518023467 0.6351603361962126
0.6153757518023467 0.6351603361962126
0.6153757518023467 0.6351603361962126
0.6153757518023467 0.6351603361962126
0.6153757518023467 0.6351603361962126
0.6153757518023467 0.6351603361962126
0.6153757518023467 0.6351603361962126
0.6153757518023467 0.6351603361962126
0.6153757518023467 0.6351603361962126
0.6153757518023467 0.6351603361962126
0.6153757518023467 0.6351603361962126
0.6153757518023467 0.6351603361962126
0.6153757518023467 0.6351603361962126
0.6153757518023467 0.6351603361962126
0.6153757518023467 0.6351603361962126
0.6153757518023467 0.6351603361962126
0.6153757518023467 0.6351603361962126
0.6153757518023467 0.6351603361962126
0.6153757518023467 0.6351603361962126
0.6153757518023467 0.6351603361962126
0.6153757518023467 0.6351603361962126
0.6153757518023467 0.6351603361962126
0.6153757518023467 0.6351603361962126
0.6153757518023467 0.6351603361962126
0.6153757518023467 0.6351603361962126
0.6153757518023467 0.6351603361962126
0.6153757518023467 0.6351603361962126
0.6153757518023467 0.6351603361962126
0.6153757518023467 0.6351603361962126
0.6153757518023467 0.6351603361962126
0.6153757518023467 0.6351603361962126
0.6153757518023467 0.6351603361962126
0.6153757518023467 0.6351603361962126
0.6153757518023467 0.6351603361962126
0.6153757518023467 0.6351603361962126
0.6153757518023467 0.6351603361962126
0.6153757518023467 0.6351603361962126
0.6153757518023467 0.6351603361962126
0.6153757518023467 0.6351603361962126
0.6153757518023467 0.6351603361962126
0.6153757518023467 0.6351603361962126
0.6153757518023467 0.6351603361962126
0.6153757518023467 0.6351603361962126
0.6153757518023467 0.6351603361962126
0.6153757518023467 0.6351603361962126
0.6153757518023467 0.6351603361962126
0.6153757518023467 0.6351603361962126
0.6153757518023467 0.6351603361962126
0.6153757518023467 0.6351603361962126
0.6153757518023467 0.6351603361962126
0.6153757518023467 0.6351603361962126
0.6153757518023467 0.6351603361962126
0.6153757518023467 0.6351603361962126
0.6153757518023467 0.6351603361962126
0.6153757518023467 0.6351603361962126
0.6153757518023467 0.6351603361962126
0.6153757518023467 0.6351603361962126
0.6153757518023467 0.6351603361962126
0.6153757518023467 0.6351603361962126
0.6153757518023467 0.6351603361962126
0.6153757518023467 0.6351603361962126
0.6153757518023467 0.6351603361962126
0.6153757518023467 0.6351603361962126
0.6153757518023467 0.6351603361962126
0.6153757518023467 0.6351603361962126
0.6153757518023467 0.6351603361962126
0.6153757518023467 0.6351603361962126
0.6153757518023467 0.6351603361962126
0.6153757518023467 0.6351603361962126
0.6153757518023467 0.6351603361962126
0.6153757518023467 0.6351603361962126
0.6153757518023467 0.6351603361962126
0.6153757518023467 0.6351603361962126
0.6153757518023467 0.6351603361962126
0.6153757518023467 0.6351603361962126
0.6153757518023467 0.6351603361962126
0.6153757518023467 0.6351603361962126
0.6153757518023467 0.6351603361962126
0.6153757518023467 0.6351603361962126
0.6153757518023467 0.6351603361962126
0.6153757518023467 0.6351603361962126
0.6153757518023467 0.6351603361962126
0.6153757518023467 0.6351603361962126
0.6153757518023467 0.6351603361962126
0.6153757518023467 0.6351603361962126
0.6153757518023467 0.6351603361962126
0.6153757518023467 0.6351603361962126
0.6153757518023467 0.6351603361962126
0.6153757518023467 0.6351603361962126
0.6153757518023467 0.6351603361962126
0.6153757518023467 0.6351603361962126
0.6153757518023467 0.6351603361962126
0.6153757518023467 0.6351603361962126
0.6153757518023467 0.6351603361962126
0.6153757518023467 0.6351603361962126
0.6153757518023467 0.6351603361962126
0.6153757518023467 0.6351603361962126
0.6153757518023467 0.6351603361962126
0.6153757518023467 0.6351603361962126
0.6153757518023467 0.6351603361962126
0.6153757518023467 0.6351603361962126
0.6153757518023467 0.6351603361962126
0.6153757518023467 0.6351603361962126
0.6153757518023467 0.6351603361962126
0.6153757518023467 0.6351603361962126
0.6153757518023467 0.6351603361962126
0.6153757518023467 0.6351603361962126
0.6153757518023467 0.6351603361962126
0.6153757518023467 0.6351603361962126
0.6153757518023467 0.6351603361962126
0.6153757518023467 0.6351603361962126
0.6153757518023467 0.6351603361962126
0.6153757518023467 0.6351603361962126
0.6153757518023467 0.6351603361962126
0.6153757518023467 0.6351603361962126
0.6153757518023467 0.6351603361962126
0.6153757518023467 0.6351603361962126
0.6153757518023467 0.6351603361962126
0.6153757518023467 0.6351603361962126
0.6153757518023467 0.6351603361962126
0.6153757518023467 0.6351603361962126
0.6153757518023467 0.6351603361962126
0.6153757518023467 0.6351603361962126
0.6153757518023467 0.6351603361962126
0.6153757518023467 0.6351603361962126
0.6153757518023467 0.6351603361962126
0.6153757518023467 0.6351603361962126
0.6153757518023467 0.6351603361962126
0.6153757518023467 0.6351603361962126
0.6153757518023467 0.6351603361962126
0.6153757518023467 0.6351603361962126
0.6153757518023467 0.6351603361962126
0.6153757518023467 0.6351603361962126
0.6153757518023467 0.6351603361962126
0.6153757518023467 0.6351603361962126
0.6153757518023467 0.6351603361962126
0.6153757518023467 0.6351603361962126
0.6153757518023467 0.6351603361962126
0.6153757518023467 0.6351603361962126
0.6153757518023467 0.6351603361962126
0.6153757518023467 0.6351603361962126
0.6153757518023467 0.6351603361962126
0.6153757518023467 0.6351603361962126
0.6153757518023467 0.6351603361962126
0.6153757518023467 0.6351603361962126
0.6153757518023467 0.6351603361962126
0.6153757518023467 0.6351603361962126
0.6153757518023467 0.6351603361962126
0.6153757518023467 0.6351603361962126
0.6153757518023467 0.6351603361962126
0.6153757518023467 0.6351603361962126
0.6153757518023467 0.6351603361962126
0.6153757518023467 0.6351603361962126
0.6153757518023467 0.6351603361962126
0.6153757518023467 0.6351603361962126
0.6153757518023467 0.6351603361962126
0.6153757518023467 0.6351603361962126
0.6153757518023467 0.6351603361962126
0.6153757518023467 0.6351603361962126
0.6153757518023467 0.6351603361962126
0.6153757518023467 0.6351603361962126
0.6153757518023467 0.6351603361962126
0.6153757518023467 0.6351603361962126
0.6153757518023467 0.6351603361962126
0.6153757518023467 0.6351603361962126
0.6153757518023467 0.6351603361962126
0.6153757518023467 0.6351603361962126
0.6153757518023467 0.6351603361962126
0.6153757518023467 0.6351603361962126
0.6153757518023467 0.6351603361962126
0.6153757518023467 0.6351603361962126
0.6153757518023467 0.6351603361962126
0.6153757518023467 0.6351603361962126
0.6153757518023467 0.6351603361962126
0.6153757518023467 0.6351603361962126
0.6153757518023467 0.6351603361962126
0.6153757518023467 0.6351603361962126
0.6153757518023467 0.6351603361962126
0.6153757518023467 0.6351603361962126
0.6153757518023467 0.6351603361962126
0.6153757518023467 0.6351603361962126
0.6153757518023467 0.6351603361962126
0.6153757518023467 0.6351603361962126
0.6153757518023467 0.6351603361962126
0.6153757518023467 0.6351603361962126
0.6153757518023467 0.6351603361962126
0.6153757518023467 0.6351603361962126
0.6153757518023467 0.6351603361962126
0.6153757518023467 0.6351603361962126
0.6153757518023467 0.6351603361962126
0.6153757518023467 0.6351603361962126
0.6153757518023467 0.6351603361962126
0.6153757518023467 0.6351603361962126
0.6153757518023467 0.6351603361962126
0.6153757518023467 0.6351603361962126
0.6153757518023467 0.6351603361962126
0.6153757518023467 0.6351603361962126
0.6153757518023467 0.6351603361962126
0.6153757518023467 0.6351603361962126
0.6153757518023467 0.6351603361962126
0.6153757518023467 0.6351603361962126
0.6153757518023467 0.6351603361962126
0.6153757518023467 0.6351603361962126
0.6153757518023467 0.6351603361962126
0.6153757518023467 0.6351603361962126
0.6153757518023467 0.6351603361962126
0.6153757518023467 0.6351603361962126
0.6153757518023467 0.6351603361962126
0.6153757518023467 0.6351603361962126
0.6153757518023467 0.6351603361962126
0.6153757518023467 0.6351603361962126
0.6153757518023467 0.6351603361962126
0.6153757518023467 0.6351603361962126
0.6153757518023467 0.6351603361962126
0.6153757518023467 0.6351603361962126
0.6153757518023467 0.6351603361962126
0.6153757518023467 0.6351603361962126
0.6153757518023467 0.6351603361962126
0.6153757518023467 0.6351603361962126
0.6153757518023467 0.6351603361962126
0.6153757518023467 0.6351603361962126
0.6153757518023467 0.6351603361962126
0.6153757518023467 0.6351603361962126
0.6153757518023467 0.6351603361962126
0.6153757518023467 0.6351603361962126
0.6153757518023467 0.6351603361962126
0.6153757518023467 0.6351603361962126
0.6153757518023467 0.6351603361962126
0.6153757518023467 0.6351603361962126
0.6153757518023467 0.6351603361962126
0.6153757518023467 0.6351603361962126
0.6153757518023467 0.6351603361962126
0.6153757518023467 0.6351603361962126
0.6153757518023467 0.6351603361962126
0.6153757518023467 0.6351603361962126
0.6153757518023467 0.6351603361962126
0.6153757518023467 0.6351603361962126
0.6153757518023467 0.6351603361962126
0.6153757518023467 0.6351603361962126
0.6153757518023467 0.6351603361962126
0.6153757518023467 0.6351603361962126
0.6153757518023467 0.6351603361962126
0.6153757518023467 0.6351603361962126
0.6153757518023467 0.6351603361962126
0.6153757518023467 0.6351603361962126
0.6153757518023467 0.6351603361962126
0.6153757518023467 0.6351603361962126
0.6153757518023467 0.6351603361962126
0.6153757518023467 0.6351603361962126
0.6153757518023467 0.6351603361962126
0.6153757518023467 0.6351603361962126
0.6153757518023467 0.6351603361962126
0.6153757518023467 0.6351603361962126
0.6153757518023467 0.6351603361962126
0.6153757518023467 0.6351603361962126
0.6153757518023467 0.6351603361962126
0.6153757518023467 0.6351603361962126
0.6153757518023467 0.6351603361962126
0.6153757518023467 0.6351603361962126
0.6153757518023467 0.6351603361962126
0.6153757518023467 0.6351603361962126
0.6153757518023467 0.6351603361962126
0.6153757518023467 0.6351603361962126
0.6153757518023467 0.6351603361962126
0.6153757518023467 0.6351603361962126
0.6153757518023467 0.6351603361962126
0.6153757518023467 0.6351603361962126
0.6153757518023467 0.6351603361962126
0.6153757518023467 0.6351603361962126
0.6153757518023467 0.6351603361962126
0.6153757518023467 0.6351603361962126
0.6153757518023467 0.6351603361962126
0.6153757518023467 0.6351603361962126
0.6153757518023467 0.6351603361962126
0.6153757518023467 0.6351603361962126
0.6153757518023467 0.6351603361962126
0.6153757518023467 0.6351603361962126
0.6153757518023467 0.6351603361962126
0.6153757518023467 0.6351603361962126
0.6153757518023467 0.6351603361962126
0.6153757518023467 0.6351603361962126
0.6153757518023467 0.6351603361962126
0.6153757518023467 0.6351603361962126
0.6153757518023467 0.6351603361962126
0.6153757518023467 0.6351603361962126
0.6153757518023467 0.6351603361962126
0.6153757518023467 0.6351603361962126
0.6153757518023467 0.6351603361962126
0.6153757518023467 0.6351603361962126
0.6153757518023467 0.6351603361962126
0.6153757518023467 0.6351603361962126
0.6153757518023467 0.6351603361962126
0.6153757518023467 0.6351603361962126
0.6153757518023467 0.6351603361962126
0.6153757518023467 0.6351603361962126
0.6153757518023467 0.6351603361962126
0.6153757518023467 0.6351603361962126
0.6153757518023467 0.6351603361962126
0.6153757518023467 0.6351603361962126
0.6153757518023467 0.6351603361962126
0.6153757518023467 0.6351603361962126
0.6153757518023467 0.6351603361962126
0.6153757518023467 0.6351603361962126
0.6153757518023467 0.6351603361962126
0.6153757518023467 0.6351603361962126
0.6153757518023467 0.6351603361962126
0.6153757518023467 0.6351603361962126
0.6153757518023467 0.6351603361962126
0.6153757518023467 0.6351603361962126
0.6153757518023467 0.6351603361962126
0.6153757518023467 0.6351603361962126
0.6153757518023467 0.6351603361962126
0.6153757518023467 0.6351603361962126
0.6153757518023467 0.6351603361962126
0.6153757518023467 0.6351603361962126
0.6153757518023467 0.6351603361962126
0.6153757518023467 0.6351603361962126
0.6153757518023467 0.6351603361962126
0.6153757518023467 0.6351603361962126
0.6153757518023467 0.6351603361962126
0.6153757518023467 0.6351603361962126
0.6153757518023467 0.6351603361962126
0.6153757518023467 0.6351603361962126
0.6153757518023467 0.6351603361962126
0.6153757518023467 0.6351603361962126
0.6153757518023467 0.6351603361962126
0.6153757518023467 0.6351603361962126
0.6153757518023467 0.6351603361962126
0.6153757518023467 0.6351603361962126
0.6153757518023467 0.6351603361962126
0.6153757518023467 0.6351603361962126
0.6153757518023467 0.6351603361962126
0.6153757518023467 0.6351603361962126
0.6153757518023467 0.6351603361962126
0.6153757518023467 0.6351603361962126
0.6153757518023467 0.6351603361962126
0.6153757518023467 0.6351603361962126
0.6153757518023467 0.6351603361962126
0.6153757518023467 0.6351603361962126
0.6153757518023467 0.6351603361962126
0.6153757518023467 0.6351603361962126
0.6153757518023467 0.6351603361962126
0.6153757518023467 0.6351603361962126
0.6153757518023467 0.6351603361962126
0.6153757518023467 0.6351603361962126
0.6153757518023467 0.6351603361962126
0.6153757518023467 0.6351603361962126
0.6153757518023467 0.6351603361962126
0.6153757518023467 0.6351603361962126
0.6153757518023467 0.6351603361962126
0.6153757518023467 0.6351603361962126
0.6153757518023467 0.6351603361962126
0.6153757518023467 0.6351603361962126
0.6153757518023467 0.6351603361962126
0.6153757518023467 0.6351603361962126
0.6153757518023467 0.6351603361962126
0.6153757518023467 0.6351603361962126
0.6153757518023467 0.6351603361962126
0.6153757518023467 0.6351603361962126
0.6153757518023467 0.6351603361962126
0.6153757518023467 0.6351603361962126
0.6153757518023467 0.6351603361962126
0.6153757518023467 0.6351603361962126
0.6153757518023467 0.6351603361962126
0.6153757518023467 0.6351603361962126
0.6153757518023467 0.6351603361962126
0.6153757518023467 0.6351603361962126
0.6153757518023467 0.6351603361962126
0.6153757518023467 0.6351603361962126
0.6153757518023467 0.6351603361962126
0.6153757518023467 0.6351603361962126
0.6181898120084045 0.6361828899384132
0.6213347832339762 0.6371604100124101
0.6248493333931628 0.6380383903855312
0.6287712583758045 0.6387419959484768
0.6331330356137502 0.6391687307084155
0.6379533336131038 0.6391855031906895
0.6432261129999598 0.6386322887678988
0.6489114112059857 0.6373354509331705
0.6549350878895963 0.635131433753406
0.6612031883495497 0.6318915028291743
0.667625461157833 0.6275317360608262
0.6741351225456709 0.622004719987643
0.6806968449574557 0.6152815615182838
0.6873034630470505 0.6073340571422489
0.6939696707680438 0.5981243126960558
0.7007254731802041 0.5875992920507151
0.7076122136659656 0.5756892048817421
0.7146804722510559 0.5623072670379624
0.7219901763530073 0.5473502702107302
0.729611220366969 0.5306988018644507
0.7376257171393413 0.5122177231218271
0.746131378001821 0.491756632173597
0.7552454145334502 0.4691501721529003
0.7651101410709805 0.4442188089267519
0.7654146995221549 0.44344494320887634
0.7840988238262029 0.3959978091582908
0.8013876928866746 0.35298495371288674
0.8176232125907246 0.31409494754719514
0.8329693452528671 0.2789911659766983
0.8475058940090557 0.24734112693410049
0.861272123773162 0.2188279949938686
0.8742886265280915 0.19315525599060904
0.8865687438638727 0.17004842070542475
0.898124632889688 0.14925532894242977
0.9089702007611657 0.13054561356338842
0.9191225948298504 0.11370987618032523
0.928601955065791 0.09855814821297483
0.937431933811405 0.08491899756768827
0.9456387109495036 0.07263783487888141
0.9532507558831309 0.06157575237939328
0.960297794187051 0.05160788139470409
0.9668105902771749 0.042622333963276325
0.9728202310283811 0.03451883666167966
0.9783576631778652 0.02720756492395171
0.9834536241419044 0.02060831149424119
0.9881376033166459 0.014648941984900537
0.9924385722081912 0.009265249647242891
0.9963838884692031 0.00439942723310641
1.0 0.0
