# CURVE 2D, normalized by CHORD
# COLUMN#1 = X-coordinate, COLUMN#2 = Y-coordinate
#-------------------------------------------------------------------------------
0.0 0.0
0.008024015255909504 0.003228174901690315
0.014413000912787808 0.00907240871197908
0.018946431513381767 0.01647465215909974
0.018972919576779733 0.016530584574365837
0.02243936165167112 0.02600608512999747
0.024592323725763702 0.035854153963926313
0.025848525230447488 0.04584275231504267
0.02646157533457293 0.05587648285083299
0.03178726687444887 0.2084967390426038
0.03133774868260472 0.19561473468909713
0.03089525981348126 0.1829341721627134
0.03045969034632598 0.17045190142494918
0.03003093207926774 0.15816482169590199
0.029608878502437836 0.1460698806839909
0.029193424771511354 0.13416407382772227
0.02878446768166232 0.12244444354931255
0.028381905641926095 0.11090807851998229
0.02798563864996267 0.0995521129367392
0.027595568267214633 0.08837372581047054
0.027211597594453574 0.07737014026516781
0.026833631247708867 0.06653862284810985
0.02646157533457293 0.05587648285083299
0.03178726687444887 0.2084967390426038
0.03223678506629302 0.22137874339611047
0.03267927393541648 0.2340593059224942
0.03311484340257176 0.2465415766602584
0.03354360166963 0.2588286563893056
0.033965655246459905 0.2709235974012167
0.03438110897738639 0.2828294042574853
0.03479006606723542 0.29454903453589504
0.03519262810697164 0.3060853995652253
0.03558889509893507 0.3174413651484684
0.035978965481683105 0.32861975227473705
0.03636293615444417 0.3396233378200398
0.036740902501188874 0.35045485523709774
0.03711295841432481 0.36111699523437457
0.03711295841432481 0.36111699523437457
0.03751476448850441 0.3753809145984147
0.03788806654925444 0.3897220969553461
0.0383497742282024 0.4041375307499947
0.03896498219932315 0.41862448606276703
0.03978860698256048 0.43317879747046695
0.040879279791430786 0.44779372469897394
0.04230888668795644 0.4624581016788152
0.04417388152771819 0.47715275042215244
0.04421045262903704 0.477405241170452
0.046398138045035724 0.49069638682525984
0.049186043913367505 0.5038115549370084
0.05280059414730465 0.5166584512270934
0.057632822010142755 0.5290282703694633
0.06441326179872223 0.5403548082836577
0.07433782338894383 0.5488417521684354
0.08709469994930312 0.5508083751431843
0.39276542111152746 0.5082725130814667
0.3565860724979115 0.5133070802662473
0.3209815155942046 0.5182616618351537
0.28594261851930797 0.5231375285426539
0.2514603944729421 0.5279359309543754
0.2175259994307066 0.5326580997678495
0.18413072987575868 0.537305246128162
0.15126602056652905 0.5418785619385891
0.1189234423399031 0.5463792201662966
0.08709469994930313 0.5508083751431843
0.39276542111152746 0.5082725130814667
0.4289447697251434 0.5032379458966861
0.4645493266288503 0.4982833643277798
0.499588223703747 0.49340749762027947
0.5340704477501128 0.488609095208558
0.5680048427923483 0.483886926395084
0.6014001123472963 0.47923978003477147
0.6342648216565259 0.47466646422434444
0.6666073998831519 0.4701658059966369
0.6984361422737518 0.46573665101974926
0.6984361422737518 0.46573665101974926
0.7167377333428937 0.45999958683126446
0.7334079110289919 0.4500993302129589
0.7486920252188549 0.4378856687311599
0.7629373309263728 0.42423114105702625
0.7763993278495472 0.4095772518167011
0.78925519447699 0.3941713749944417
0.8016290264743802 0.3781636462666261
0.8136105827508798 0.3616515370615431
0.8252661594271796 0.3447012292354037
0.8366462785025638 0.3273596678422645
0.8477898834278312 0.3096609414743223
0.8587274250563249 0.2916303553007905
0.8694830354673112 0.2732870443760147
0.8698280783547503 0.27268874828625017
0.8811047468626088 0.25280475719296314
0.8920231670755565 0.23294963804539076
0.9026093227986258 0.21313978462909575
0.9128839032212436 0.19338770310538003
0.9228632684876542 0.17370289904489106
0.9325600130821434 0.15409244110521195
0.9419831941922927 0.13456129097760391
0.9511382792715561 0.1151124645358827
0.9600267878847721 0.09574704230828171
0.968645384108574 0.07646395084951223
0.9769840743876478 0.05725941829579439
0.9850223393655281 0.03812571075135237
0.9927209128666814 0.01904848814110266
1.0 0.0
