# CURVE 2D, normalized by CHORD
# COLUMN#1 = X-coordinate, COLUMN#2 = Y-coordinate
#-------------------------------------------------------------------------------
0.0 0.0
0.014833599199613797 5.374342154670577e-05
0.029755219708930986 0.00012123599770096691
0.04476535990036212 0.0002047707469992784
0.05986450987412933 0.00030729978963805153
0.07505314436258392 0.00043274383054142776
0.09033170958708066 0.0005865008284508577
0.10570059665728955 0.0007763744177283665
0.12116008181395253 0.0010144098722083897
0.13671016953723858 0.0013210695075420846
0.1368927814105332 0.001325194465452597
0.14608524130175457 0.0015532828792064342
0.15525762997671919 0.0018322214134820528
0.16440858799131916 0.00219089523206452
0.17353336028563474 0.0027044285734215702
0.18242926142135407 0.004120832952601907
0.18481253318218152 0.2103600015198454
0.18459613853070836 0.19163404095766023
0.18438315080167456 0.17320290235527672
0.18417351635641377 0.15506194402888407
0.18396718240074808 0.1372065973734498
0.18376409697169233 0.11963236571216557
0.18356420892436784 0.10233482316400751
0.183367467919122 0.08530961352912589
0.18317382440885102 0.06855244919178294
0.1829832296265217 0.05205911004056313
0.18279563557289027 0.03582544240558344
0.1826109950044141 0.01984735801243634
0.18242926142135407 0.004120832952601905
0.18481253318218152 0.2103600015198454
0.18502892783365468 0.22908596208203058
0.1852419155626885 0.2475171006844141
0.18545155000794927 0.26565805901080675
0.18565788396361496 0.283513405666241
0.18586096939267072 0.30108763732752525
0.1860608574399952 0.3183851798756833
0.18625759844524103 0.3354103895105649
0.18645124195551202 0.3521675538479079
0.18664183673784135 0.3686608929991277
0.18682943079147277 0.3848945606341074
0.18701407135994894 0.4008726450272545
0.18719580494300897 0.4165991700870889
0.18719580494300897 0.4165991700870889
0.18743507798275838 0.42888234686172644
0.18794390870795527 0.4412101692241481
0.18888680173232023 0.4535652128617862
0.19054241058660376 0.4658972844678917
0.19338167897920958 0.4780617241635372
0.19809951284443783 0.48967363805969083
0.20526005970534408 0.5000140876189452
0.20534335905805376 0.5001080985099225
0.2151104025384165 0.5089728545931089
0.2261132297908807 0.5161673313165209
0.23763349177344578 0.5223893402554609
0.24933571702448287 0.5281337365875215
0.2610689507294388 0.5336803803272467
0.27276034172592367 0.5391799948770873
0.28437217093275713 0.544712830450063
0.5064654234311848 0.6516001125963025
0.48462852925672273 0.6410906250609266
0.46313681778378235 0.6307472643231662
0.44198483260008825 0.6205674043641222
0.4211672035446018 0.6105484606752081
0.4006786453441207 0.600687889601983
0.3805139562714296 0.5909831876983572
0.36066801682466265 0.5814318910910063
0.34113578842754144 0.5720315748538317
0.32191231215015803 0.5627798523923095
0.30299270744998025 0.5536743748375714
0.28437217093275713 0.544712830450063
0.5064654234311848 0.6516001125963025
0.5283023176056469 0.6621096001316783
0.5497940290785873 0.6724529608694387
0.5709460142622814 0.6826328208284828
0.5917636433177679 0.6926517645173969
0.612252201518249 0.7025123355906219
0.6324168905909401 0.7122170374942477
0.652262830037707 0.7217683341015986
0.6717950584348282 0.7311686503387732
0.6910185347122116 0.7404203728002954
0.7099381394123894 0.7495258503550335
0.7285586759296125 0.7584873947425419
0.7285586759296125 0.7584873947425419
0.7487005404068892 0.7652489822666961
0.7701041340224949 0.7658266792325196
0.7908087286150423 0.7595962448257406
0.8093601767392411 0.748034983028345
0.8255728316656015 0.7330370636378434
0.8398138509066654 0.715874003774007
0.8524915672373847 0.6972689867924763
0.86392931322736 0.677632276417771
0.8743662433110411 0.6572075959761032
0.8839780413805584 0.6361472409197259
0.8928956041654154 0.6145509589405338
0.9012180522751646 0.5924866305579103
0.9090218081927526 0.5700019834084977
0.9163664606947116 0.5471313861091459
0.923299551677141 0.5239002625636753
0.9235782854140433 0.52293101977501
0.9317157261075805 0.4933525588122906
0.9391646235877321 0.4639334577758652
0.9460040308718763 0.4347018563456582
0.9522964953441477 0.4056780156205702
0.9580924542923375 0.37687677673386955
0.9634325237581 0.3483090078715983
0.9683499962750983 0.31998276114380475
0.9728719240198954 0.29190393486933197
0.9770202483981297 0.26407681595205196
0.9808125390501485 0.23650446095607194
0.9842625415327855 0.20918898583595794
0.9873803874127794 0.1821317711671381
0.9901728031383336 0.15533364726078014
0.9926431045253158 0.12879504382828277
0.9947910460698246 0.1025161288910943
0.996612500509448 0.07649694973910054
0.9980986196273506 0.05073757569657869
0.9992350583258895 0.025238317372127114
1.0 0.0
