# CURVE 2D, normalized by CHORD
# COLUMN#1 = X-coordinate, COLUMN#2 = Y-coordinate
#-------------------------------------------------------------------------------
0.0 0.0
0.01470564634043573 9.087287749303552e-05
0.029503972571038924 0.0001860892630981687
0.04439555827993748 0.0002862281874678786
0.05938098524370624 0.00039201273155761875
0.07446083674948636 0.0005043678136376802
0.0896356964800861 0.0006245078825965273
0.104906146516708 0.0007540852301888175
0.12027276359051058 0.0008954468368650489
0.13573611119490153 0.0010521361758427596
0.1512967208615069 0.0012299719181220862
0.1514988305241055 0.0012324521192764023
0.16163613776656116 0.0013640474847330148
0.17174918027282562 0.0015133719233652477
0.1818378083049999 0.00169049887755943
0.19190141744304395 0.0019214767911625947
0.2019075529360201 0.0024777209531618607
0.20921042977327556 0.14193243249858786
0.20863380336307077 0.1309212554656742
0.2080661756713848 0.12008191669914339
0.20750740626598363 0.10941173452475605
0.2069573569061911 0.09890806911795443
0.20641589150868792 0.08856832185076441
0.2058828761138443 0.07838993464888974
0.20535817885257818 0.06837038935883927
0.20484166991373046 0.05850720712493068
0.20433322151194955 0.048797947776016676
0.2038327078560769 0.03924020922178165
0.20334000511802613 0.02983162685845972
0.2028549914021476 0.020569872983827064
0.20237754671507127 0.011452656221323604
0.2019075529360201 0.0024777209531618716
0.20921042977327556 0.14193243249858786
0.20978705618348034 0.15294360953150152
0.21035468387516632 0.16378294829803233
0.2109134532805675 0.17445313047241967
0.21146350264036 0.18495679587922131
0.2120049680378632 0.19529654314641132
0.21253798343270683 0.205474930348286
0.21306268069397294 0.21549447563833646
0.21357918963282066 0.22535765787224504
0.21408763803460157 0.23506691722115908
0.2145881516904742 0.2446246557753941
0.21508085442852498 0.25403323813871603
0.2155658681444035 0.2632949920133487
0.21604331283147984 0.27241220877585215
0.216513306610531 0.2813871440440139
0.216513306610531 0.2813871440440139
0.21698094704218057 0.29043720483691965
0.21763534654641029 0.2994763189805487
0.22239460207710443 0.30481575481758655
0.22242433797074393 0.30480301853754904
0.23108572948338854 0.30028254423590456
0.2401168391493118 0.29660745167172725
0.24954490621556685 0.2941742948495169
0.25918088197927835 0.29286431027921417
0.5177983549077432 0.2713241151220248
0.49004101292622787 0.27363601832236295
0.4627229486887834 0.2759113341713967
0.43583721034329925 0.27815064168743237
0.4093769560551845 0.2803545107254401
0.3833354522662697 0.2825235021220696
0.35770607198126336 0.2846581678383709
0.33248229308132593 0.286759051100256
0.3076576966643324 0.2888266865367387
0.28322596541140216 0.2908616003159855
0.25918088197927835 0.29286431027921417
0.5177983549077432 0.2713241151220248
0.5455556968892585 0.2690122119216867
0.572873761126703 0.2667368960726529
0.5997594994721871 0.26449758855661726
0.6262197537603019 0.2622937195186095
0.6522612575492167 0.26012472812197995
0.6778906378342231 0.25799006240567873
0.7031144167341605 0.25588917914379355
0.7279390131511541 0.25382154370731086
0.7523707444040844 0.25178662992806405
0.7764158278362081 0.2497839199648354
0.7764158278362081 0.2497839199648354
0.7927313883181335 0.24603524230648727
0.80783750517195 0.23850371052004182
0.8215985765659628 0.22850660289535693
0.8342250589317944 0.21692815385803219
0.8459676071889535 0.2042905028007844
0.8570370487657601 0.1909048833331425
0.8675992420176868 0.1769661618590408
0.8777857366208998 0.16260413151720113
0.8877045578743684 0.14791110903696075
0.8974490303681534 0.13295776100836798
0.8976729958132279 0.13260937614924007
0.9070297212827861 0.11792200736430508
0.9162594232997295 0.10329139971871212
0.925442264071403 0.08876747303826621
0.9346636066853578 0.07440385048947935
0.9440222897846674 0.06026565718237276
0.9536429605708816 0.04644221955006755
0.9636974436435425 0.033072200353147944
0.974445218818503 0.020401712217381757
0.9863127909915657 0.008943667677266882
1.0 0.0
