# CURVE 2D, normalized by CHORD
# COLUMN#1 = X-coordinate, COLUMN#2 = Y-coordinate
#-------------------------------------------------------------------------------
0.0 0.0
0.007978528928239444 0.00863754783105837
0.015967989996150626 0.01733151498124416
0.02396406309294539 0.026086019814862322
0.03196082219716692 0.03490656560536347
0.03994978538926456 0.04380083372017044
0.047918094310945875 0.05278018022283776
0.05584460550984127 0.06186278367045978
0.05592391231268716 0.06195464161113881
0.062086962335883566 0.06917283512377072
0.06813491237471872 0.07647081558175094
0.07398011906426374 0.08391520709679995
0.07922749604303984 0.09176608273835206
0.12889738440907977 0.18890267267099636
0.12521135934608826 0.18169412204195856
0.12158253629265312 0.17459743814603376
0.11801002755272194 0.16761088496628582
0.11449295920605705 0.16073275342635968
0.11103047089445384 0.15396136097240093
0.1076217156112767 0.14729505116146324
0.10426585949426131 0.14073219325630323
0.10096208162153203 0.1342711818264635
0.09770957381078506 0.1279104363555463
0.09450754042158785 0.12164840085458181
0.09135519816074664 0.1154835434813964
0.08825177589069441 0.10941435616588777
0.08519651444085233 0.10343935424111522
0.08218866642191872 0.0975570760801151
0.07922749604303984 0.09176608273835206
0.12889738440907977 0.18890267267099636
0.13258340947207128 0.19611122330003417
0.13621223252550643 0.20320790719595896
0.1397847412654376 0.2101944603757069
0.14330180961210248 0.21707259191563305
0.1467642979237057 0.2238439843695918
0.15017305320688284 0.23051029418052948
0.15352890932389823 0.2370731520856895
0.15683268719662752 0.24353416351552923
0.1600851950073745 0.24989490898644642
0.1632872283965717 0.2561569444874109
0.1664395706574129 0.2623218018605963
0.16954299292746516 0.26839098917610493
0.17259825437730722 0.2743659911008775
0.17560610239624083 0.2802482692618776
0.17856727277511972 0.28603926260364065
0.17856727277511972 0.28603926260364065
0.18374193551070211 0.29755805266027646
0.1879961496516433 0.30950200887468055
0.19164456582224035 0.32169727934094255
0.1949920121558949 0.33403012541951393
0.19834586015019898 0.3464122759008455
0.20204421253143395 0.35874665146810225
0.20208994658092094 0.3588868071608264
0.20601528605635863 0.3697176026665273
0.2108589579576714 0.38012261620513105
0.2169962205118344 0.3897671314354154
0.22472114623823805 0.39812949994585756
0.23401671006016642 0.40462596841103204
0.24446076357502472 0.4089534980801405
0.44372699077220723 0.4690136197868802
0.4256338420001839 0.46356022844911704
0.4078256100968016 0.4581927128869309
0.39029780841227607 0.452909720795238
0.37304602094910255 0.4477099211640055
0.3560659012494788 0.44259200394291387
0.3393531713002476 0.4375546797112997
0.32290362045508375 0.43259667935329565
0.3067131043736534 0.42771675373808643
0.2907775439774787 0.4229136734051996
0.2750929244222448 0.4181862282547522
0.25965529408629007 0.41353322724257563
0.24446076357502472 0.4089534980801405
0.44372699077220723 0.4690136197868802
0.46182013954423057 0.4744670111246434
0.47962837144761283 0.4798345266868295
0.4971561731321384 0.48511751877852244
0.5144079605953119 0.49031731840975495
0.5313880802949357 0.49543523563084657
0.5481008102441669 0.5004725598624608
0.5645503610893308 0.5054305602204647
0.5807408771707612 0.5103104858356741
0.5966764375669358 0.5151135661685609
0.6123610571221697 0.5198410113190082
0.6277986874581245 0.5244940123311848
0.6429932179693898 0.52907374149362
0.6429932179693898 0.52907374149362
0.6644142212500477 0.5266263352768767
0.6830251388006165 0.5145687809096456
0.6993265713146573 0.4991536603448332
0.7142557370886132 0.48211230889223466
0.7283017857384966 0.46406223360037746
0.741739112588672 0.4452885146653967
0.7547369200131682 0.42594555501336234
0.7674080601139918 0.40612653282604866
0.7798322790890154 0.3858919786986687
0.7920687190961516 0.36528349826213147
0.8041630410846617 0.34433097629011383
0.816151945552058 0.3230567779069091
0.8280659591464603 0.3014782230670173
0.8399313527578167 0.2796091912606857
0.8517716391628095 0.2574612754707873
0.8522245134359221 0.25660837802485376
0.862907982378177 0.23637862364683923
0.8734233673842594 0.21628661759671744
0.8837896137283993 0.19634058326602924
0.8940251446101909 0.17654829729270657
0.9041487105816184 0.1569175890080007
0.9141804108505955 0.13745692322987454
0.9241431427555972 0.11817621611688818
0.934064871101402 0.09908811939229786
0.9439826017989428 0.08021031091608205
0.9539502046039801 0.06157013785648908
0.9640566956671776 0.04321589883586957
0.9744781267128689 0.025250932538309748
0.9857050549785913 0.008000575528379805
1.0 0.0
