# CURVE 2D, normalized by CHORD
# COLUMN#1 = X-coordinate, COLUMN#2 = Y-coordinate
#-------------------------------------------------------------------------------
0.0 0.0
0.016459306300386153 0.001939163270735071
0.03302119952267732 0.00401077461592323
0.0496835520809184 0.006230790232009837
0.06644339866313337 0.008618499407547138
0.08329660987295931 0.011197517542653272
0.10023738062019129 0.013997301569071554
0.11725741645047104 0.017055391736420972
0.13434459304210788 0.020420797816189877
0.15148057772884257 0.024159592303596496
0.16863638263972844 0.028364325543659485
0.185763224952402 0.0331713480562702
0.18601676980069198 0.03324815995470521
0.1974923801850961 0.036937292810573674
0.2087669082323938 0.041057186305361856
0.21976384263336798 0.04574166855782376
0.23033874002527113 0.05120221744127581
0.24018127879962384 0.05779407034539598
0.24851106715436475 0.0661150889785172
0.25329130344173123 0.07673508653657723
0.26580719855237256 0.15143470668997516
0.2649306993400109 0.14620342617432905
0.2640676896805101 0.1410526564384422
0.263217961966112 0.13598115840028907
0.26238131178419666 0.1309877120476416
0.26155753786810765 0.12607111614458003
0.2607464420487353 0.12123018794252066
0.25994782920684467 0.11646376289569081
0.2591615072261369 0.11177069438098276
0.2583872869470334 0.10714985342211933
0.25762498212117113 0.10260012841806443
0.2568744093665983 0.09812042487561362
0.25613538812365927 0.09370966514610005
0.2554077406115592 0.0893667881661526
0.2546912917855961 0.08509074920244383
0.25398586929505185 0.08088051960036641
0.25329130344173123 0.07673508653657723
0.26580719855237256 0.15143470668997516
0.2666836977647342 0.15666598720562128
0.26754670742423503 0.16181675694150813
0.2683964351386331 0.16688825497966125
0.26923308532054846 0.17188170133230873
0.27005685923663747 0.1767982972353703
0.2708679550560098 0.18163922543742966
0.2716665678979004 0.1864056504842595
0.2724528898786082 0.19109871899896758
0.27322711015771173 0.195719559957831
0.273989414983574 0.2002692849618859
0.27473998773814684 0.2047489885043367
0.2754790089810858 0.20915974823385028
0.2762066564931859 0.21350262521379773
0.276923105319149 0.2177786641775065
0.2776285278096932 0.22198889377958392
0.27832309366301383 0.2261343268433731
0.27832309366301383 0.2261343268433731
0.2792016370490125 0.24154455615439302
0.27877275636455007 0.2570829763718102
0.27788543316392783 0.2726977188236472
0.27678125802281744 0.28839425007541986
0.2755762041970939 0.3041794692564875
0.2743433436227896 0.3200592071394204
0.2731392554020369 0.33603837308809187
0.27201610009090355 0.35212119069336467
0.27102972227200056 0.36831125312109547
0.2710104753686567 0.36866073262758225
0.27028710807586204 0.38364012919196394
0.2698116445863422 0.3985487670490915
0.2696726445061329 0.41338402690622594
0.2700070579956925 0.4281359973025096
0.27105416269325444 0.4427737313978436
0.27331351655640407 0.457188412646467
0.2781846057768115 0.4708089642866648
0.28970912223868234 0.4781117766052301
0.5753944702440693 0.46027390764042153
0.5447271950307322 0.46218873750685524
0.51454631838017 0.46407319719894147
0.4848441257641038 0.4659277684030723
0.455613025010592 0.4677529251658491
0.4268455443633964 0.4695491340152531
0.3985343305721282 0.471316854079895
0.3706721470126851 0.47305653720637236
0.3432518718374987 0.4747686280747663
0.316266496155121 0.4764535643123059
0.28970912223868234 0.4781117766052301
0.5753944702440693 0.46027390764042153
0.6060617454574064 0.4583590777739878
0.6362426221079686 0.4564746180819016
0.6659448147240348 0.45462004687777074
0.6951759154775466 0.45279489011499396
0.7239433961247422 0.45099868126558995
0.7522546099160103 0.4492309612009481
0.7801167934754535 0.4474912780744707
0.8075370686506399 0.4457791872060768
0.8345224443330177 0.44409425096853716
0.8610798182494562 0.442436038675613
0.8610798182494562 0.442436038675613
0.8773988171583436 0.4353408297442596
0.8885361875661055 0.42096027755244314
0.8961627499746615 0.40421777982561136
0.901846615294401 0.38655611668737166
0.9063532480845288 0.3684056808775893
0.9100895047275537 0.3499314403595734
0.9132983485506195 0.33120902460301965
0.9161402414520882 0.3122777253687281
0.9187303581607642 0.29315992754664283
0.9211578914258126 0.2738694743286173
0.9234970355279969 0.25441573335994944
0.9258140359309573 0.234805847015268
0.9258885159238608 0.23417588863927613
0.9283122917263409 0.2138904476439233
0.9308102182419313 0.1937808924134081
0.9334493777337306 0.173855113048178
0.9363012887165699 0.15412335413276762
0.939447106707964 0.13460011568846858
0.9429848170248948 0.11530723434712288
0.9470393739419922 0.09627923657414464
0.9517795351819155 0.07757372228337611
0.9574462480058762 0.05929298245119256
0.9644033583818238 0.04163363228186712
0.9732253031673356 0.025012193441675348
0.9847965306260845 0.01040083607532668
1.0 0.0
