# CURVE 2D, normalized by CHORD
# COLUMN#1 = X-coordinate, COLUMN#2 = Y-coordinate
#-------------------------------------------------------------------------------
0.0 0.0
0.009704379107130349 0.006172185797128058
0.019217470393253527 0.012693176670738233
0.028464282972165238 0.019640806137476898
0.037325902201997545 0.027123409733363395
0.045600159996943945 0.035295123996505716
0.04566128391352611 0.03536177661465912
0.05136050231632692 0.0422088420706651
0.05619230612728694 0.049676685593040525
0.059667589285799 0.05784439315630642
0.06106279266558316 0.06658596553525108
0.06200415434732497 0.14926491382164692
0.061934341901755875 0.14313334963233937
0.06186560603717838 0.13709634058146333
0.06179793015158662 0.13115242852980213
0.06173129789899503 0.12530017782417224
0.06166569318549024 0.11953817495066513
0.061601100165343904 0.11386502819323638
0.06153750323718537 0.10827936729755988
0.06147488704023345 0.10277984314006564
0.061413236450586293 0.09736512740208136
0.06135253657756846 0.09203391224899923
0.06129277276013428 0.08678491001439013
0.06123393056332677 0.08161685288898925
0.061175995774791124 0.07652849261447778
0.06111895440134188 0.07151860018198689
0.06106279266558316 0.06658596553525108
0.06200415434732497 0.14926491382164692
0.06207396679289407 0.15539647801095446
0.062142702657471564 0.1614334870618305
0.06221037854306333 0.1673773991134917
0.06227701079565492 0.1732296498191216
0.062342615509159705 0.1789916526926287
0.06240720852930604 0.18466479945005743
0.06247080545746458 0.19025046034573395
0.0625334216544165 0.1957499845032282
0.06259507224406365 0.20116470024121247
0.0626557721170815 0.2064959153942946
0.06271553593451568 0.21174491762890368
0.06277437813132317 0.21691297475430457
0.06283231291985882 0.22200133502881603
0.06288935429330807 0.22701122746130692
0.06294551602906678 0.23194386210804274
0.06294551602906678 0.23194386210804274
0.06383868156529979 0.24569656189735603
0.06673434144600877 0.2592324198679736
0.07270730727789147 0.27176693590457496
0.08252706268038364 0.2816421103446853
0.0952019087962802 0.28765028588397457
0.10903944618605929 0.29053591214972807
0.1232221713487397 0.291602174412733
0.13752231052841532 0.2917743759646874
0.1377721573854171 0.29177336203435356
0.1537497633593784 0.29164416615598965
0.16963100833271647 0.2917591622658779
0.1853936520642741 0.292593364006671
0.20095583875257655 0.2945713968010946
0.21614572823230943 0.2980801317567824
0.23068769142059592 0.30342411530944247
0.2442359158224801 0.3107405399053706
0.25647059439776415 0.3199363489134503
0.26720540653929437 0.33071955914033
0.47137743953989975 0.5653263738349156
0.44721126668195244 0.5375578849080067
0.4234290951835919 0.510230638273135
0.40002482324934435 0.4833376225743423
0.3769924460414864 0.45687193786637004
0.35432605413938295 0.43082679384433903
0.33201983202330637 0.4051955081015599
0.3100680565823475 0.3799715044150269
0.28846509564603606 0.3551483110581555
0.26720540653929437 0.33071955914033
0.47137743953989975 0.5653263738349156
0.49554361239784706 0.5930948627618244
0.5193257838962075 0.6204221093966962
0.5427300558304551 0.6473151250954888
0.5657624330383131 0.6737808098034611
0.5884288249404166 0.6998259538254921
0.6107350470564932 0.7254572395682712
0.632686822497452 0.7506812432548042
0.6542897834337634 0.7755044366116757
0.6755494725405051 0.7999331885295011
0.6755494725405051 0.7999331885295011
0.6922894374178293 0.8153462414409026
0.7138940858964133 0.8218023839759997
0.733623863336318 0.8104273982742335
0.7468111350774335 0.7910600652478562
0.7565844977435999 0.7694570641618712
0.7645310526616745 0.746861856815967
0.7713604620252679 0.7236573187654464
0.7774474667705233 0.7000017040834325
0.7830169716393427 0.6759731677994503
0.7882172953390456 0.6516150528767303
0.7931535312806817 0.6269534094042355
0.797904981471007 0.6020049357909749
0.8025345954141319 0.5767808971958805
0.8070947799269764 0.5512892987589273
0.8116313701251557 0.525536213500455
0.8161859926165701 0.49952657046965293
0.8164066336841556 0.4982666870818318
0.8218745042466514 0.467170130809742
0.8273637619640787 0.4364255885402582
0.8329290288909841 0.4060394611540584
0.8386218188793473 0.3760183714331861
0.8444926591468168 0.34636982313580394
0.8505934804700006 0.31710298793380454
0.8569796217207009 0.28822956304569886
0.8637121729393918 0.25976492273940965
0.8708610375925492 0.23172979715719702
0.8785079607517159 0.20415250897690454
0.8867524213923439 0.17707291259577004
0.895717284982808 0.15054793707896233
0.9055596692324942 0.12466168669697363
0.9164847872615169 0.09954238406224061
0.9287654967867477 0.07539292445662148
0.9427694667656983 0.05254949779881596
0.9589777426064205 0.03159078732781043
0.9779427735773782 0.013528863216582183
1.0 0.0
