# CURVE 2D, normalized by CHORD
# COLUMN#1 = X-coordinate, COLUMN#2 = Y-coordinate
#-------------------------------------------------------------------------------
0.0 0.0
0.00014422759272838216 0.00029404642833378474
0.0003025381716103912 0.0006176639299270214
0.0004762674859044039 0.0009738445847431685
0.0006668637984344586 0.0013658896659999391
0.0008759044347368077 0.001797437840779038
0.0011050947603340087 0.0022725054972580843
0.0013562831457221392 0.0027955232130751928
0.0016314614366416014 0.003371383504446965
0.001932773023620724 0.004005489543306517
0.002262513148236981 0.004703812638818314
0.0026231353067874084 0.005472952308246198
0.0030172386894777477 0.006320211195411365
0.0034475633679242027 0.007253672603345376
0.00391697412428274 0.00828229007140174
0.004428426649169218 0.009415992045191652
0.0049849211948071875 0.010665799294986521
0.005589442693972606 0.01204395550573586
0.006244853336164437 0.013564085457747406
0.006953761624271918 0.015241368554371896
0.00771830923428424 0.01709275029694679
0.008539889341047583 0.019137180238864716
0.009418730202197799 0.021395895042100065
0.010353284943183872 0.023892753452878175
0.0113393434473931 0.026654626488022012
0.01135633110362794 0.026703521552399696
0.012100514681895248 0.028895605038289415
0.012749399602733193 0.03089758178994307
0.013314900859585985 0.032725288527994806
0.013807557498939322 0.03439332242120792
0.014236668586165326 0.0359151324580923
0.014610419704649645 0.0373031032275317
0.014935993551701584 0.0385686338476976
0.01521968378665263 0.03972220783183266
0.015466987876047833 0.04077346119615926
0.015682699948640626 0.041731243861904715
0.01587099706369927 0.042603676859898444
0.016035507336600575 0.04339820814289797
0.0161793774091044 0.04412166331820411
0.016305336923072063 0.044780292443266145
0.01641574638722299 0.04537981579025331
0.016512651429675843 0.04592546429451216
0.016597816842429194 0.04642201996035099
0.016672768696681023 0.046873851184553186
0.0167388275613868 0.04728494641246002
0.016797133938579317 0.04765894595972661
0.01684867589149659 0.047999170579570746
0.016894301529988862 0.0483086496600981
0.016934752341800464 0.04859014380301067
0.016970668578606147 0.048846169313304114
0.03687908628530161 0.1924520386614772
0.03180649250425399 0.155861775662701
0.02790449728806351 0.12771541950979626
0.02490296250637853 0.10606437631525412
0.02259408959739008 0.08940972770406785
0.020818033513552815 0.07659845954161688
0.019451836525985686 0.06674363787819307
0.01840091576631866 0.05916300582940551
0.017592515181959412 0.053331750407261236
0.016970668578606147 0.0488461693133041
0.03687908628530161 0.1924520386614772
0.04195168006634922 0.22904230166025338
0.0458536752825397 0.25718865781315814
0.048855210064224684 0.2788397010077003
0.051164082973213135 0.29549434961888654
0.0529401390570504 0.3083056177813375
0.05430633604461753 0.31816043944476136
0.055357256804284556 0.3257410714935489
0.056165657388643805 0.33157232691569316
0.05678750399199707 0.3360579080096503
0.05678750399199707 0.3360579080096503
0.05687836238614352 0.3367098659673095
0.05697938031051744 0.33742686924365856
0.0570918492914222 0.33821538155430425
0.057217284150417616 0.3390824981402677
0.05735742582918132 0.3400360108670228
0.057514313540769045 0.34108446961816413
0.05769037980977223 0.3422372465096041
0.057888534455542366 0.34350460826805024
0.058112286742056166 0.3448977895147032
0.058365925970687925 0.346429063020921
0.05865476451697304 0.3481118043191896
0.058985481515442445 0.3499605407538874
0.05936661178258921 0.35199096965676296
0.059809257221187434 0.35421991697648053
0.06032818657174693 0.35666517410194326
0.060943411286572595 0.35934513368526333
0.06168285017868992 0.36227796084622665
0.06258643625740026 0.36547991205626174
0.0637130147381074 0.3689617587511863
0.06515145365576562 0.3727211718668234
0.06703822236765043 0.3767259349254335
0.06957845542699943 0.3808784250011656
0.07304550173906244 0.38495430974703276
0.0776870470907515 0.3885675722964526
0.07775706103896227 0.3886104488577868
0.08335285116874765 0.3912574834392002
0.08877768569189934 0.39277475192068073
0.09383252595615799 0.39360932462745685
0.09847020804273879 0.3940477248091398
0.10270027372769948 0.3942556008802018
0.10654986033442451 0.3943280840513197
0.11005014359931935 0.3943209500317432
0.11323179860514623 0.39426761966887497
0.11612354614626168 0.39418853951981614
0.1187517785250984 0.39409636377070867
0.12114056597162427 0.39399894518257794
0.12331179604994573 0.39390115825490885
0.12528534825297838 0.3938059612326939
0.12707927304261468 0.39371509400782184
0.12870996024252385 0.39362950802436825
0.13019229387500122 0.3935496464891771
0.13153979262047366 0.39347562388960383
0.13276473715545076 0.39340734855131454
0.13387828525942097 0.3933446047378415
0.1348905756490701 0.3932871040336198
0.135810821706963 0.3932345158658284
0.13664739700585002 0.393186498424938
0.1374079118952521 0.3931427051338271
0.13809928390215162 0.39310280344567894
0.13809928390215162 0.39310280344567894
0.15806599765681348 0.39194939898955905
0.1780327114114753 0.39079599453343916
0.1979994251661372 0.38964259007731933
0.21796613892079897 0.38848918562119944
0.23793285267546072 0.38733578116507955
0.25789956643012246 0.3861823767089597
0.2778662801847845 0.38502897225283983
0.2978329939394466 0.38387556779671994
0.31779970769410876 0.3827221633406
0.33776642144877084 0.3815687588844801
0.357733135203433 0.3804153544283602
0.3776998489580951 0.37926194997224033
0.39766656271275724 0.37810854551612044
0.4176332764674194 0.37695514106000055
0.4375999902220815 0.37580173660388067
0.45756670397674365 0.3746483321477608
0.4775334177314058 0.3734949276916409
0.4975001314860679 0.372341523235521
0.5174668452407301 0.3711881187794011
0.5374335589953922 0.3700347143232812
0.5574002727500544 0.36888130986716133
0.5773669865047165 0.3677279054110414
0.5973337002593787 0.3665745009549215
0.6173004140140408 0.3654210964988016
0.6372671277687029 0.3642676920426817
0.657233841523365 0.36311428758656183
0.6772005552780271 0.36196088313044195
0.6971672690326893 0.36080747867432206
0.7171339827873514 0.35965407421820217
0.7371006965420136 0.3585006697620823
0.7570674102966757 0.3573472653059624
0.7770341240513379 0.3561938608498425
0.7970008378060001 0.3550404563937226
0.8169675515606621 0.35388705193760267
0.8369342653153243 0.3527336474814828
0.8569009790699864 0.3515802430253629
0.867354928900606 0.3509763563534325
0.867354928900606 0.3509763563534325
0.867354928900606 0.3509763563534325
0.867354928900606 0.3509763563534325
0.867354928900606 0.3509763563534325
0.867354928900606 0.3509763563534325
0.867354928900606 0.3509763563534325
0.867354928900606 0.3509763563534325
0.867354928900606 0.3509763563534325
0.867354928900606 0.3509763563534325
0.867354928900606 0.3509763563534325
0.867354928900606 0.3509763563534325
0.867354928900606 0.3509763563534325
0.867354928900606 0.3509763563534325
0.867354928900606 0.3509763563534325
0.867354928900606 0.3509763563534325
0.867354928900606 0.3509763563534325
0.867354928900606 0.3509763563534325
0.867354928900606 0.3509763563534325
0.867354928900606 0.3509763563534325
0.867354928900606 0.3509763563534325
0.867354928900606 0.3509763563534325
0.867354928900606 0.3509763563534325
0.867354928900606 0.3509763563534325
0.867354928900606 0.3509763563534325
0.867354928900606 0.3509763563534325
0.867354928900606 0.3509763563534325
0.867354928900606 0.3509763563534325
0.867354928900606 0.3509763563534325
0.867354928900606 0.3509763563534325
0.867354928900606 0.3509763563534325
0.867354928900606 0.3509763563534325
0.867354928900606 0.3509763563534325
0.867354928900606 0.3509763563534325
0.867354928900606 0.3509763563534325
0.867354928900606 0.3509763563534325
0.867354928900606 0.3509763563534325
0.867354928900606 0.3509763563534325
0.867354928900606 0.3509763563534325
0.867354928900606 0.3509763563534325
0.867354928900606 0.3509763563534325
0.867354928900606 0.3509763563534325
0.867354928900606 0.3509763563534325
0.867354928900606 0.3509763563534325
0.867354928900606 0.3509763563534325
0.867354928900606 0.3509763563534325
0.867354928900606 0.3509763563534325
0.867354928900606 0.3509763563534325
0.867354928900606 0.3509763563534325
0.867354928900606 0.3509763563534325
0.867354928900606 0.3509763563534325
0.867354928900606 0.3509763563534325
0.867354928900606 0.3509763563534325
0.867354928900606 0.3509763563534325
0.867354928900606 0.3509763563534325
0.867354928900606 0.3509763563534325
0.867354928900606 0.3509763563534325
0.867354928900606 0.3509763563534325
0.867354928900606 0.3509763563534325
0.867354928900606 0.3509763563534325
0.867354928900606 0.3509763563534325
0.867354928900606 0.3509763563534325
0.867354928900606 0.3509763563534325
0.867354928900606 0.3509763563534325
0.867354928900606 0.3509763563534325
0.867354928900606 0.3509763563534325
0.867354928900606 0.3509763563534325
0.867354928900606 0.3509763563534325
0.867354928900606 0.3509763563534325
0.867354928900606 0.3509763563534325
0.867354928900606 0.3509763563534325
0.867354928900606 0.3509763563534325
0.867354928900606 0.3509763563534325
0.867354928900606 0.3509763563534325
0.867354928900606 0.3509763563534325
0.867354928900606 0.3509763563534325
0.867354928900606 0.3509763563534325
0.867354928900606 0.3509763563534325
0.867354928900606 0.3509763563534325
0.867354928900606 0.3509763563534325
0.867354928900606 0.3509763563534325
0.867354928900606 0.3509763563534325
0.867354928900606 0.3509763563534325
0.867354928900606 0.3509763563534325
0.867354928900606 0.3509763563534325
0.867354928900606 0.3509763563534325
0.867354928900606 0.3509763563534325
0.867354928900606 0.3509763563534325
0.867354928900606 0.3509763563534325
0.867354928900606 0.3509763563534325
0.867354928900606 0.3509763563534325
0.867354928900606 0.3509763563534325
0.867354928900606 0.3509763563534325
0.867354928900606 0.3509763563534325
0.867354928900606 0.3509763563534325
0.867354928900606 0.3509763563534325
0.867354928900606 0.3509763563534325
0.867354928900606 0.3509763563534325
0.867354928900606 0.3509763563534325
0.867354928900606 0.3509763563534325
0.867354928900606 0.3509763563534325
0.867354928900606 0.3509763563534325
0.867354928900606 0.3509763563534325
0.867354928900606 0.3509763563534325
0.867354928900606 0.3509763563534325
0.867354928900606 0.3509763563534325
0.867354928900606 0.3509763563534325
0.867354928900606 0.3509763563534325
0.867354928900606 0.3509763563534325
0.867354928900606 0.3509763563534325
0.867354928900606 0.3509763563534325
0.867354928900606 0.3509763563534325
0.867354928900606 0.3509763563534325
0.867354928900606 0.3509763563534325
0.867354928900606 0.3509763563534325
0.867354928900606 0.3509763563534325
0.867354928900606 0.3509763563534325
0.867354928900606 0.3509763563534325
0.867354928900606 0.3509763563534325
0.867354928900606 0.3509763563534325
0.867354928900606 0.3509763563534325
0.867354928900606 0.3509763563534325
0.867354928900606 0.3509763563534325
0.867354928900606 0.3509763563534325
0.867354928900606 0.3509763563534325
0.867354928900606 0.3509763563534325
0.867354928900606 0.3509763563534325
0.867354928900606 0.3509763563534325
0.867354928900606 0.3509763563534325
0.867354928900606 0.3509763563534325
0.867354928900606 0.3509763563534325
0.867354928900606 0.3509763563534325
0.867354928900606 0.3509763563534325
0.867354928900606 0.3509763563534325
0.867354928900606 0.3509763563534325
0.867354928900606 0.3509763563534325
0.867354928900606 0.3509763563534325
0.867354928900606 0.3509763563534325
0.867354928900606 0.3509763563534325
0.867354928900606 0.3509763563534325
0.867354928900606 0.3509763563534325
0.867354928900606 0.3509763563534325
0.867354928900606 0.3509763563534325
0.867354928900606 0.3509763563534325
0.867354928900606 0.3509763563534325
0.867354928900606 0.3509763563534325
0.867354928900606 0.3509763563534325
0.867354928900606 0.3509763563534325
0.867354928900606 0.3509763563534325
0.867354928900606 0.3509763563534325
0.867354928900606 0.3509763563534325
0.867354928900606 0.3509763563534325
0.867354928900606 0.3509763563534325
0.867354928900606 0.3509763563534325
0.867354928900606 0.3509763563534325
0.867354928900606 0.3509763563534325
0.867354928900606 0.3509763563534325
0.867354928900606 0.3509763563534325
0.867354928900606 0.3509763563534325
0.867354928900606 0.3509763563534325
0.867354928900606 0.3509763563534325
0.867354928900606 0.3509763563534325
0.867354928900606 0.3509763563534325
0.867354928900606 0.3509763563534325
0.867354928900606 0.3509763563534325
0.867354928900606 0.3509763563534325
0.867354928900606 0.3509763563534325
0.867354928900606 0.3509763563534325
0.867354928900606 0.3509763563534325
0.867354928900606 0.3509763563534325
0.867354928900606 0.3509763563534325
0.867354928900606 0.3509763563534325
0.867354928900606 0.3509763563534325
0.867354928900606 0.3509763563534325
0.867354928900606 0.3509763563534325
0.867354928900606 0.3509763563534325
0.867354928900606 0.3509763563534325
0.867354928900606 0.3509763563534325
0.867354928900606 0.3509763563534325
0.867354928900606 0.3509763563534325
0.867354928900606 0.3509763563534325
0.867354928900606 0.3509763563534325
0.867354928900606 0.3509763563534325
0.867354928900606 0.3509763563534325
0.867354928900606 0.3509763563534325
0.867354928900606 0.3509763563534325
0.867354928900606 0.3509763563534325
0.867354928900606 0.3509763563534325
0.867354928900606 0.3509763563534325
0.867354928900606 0.3509763563534325
0.867354928900606 0.3509763563534325
0.867354928900606 0.3509763563534325
0.867354928900606 0.3509763563534325
0.867354928900606 0.3509763563534325
0.867354928900606 0.3509763563534325
0.867354928900606 0.3509763563534325
0.867354928900606 0.3509763563534325
0.867354928900606 0.3509763563534325
0.867354928900606 0.3509763563534325
0.867354928900606 0.3509763563534325
0.867354928900606 0.3509763563534325
0.867354928900606 0.3509763563534325
0.867354928900606 0.3509763563534325
0.867354928900606 0.3509763563534325
0.867354928900606 0.3509763563534325
0.867354928900606 0.3509763563534325
0.867354928900606 0.3509763563534325
0.867354928900606 0.3509763563534325
0.867354928900606 0.3509763563534325
0.867354928900606 0.3509763563534325
0.867354928900606 0.3509763563534325
0.867354928900606 0.3509763563534325
0.867354928900606 0.3509763563534325
0.867354928900606 0.3509763563534325
0.867354928900606 0.3509763563534325
0.867354928900606 0.3509763563534325
0.867354928900606 0.3509763563534325
0.867354928900606 0.3509763563534325
0.867354928900606 0.3509763563534325
0.867354928900606 0.3509763563534325
0.867354928900606 0.3509763563534325
0.867354928900606 0.3509763563534325
0.867354928900606 0.3509763563534325
0.867354928900606 0.3509763563534325
0.867354928900606 0.3509763563534325
0.867354928900606 0.3509763563534325
0.867354928900606 0.3509763563534325
0.867354928900606 0.3509763563534325
0.867354928900606 0.3509763563534325
0.867354928900606 0.3509763563534325
0.867354928900606 0.3509763563534325
0.867354928900606 0.3509763563534325
0.867354928900606 0.3509763563534325
0.867354928900606 0.3509763563534325
0.867354928900606 0.3509763563534325
0.867354928900606 0.3509763563534325
0.867354928900606 0.3509763563534325
0.867354928900606 0.3509763563534325
0.867354928900606 0.3509763563534325
0.867354928900606 0.3509763563534325
0.867354928900606 0.3509763563534325
0.867354928900606 0.3509763563534325
0.867354928900606 0.3509763563534325
0.867354928900606 0.3509763563534325
0.867354928900606 0.3509763563534325
0.867354928900606 0.3509763563534325
0.867354928900606 0.3509763563534325
0.867354928900606 0.3509763563534325
0.867354928900606 0.3509763563534325
0.867354928900606 0.3509763563534325
0.867354928900606 0.3509763563534325
0.867354928900606 0.3509763563534325
0.867354928900606 0.3509763563534325
0.867354928900606 0.3509763563534325
0.867354928900606 0.3509763563534325
0.867354928900606 0.3509763563534325
0.867354928900606 0.3509763563534325
0.867354928900606 0.3509763563534325
0.867354928900606 0.3509763563534325
0.867354928900606 0.3509763563534325
0.867354928900606 0.3509763563534325
0.867354928900606 0.3509763563534325
0.867354928900606 0.3509763563534325
0.867354928900606 0.3509763563534325
0.867354928900606 0.3509763563534325
0.867354928900606 0.3509763563534325
0.867354928900606 0.3509763563534325
0.867354928900606 0.3509763563534325
0.867354928900606 0.3509763563534325
0.867354928900606 0.3509763563534325
0.867354928900606 0.3509763563534325
0.867354928900606 0.3509763563534325
0.867354928900606 0.3509763563534325
0.867354928900606 0.3509763563534325
0.867354928900606 0.3509763563534325
0.867354928900606 0.3509763563534325
0.867354928900606 0.3509763563534325
0.867354928900606 0.3509763563534325
0.867354928900606 0.3509763563534325
0.867354928900606 0.3509763563534325
0.867354928900606 0.3509763563534325
0.867354928900606 0.3509763563534325
0.867354928900606 0.3509763563534325
0.867354928900606 0.3509763563534325
0.867354928900606 0.3509763563534325
0.867354928900606 0.3509763563534325
0.867354928900606 0.3509763563534325
0.867354928900606 0.3509763563534325
0.867354928900606 0.3509763563534325
0.867354928900606 0.3509763563534325
0.867354928900606 0.3509763563534325
0.867354928900606 0.3509763563534325
0.867354928900606 0.3509763563534325
0.867354928900606 0.3509763563534325
0.867354928900606 0.3509763563534325
0.867354928900606 0.3509763563534325
0.867354928900606 0.3509763563534325
0.867354928900606 0.3509763563534325
0.867354928900606 0.3509763563534325
0.867354928900606 0.3509763563534325
0.867354928900606 0.3509763563534325
0.867354928900606 0.3509763563534325
0.867354928900606 0.3509763563534325
0.867354928900606 0.3509763563534325
0.867354928900606 0.3509763563534325
0.867354928900606 0.3509763563534325
0.867354928900606 0.3509763563534325
0.867354928900606 0.3509763563534325
0.867354928900606 0.3509763563534325
0.867354928900606 0.3509763563534325
0.867354928900606 0.3509763563534325
0.867354928900606 0.3509763563534325
0.867354928900606 0.3509763563534325
0.867354928900606 0.3509763563534325
0.867354928900606 0.3509763563534325
0.867354928900606 0.3509763563534325
0.867354928900606 0.3509763563534325
0.867354928900606 0.3509763563534325
0.867354928900606 0.3509763563534325
0.867354928900606 0.3509763563534325
0.867354928900606 0.3509763563534325
0.867354928900606 0.3509763563534325
0.867354928900606 0.3509763563534325
0.867354928900606 0.3509763563534325
0.867354928900606 0.3509763563534325
0.867354928900606 0.3509763563534325
0.867354928900606 0.3509763563534325
0.867354928900606 0.3509763563534325
0.867354928900606 0.3509763563534325
0.867354928900606 0.3509763563534325
0.867354928900606 0.3509763563534325
0.867354928900606 0.3509763563534325
0.867354928900606 0.3509763563534325
0.867354928900606 0.3509763563534325
0.867354928900606 0.3509763563534325
0.867354928900606 0.3509763563534325
0.867354928900606 0.3509763563534325
0.867354928900606 0.3509763563534325
0.867354928900606 0.3509763563534325
0.867354928900606 0.3509763563534325
0.867354928900606 0.3509763563534325
0.867354928900606 0.3509763563534325
0.867354928900606 0.3509763563534325
0.867354928900606 0.3509763563534325
0.867354928900606 0.3509763563534325
0.867354928900606 0.3509763563534325
0.867354928900606 0.3509763563534325
0.867354928900606 0.3509763563534325
0.867354928900606 0.3509763563534325
0.867354928900606 0.3509763563534325
0.867354928900606 0.3509763563534325
0.867354928900606 0.3509763563534325
0.867354928900606 0.3509763563534325
0.867354928900606 0.3509763563534325
0.867354928900606 0.3509763563534325
0.867354928900606 0.3509763563534325
0.867354928900606 0.3509763563534325
0.867354928900606 0.3509763563534325
0.867354928900606 0.3509763563534325
0.867354928900606 0.3509763563534325
0.867354928900606 0.3509763563534325
0.867354928900606 0.3509763563534325
0.867354928900606 0.3509763563534325
0.867354928900606 0.3509763563534325
0.867354928900606 0.3509763563534325
0.867354928900606 0.3509763563534325
0.867354928900606 0.3509763563534325
0.867354928900606 0.3509763563534325
0.867354928900606 0.3509763563534325
0.867354928900606 0.3509763563534325
0.867354928900606 0.3509763563534325
0.867354928900606 0.3509763563534325
0.867354928900606 0.3509763563534325
0.867354928900606 0.3509763563534325
0.867354928900606 0.3509763563534325
0.867354928900606 0.3509763563534325
0.867354928900606 0.3509763563534325
0.867354928900606 0.3509763563534325
0.867354928900606 0.3509763563534325
0.867354928900606 0.3509763563534325
0.867354928900606 0.3509763563534325
0.867354928900606 0.3509763563534325
0.867354928900606 0.3509763563534325
0.867354928900606 0.3509763563534325
0.867354928900606 0.3509763563534325
0.867354928900606 0.3509763563534325
0.867354928900606 0.3509763563534325
0.867354928900606 0.3509763563534325
0.867354928900606 0.3509763563534325
0.867354928900606 0.3509763563534325
0.867354928900606 0.3509763563534325
0.867354928900606 0.3509763563534325
0.867354928900606 0.3509763563534325
0.867354928900606 0.3509763563534325
0.867354928900606 0.3509763563534325
0.867354928900606 0.3509763563534325
0.867354928900606 0.3509763563534325
0.867354928900606 0.3509763563534325
0.867354928900606 0.3509763563534325
0.867354928900606 0.3509763563534325
0.867354928900606 0.3509763563534325
0.867354928900606 0.3509763563534325
0.867354928900606 0.3509763563534325
0.867354928900606 0.3509763563534325
0.867354928900606 0.3509763563534325
0.867354928900606 0.3509763563534325
0.867354928900606 0.3509763563534325
0.867354928900606 0.3509763563534325
0.867354928900606 0.3509763563534325
0.867354928900606 0.3509763563534325
0.867354928900606 0.3509763563534325
0.867354928900606 0.3509763563534325
0.867354928900606 0.3509763563534325
0.867354928900606 0.3509763563534325
0.867354928900606 0.3509763563534325
0.867354928900606 0.3509763563534325
0.867354928900606 0.3509763563534325
0.867354928900606 0.3509763563534325
0.867354928900606 0.3509763563534325
0.867354928900606 0.3509763563534325
0.867354928900606 0.3509763563534325
0.867354928900606 0.3509763563534325
0.867354928900606 0.3509763563534325
0.867354928900606 0.3509763563534325
0.867354928900606 0.3509763563534325
0.867354928900606 0.3509763563534325
0.867354928900606 0.3509763563534325
0.867354928900606 0.3509763563534325
0.867354928900606 0.3509763563534325
0.867354928900606 0.3509763563534325
0.867354928900606 0.3509763563534325
0.867354928900606 0.3509763563534325
0.867354928900606 0.3509763563534325
0.867354928900606 0.3509763563534325
0.867354928900606 0.3509763563534325
0.867354928900606 0.3509763563534325
0.867354928900606 0.3509763563534325
0.867354928900606 0.3509763563534325
0.867354928900606 0.3509763563534325
0.867354928900606 0.3509763563534325
0.867354928900606 0.3509763563534325
0.867354928900606 0.3509763563534325
0.867354928900606 0.3509763563534325
0.867354928900606 0.3509763563534325
0.867354928900606 0.3509763563534325
0.867354928900606 0.3509763563534325
0.867354928900606 0.3509763563534325
0.867354928900606 0.3509763563534325
0.867354928900606 0.3509763563534325
0.867354928900606 0.3509763563534325
0.867354928900606 0.3509763563534325
0.867354928900606 0.3509763563534325
0.867354928900606 0.3509763563534325
0.867354928900606 0.3509763563534325
0.867354928900606 0.3509763563534325
0.867354928900606 0.3509763563534325
0.867354928900606 0.3509763563534325
0.867354928900606 0.3509763563534325
0.867354928900606 0.3509763563534325
0.867354928900606 0.3509763563534325
0.867354928900606 0.3509763563534325
0.867354928900606 0.3509763563534325
0.867354928900606 0.3509763563534325
0.867354928900606 0.3509763563534325
0.867354928900606 0.3509763563534325
0.867354928900606 0.3509763563534325
0.867354928900606 0.3509763563534325
0.867354928900606 0.3509763563534325
0.867354928900606 0.3509763563534325
0.867354928900606 0.3509763563534325
0.867354928900606 0.3509763563534325
0.867354928900606 0.3509763563534325
0.867354928900606 0.3509763563534325
0.867354928900606 0.3509763563534325
0.867354928900606 0.3509763563534325
0.867354928900606 0.3509763563534325
0.867354928900606 0.3509763563534325
0.867354928900606 0.3509763563534325
0.867354928900606 0.3509763563534325
0.867354928900606 0.3509763563534325
0.867354928900606 0.3509763563534325
0.867354928900606 0.3509763563534325
0.867354928900606 0.3509763563534325
0.867354928900606 0.3509763563534325
0.867354928900606 0.3509763563534325
0.867354928900606 0.3509763563534325
0.867354928900606 0.3509763563534325
0.867354928900606 0.3509763563534325
0.867354928900606 0.3509763563534325
0.867354928900606 0.3509763563534325
0.867354928900606 0.3509763563534325
0.867354928900606 0.3509763563534325
0.867354928900606 0.3509763563534325
0.867354928900606 0.3509763563534325
0.867354928900606 0.3509763563534325
0.867354928900606 0.3509763563534325
0.867354928900606 0.3509763563534325
0.867354928900606 0.3509763563534325
0.867354928900606 0.3509763563534325
0.867354928900606 0.3509763563534325
0.867354928900606 0.3509763563534325
0.867354928900606 0.3509763563534325
0.867354928900606 0.3509763563534325
0.867354928900606 0.3509763563534325
0.867354928900606 0.3509763563534325
0.867354928900606 0.3509763563534325
0.867354928900606 0.3509763563534325
0.867354928900606 0.3509763563534325
0.867354928900606 0.3509763563534325
0.867354928900606 0.3509763563534325
0.867354928900606 0.3509763563534325
0.867354928900606 0.3509763563534325
0.867354928900606 0.3509763563534325
0.867354928900606 0.3509763563534325
0.867354928900606 0.3509763563534325
0.867354928900606 0.3509763563534325
0.867354928900606 0.3509763563534325
0.867354928900606 0.3509763563534325
0.867354928900606 0.3509763563534325
0.867354928900606 0.3509763563534325
0.867354928900606 0.3509763563534325
0.867354928900606 0.3509763563534325
0.867354928900606 0.3509763563534325
0.867354928900606 0.3509763563534325
0.867354928900606 0.3509763563534325
0.867354928900606 0.3509763563534325
0.867354928900606 0.3509763563534325
0.867354928900606 0.3509763563534325
0.867354928900606 0.3509763563534325
0.867354928900606 0.3509763563534325
0.867354928900606 0.3509763563534325
0.867354928900606 0.3509763563534325
0.867354928900606 0.3509763563534325
0.867354928900606 0.3509763563534325
0.867354928900606 0.3509763563534325
0.867354928900606 0.3509763563534325
0.867354928900606 0.3509763563534325
0.867354928900606 0.3509763563534325
0.867354928900606 0.3509763563534325
0.867354928900606 0.3509763563534325
0.867354928900606 0.3509763563534325
0.867354928900606 0.3509763563534325
0.867354928900606 0.3509763563534325
0.867354928900606 0.3509763563534325
0.867354928900606 0.3509763563534325
0.867354928900606 0.3509763563534325
0.867354928900606 0.3509763563534325
0.867354928900606 0.3509763563534325
0.867354928900606 0.3509763563534325
0.867354928900606 0.3509763563534325
0.867354928900606 0.3509763563534325
0.867354928900606 0.3509763563534325
0.867354928900606 0.3509763563534325
0.867354928900606 0.3509763563534325
0.867354928900606 0.3509763563534325
0.867354928900606 0.3509763563534325
0.867354928900606 0.3509763563534325
0.867354928900606 0.3509763563534325
0.867354928900606 0.3509763563534325
0.867354928900606 0.3509763563534325
0.867354928900606 0.3509763563534325
0.867354928900606 0.3509763563534325
0.867354928900606 0.3509763563534325
0.867354928900606 0.3509763563534325
0.867354928900606 0.3509763563534325
0.867354928900606 0.3509763563534325
0.867354928900606 0.3509763563534325
0.867354928900606 0.3509763563534325
0.867354928900606 0.3509763563534325
0.867354928900606 0.3509763563534325
0.867354928900606 0.3509763563534325
0.867354928900606 0.3509763563534325
0.867354928900606 0.3509763563534325
0.867354928900606 0.3509763563534325
0.867354928900606 0.3509763563534325
0.867354928900606 0.3509763563534325
0.867354928900606 0.3509763563534325
0.867354928900606 0.3509763563534325
0.867354928900606 0.3509763563534325
0.867354928900606 0.3509763563534325
0.867354928900606 0.3509763563534325
0.867354928900606 0.3509763563534325
0.867354928900606 0.3509763563534325
0.867354928900606 0.3509763563534325
0.867354928900606 0.3509763563534325
0.867354928900606 0.3509763563534325
0.867354928900606 0.3509763563534325
0.867354928900606 0.3509763563534325
0.867354928900606 0.3509763563534325
0.867354928900606 0.3509763563534325
0.867354928900606 0.3509763563534325
0.867354928900606 0.3509763563534325
0.867354928900606 0.3509763563534325
0.867354928900606 0.3509763563534325
0.867354928900606 0.3509763563534325
0.867354928900606 0.3509763563534325
0.867354928900606 0.3509763563534325
0.867354928900606 0.3509763563534325
0.867354928900606 0.3509763563534325
0.867354928900606 0.3509763563534325
0.867354928900606 0.3509763563534325
0.867354928900606 0.3509763563534325
0.867354928900606 0.3509763563534325
0.867354928900606 0.3509763563534325
0.867354928900606 0.3509763563534325
0.867354928900606 0.3509763563534325
0.867354928900606 0.3509763563534325
0.867354928900606 0.3509763563534325
0.867354928900606 0.3509763563534325
0.867354928900606 0.3509763563534325
0.867354928900606 0.3509763563534325
0.867354928900606 0.3509763563534325
0.867354928900606 0.3509763563534325
0.867354928900606 0.3509763563534325
0.867354928900606 0.3509763563534325
0.867354928900606 0.3509763563534325
0.867354928900606 0.3509763563534325
0.867354928900606 0.3509763563534325
0.867354928900606 0.3509763563534325
0.867354928900606 0.3509763563534325
0.867354928900606 0.3509763563534325
0.867354928900606 0.3509763563534325
0.867354928900606 0.3509763563534325
0.867354928900606 0.3509763563534325
0.867354928900606 0.3509763563534325
0.867354928900606 0.3509763563534325
0.867354928900606 0.3509763563534325
0.867354928900606 0.3509763563534325
0.867354928900606 0.3509763563534325
0.867354928900606 0.3509763563534325
0.867354928900606 0.3509763563534325
0.867354928900606 0.3509763563534325
0.867354928900606 0.3509763563534325
0.867354928900606 0.3509763563534325
0.867354928900606 0.3509763563534325
0.867354928900606 0.3509763563534325
0.867354928900606 0.3509763563534325
0.867354928900606 0.3509763563534325
0.867354928900606 0.3509763563534325
0.867354928900606 0.3509763563534325
0.867354928900606 0.3509763563534325
0.867354928900606 0.3509763563534325
0.867354928900606 0.3509763563534325
0.867354928900606 0.3509763563534325
0.867354928900606 0.3509763563534325
0.867354928900606 0.3509763563534325
0.867354928900606 0.3509763563534325
0.867354928900606 0.3509763563534325
0.867354928900606 0.3509763563534325
0.867354928900606 0.3509763563534325
0.867354928900606 0.3509763563534325
0.867354928900606 0.3509763563534325
0.867354928900606 0.3509763563534325
0.867354928900606 0.3509763563534325
0.867354928900606 0.3509763563534325
0.867354928900606 0.3509763563534325
0.867354928900606 0.3509763563534325
0.867354928900606 0.3509763563534325
0.867354928900606 0.3509763563534325
0.867354928900606 0.3509763563534325
0.867354928900606 0.3509763563534325
0.867354928900606 0.3509763563534325
0.867354928900606 0.3509763563534325
0.867354928900606 0.3509763563534325
0.867354928900606 0.3509763563534325
0.867354928900606 0.3509763563534325
0.867354928900606 0.3509763563534325
0.867354928900606 0.3509763563534325
0.867354928900606 0.3509763563534325
0.867354928900606 0.3509763563534325
0.867354928900606 0.3509763563534325
0.867354928900606 0.3509763563534325
0.867354928900606 0.3509763563534325
0.867354928900606 0.3509763563534325
0.867354928900606 0.3509763563534325
0.867354928900606 0.3509763563534325
0.867354928900606 0.3509763563534325
0.867354928900606 0.3509763563534325
0.867354928900606 0.3509763563534325
0.867354928900606 0.3509763563534325
0.867354928900606 0.3509763563534325
0.867354928900606 0.3509763563534325
0.867354928900606 0.3509763563534325
0.867354928900606 0.3509763563534325
0.867354928900606 0.3509763563534325
0.867354928900606 0.3509763563534325
0.867354928900606 0.3509763563534325
0.867354928900606 0.3509763563534325
0.867354928900606 0.3509763563534325
0.867354928900606 0.3509763563534325
0.867354928900606 0.3509763563534325
0.867354928900606 0.3509763563534325
0.867354928900606 0.3509763563534325
0.867354928900606 0.3509763563534325
0.867354928900606 0.3509763563534325
0.867354928900606 0.3509763563534325
0.867354928900606 0.3509763563534325
0.867354928900606 0.3509763563534325
0.867354928900606 0.3509763563534325
0.867354928900606 0.3509763563534325
0.867354928900606 0.3509763563534325
0.867354928900606 0.3509763563534325
0.867354928900606 0.3509763563534325
0.867354928900606 0.3509763563534325
0.867354928900606 0.3509763563534325
0.867354928900606 0.3509763563534325
0.867354928900606 0.3509763563534325
0.867354928900606 0.3509763563534325
0.867354928900606 0.3509763563534325
0.867354928900606 0.3509763563534325
0.867354928900606 0.3509763563534325
0.867354928900606 0.3509763563534325
0.867354928900606 0.3509763563534325
0.867354928900606 0.3509763563534325
0.867354928900606 0.3509763563534325
0.867354928900606 0.3509763563534325
0.867354928900606 0.3509763563534325
0.867354928900606 0.3509763563534325
0.867354928900606 0.3509763563534325
0.867354928900606 0.3509763563534325
0.867354928900606 0.3509763563534325
0.867354928900606 0.3509763563534325
0.867354928900606 0.3509763563534325
0.867354928900606 0.3509763563534325
0.867354928900606 0.3509763563534325
0.867354928900606 0.3509763563534325
0.867354928900606 0.3509763563534325
0.867354928900606 0.3509763563534325
0.867354928900606 0.3509763563534325
0.867354928900606 0.3509763563534325
0.867354928900606 0.3509763563534325
0.867354928900606 0.3509763563534325
0.867354928900606 0.3509763563534325
0.867354928900606 0.3509763563534325
0.867354928900606 0.3509763563534325
0.867354928900606 0.3509763563534325
0.867354928900606 0.3509763563534325
0.867354928900606 0.3509763563534325
0.867354928900606 0.3509763563534325
0.867354928900606 0.3509763563534325
0.867354928900606 0.3509763563534325
0.867354928900606 0.3509763563534325
0.867354928900606 0.3509763563534325
0.867354928900606 0.3509763563534325
0.867354928900606 0.3509763563534325
0.867354928900606 0.3509763563534325
0.867354928900606 0.3509763563534325
0.867354928900606 0.3509763563534325
0.867354928900606 0.3509763563534325
0.867354928900606 0.3509763563534325
0.867354928900606 0.3509763563534325
0.867354928900606 0.3509763563534325
0.867354928900606 0.3509763563534325
0.867354928900606 0.3509763563534325
0.867354928900606 0.3509763563534325
0.867354928900606 0.3509763563534325
0.867354928900606 0.3509763563534325
0.867354928900606 0.3509763563534325
0.867354928900606 0.3509763563534325
0.867354928900606 0.3509763563534325
0.867354928900606 0.3509763563534325
0.867354928900606 0.3509763563534325
0.867354928900606 0.3509763563534325
0.867354928900606 0.3509763563534325
0.867354928900606 0.3509763563534325
0.867354928900606 0.3509763563534325
0.867354928900606 0.3509763563534325
0.867354928900606 0.3509763563534325
0.867354928900606 0.3509763563534325
0.867354928900606 0.3509763563534325
0.867354928900606 0.3509763563534325
0.867354928900606 0.3509763563534325
0.867354928900606 0.3509763563534325
0.867354928900606 0.3509763563534325
0.867354928900606 0.3509763563534325
0.867354928900606 0.3509763563534325
0.867354928900606 0.3509763563534325
0.867354928900606 0.3509763563534325
0.867354928900606 0.3509763563534325
0.867354928900606 0.3509763563534325
0.867354928900606 0.3509763563534325
0.867354928900606 0.3509763563534325
0.867354928900606 0.3509763563534325
0.867354928900606 0.3509763563534325
0.867354928900606 0.3509763563534325
0.867354928900606 0.3509763563534325
0.867354928900606 0.3509763563534325
0.867354928900606 0.3509763563534325
0.867354928900606 0.3509763563534325
0.867354928900606 0.3509763563534325
0.867354928900606 0.3509763563534325
0.867354928900606 0.3509763563534325
0.867354928900606 0.3509763563534325
0.867354928900606 0.3509763563534325
0.867354928900606 0.3509763563534325
0.867354928900606 0.3509763563534325
0.867354928900606 0.3509763563534325
0.867354928900606 0.3509763563534325
0.867354928900606 0.3509763563534325
0.867354928900606 0.3509763563534325
0.867354928900606 0.3509763563534325
0.867354928900606 0.3509763563534325
0.867354928900606 0.3509763563534325
0.867354928900606 0.3509763563534325
0.867354928900606 0.3509763563534325
0.867354928900606 0.3509763563534325
0.867354928900606 0.3509763563534325
0.867354928900606 0.3509763563534325
0.867354928900606 0.3509763563534325
0.867354928900606 0.3509763563534325
0.867354928900606 0.3509763563534325
0.867354928900606 0.3509763563534325
0.867354928900606 0.3509763563534325
0.867354928900606 0.3509763563534325
0.867354928900606 0.3509763563534325
0.867354928900606 0.3509763563534325
0.867354928900606 0.3509763563534325
0.867354928900606 0.3509763563534325
0.867354928900606 0.3509763563534325
0.867354928900606 0.3509763563534325
0.867354928900606 0.3509763563534325
0.867354928900606 0.3509763563534325
0.867354928900606 0.3509763563534325
0.867354928900606 0.3509763563534325
0.867354928900606 0.3509763563534325
0.867354928900606 0.3509763563534325
0.867354928900606 0.3509763563534325
0.867354928900606 0.3509763563534325
0.867354928900606 0.3509763563534325
0.867354928900606 0.3509763563534325
0.867354928900606 0.3509763563534325
0.867354928900606 0.3509763563534325
0.867354928900606 0.3509763563534325
0.867354928900606 0.3509763563534325
0.867354928900606 0.3509763563534325
0.867354928900606 0.3509763563534325
0.867354928900606 0.3509763563534325
0.867354928900606 0.3509763563534325
0.867354928900606 0.3509763563534325
0.867354928900606 0.3509763563534325
0.867354928900606 0.3509763563534325
0.867354928900606 0.3509763563534325
0.867354928900606 0.3509763563534325
0.867354928900606 0.3509763563534325
0.867354928900606 0.3509763563534325
0.867354928900606 0.3509763563534325
0.867354928900606 0.3509763563534325
0.867354928900606 0.3509763563534325
0.867354928900606 0.3509763563534325
0.867354928900606 0.3509763563534325
0.867354928900606 0.3509763563534325
0.867354928900606 0.3509763563534325
0.867354928900606 0.3509763563534325
0.867354928900606 0.3509763563534325
0.867354928900606 0.3509763563534325
0.867354928900606 0.3509763563534325
0.867354928900606 0.3509763563534325
0.867354928900606 0.3509763563534325
0.867354928900606 0.3509763563534325
0.867354928900606 0.3509763563534325
0.867354928900606 0.3509763563534325
0.867354928900606 0.3509763563534325
0.867354928900606 0.3509763563534325
0.867354928900606 0.3509763563534325
0.867354928900606 0.3509763563534325
0.867354928900606 0.3509763563534325
0.867354928900606 0.3509763563534325
0.867354928900606 0.3509763563534325
0.867354928900606 0.3509763563534325
0.867354928900606 0.3509763563534325
0.867354928900606 0.3509763563534325
0.867354928900606 0.3509763563534325
0.867354928900606 0.3509763563534325
0.867354928900606 0.3509763563534325
0.867354928900606 0.3509763563534325
0.867354928900606 0.3509763563534325
0.867354928900606 0.3509763563534325
0.867354928900606 0.3509763563534325
0.867354928900606 0.3509763563534325
0.867354928900606 0.3509763563534325
0.867354928900606 0.3509763563534325
0.867354928900606 0.3509763563534325
0.867354928900606 0.3509763563534325
0.867354928900606 0.3509763563534325
0.867354928900606 0.3509763563534325
0.867354928900606 0.3509763563534325
0.867354928900606 0.3509763563534325
0.867354928900606 0.3509763563534325
0.867354928900606 0.3509763563534325
0.867354928900606 0.3509763563534325
0.867354928900606 0.3509763563534325
0.867354928900606 0.3509763563534325
0.867354928900606 0.3509763563534325
0.867354928900606 0.3509763563534325
0.867354928900606 0.3509763563534325
0.867354928900606 0.3509763563534325
0.867354928900606 0.3509763563534325
0.867354928900606 0.3509763563534325
0.867354928900606 0.3509763563534325
0.867354928900606 0.3509763563534325
0.867354928900606 0.3509763563534325
0.867354928900606 0.3509763563534325
0.867354928900606 0.3509763563534325
0.867354928900606 0.3509763563534325
0.867354928900606 0.3509763563534325
0.867354928900606 0.3509763563534325
0.867354928900606 0.3509763563534325
0.867354928900606 0.3509763563534325
0.867354928900606 0.3509763563534325
0.867354928900606 0.3509763563534325
0.867354928900606 0.3509763563534325
0.867354928900606 0.3509763563534325
0.867354928900606 0.3509763563534325
0.867354928900606 0.3509763563534325
0.867354928900606 0.3509763563534325
0.867354928900606 0.3509763563534325
0.867354928900606 0.3509763563534325
0.867354928900606 0.3509763563534325
0.867354928900606 0.3509763563534325
0.867354928900606 0.3509763563534325
0.867354928900606 0.3509763563534325
0.867354928900606 0.3509763563534325
0.867354928900606 0.3509763563534325
0.867354928900606 0.3509763563534325
0.867354928900606 0.3509763563534325
0.867354928900606 0.3509763563534325
0.867354928900606 0.3509763563534325
0.867354928900606 0.3509763563534325
0.867354928900606 0.3509763563534325
0.867354928900606 0.3509763563534325
0.867354928900606 0.3509763563534325
0.867354928900606 0.3509763563534325
0.867354928900606 0.3509763563534325
0.867354928900606 0.3509763563534325
0.867354928900606 0.3509763563534325
0.867354928900606 0.3509763563534325
0.867354928900606 0.3509763563534325
0.867354928900606 0.3509763563534325
0.867354928900606 0.3509763563534325
0.867354928900606 0.3509763563534325
0.867354928900606 0.3509763563534325
0.867354928900606 0.3509763563534325
0.867354928900606 0.3509763563534325
0.867354928900606 0.3509763563534325
0.867354928900606 0.3509763563534325
0.867354928900606 0.3509763563534325
0.867354928900606 0.3509763563534325
0.867354928900606 0.3509763563534325
0.867354928900606 0.3509763563534325
0.867354928900606 0.3509763563534325
0.867354928900606 0.3509763563534325
0.867354928900606 0.3509763563534325
0.867354928900606 0.3509763563534325
0.867354928900606 0.3509763563534325
0.867354928900606 0.3509763563534325
0.867354928900606 0.3509763563534325
0.867354928900606 0.3509763563534325
0.867354928900606 0.3509763563534325
0.867354928900606 0.3509763563534325
0.867354928900606 0.3509763563534325
0.867354928900606 0.3509763563534325
0.867354928900606 0.3509763563534325
0.867354928900606 0.3509763563534325
0.867354928900606 0.3509763563534325
0.8700387676988484 0.35074861443166944
0.8729712762647999 0.35032671068431037
0.8761582519425769 0.3496462840185439
0.8795955521634465 0.3486297850575852
0.8832647792839079 0.3471872215979859
0.887129868675122 0.34522072891447475
0.8911364338683072 0.3426321653238676
0.8952155753143625 0.33933197701956264
0.8992930030596122 0.3352468609428157
0.9032976690138849 0.3303197781446721
0.907170804207736 0.32450734148601384
0.9108670662897754 0.31777116066509054
0.9143548700867346 0.3100717839756574
0.9176122340508409 0.30136277289434177
0.9206248339563895 0.29158802050809546
0.9233824563636105 0.2806795187959445
0.9258776738834763 0.26855652216590165
0.9281056418658515 0.2551249667518564
0.9300640484900187 0.24027675601274834
0.9317553812242348 0.22388913268870309
0.9331896104303848 0.20582367128680898
0.934390173112557 0.1859251718353679
0.9354043738525276 0.16402035143933325
0.9363227744630003 0.13991662096219848
0.9363441426102541 0.13932840441578095
0.9370711553166694 0.1196730387639931
0.9378207415519307 0.1018080636546433
0.9386665827587186 0.08557497889012643
0.9396610119096416 0.07083120715182173
0.9408444731530861 0.057449696473279646
0.9422526805943376 0.04531886691863625
0.943922149518737 0.03434332624318335
0.9458960576268334 0.024446189203412867
0.9482305298932434 0.01557439503869601
0.9510022640828073 0.007710208499087686
0.95431439937081 0.0008949653063124112
0.9582847025696778 -0.004727500665253579
0.9629585151274506 -0.008874483237471788
0.9681097677058166 -0.011254728026852331
0.9732250162466498 -0.011958021192215557
0.9779029299494236 -0.011493702337884217
0.9820317701916875 -0.010376833707867279
0.9856473069922238 -0.008941800267895228
0.9888193308213248 -0.007377177252939272
0.9916144030042922 -0.0057872059764952025
0.9940884448971187 -0.004229743430772102
0.9962870685321383 -0.0027365257538986614
0.9982472699492604 -0.00132390367263614
1.0 0.0
