# CURVE 2D, normalized by CHORD
# COLUMN#1 = X-coordinate, COLUMN#2 = Y-coordinate
#-------------------------------------------------------------------------------
0.0 0.0
0.01166379903593118 0.002175824913969604
0.023354989463919743 0.004438070788000137
0.03506897413020718 0.006807620049855215
0.04679830792717598 0.009316099470306621
0.058529703785319076 0.012015705955628567
0.07023546424224168 0.01500488839330181
0.07032979674527384 0.015030686053414326
0.0789046393218249 0.017549403384183947
0.08730107715181384 0.020598652372846925
0.09423817052914157 0.02577186245240422
0.10320535615407674 0.1234007021367983
0.10254006799029296 0.11615748066211845
0.10188507912106042 0.10902639115600264
0.10124023010348797 0.10200569770875687
0.10060536396301238 0.09509369128422279
0.09998032615518615 0.08828868930374995
0.09936496452805708 0.08158903523660825
0.09875912928513013 0.07499309819674137
0.09816267294890269 0.06849927254576274
0.09757545032496437 0.062105977502097676
0.09699731846665262 0.055811656756176095
0.09642813664025536 0.04961477809158271
0.09586776629075244 0.04351383301207197
0.09531607100808745 0.0375073363743572
0.09477291649396156 0.031593826026584684
0.09423817052914157 0.025771862452404218
0.10320535615407674 0.1234007021367983
0.10387064431786051 0.13064392361147814
0.10452563318709306 0.13777501311759394
0.1051704822046655 0.14479570656483973
0.10580534834514109 0.1517077129893738
0.10643038615296732 0.15851271496984665
0.10704574778009639 0.16521236903698833
0.10765158302302334 0.1718083060768552
0.10824803935925079 0.17830213172783382
0.1088352619831891 0.18469542677149892
0.10941339384150085 0.19098974751742048
0.10998257566789811 0.19718662618201388
0.11054294601740103 0.20328757126152464
0.11109464130006602 0.20929406789923938
0.1116377958141919 0.21520757824701192
0.1121725417790119 0.22102954182119236
0.1121725417790119 0.22102954182119236
0.11375505029741335 0.23767788146937138
0.11545207989901622 0.2544349971938621
0.11726207778738047 0.27130127821373295
0.11918736980305025 0.28827672254696524
0.12123315201310492 0.305360962440551
0.1234069797402096 0.32255325429682746
0.12571879353668503 0.3398524066208493
0.1281811608622195 0.3572566663773354
0.1308097984538028 0.3747635395592282
0.13362440241281934 0.39236951860360486
0.13664988143602855 0.4100696668384376
0.13673366253216884 0.4105425484182217
0.1400086605430322 0.4283297506434748
0.14351863487305555 0.4459467618535894
0.14730685546904151 0.46338109980507014
0.1514331013484798 0.48061379472499105
0.15598361987660875 0.4976144890511382
0.16108985019434346 0.51433107463517
0.1669687897672915 0.5306642411654887
0.17402140186821366 0.5463921350645651
0.18312430768008472 0.5608658401417663
0.1964033075923487 0.5711036920289412
0.4137482546006066 0.6387392643438926
0.3923812002299455 0.6320900508657921
0.37135129750631335 0.6255457556060243
0.35065322649973185 0.6191047230556221
0.33028175122362097 0.6127653238279636
0.3102317183102524 0.6065259542465866
0.2904980557071035 0.6003850359395076
0.27107577139378103 0.5943410154399403
0.25195995211919087 0.5883923637933164
0.23314576215863408 0.5825375761705053
0.2146284420905144 0.5767751714871389
0.1964033075923487 0.5711036920289412
0.4137482546006066 0.6387392643438926
0.4351153089712677 0.6453884778219932
0.45614521169489985 0.6519327730817609
0.47684328270148135 0.6583738056321631
0.49721475797759224 0.6647132048598217
0.5172647908909608 0.6709525744411986
0.5369984534941097 0.6770934927482776
0.5564207378074322 0.6831375132478449
0.5755365570820223 0.6890861648944688
0.5943507470425791 0.6949409525172799
0.6128680671106987 0.7007033572006464
0.6310932016088645 0.706374836658844
0.6310932016088645 0.706374836658844
0.6521912115173005 0.7032001171342689
0.6685813464621675 0.6883455154154249
0.6814785177015842 0.6700037052935576
0.6925219793277253 0.6502262807113477
0.7024582356345312 0.6296234854830971
0.7116733934727749 0.6084460899283717
0.7203947300263701 0.5868196329611653
0.728769728094764 0.5648155847588762
0.736901769754195 0.5424785882683134
0.7448677699767013 0.5198385120245812
0.7527282236397789 0.49691661707883944
0.7605329132255572 0.4737288538596799
0.7683249051211043 0.4502879455075179
0.7761429308005892 0.4266046128653172
0.7840233563742913 0.40268850499237063
0.7920016752539659 0.37854889267763153
0.792352965802968 0.3774894881756043
0.8012781022462253 0.3507223354232358
0.81022801042603 0.3242645803962649
0.8192458131982482 0.2981285866381684
0.8283753267431989 0.2723278937749039
0.8376626880928102 0.24687812858847172
0.8471585850945476 0.22179829685718713
0.8569206151584368 0.19711240753571552
0.8670163577069598 0.17285182432682286
0.8775280553707638 0.14905906048097134
0.888558467563762 0.12579349578692725
0.9002408124150489 0.10314162175856066
0.9127532109310947 0.0812350174505688
0.9263417604552358 0.060285020897440256
0.9413557484596764 0.040654163438526875
0.9582875607510493 0.02301018286762075
0.9777476031652422 0.00865791437507975
1.0 0.0
