# CURVE 2D, normalized by CHORD
# COLUMN#1 = X-coordinate, COLUMN#2 = Y-coordinate
#-------------------------------------------------------------------------------
0.0 0.0
0.0005900984251724617 9.89491069509831e-05
0.001239136815045874 0.00020820901977987728
0.001952991511454178 0.0003289137216976584
0.002738124934656233 0.00046231861194303214
0.0036016383346368524 0.0006098467029979358
0.004551338785330363 0.0007730862459253409
0.0055958044490076585 0.0009538372982878104
0.0067444612628400616 0.0011541336646788128
0.008007663332060547 0.0013762892573077285
0.009396782713677096 0.0016229401090639601
0.010924305256840895 0.0018971056527545738
0.012603933631544934 0.002202266903155391
0.01445069699783629 0.0025424685613936048
0.01648107054086594 0.002922431278554208
0.018713096155051328 0.0033477243124612533
0.021166504330417234 0.0038249967092256064
0.023862833435997936 0.004362282081106262
0.026825528153655014 0.004969455623797529
0.030079999302919016 0.005658895312713998
0.033653591459547404 0.006446528771445941
0.0375753668934448 0.007353517093501879
0.041875462570441564 0.008409253042869031
0.04658345089584211 0.009657025569326806
0.05172392128594488 0.011166298912216701
0.051793228411723805 0.011187966801757675
0.05382861453898966 0.01184333876479059
0.05566820055076638 0.0124715714072657
0.05732940402393017 0.01307433558692815
0.05882800758038933 0.013653213566774835
0.06017830004563658 0.014209703452113373
0.06139320430697415 0.014745220668846894
0.06248438425149553 0.01526111480447113
0.063462370622137 0.01575861963043425
0.06433661972341981 0.016238919443930546
0.06511563467439407 0.016703066977589654
0.06580700949396119 0.017152030639974454
0.06641754027126627 0.01758661164841499
0.06695326489439442 0.018007468489013075
0.06741957605315592 0.018415031031458518
0.06782128908920398 0.018809486313496084
0.06816279279200249 0.019190688700168365
0.06844817650985495 0.01955813899399729
0.06868143909424831 0.01991094341869002
0.06886665755167995 0.02024787227839895
0.06900822380704234 0.020567441353399853
0.06911088077190662 0.020868145107070874
0.06917979844203116 0.021148663048514076
0.06922033832400833 0.0214081209198518
0.06923781865314979 0.021646221651434462
0.07259909475819543 0.12177915415263205
0.071742653602598 0.09626564031306603
0.07108385271367691 0.07663986043647678
0.07057708279912223 0.06154310668525428
0.07018725978792631 0.04993021918431388
0.06988739593316022 0.04099722879897513
0.069656731429494 0.03412569773332992
0.0694792971959046 0.028839904605910544
0.06934280932391275 0.024773909892511006
0.06923781865314979 0.021646221651434455
0.07259909475819543 0.12177915415263205
0.07345553591379285 0.14729266799219806
0.07411433680271394 0.16691844786878732
0.07462110671726863 0.1820152016200098
0.07501092972846453 0.1936280891209502
0.07531079358323062 0.20256107950628896
0.07554145808689684 0.20943261057193419
0.07571889232048624 0.21471840369935355
0.07585538019247809 0.2187843984127531
0.07596037086324105 0.22191208665382964
0.07596037086324105 0.22191208665382964
0.07599488368305377 0.22279604958461224
0.07604415424658105 0.2237679000163138
0.07611211075206124 0.22483614718368983
0.0762038290557462 0.22601001436443494
0.07632551641626611 0.22729947172619921
0.0764850673533521 0.22871521033983222
0.07669206399781871 0.23026864411396378
0.07695850950463043 0.23197180090378433
0.07729937350075856 0.23383716073416042
0.07773294030118087 0.23587745843224234
0.07828193923329643 0.23810522780104976
0.07897400221655491 0.24053231647784734
0.07984290368266757 0.24316900405519315
0.08092919118636491 0.24602298865434977
0.08228109231527056 0.24909795368232912
0.08395505090044286 0.2523918338074833
0.08601551849579163 0.2558950035196746
0.08853438411427732 0.25958832389036046
0.09158934250039527 0.26344164950506543
0.09526137763420778 0.2674132599939458
0.09963222511631738 0.27145011704005517
0.10478179356490211 0.2754894272323822
0.1107865700683813 0.27946084567585644
0.11771929693234659 0.283288675711153
0.11786338665231234 0.28336096506208797
0.12586448622340288 0.2869807547275011
0.13334939640629115 0.28975980581966104
0.1402856992418581 0.2918991312615377
0.14667536935975453 0.2935482587229741
0.15253849640041867 0.2948190666921938
0.15790420921177103 0.2957961945956186
0.16280565059799837 0.2965442209628274
0.16727710954236302 0.29711292585608307
0.17135242310747775 0.29754095251221907
0.17506408284116495 0.2978585472373193
0.1784427741146583 0.2980895029072916
0.18151716261979414 0.2982526065718952
0.18431382908482746 0.29836273171740924
0.18685729172900434 0.29843170859004053
0.18917008344492636 0.2984689367001829
0.19127285560453533 0.2984818969050623
0.1931844967343961 0.29847651747634907
0.19492225615087602 0.29845750926235615
0.19650186851628476 0.29842862288245686
0.19793767335346255 0.2983927919215778
0.1992427302442357 0.29835233244485215
0.20042892584006455 0.2983090318166813
0.20150707625037806 0.29826429732248594
0.20248701980820785 0.29821920967420545
0.20248701980820785 0.29821920967420545
0.22246383878429407 0.29725655522078975
0.2424406577603803 0.29629390076737405
0.2624174767364665 0.2953312463139584
0.28239429571255276 0.2943685918605427
0.30237111468863903 0.293405937407127
0.3223479336647253 0.2924432829537113
0.34232475264081164 0.2914806285002956
0.3623015716168981 0.2905179740468799
0.38227839059298446 0.2895553195934642
0.4022552095690709 0.2885926651400485
0.4222320285451573 0.28763001068663285
0.44220884752124373 0.2866673562332171
0.4621856664973297 0.28570470177980145
0.4821624854734153 0.28474204732638575
0.502139304449501 0.2837793928729701
0.5221161234255866 0.28281673841955446
0.5420929424016722 0.28185408396613876
0.5620697613777578 0.2808914295127231
0.5820465803538434 0.27992877505930747
0.602023399329929 0.2789661206058918
0.6220002183060147 0.2780034661524761
0.6419770372821003 0.2770408116990605
0.6619538562581859 0.27607815724564483
0.6819306752342715 0.2751155027922292
0.7019074942103571 0.2741528483388135
0.7218843131864444 0.2731901938853978
0.7418611321625317 0.272227539431982
0.7618379511386189 0.27126488497856627
0.7818147701147061 0.2703022305251505
0.8017915890907934 0.2693395760717348
0.8217684080668807 0.26837692161831905
0.841745227042968 0.2674142671649033
0.8617220460190551 0.2664516127114876
0.8816988649951424 0.26548895825807184
0.8824689221377725 0.26545185030116314
0.8824689221377725 0.26545185030116314
0.8824689221377725 0.26545185030116314
0.8824689221377725 0.26545185030116314
0.8824689221377725 0.26545185030116314
0.8824689221377725 0.26545185030116314
0.8824689221377725 0.26545185030116314
0.8824689221377725 0.26545185030116314
0.8824689221377725 0.26545185030116314
0.8824689221377725 0.26545185030116314
0.8824689221377725 0.26545185030116314
0.8824689221377725 0.26545185030116314
0.8824689221377725 0.26545185030116314
0.8824689221377725 0.26545185030116314
0.8824689221377725 0.26545185030116314
0.8824689221377725 0.26545185030116314
0.8824689221377725 0.26545185030116314
0.8824689221377725 0.26545185030116314
0.8824689221377725 0.26545185030116314
0.8824689221377725 0.26545185030116314
0.8824689221377725 0.26545185030116314
0.8824689221377725 0.26545185030116314
0.8824689221377725 0.26545185030116314
0.8824689221377725 0.26545185030116314
0.8824689221377725 0.26545185030116314
0.8824689221377725 0.26545185030116314
0.8824689221377725 0.26545185030116314
0.8824689221377725 0.26545185030116314
0.8824689221377725 0.26545185030116314
0.8824689221377725 0.26545185030116314
0.8824689221377725 0.26545185030116314
0.8824689221377725 0.26545185030116314
0.8824689221377725 0.26545185030116314
0.8824689221377725 0.26545185030116314
0.8824689221377725 0.26545185030116314
0.8824689221377725 0.26545185030116314
0.8824689221377725 0.26545185030116314
0.8824689221377725 0.26545185030116314
0.8824689221377725 0.26545185030116314
0.8824689221377725 0.26545185030116314
0.8824689221377725 0.26545185030116314
0.8824689221377725 0.26545185030116314
0.8824689221377725 0.26545185030116314
0.8824689221377725 0.26545185030116314
0.8824689221377725 0.26545185030116314
0.8824689221377725 0.26545185030116314
0.8824689221377725 0.26545185030116314
0.8824689221377725 0.26545185030116314
0.8824689221377725 0.26545185030116314
0.8824689221377725 0.26545185030116314
0.8824689221377725 0.26545185030116314
0.8824689221377725 0.26545185030116314
0.8824689221377725 0.26545185030116314
0.8824689221377725 0.26545185030116314
0.8824689221377725 0.26545185030116314
0.8824689221377725 0.26545185030116314
0.8824689221377725 0.26545185030116314
0.8824689221377725 0.26545185030116314
0.8824689221377725 0.26545185030116314
0.8824689221377725 0.26545185030116314
0.8824689221377725 0.26545185030116314
0.8824689221377725 0.26545185030116314
0.8824689221377725 0.26545185030116314
0.8824689221377725 0.26545185030116314
0.8824689221377725 0.26545185030116314
0.8824689221377725 0.26545185030116314
0.8824689221377725 0.26545185030116314
0.8824689221377725 0.26545185030116314
0.8824689221377725 0.26545185030116314
0.8824689221377725 0.26545185030116314
0.8824689221377725 0.26545185030116314
0.8824689221377725 0.26545185030116314
0.8824689221377725 0.26545185030116314
0.8824689221377725 0.26545185030116314
0.8824689221377725 0.26545185030116314
0.8824689221377725 0.26545185030116314
0.8824689221377725 0.26545185030116314
0.8824689221377725 0.26545185030116314
0.8824689221377725 0.26545185030116314
0.8824689221377725 0.26545185030116314
0.8824689221377725 0.26545185030116314
0.8824689221377725 0.26545185030116314
0.8824689221377725 0.26545185030116314
0.8824689221377725 0.26545185030116314
0.8824689221377725 0.26545185030116314
0.8824689221377725 0.26545185030116314
0.8824689221377725 0.26545185030116314
0.8824689221377725 0.26545185030116314
0.8824689221377725 0.26545185030116314
0.8824689221377725 0.26545185030116314
0.8824689221377725 0.26545185030116314
0.8824689221377725 0.26545185030116314
0.8824689221377725 0.26545185030116314
0.8824689221377725 0.26545185030116314
0.8824689221377725 0.26545185030116314
0.8824689221377725 0.26545185030116314
0.8824689221377725 0.26545185030116314
0.8824689221377725 0.26545185030116314
0.8824689221377725 0.26545185030116314
0.8824689221377725 0.26545185030116314
0.8824689221377725 0.26545185030116314
0.8824689221377725 0.26545185030116314
0.8824689221377725 0.26545185030116314
0.8824689221377725 0.26545185030116314
0.8824689221377725 0.26545185030116314
0.8824689221377725 0.26545185030116314
0.8824689221377725 0.26545185030116314
0.8824689221377725 0.26545185030116314
0.8824689221377725 0.26545185030116314
0.8824689221377725 0.26545185030116314
0.8824689221377725 0.26545185030116314
0.8824689221377725 0.26545185030116314
0.8824689221377725 0.26545185030116314
0.8824689221377725 0.26545185030116314
0.8824689221377725 0.26545185030116314
0.8824689221377725 0.26545185030116314
0.8824689221377725 0.26545185030116314
0.8824689221377725 0.26545185030116314
0.8824689221377725 0.26545185030116314
0.8824689221377725 0.26545185030116314
0.8824689221377725 0.26545185030116314
0.8824689221377725 0.26545185030116314
0.8824689221377725 0.26545185030116314
0.8824689221377725 0.26545185030116314
0.8824689221377725 0.26545185030116314
0.8824689221377725 0.26545185030116314
0.8824689221377725 0.26545185030116314
0.8824689221377725 0.26545185030116314
0.8824689221377725 0.26545185030116314
0.8824689221377725 0.26545185030116314
0.8824689221377725 0.26545185030116314
0.8824689221377725 0.26545185030116314
0.8824689221377725 0.26545185030116314
0.8824689221377725 0.26545185030116314
0.8824689221377725 0.26545185030116314
0.8824689221377725 0.26545185030116314
0.8824689221377725 0.26545185030116314
0.8824689221377725 0.26545185030116314
0.8824689221377725 0.26545185030116314
0.8824689221377725 0.26545185030116314
0.8824689221377725 0.26545185030116314
0.8824689221377725 0.26545185030116314
0.8824689221377725 0.26545185030116314
0.8824689221377725 0.26545185030116314
0.8824689221377725 0.26545185030116314
0.8824689221377725 0.26545185030116314
0.8824689221377725 0.26545185030116314
0.8824689221377725 0.26545185030116314
0.8824689221377725 0.26545185030116314
0.8824689221377725 0.26545185030116314
0.8824689221377725 0.26545185030116314
0.8824689221377725 0.26545185030116314
0.8824689221377725 0.26545185030116314
0.8824689221377725 0.26545185030116314
0.8824689221377725 0.26545185030116314
0.8824689221377725 0.26545185030116314
0.8824689221377725 0.26545185030116314
0.8824689221377725 0.26545185030116314
0.8824689221377725 0.26545185030116314
0.8824689221377725 0.26545185030116314
0.8824689221377725 0.26545185030116314
0.8824689221377725 0.26545185030116314
0.8824689221377725 0.26545185030116314
0.8824689221377725 0.26545185030116314
0.8824689221377725 0.26545185030116314
0.8824689221377725 0.26545185030116314
0.8824689221377725 0.26545185030116314
0.8824689221377725 0.26545185030116314
0.8824689221377725 0.26545185030116314
0.8824689221377725 0.26545185030116314
0.8824689221377725 0.26545185030116314
0.8824689221377725 0.26545185030116314
0.8824689221377725 0.26545185030116314
0.8824689221377725 0.26545185030116314
0.8824689221377725 0.26545185030116314
0.8824689221377725 0.26545185030116314
0.8824689221377725 0.26545185030116314
0.8824689221377725 0.26545185030116314
0.8824689221377725 0.26545185030116314
0.8824689221377725 0.26545185030116314
0.8824689221377725 0.26545185030116314
0.8824689221377725 0.26545185030116314
0.8824689221377725 0.26545185030116314
0.8824689221377725 0.26545185030116314
0.8824689221377725 0.26545185030116314
0.8824689221377725 0.26545185030116314
0.8824689221377725 0.26545185030116314
0.8824689221377725 0.26545185030116314
0.8824689221377725 0.26545185030116314
0.8824689221377725 0.26545185030116314
0.8824689221377725 0.26545185030116314
0.8824689221377725 0.26545185030116314
0.8824689221377725 0.26545185030116314
0.8824689221377725 0.26545185030116314
0.8824689221377725 0.26545185030116314
0.8824689221377725 0.26545185030116314
0.8824689221377725 0.26545185030116314
0.8824689221377725 0.26545185030116314
0.8824689221377725 0.26545185030116314
0.8824689221377725 0.26545185030116314
0.8824689221377725 0.26545185030116314
0.8824689221377725 0.26545185030116314
0.8824689221377725 0.26545185030116314
0.8824689221377725 0.26545185030116314
0.8824689221377725 0.26545185030116314
0.8824689221377725 0.26545185030116314
0.8824689221377725 0.26545185030116314
0.8824689221377725 0.26545185030116314
0.8824689221377725 0.26545185030116314
0.8824689221377725 0.26545185030116314
0.8824689221377725 0.26545185030116314
0.8824689221377725 0.26545185030116314
0.8824689221377725 0.26545185030116314
0.8824689221377725 0.26545185030116314
0.8824689221377725 0.26545185030116314
0.8824689221377725 0.26545185030116314
0.8824689221377725 0.26545185030116314
0.8824689221377725 0.26545185030116314
0.8824689221377725 0.26545185030116314
0.8824689221377725 0.26545185030116314
0.8824689221377725 0.26545185030116314
0.8824689221377725 0.26545185030116314
0.8824689221377725 0.26545185030116314
0.8824689221377725 0.26545185030116314
0.8824689221377725 0.26545185030116314
0.8824689221377725 0.26545185030116314
0.8824689221377725 0.26545185030116314
0.8824689221377725 0.26545185030116314
0.8824689221377725 0.26545185030116314
0.8824689221377725 0.26545185030116314
0.8824689221377725 0.26545185030116314
0.8824689221377725 0.26545185030116314
0.8824689221377725 0.26545185030116314
0.8824689221377725 0.26545185030116314
0.8824689221377725 0.26545185030116314
0.8824689221377725 0.26545185030116314
0.8824689221377725 0.26545185030116314
0.8824689221377725 0.26545185030116314
0.8824689221377725 0.26545185030116314
0.8824689221377725 0.26545185030116314
0.8824689221377725 0.26545185030116314
0.8824689221377725 0.26545185030116314
0.8824689221377725 0.26545185030116314
0.8824689221377725 0.26545185030116314
0.8824689221377725 0.26545185030116314
0.8824689221377725 0.26545185030116314
0.8824689221377725 0.26545185030116314
0.8824689221377725 0.26545185030116314
0.8824689221377725 0.26545185030116314
0.8824689221377725 0.26545185030116314
0.8824689221377725 0.26545185030116314
0.8824689221377725 0.26545185030116314
0.8824689221377725 0.26545185030116314
0.8824689221377725 0.26545185030116314
0.8824689221377725 0.26545185030116314
0.8824689221377725 0.26545185030116314
0.8824689221377725 0.26545185030116314
0.8824689221377725 0.26545185030116314
0.8824689221377725 0.26545185030116314
0.8824689221377725 0.26545185030116314
0.8824689221377725 0.26545185030116314
0.8824689221377725 0.26545185030116314
0.8824689221377725 0.26545185030116314
0.8824689221377725 0.26545185030116314
0.8824689221377725 0.26545185030116314
0.8824689221377725 0.26545185030116314
0.8824689221377725 0.26545185030116314
0.8824689221377725 0.26545185030116314
0.8824689221377725 0.26545185030116314
0.8824689221377725 0.26545185030116314
0.8824689221377725 0.26545185030116314
0.8824689221377725 0.26545185030116314
0.8824689221377725 0.26545185030116314
0.8824689221377725 0.26545185030116314
0.8824689221377725 0.26545185030116314
0.8824689221377725 0.26545185030116314
0.8824689221377725 0.26545185030116314
0.8824689221377725 0.26545185030116314
0.8824689221377725 0.26545185030116314
0.8824689221377725 0.26545185030116314
0.8824689221377725 0.26545185030116314
0.8824689221377725 0.26545185030116314
0.8824689221377725 0.26545185030116314
0.8824689221377725 0.26545185030116314
0.8824689221377725 0.26545185030116314
0.8824689221377725 0.26545185030116314
0.8824689221377725 0.26545185030116314
0.8824689221377725 0.26545185030116314
0.8824689221377725 0.26545185030116314
0.8824689221377725 0.26545185030116314
0.8824689221377725 0.26545185030116314
0.8824689221377725 0.26545185030116314
0.8824689221377725 0.26545185030116314
0.8824689221377725 0.26545185030116314
0.8824689221377725 0.26545185030116314
0.8824689221377725 0.26545185030116314
0.8824689221377725 0.26545185030116314
0.8824689221377725 0.26545185030116314
0.8824689221377725 0.26545185030116314
0.8824689221377725 0.26545185030116314
0.8824689221377725 0.26545185030116314
0.8824689221377725 0.26545185030116314
0.8824689221377725 0.26545185030116314
0.8824689221377725 0.26545185030116314
0.8824689221377725 0.26545185030116314
0.8824689221377725 0.26545185030116314
0.8824689221377725 0.26545185030116314
0.8824689221377725 0.26545185030116314
0.8824689221377725 0.26545185030116314
0.8824689221377725 0.26545185030116314
0.8824689221377725 0.26545185030116314
0.8824689221377725 0.26545185030116314
0.8824689221377725 0.26545185030116314
0.8824689221377725 0.26545185030116314
0.8824689221377725 0.26545185030116314
0.8824689221377725 0.26545185030116314
0.8824689221377725 0.26545185030116314
0.8824689221377725 0.26545185030116314
0.8824689221377725 0.26545185030116314
0.8824689221377725 0.26545185030116314
0.8824689221377725 0.26545185030116314
0.8824689221377725 0.26545185030116314
0.8824689221377725 0.26545185030116314
0.8824689221377725 0.26545185030116314
0.8824689221377725 0.26545185030116314
0.8824689221377725 0.26545185030116314
0.8824689221377725 0.26545185030116314
0.8824689221377725 0.26545185030116314
0.8824689221377725 0.26545185030116314
0.8824689221377725 0.26545185030116314
0.8824689221377725 0.26545185030116314
0.8824689221377725 0.26545185030116314
0.8824689221377725 0.26545185030116314
0.8824689221377725 0.26545185030116314
0.8824689221377725 0.26545185030116314
0.8824689221377725 0.26545185030116314
0.8824689221377725 0.26545185030116314
0.8824689221377725 0.26545185030116314
0.8824689221377725 0.26545185030116314
0.8824689221377725 0.26545185030116314
0.8824689221377725 0.26545185030116314
0.8824689221377725 0.26545185030116314
0.8824689221377725 0.26545185030116314
0.8824689221377725 0.26545185030116314
0.8824689221377725 0.26545185030116314
0.8824689221377725 0.26545185030116314
0.8824689221377725 0.26545185030116314
0.8824689221377725 0.26545185030116314
0.8824689221377725 0.26545185030116314
0.8824689221377725 0.26545185030116314
0.8824689221377725 0.26545185030116314
0.8824689221377725 0.26545185030116314
0.8824689221377725 0.26545185030116314
0.8824689221377725 0.26545185030116314
0.8824689221377725 0.26545185030116314
0.8824689221377725 0.26545185030116314
0.8824689221377725 0.26545185030116314
0.8824689221377725 0.26545185030116314
0.8824689221377725 0.26545185030116314
0.8824689221377725 0.26545185030116314
0.8824689221377725 0.26545185030116314
0.8824689221377725 0.26545185030116314
0.8824689221377725 0.26545185030116314
0.8824689221377725 0.26545185030116314
0.8824689221377725 0.26545185030116314
0.8824689221377725 0.26545185030116314
0.8824689221377725 0.26545185030116314
0.8824689221377725 0.26545185030116314
0.8824689221377725 0.26545185030116314
0.8824689221377725 0.26545185030116314
0.8824689221377725 0.26545185030116314
0.8824689221377725 0.26545185030116314
0.8824689221377725 0.26545185030116314
0.8824689221377725 0.26545185030116314
0.8824689221377725 0.26545185030116314
0.8824689221377725 0.26545185030116314
0.8824689221377725 0.26545185030116314
0.8824689221377725 0.26545185030116314
0.8824689221377725 0.26545185030116314
0.8824689221377725 0.26545185030116314
0.8824689221377725 0.26545185030116314
0.8824689221377725 0.26545185030116314
0.8824689221377725 0.26545185030116314
0.8824689221377725 0.26545185030116314
0.8824689221377725 0.26545185030116314
0.8824689221377725 0.26545185030116314
0.8824689221377725 0.26545185030116314
0.8824689221377725 0.26545185030116314
0.8824689221377725 0.26545185030116314
0.8824689221377725 0.26545185030116314
0.8824689221377725 0.26545185030116314
0.8824689221377725 0.26545185030116314
0.8824689221377725 0.26545185030116314
0.8824689221377725 0.26545185030116314
0.8824689221377725 0.26545185030116314
0.8824689221377725 0.26545185030116314
0.8824689221377725 0.26545185030116314
0.8824689221377725 0.26545185030116314
0.8824689221377725 0.26545185030116314
0.8824689221377725 0.26545185030116314
0.8824689221377725 0.26545185030116314
0.8824689221377725 0.26545185030116314
0.8824689221377725 0.26545185030116314
0.8824689221377725 0.26545185030116314
0.8824689221377725 0.26545185030116314
0.8824689221377725 0.26545185030116314
0.8824689221377725 0.26545185030116314
0.8824689221377725 0.26545185030116314
0.8824689221377725 0.26545185030116314
0.8824689221377725 0.26545185030116314
0.8824689221377725 0.26545185030116314
0.8824689221377725 0.26545185030116314
0.8824689221377725 0.26545185030116314
0.8824689221377725 0.26545185030116314
0.8824689221377725 0.26545185030116314
0.8824689221377725 0.26545185030116314
0.8824689221377725 0.26545185030116314
0.8824689221377725 0.26545185030116314
0.8824689221377725 0.26545185030116314
0.8824689221377725 0.26545185030116314
0.8824689221377725 0.26545185030116314
0.8824689221377725 0.26545185030116314
0.8824689221377725 0.26545185030116314
0.8824689221377725 0.26545185030116314
0.8824689221377725 0.26545185030116314
0.8824689221377725 0.26545185030116314
0.8824689221377725 0.26545185030116314
0.8824689221377725 0.26545185030116314
0.8824689221377725 0.26545185030116314
0.8824689221377725 0.26545185030116314
0.8824689221377725 0.26545185030116314
0.8824689221377725 0.26545185030116314
0.8824689221377725 0.26545185030116314
0.8824689221377725 0.26545185030116314
0.8824689221377725 0.26545185030116314
0.8824689221377725 0.26545185030116314
0.8824689221377725 0.26545185030116314
0.8824689221377725 0.26545185030116314
0.8824689221377725 0.26545185030116314
0.8824689221377725 0.26545185030116314
0.8824689221377725 0.26545185030116314
0.8824689221377725 0.26545185030116314
0.8824689221377725 0.26545185030116314
0.8824689221377725 0.26545185030116314
0.8824689221377725 0.26545185030116314
0.8824689221377725 0.26545185030116314
0.8824689221377725 0.26545185030116314
0.8824689221377725 0.26545185030116314
0.8824689221377725 0.26545185030116314
0.8824689221377725 0.26545185030116314
0.8824689221377725 0.26545185030116314
0.8824689221377725 0.26545185030116314
0.8824689221377725 0.26545185030116314
0.8824689221377725 0.26545185030116314
0.8824689221377725 0.26545185030116314
0.8824689221377725 0.26545185030116314
0.8824689221377725 0.26545185030116314
0.8824689221377725 0.26545185030116314
0.8824689221377725 0.26545185030116314
0.8824689221377725 0.26545185030116314
0.8824689221377725 0.26545185030116314
0.8824689221377725 0.26545185030116314
0.8824689221377725 0.26545185030116314
0.8824689221377725 0.26545185030116314
0.8824689221377725 0.26545185030116314
0.8824689221377725 0.26545185030116314
0.8824689221377725 0.26545185030116314
0.8824689221377725 0.26545185030116314
0.8824689221377725 0.26545185030116314
0.8824689221377725 0.26545185030116314
0.8824689221377725 0.26545185030116314
0.8824689221377725 0.26545185030116314
0.8824689221377725 0.26545185030116314
0.8824689221377725 0.26545185030116314
0.8824689221377725 0.26545185030116314
0.8824689221377725 0.26545185030116314
0.8824689221377725 0.26545185030116314
0.8824689221377725 0.26545185030116314
0.8824689221377725 0.26545185030116314
0.8824689221377725 0.26545185030116314
0.8824689221377725 0.26545185030116314
0.8824689221377725 0.26545185030116314
0.8824689221377725 0.26545185030116314
0.8824689221377725 0.26545185030116314
0.8824689221377725 0.26545185030116314
0.8824689221377725 0.26545185030116314
0.8824689221377725 0.26545185030116314
0.8824689221377725 0.26545185030116314
0.8824689221377725 0.26545185030116314
0.8824689221377725 0.26545185030116314
0.8824689221377725 0.26545185030116314
0.8824689221377725 0.26545185030116314
0.8824689221377725 0.26545185030116314
0.8824689221377725 0.26545185030116314
0.8824689221377725 0.26545185030116314
0.8824689221377725 0.26545185030116314
0.8824689221377725 0.26545185030116314
0.8824689221377725 0.26545185030116314
0.8824689221377725 0.26545185030116314
0.8824689221377725 0.26545185030116314
0.8824689221377725 0.26545185030116314
0.8824689221377725 0.26545185030116314
0.8824689221377725 0.26545185030116314
0.8824689221377725 0.26545185030116314
0.8824689221377725 0.26545185030116314
0.8824689221377725 0.26545185030116314
0.8824689221377725 0.26545185030116314
0.8824689221377725 0.26545185030116314
0.8824689221377725 0.26545185030116314
0.8824689221377725 0.26545185030116314
0.8824689221377725 0.26545185030116314
0.8824689221377725 0.26545185030116314
0.8824689221377725 0.26545185030116314
0.8824689221377725 0.26545185030116314
0.8824689221377725 0.26545185030116314
0.8824689221377725 0.26545185030116314
0.8824689221377725 0.26545185030116314
0.8824689221377725 0.26545185030116314
0.8824689221377725 0.26545185030116314
0.8824689221377725 0.26545185030116314
0.8824689221377725 0.26545185030116314
0.8824689221377725 0.26545185030116314
0.8824689221377725 0.26545185030116314
0.8824689221377725 0.26545185030116314
0.8824689221377725 0.26545185030116314
0.8824689221377725 0.26545185030116314
0.8824689221377725 0.26545185030116314
0.8824689221377725 0.26545185030116314
0.8824689221377725 0.26545185030116314
0.8824689221377725 0.26545185030116314
0.8824689221377725 0.26545185030116314
0.8824689221377725 0.26545185030116314
0.8824689221377725 0.26545185030116314
0.8824689221377725 0.26545185030116314
0.8824689221377725 0.26545185030116314
0.8824689221377725 0.26545185030116314
0.8824689221377725 0.26545185030116314
0.8824689221377725 0.26545185030116314
0.8824689221377725 0.26545185030116314
0.8824689221377725 0.26545185030116314
0.8824689221377725 0.26545185030116314
0.8824689221377725 0.26545185030116314
0.8824689221377725 0.26545185030116314
0.8824689221377725 0.26545185030116314
0.8824689221377725 0.26545185030116314
0.8824689221377725 0.26545185030116314
0.8824689221377725 0.26545185030116314
0.8824689221377725 0.26545185030116314
0.8824689221377725 0.26545185030116314
0.8824689221377725 0.26545185030116314
0.8824689221377725 0.26545185030116314
0.8824689221377725 0.26545185030116314
0.8824689221377725 0.26545185030116314
0.8824689221377725 0.26545185030116314
0.8824689221377725 0.26545185030116314
0.8824689221377725 0.26545185030116314
0.8824689221377725 0.26545185030116314
0.8824689221377725 0.26545185030116314
0.8824689221377725 0.26545185030116314
0.8824689221377725 0.26545185030116314
0.8824689221377725 0.26545185030116314
0.8824689221377725 0.26545185030116314
0.8824689221377725 0.26545185030116314
0.8824689221377725 0.26545185030116314
0.8824689221377725 0.26545185030116314
0.8824689221377725 0.26545185030116314
0.8824689221377725 0.26545185030116314
0.8824689221377725 0.26545185030116314
0.8824689221377725 0.26545185030116314
0.8824689221377725 0.26545185030116314
0.8824689221377725 0.26545185030116314
0.8824689221377725 0.26545185030116314
0.8824689221377725 0.26545185030116314
0.8824689221377725 0.26545185030116314
0.8824689221377725 0.26545185030116314
0.8824689221377725 0.26545185030116314
0.8824689221377725 0.26545185030116314
0.8824689221377725 0.26545185030116314
0.8824689221377725 0.26545185030116314
0.8824689221377725 0.26545185030116314
0.8824689221377725 0.26545185030116314
0.8824689221377725 0.26545185030116314
0.8824689221377725 0.26545185030116314
0.8824689221377725 0.26545185030116314
0.8824689221377725 0.26545185030116314
0.8824689221377725 0.26545185030116314
0.8824689221377725 0.26545185030116314
0.8824689221377725 0.26545185030116314
0.8824689221377725 0.26545185030116314
0.8824689221377725 0.26545185030116314
0.8824689221377725 0.26545185030116314
0.8824689221377725 0.26545185030116314
0.8824689221377725 0.26545185030116314
0.8824689221377725 0.26545185030116314
0.8824689221377725 0.26545185030116314
0.8824689221377725 0.26545185030116314
0.8824689221377725 0.26545185030116314
0.8824689221377725 0.26545185030116314
0.8824689221377725 0.26545185030116314
0.8824689221377725 0.26545185030116314
0.8824689221377725 0.26545185030116314
0.8824689221377725 0.26545185030116314
0.8824689221377725 0.26545185030116314
0.8824689221377725 0.26545185030116314
0.8824689221377725 0.26545185030116314
0.8824689221377725 0.26545185030116314
0.8824689221377725 0.26545185030116314
0.8824689221377725 0.26545185030116314
0.8824689221377725 0.26545185030116314
0.8824689221377725 0.26545185030116314
0.8824689221377725 0.26545185030116314
0.8824689221377725 0.26545185030116314
0.8824689221377725 0.26545185030116314
0.8824689221377725 0.26545185030116314
0.8824689221377725 0.26545185030116314
0.8824689221377725 0.26545185030116314
0.8824689221377725 0.26545185030116314
0.8824689221377725 0.26545185030116314
0.8824689221377725 0.26545185030116314
0.8824689221377725 0.26545185030116314
0.8824689221377725 0.26545185030116314
0.8824689221377725 0.26545185030116314
0.8824689221377725 0.26545185030116314
0.8824689221377725 0.26545185030116314
0.8824689221377725 0.26545185030116314
0.8824689221377725 0.26545185030116314
0.8824689221377725 0.26545185030116314
0.8824689221377725 0.26545185030116314
0.8824689221377725 0.26545185030116314
0.8824689221377725 0.26545185030116314
0.8824689221377725 0.26545185030116314
0.8824689221377725 0.26545185030116314
0.8824689221377725 0.26545185030116314
0.8824689221377725 0.26545185030116314
0.8824689221377725 0.26545185030116314
0.8824689221377725 0.26545185030116314
0.8824689221377725 0.26545185030116314
0.8824689221377725 0.26545185030116314
0.8824689221377725 0.26545185030116314
0.8824689221377725 0.26545185030116314
0.8824689221377725 0.26545185030116314
0.8824689221377725 0.26545185030116314
0.8824689221377725 0.26545185030116314
0.8824689221377725 0.26545185030116314
0.8824689221377725 0.26545185030116314
0.8824689221377725 0.26545185030116314
0.8824689221377725 0.26545185030116314
0.8824689221377725 0.26545185030116314
0.8824689221377725 0.26545185030116314
0.8824689221377725 0.26545185030116314
0.8824689221377725 0.26545185030116314
0.8824689221377725 0.26545185030116314
0.8824689221377725 0.26545185030116314
0.8824689221377725 0.26545185030116314
0.8824689221377725 0.26545185030116314
0.8824689221377725 0.26545185030116314
0.8824689221377725 0.26545185030116314
0.8824689221377725 0.26545185030116314
0.8824689221377725 0.26545185030116314
0.8824689221377725 0.26545185030116314
0.8824689221377725 0.26545185030116314
0.8824689221377725 0.26545185030116314
0.8824689221377725 0.26545185030116314
0.8824689221377725 0.26545185030116314
0.8824689221377725 0.26545185030116314
0.8824689221377725 0.26545185030116314
0.8824689221377725 0.26545185030116314
0.8824689221377725 0.26545185030116314
0.8824689221377725 0.26545185030116314
0.8824689221377725 0.26545185030116314
0.8824689221377725 0.26545185030116314
0.8824689221377725 0.26545185030116314
0.8824689221377725 0.26545185030116314
0.8824689221377725 0.26545185030116314
0.8824689221377725 0.26545185030116314
0.8824689221377725 0.26545185030116314
0.8824689221377725 0.26545185030116314
0.8824689221377725 0.26545185030116314
0.8824689221377725 0.26545185030116314
0.8824689221377725 0.26545185030116314
0.8824689221377725 0.26545185030116314
0.8824689221377725 0.26545185030116314
0.8824689221377725 0.26545185030116314
0.8824689221377725 0.26545185030116314
0.8824689221377725 0.26545185030116314
0.8824689221377725 0.26545185030116314
0.8824689221377725 0.26545185030116314
0.8824689221377725 0.26545185030116314
0.8824689221377725 0.26545185030116314
0.8824689221377725 0.26545185030116314
0.8824689221377725 0.26545185030116314
0.8824689221377725 0.26545185030116314
0.8824689221377725 0.26545185030116314
0.8824689221377725 0.26545185030116314
0.8824689221377725 0.26545185030116314
0.8824689221377725 0.26545185030116314
0.8824689221377725 0.26545185030116314
0.8824689221377725 0.26545185030116314
0.8824689221377725 0.26545185030116314
0.8824689221377725 0.26545185030116314
0.8824689221377725 0.26545185030116314
0.8824689221377725 0.26545185030116314
0.8824689221377725 0.26545185030116314
0.8824689221377725 0.26545185030116314
0.8824689221377725 0.26545185030116314
0.8824689221377725 0.26545185030116314
0.8824689221377725 0.26545185030116314
0.8824689221377725 0.26545185030116314
0.8824689221377725 0.26545185030116314
0.8824689221377725 0.26545185030116314
0.8824689221377725 0.26545185030116314
0.8824689221377725 0.26545185030116314
0.8824689221377725 0.26545185030116314
0.8824689221377725 0.26545185030116314
0.8824689221377725 0.26545185030116314
0.8824689221377725 0.26545185030116314
0.8824689221377725 0.26545185030116314
0.8824689221377725 0.26545185030116314
0.8824689221377725 0.26545185030116314
0.8824689221377725 0.26545185030116314
0.8824689221377725 0.26545185030116314
0.8824689221377725 0.26545185030116314
0.8824689221377725 0.26545185030116314
0.8824689221377725 0.26545185030116314
0.8824689221377725 0.26545185030116314
0.8824689221377725 0.26545185030116314
0.8824689221377725 0.26545185030116314
0.8824689221377725 0.26545185030116314
0.8824689221377725 0.26545185030116314
0.8824689221377725 0.26545185030116314
0.8824689221377725 0.26545185030116314
0.8824689221377725 0.26545185030116314
0.8824689221377725 0.26545185030116314
0.8824689221377725 0.26545185030116314
0.8824689221377725 0.26545185030116314
0.8824689221377725 0.26545185030116314
0.8824689221377725 0.26545185030116314
0.8824689221377725 0.26545185030116314
0.8824689221377725 0.26545185030116314
0.8824689221377725 0.26545185030116314
0.8824689221377725 0.26545185030116314
0.8824689221377725 0.26545185030116314
0.8824689221377725 0.26545185030116314
0.8824689221377725 0.26545185030116314
0.8824689221377725 0.26545185030116314
0.8824689221377725 0.26545185030116314
0.8824689221377725 0.26545185030116314
0.8824689221377725 0.26545185030116314
0.8824689221377725 0.26545185030116314
0.8824689221377725 0.26545185030116314
0.8824689221377725 0.26545185030116314
0.8824689221377725 0.26545185030116314
0.8824689221377725 0.26545185030116314
0.8824689221377725 0.26545185030116314
0.8824689221377725 0.26545185030116314
0.8824689221377725 0.26545185030116314
0.8824689221377725 0.26545185030116314
0.8824689221377725 0.26545185030116314
0.8824689221377725 0.26545185030116314
0.8824689221377725 0.26545185030116314
0.8824689221377725 0.26545185030116314
0.8824689221377725 0.26545185030116314
0.8824689221377725 0.26545185030116314
0.8824689221377725 0.26545185030116314
0.8824689221377725 0.26545185030116314
0.8824689221377725 0.26545185030116314
0.8824689221377725 0.26545185030116314
0.8824689221377725 0.26545185030116314
0.8824689221377725 0.26545185030116314
0.8824689221377725 0.26545185030116314
0.8824689221377725 0.26545185030116314
0.8824689221377725 0.26545185030116314
0.8824689221377725 0.26545185030116314
0.8824689221377725 0.26545185030116314
0.8824689221377725 0.26545185030116314
0.8824689221377725 0.26545185030116314
0.8824689221377725 0.26545185030116314
0.8824689221377725 0.26545185030116314
0.8824689221377725 0.26545185030116314
0.8824689221377725 0.26545185030116314
0.8824689221377725 0.26545185030116314
0.8824689221377725 0.26545185030116314
0.8824689221377725 0.26545185030116314
0.8824689221377725 0.26545185030116314
0.8824689221377725 0.26545185030116314
0.8824689221377725 0.26545185030116314
0.8824689221377725 0.26545185030116314
0.8824689221377725 0.26545185030116314
0.8824689221377725 0.26545185030116314
0.8824689221377725 0.26545185030116314
0.8824689221377725 0.26545185030116314
0.8824689221377725 0.26545185030116314
0.8824689221377725 0.26545185030116314
0.8824689221377725 0.26545185030116314
0.8824689221377725 0.26545185030116314
0.8824689221377725 0.26545185030116314
0.8824689221377725 0.26545185030116314
0.8824689221377725 0.26545185030116314
0.8824689221377725 0.26545185030116314
0.8824689221377725 0.26545185030116314
0.8824689221377725 0.26545185030116314
0.8824689221377725 0.26545185030116314
0.8824689221377725 0.26545185030116314
0.8824689221377725 0.26545185030116314
0.8824689221377725 0.26545185030116314
0.8824689221377725 0.26545185030116314
0.8824689221377725 0.26545185030116314
0.8824689221377725 0.26545185030116314
0.8824689221377725 0.26545185030116314
0.8824689221377725 0.26545185030116314
0.8824689221377725 0.26545185030116314
0.8824689221377725 0.26545185030116314
0.8824689221377725 0.26545185030116314
0.8824689221377725 0.26545185030116314
0.8824689221377725 0.26545185030116314
0.8824689221377725 0.26545185030116314
0.8824689221377725 0.26545185030116314
0.8824689221377725 0.26545185030116314
0.8824689221377725 0.26545185030116314
0.8824689221377725 0.26545185030116314
0.8824689221377725 0.26545185030116314
0.8824689221377725 0.26545185030116314
0.8824689221377725 0.26545185030116314
0.8824689221377725 0.26545185030116314
0.8824689221377725 0.26545185030116314
0.8824689221377725 0.26545185030116314
0.8824689221377725 0.26545185030116314
0.8824689221377725 0.26545185030116314
0.8824689221377725 0.26545185030116314
0.8824689221377725 0.26545185030116314
0.8824689221377725 0.26545185030116314
0.8824689221377725 0.26545185030116314
0.8824689221377725 0.26545185030116314
0.8824689221377725 0.26545185030116314
0.8824689221377725 0.26545185030116314
0.8824689221377725 0.26545185030116314
0.8824689221377725 0.26545185030116314
0.8824689221377725 0.26545185030116314
0.8824689221377725 0.26545185030116314
0.8824689221377725 0.26545185030116314
0.8824689221377725 0.26545185030116314
0.8824689221377725 0.26545185030116314
0.8824689221377725 0.26545185030116314
0.8824689221377725 0.26545185030116314
0.8824689221377725 0.26545185030116314
0.8824689221377725 0.26545185030116314
0.8824689221377725 0.26545185030116314
0.8824689221377725 0.26545185030116314
0.8824689221377725 0.26545185030116314
0.8824689221377725 0.26545185030116314
0.8824689221377725 0.26545185030116314
0.8824689221377725 0.26545185030116314
0.8824689221377725 0.26545185030116314
0.8824689221377725 0.26545185030116314
0.8824689221377725 0.26545185030116314
0.8824689221377725 0.26545185030116314
0.8824689221377725 0.26545185030116314
0.8824689221377725 0.26545185030116314
0.8824689221377725 0.26545185030116314
0.8824689221377725 0.26545185030116314
0.8824689221377725 0.26545185030116314
0.8824689221377725 0.26545185030116314
0.8824689221377725 0.26545185030116314
0.8824689221377725 0.26545185030116314
0.8824689221377725 0.26545185030116314
0.8824689221377725 0.26545185030116314
0.8824689221377725 0.26545185030116314
0.8824689221377725 0.26545185030116314
0.8824689221377725 0.26545185030116314
0.8824689221377725 0.26545185030116314
0.8824689221377725 0.26545185030116314
0.8824689221377725 0.26545185030116314
0.8824689221377725 0.26545185030116314
0.8824689221377725 0.26545185030116314
0.8824689221377725 0.26545185030116314
0.8824689221377725 0.26545185030116314
0.8824689221377725 0.26545185030116314
0.8824689221377725 0.26545185030116314
0.8824689221377725 0.26545185030116314
0.8824689221377725 0.26545185030116314
0.8824689221377725 0.26545185030116314
0.8824689221377725 0.26545185030116314
0.8824689221377725 0.26545185030116314
0.8824689221377725 0.26545185030116314
0.8824689221377725 0.26545185030116314
0.8824689221377725 0.26545185030116314
0.8824689221377725 0.26545185030116314
0.8824689221377725 0.26545185030116314
0.8824689221377725 0.26545185030116314
0.8824689221377725 0.26545185030116314
0.8824689221377725 0.26545185030116314
0.8824689221377725 0.26545185030116314
0.8824689221377725 0.26545185030116314
0.8824689221377725 0.26545185030116314
0.8824689221377725 0.26545185030116314
0.8824689221377725 0.26545185030116314
0.8824689221377725 0.26545185030116314
0.8824689221377725 0.26545185030116314
0.8824689221377725 0.26545185030116314
0.8824689221377725 0.26545185030116314
0.8824689221377725 0.26545185030116314
0.8824689221377725 0.26545185030116314
0.8824689221377725 0.26545185030116314
0.8824689221377725 0.26545185030116314
0.8824689221377725 0.26545185030116314
0.8824689221377725 0.26545185030116314
0.8824689221377725 0.26545185030116314
0.8824689221377725 0.26545185030116314
0.8824689221377725 0.26545185030116314
0.8824689221377725 0.26545185030116314
0.8824689221377725 0.26545185030116314
0.8824689221377725 0.26545185030116314
0.8824689221377725 0.26545185030116314
0.8824689221377725 0.26545185030116314
0.8824689221377725 0.26545185030116314
0.8824689221377725 0.26545185030116314
0.8824689221377725 0.26545185030116314
0.8824689221377725 0.26545185030116314
0.8824689221377725 0.26545185030116314
0.8824689221377725 0.26545185030116314
0.8824689221377725 0.26545185030116314
0.8824689221377725 0.26545185030116314
0.8824689221377725 0.26545185030116314
0.8824689221377725 0.26545185030116314
0.8824689221377725 0.26545185030116314
0.8824689221377725 0.26545185030116314
0.8824689221377725 0.26545185030116314
0.8824689221377725 0.26545185030116314
0.8824689221377725 0.26545185030116314
0.8824689221377725 0.26545185030116314
0.8824689221377725 0.26545185030116314
0.8824689221377725 0.26545185030116314
0.8824689221377725 0.26545185030116314
0.8824689221377725 0.26545185030116314
0.8824689221377725 0.26545185030116314
0.8824689221377725 0.26545185030116314
0.8824689221377725 0.26545185030116314
0.8824689221377725 0.26545185030116314
0.8824689221377725 0.26545185030116314
0.8824689221377725 0.26545185030116314
0.8824689221377725 0.26545185030116314
0.8824689221377725 0.26545185030116314
0.8824689221377725 0.26545185030116314
0.8824689221377725 0.26545185030116314
0.8824689221377725 0.26545185030116314
0.8824689221377725 0.26545185030116314
0.8824689221377725 0.26545185030116314
0.8824689221377725 0.26545185030116314
0.8824689221377725 0.26545185030116314
0.8824689221377725 0.26545185030116314
0.8824689221377725 0.26545185030116314
0.8824689221377725 0.26545185030116314
0.8824689221377725 0.26545185030116314
0.8824689221377725 0.26545185030116314
0.8824689221377725 0.26545185030116314
0.8824689221377725 0.26545185030116314
0.8824689221377725 0.26545185030116314
0.8824689221377725 0.26545185030116314
0.8824689221377725 0.26545185030116314
0.8824689221377725 0.26545185030116314
0.8824689221377725 0.26545185030116314
0.8824689221377725 0.26545185030116314
0.8824689221377725 0.26545185030116314
0.8824689221377725 0.26545185030116314
0.8824689221377725 0.26545185030116314
0.8824689221377725 0.26545185030116314
0.8838940372731832 0.265375862632456
0.885460637916777 0.26527489952690336
0.8871823490457674 0.2651420138386164
0.8890738611644108 0.2649678911255741
0.8911509094945487 0.26474055282387504
0.8934301288193629 0.2644443486861961
0.8959286897562989 0.26405833522029304
0.8986637789435785 0.2635551676610093
0.9016513996258628 0.26289807727664244
0.9049042585558693 0.2620372788199204
0.908428234787027 0.26090592638661925
0.9122159149241658 0.25941396156892294
0.9162359594503664 0.2574423913312959
0.9204174972779711 0.2548416340154809
0.9246322800679427 0.2514410602184131
0.9286884363462724 0.247079830469212
0.9323603536496499 0.24165455755571139
0.9354548749635929 0.23514556753426144
0.9378708867305401 0.22759274617713526
0.9396059306511556 0.21904208268097122
0.9407265241786542 0.20950859919942358
0.9413384970646179 0.1989661278932355
0.9415748253101718 0.18735155242902587
0.9415990353678362 0.17457253243316984
0.9415986423145004 0.1742659844287235
0.9416777731933388 0.15507010494590137
0.9422315499044907 0.13762878000907022
0.9434316500036279 0.12181118608435998
0.9452822792412824 0.10750986782583244
0.9477071108245928 0.0946266403735015
0.9505931905526603 0.08306370516096122
0.9538168960158855 0.07272006731937389
0.9572598424349847 0.06349186338059071
0.9608168526229166 0.05527438983129839
0.9644009232991557 0.04796546186669719
0.9679429598481979 0.041467699513949186
0.971391085492709 0.035690713161505155
0.9747081334490957 0.03055207801535797
0.9778687832986676 0.025977487220372606
0.9808579046302789 0.021901161521667944
0.9836672348707998 0.018264588925820276
0.9862944421916788 0.015016511031690445
0.9887412334448825 0.012111919355021521
0.991012228305786 0.009511369848180119
0.9931142525894379 0.007180488580075883
0.995055079392149 0.005088847064408304
0.9968434788024751 0.0032099144116990957
0.998488770620588 0.0015205395875903837
1.0 0.0
