# CURVE 2D, normalized by CHORD
# COLUMN#1 = X-coordinate, COLUMN#2 = Y-coordinate
#-------------------------------------------------------------------------------
0.0 0.0
0.0014529937764449544 0.00021105922155264191
0.003050865069858409 0.0004461098356832933
0.004807995809356249 0.0007082271999653371
0.006740182080513541 0.001000929648902927
0.008864765616280463 0.001328277519869028
0.011200777191404465 0.001694983637054583
0.013769093755145803 0.0021065308133224304
0.016592601941618924 0.002569349269771019
0.01969637812647995 0.003090994132999338
0.023107872503867553 0.003680404242796214
0.026857098294520203 0.00434823090626277
0.03097682422243553 0.005107240393894541
0.03550275667531859 0.005972849881177019
0.04047369909854596 0.006963829384135185
0.04593166098912221 0.008103251203651365
0.05192187937436171 0.009419764496059378
0.05849266294675509 0.010949430233351494
0.06569499194064791 0.012738101470206594
0.07358154573966982 0.014845186698604082
0.08220483033713245 0.01734900503178652
0.09161355218054933 0.020354970249639316
0.10184541715475261 0.02400884549595391
0.11291265608393947 0.028518172751382707
0.12477099585099022 0.034188903768152354
0.12494199664462403 0.03427848829832914
0.13157047529892826 0.03795906134907376
0.1374215660240148 0.041601943228801924
0.14255956588733687 0.04518819191964588
0.14704535504203742 0.04869868810429224
0.1509371303260764 0.05211460925659762
0.15429102401785522 0.05541792965826847
0.1571613994606921 0.058592110676026266
0.15960083712198464 0.06162281742200646
0.1616598456287924 0.06449854086067659
0.16338626445886073 0.06721109317335823
0.16482500166734063 0.06975557955707293
0.16601716965017402 0.0721305281789533
0.16699992433585667 0.07433742803687479
0.1678063739026131 0.07638023778509402
0.16846527572580858 0.07826497754021175
0.16900163036498086 0.07999902740267152
0.16943661497751267 0.0815907715106777
0.16978818232060663 0.08304910305435102
0.17007134170965452 0.08438312734148813
0.17029860641147584 0.08560189374619033
0.17048027547178565 0.0867142286668932
0.17062489796967534 0.08772858551796403
0.17073948331860184 0.08865298137141005
0.17082979284018446 0.08949494564660893
0.195823942180761 0.3411923702435893
0.1894555221297318 0.27706076473247154
0.18455673747509396 0.22772876049315022
0.18078844158691101 0.1897810649244415
0.17788975244215488 0.16059052987158862
0.17565999156157325 0.13813627213862487
0.17394479088420278 0.12086376619019121
0.17262540574776394 0.10757722315293455
0.17161049410434945 0.09735680543196787
0.17082979284018446 0.08949494564660893
0.195823942180761 0.3411923702435893
0.20219236223179018 0.405323975754707
0.20709114688642805 0.4546559799940284
0.210859442774611 0.4926036755627371
0.2137581319193671 0.52179421061559
0.21598789279994873 0.5442484683485538
0.21770309347731923 0.5615209742969874
0.21902247861375806 0.5748075173342441
0.22003739025717256 0.5850279350552108
0.22081809152133755 0.5928897948405697
0.22081809152133755 0.5928897948405697
0.22083653361769492 0.5930758364951576
0.2208567500190915 0.5932804892323799
0.22087890358254164 0.5935056155720171
0.2209031718749747 0.5937532644269689
0.22092974803401197 0.5940256897987666
0.22095883926434795 0.5943253715789272
0.22099067478175666 0.594655037496334
0.2210254998162687 0.5950176886903903
0.2210635861714162 0.5954166261815953
0.22110522959645984 0.5958554813659139
0.22115076122854577 0.5963382481919606
0.22120055591755972 0.5968693189829077
0.22125504728213713 0.597453523301623
0.22131476208555292 0.598096169067284
0.22138036834234667 0.5988030868429539
0.2214527757459457 0.5995806740248079
0.22153332588325866 0.6004359353762478
0.2216241903871258 0.6013765069846398
0.2217292707221438 0.6024106258271715
0.22185650968282802 0.6035469045574946
0.22202514106953103 0.604793215611509
0.22229865731170734 0.6061486775800563
0.2231088032712728 0.6073584705014364
0.22464325239134442 0.6067942240189077
0.2246601076087033 0.606783403685135
0.22669931729391882 0.6053951067212323
0.22859806404472674 0.6042022283431626
0.2303922289934141 0.603234596376043
0.23207683648495664 0.6024622841168509
0.23364652671864627 0.6018502421672576
0.23509996172813052 0.6013669666452955
0.2364393433621412 0.6009861594531866
0.23766926951320758 0.6006865235184017
0.23879575911361525 0.6004510758487215
0.23982554478818977 0.6002663606185621
0.2407656037903421 0.6001217507991276
0.24162285679639117 0.6000088454093898
0.24240399216481098 0.5999210453012059
0.2431153517110631 0.5998531026172348
0.24376288177739275 0.5998008505203262
0.24435211391347075 0.5997609985852849
0.24488816310930922 0.5997309615921813
0.2453757348098536 0.59970864043286
0.2458191490278387 0.5996923989982005
0.246222359505879 0.5996809018887838
0.2465889806889465 0.5996731005064543
0.2469223120534051 0.5996681857339163
0.24722536157455402 0.5996654883118169
0.24750087019619094 0.5996644569785685
0.24750087019619094 0.5996644569785685
0.2675008550876509 0.5996398736229976
0.28750083997911097 0.5996152902674268
0.3075008248705711 0.5995907069118559
0.3275008097620313 0.599566123556285
0.34750079465349143 0.5995415402007142
0.36750077954495153 0.5995169568451433
0.3875007644364117 0.5994923734895724
0.40750074932787184 0.5994677901340015
0.42750073421933193 0.5994432067784307
0.4475007191107921 0.5994186234228598
0.4675007040022522 0.5993940400672889
0.48750068889371234 0.599369456711718
0.5075006737851718 0.5993448733561472
0.5275006586766308 0.5993202900005762
0.5475006435680898 0.5992957066450054
0.5675006284595487 0.5992711232894345
0.5875006133510077 0.5992465399338637
0.6075005982424666 0.5992219565782928
0.6275005831339255 0.5991973732227219
0.6475005680253846 0.5991727898671511
0.6675005529168435 0.5991482065115802
0.6875005378083024 0.5991236231560093
0.7075005226997614 0.5990990398004384
0.7108797402448074 0.5990948861719776
0.7108797402448074 0.5990948861719776
0.7108797402448074 0.5990948861719776
0.7108797402448074 0.5990948861719776
0.7108797402448074 0.5990948861719776
0.7108797402448074 0.5990948861719776
0.7108797402448074 0.5990948861719776
0.7108797402448074 0.5990948861719776
0.7108797402448074 0.5990948861719776
0.7108797402448074 0.5990948861719776
0.7108797402448074 0.5990948861719776
0.7108797402448074 0.5990948861719776
0.7108797402448074 0.5990948861719776
0.7108797402448074 0.5990948861719776
0.7108797402448074 0.5990948861719776
0.7108797402448074 0.5990948861719776
0.7108797402448074 0.5990948861719776
0.7108797402448074 0.5990948861719776
0.7108797402448074 0.5990948861719776
0.7108797402448074 0.5990948861719776
0.7108797402448074 0.5990948861719776
0.7108797402448074 0.5990948861719776
0.7108797402448074 0.5990948861719776
0.7108797402448074 0.5990948861719776
0.7108797402448074 0.5990948861719776
0.7108797402448074 0.5990948861719776
0.7108797402448074 0.5990948861719776
0.7108797402448074 0.5990948861719776
0.7108797402448074 0.5990948861719776
0.7108797402448074 0.5990948861719776
0.7108797402448074 0.5990948861719776
0.7108797402448074 0.5990948861719776
0.7108797402448074 0.5990948861719776
0.7108797402448074 0.5990948861719776
0.7108797402448074 0.5990948861719776
0.7108797402448074 0.5990948861719776
0.7108797402448074 0.5990948861719776
0.7108797402448074 0.5990948861719776
0.7108797402448074 0.5990948861719776
0.7108797402448074 0.5990948861719776
0.7108797402448074 0.5990948861719776
0.7108797402448074 0.5990948861719776
0.7108797402448074 0.5990948861719776
0.7108797402448074 0.5990948861719776
0.7108797402448074 0.5990948861719776
0.7108797402448074 0.5990948861719776
0.7108797402448074 0.5990948861719776
0.7108797402448074 0.5990948861719776
0.7108797402448074 0.5990948861719776
0.7108797402448074 0.5990948861719776
0.7108797402448074 0.5990948861719776
0.7108797402448074 0.5990948861719776
0.7108797402448074 0.5990948861719776
0.7108797402448074 0.5990948861719776
0.7108797402448074 0.5990948861719776
0.7108797402448074 0.5990948861719776
0.7108797402448074 0.5990948861719776
0.7108797402448074 0.5990948861719776
0.7108797402448074 0.5990948861719776
0.7108797402448074 0.5990948861719776
0.7108797402448074 0.5990948861719776
0.7108797402448074 0.5990948861719776
0.7108797402448074 0.5990948861719776
0.7108797402448074 0.5990948861719776
0.7108797402448074 0.5990948861719776
0.7108797402448074 0.5990948861719776
0.7108797402448074 0.5990948861719776
0.7108797402448074 0.5990948861719776
0.7108797402448074 0.5990948861719776
0.7108797402448074 0.5990948861719776
0.7108797402448074 0.5990948861719776
0.7108797402448074 0.5990948861719776
0.7108797402448074 0.5990948861719776
0.7108797402448074 0.5990948861719776
0.7108797402448074 0.5990948861719776
0.7108797402448074 0.5990948861719776
0.7108797402448074 0.5990948861719776
0.7108797402448074 0.5990948861719776
0.7108797402448074 0.5990948861719776
0.7108797402448074 0.5990948861719776
0.7108797402448074 0.5990948861719776
0.7108797402448074 0.5990948861719776
0.7108797402448074 0.5990948861719776
0.7108797402448074 0.5990948861719776
0.7108797402448074 0.5990948861719776
0.7108797402448074 0.5990948861719776
0.7108797402448074 0.5990948861719776
0.7108797402448074 0.5990948861719776
0.7108797402448074 0.5990948861719776
0.7108797402448074 0.5990948861719776
0.7108797402448074 0.5990948861719776
0.7108797402448074 0.5990948861719776
0.7108797402448074 0.5990948861719776
0.7108797402448074 0.5990948861719776
0.7108797402448074 0.5990948861719776
0.7108797402448074 0.5990948861719776
0.7108797402448074 0.5990948861719776
0.7108797402448074 0.5990948861719776
0.7108797402448074 0.5990948861719776
0.7108797402448074 0.5990948861719776
0.7108797402448074 0.5990948861719776
0.7108797402448074 0.5990948861719776
0.7108797402448074 0.5990948861719776
0.7108797402448074 0.5990948861719776
0.7108797402448074 0.5990948861719776
0.7108797402448074 0.5990948861719776
0.7108797402448074 0.5990948861719776
0.7108797402448074 0.5990948861719776
0.7108797402448074 0.5990948861719776
0.7108797402448074 0.5990948861719776
0.7108797402448074 0.5990948861719776
0.7108797402448074 0.5990948861719776
0.7108797402448074 0.5990948861719776
0.7108797402448074 0.5990948861719776
0.7108797402448074 0.5990948861719776
0.7108797402448074 0.5990948861719776
0.7108797402448074 0.5990948861719776
0.7108797402448074 0.5990948861719776
0.7108797402448074 0.5990948861719776
0.7108797402448074 0.5990948861719776
0.7108797402448074 0.5990948861719776
0.7108797402448074 0.5990948861719776
0.7108797402448074 0.5990948861719776
0.7108797402448074 0.5990948861719776
0.7108797402448074 0.5990948861719776
0.7108797402448074 0.5990948861719776
0.7108797402448074 0.5990948861719776
0.7108797402448074 0.5990948861719776
0.7108797402448074 0.5990948861719776
0.7108797402448074 0.5990948861719776
0.7108797402448074 0.5990948861719776
0.7108797402448074 0.5990948861719776
0.7108797402448074 0.5990948861719776
0.7108797402448074 0.5990948861719776
0.7108797402448074 0.5990948861719776
0.7108797402448074 0.5990948861719776
0.7108797402448074 0.5990948861719776
0.7108797402448074 0.5990948861719776
0.7108797402448074 0.5990948861719776
0.7108797402448074 0.5990948861719776
0.7108797402448074 0.5990948861719776
0.7108797402448074 0.5990948861719776
0.7108797402448074 0.5990948861719776
0.7108797402448074 0.5990948861719776
0.7108797402448074 0.5990948861719776
0.7108797402448074 0.5990948861719776
0.7108797402448074 0.5990948861719776
0.7108797402448074 0.5990948861719776
0.7108797402448074 0.5990948861719776
0.7108797402448074 0.5990948861719776
0.7108797402448074 0.5990948861719776
0.7108797402448074 0.5990948861719776
0.7108797402448074 0.5990948861719776
0.7108797402448074 0.5990948861719776
0.7108797402448074 0.5990948861719776
0.7108797402448074 0.5990948861719776
0.7108797402448074 0.5990948861719776
0.7108797402448074 0.5990948861719776
0.7108797402448074 0.5990948861719776
0.7108797402448074 0.5990948861719776
0.7108797402448074 0.5990948861719776
0.7108797402448074 0.5990948861719776
0.7108797402448074 0.5990948861719776
0.7108797402448074 0.5990948861719776
0.7108797402448074 0.5990948861719776
0.7108797402448074 0.5990948861719776
0.7108797402448074 0.5990948861719776
0.7108797402448074 0.5990948861719776
0.7108797402448074 0.5990948861719776
0.7108797402448074 0.5990948861719776
0.7108797402448074 0.5990948861719776
0.7108797402448074 0.5990948861719776
0.7108797402448074 0.5990948861719776
0.7108797402448074 0.5990948861719776
0.7108797402448074 0.5990948861719776
0.7108797402448074 0.5990948861719776
0.7108797402448074 0.5990948861719776
0.7108797402448074 0.5990948861719776
0.7108797402448074 0.5990948861719776
0.7108797402448074 0.5990948861719776
0.7108797402448074 0.5990948861719776
0.7108797402448074 0.5990948861719776
0.7108797402448074 0.5990948861719776
0.7108797402448074 0.5990948861719776
0.7108797402448074 0.5990948861719776
0.7108797402448074 0.5990948861719776
0.7108797402448074 0.5990948861719776
0.7108797402448074 0.5990948861719776
0.7108797402448074 0.5990948861719776
0.7108797402448074 0.5990948861719776
0.7108797402448074 0.5990948861719776
0.7108797402448074 0.5990948861719776
0.7108797402448074 0.5990948861719776
0.7108797402448074 0.5990948861719776
0.7108797402448074 0.5990948861719776
0.7108797402448074 0.5990948861719776
0.7108797402448074 0.5990948861719776
0.7108797402448074 0.5990948861719776
0.7108797402448074 0.5990948861719776
0.7108797402448074 0.5990948861719776
0.7108797402448074 0.5990948861719776
0.7108797402448074 0.5990948861719776
0.7108797402448074 0.5990948861719776
0.7108797402448074 0.5990948861719776
0.7108797402448074 0.5990948861719776
0.7108797402448074 0.5990948861719776
0.7108797402448074 0.5990948861719776
0.7108797402448074 0.5990948861719776
0.7108797402448074 0.5990948861719776
0.7108797402448074 0.5990948861719776
0.7108797402448074 0.5990948861719776
0.7108797402448074 0.5990948861719776
0.7108797402448074 0.5990948861719776
0.7108797402448074 0.5990948861719776
0.7108797402448074 0.5990948861719776
0.7108797402448074 0.5990948861719776
0.7108797402448074 0.5990948861719776
0.7108797402448074 0.5990948861719776
0.7108797402448074 0.5990948861719776
0.7108797402448074 0.5990948861719776
0.7108797402448074 0.5990948861719776
0.7108797402448074 0.5990948861719776
0.7108797402448074 0.5990948861719776
0.7108797402448074 0.5990948861719776
0.7108797402448074 0.5990948861719776
0.7108797402448074 0.5990948861719776
0.7108797402448074 0.5990948861719776
0.7108797402448074 0.5990948861719776
0.7108797402448074 0.5990948861719776
0.7108797402448074 0.5990948861719776
0.7108797402448074 0.5990948861719776
0.7108797402448074 0.5990948861719776
0.7108797402448074 0.5990948861719776
0.7108797402448074 0.5990948861719776
0.7108797402448074 0.5990948861719776
0.7108797402448074 0.5990948861719776
0.7108797402448074 0.5990948861719776
0.7108797402448074 0.5990948861719776
0.7108797402448074 0.5990948861719776
0.7108797402448074 0.5990948861719776
0.7108797402448074 0.5990948861719776
0.7108797402448074 0.5990948861719776
0.7108797402448074 0.5990948861719776
0.7108797402448074 0.5990948861719776
0.7108797402448074 0.5990948861719776
0.7108797402448074 0.5990948861719776
0.7108797402448074 0.5990948861719776
0.7108797402448074 0.5990948861719776
0.7108797402448074 0.5990948861719776
0.7108797402448074 0.5990948861719776
0.7108797402448074 0.5990948861719776
0.7108797402448074 0.5990948861719776
0.7108797402448074 0.5990948861719776
0.7108797402448074 0.5990948861719776
0.7108797402448074 0.5990948861719776
0.7108797402448074 0.5990948861719776
0.7108797402448074 0.5990948861719776
0.7108797402448074 0.5990948861719776
0.7108797402448074 0.5990948861719776
0.7108797402448074 0.5990948861719776
0.7108797402448074 0.5990948861719776
0.7108797402448074 0.5990948861719776
0.7108797402448074 0.5990948861719776
0.7108797402448074 0.5990948861719776
0.7108797402448074 0.5990948861719776
0.7108797402448074 0.5990948861719776
0.7108797402448074 0.5990948861719776
0.7108797402448074 0.5990948861719776
0.7108797402448074 0.5990948861719776
0.7108797402448074 0.5990948861719776
0.7108797402448074 0.5990948861719776
0.7108797402448074 0.5990948861719776
0.7108797402448074 0.5990948861719776
0.7108797402448074 0.5990948861719776
0.7108797402448074 0.5990948861719776
0.7108797402448074 0.5990948861719776
0.7108797402448074 0.5990948861719776
0.7108797402448074 0.5990948861719776
0.7108797402448074 0.5990948861719776
0.7108797402448074 0.5990948861719776
0.7108797402448074 0.5990948861719776
0.7108797402448074 0.5990948861719776
0.7108797402448074 0.5990948861719776
0.7108797402448074 0.5990948861719776
0.7108797402448074 0.5990948861719776
0.7108797402448074 0.5990948861719776
0.7108797402448074 0.5990948861719776
0.7108797402448074 0.5990948861719776
0.7108797402448074 0.5990948861719776
0.7108797402448074 0.5990948861719776
0.7108797402448074 0.5990948861719776
0.7108797402448074 0.5990948861719776
0.7108797402448074 0.5990948861719776
0.7108797402448074 0.5990948861719776
0.7108797402448074 0.5990948861719776
0.7108797402448074 0.5990948861719776
0.7108797402448074 0.5990948861719776
0.7108797402448074 0.5990948861719776
0.7108797402448074 0.5990948861719776
0.7108797402448074 0.5990948861719776
0.7108797402448074 0.5990948861719776
0.7108797402448074 0.5990948861719776
0.7108797402448074 0.5990948861719776
0.7108797402448074 0.5990948861719776
0.7108797402448074 0.5990948861719776
0.7108797402448074 0.5990948861719776
0.7108797402448074 0.5990948861719776
0.7108797402448074 0.5990948861719776
0.7108797402448074 0.5990948861719776
0.7108797402448074 0.5990948861719776
0.7108797402448074 0.5990948861719776
0.7108797402448074 0.5990948861719776
0.7108797402448074 0.5990948861719776
0.7108797402448074 0.5990948861719776
0.7108797402448074 0.5990948861719776
0.7108797402448074 0.5990948861719776
0.7108797402448074 0.5990948861719776
0.7108797402448074 0.5990948861719776
0.7108797402448074 0.5990948861719776
0.7108797402448074 0.5990948861719776
0.7108797402448074 0.5990948861719776
0.7108797402448074 0.5990948861719776
0.7108797402448074 0.5990948861719776
0.7108797402448074 0.5990948861719776
0.7108797402448074 0.5990948861719776
0.7108797402448074 0.5990948861719776
0.7108797402448074 0.5990948861719776
0.7108797402448074 0.5990948861719776
0.7108797402448074 0.5990948861719776
0.7108797402448074 0.5990948861719776
0.7108797402448074 0.5990948861719776
0.7108797402448074 0.5990948861719776
0.7108797402448074 0.5990948861719776
0.7108797402448074 0.5990948861719776
0.7108797402448074 0.5990948861719776
0.7108797402448074 0.5990948861719776
0.7108797402448074 0.5990948861719776
0.7108797402448074 0.5990948861719776
0.7108797402448074 0.5990948861719776
0.7108797402448074 0.5990948861719776
0.7108797402448074 0.5990948861719776
0.7108797402448074 0.5990948861719776
0.7108797402448074 0.5990948861719776
0.7108797402448074 0.5990948861719776
0.7108797402448074 0.5990948861719776
0.7108797402448074 0.5990948861719776
0.7108797402448074 0.5990948861719776
0.7108797402448074 0.5990948861719776
0.7108797402448074 0.5990948861719776
0.7108797402448074 0.5990948861719776
0.7108797402448074 0.5990948861719776
0.7108797402448074 0.5990948861719776
0.7108797402448074 0.5990948861719776
0.7108797402448074 0.5990948861719776
0.7108797402448074 0.5990948861719776
0.7108797402448074 0.5990948861719776
0.7108797402448074 0.5990948861719776
0.7108797402448074 0.5990948861719776
0.7108797402448074 0.5990948861719776
0.7108797402448074 0.5990948861719776
0.7108797402448074 0.5990948861719776
0.7108797402448074 0.5990948861719776
0.7108797402448074 0.5990948861719776
0.7108797402448074 0.5990948861719776
0.7108797402448074 0.5990948861719776
0.7108797402448074 0.5990948861719776
0.7108797402448074 0.5990948861719776
0.7108797402448074 0.5990948861719776
0.7108797402448074 0.5990948861719776
0.7108797402448074 0.5990948861719776
0.7108797402448074 0.5990948861719776
0.7108797402448074 0.5990948861719776
0.7108797402448074 0.5990948861719776
0.7108797402448074 0.5990948861719776
0.7108797402448074 0.5990948861719776
0.7108797402448074 0.5990948861719776
0.7108797402448074 0.5990948861719776
0.7108797402448074 0.5990948861719776
0.7108797402448074 0.5990948861719776
0.7108797402448074 0.5990948861719776
0.7108797402448074 0.5990948861719776
0.7108797402448074 0.5990948861719776
0.7108797402448074 0.5990948861719776
0.7108797402448074 0.5990948861719776
0.7108797402448074 0.5990948861719776
0.7108797402448074 0.5990948861719776
0.7108797402448074 0.5990948861719776
0.7108797402448074 0.5990948861719776
0.7108797402448074 0.5990948861719776
0.7108797402448074 0.5990948861719776
0.7108797402448074 0.5990948861719776
0.7108797402448074 0.5990948861719776
0.7108797402448074 0.5990948861719776
0.7108797402448074 0.5990948861719776
0.7108797402448074 0.5990948861719776
0.7108797402448074 0.5990948861719776
0.7108797402448074 0.5990948861719776
0.7108797402448074 0.5990948861719776
0.7108797402448074 0.5990948861719776
0.7108797402448074 0.5990948861719776
0.7108797402448074 0.5990948861719776
0.7108797402448074 0.5990948861719776
0.7108797402448074 0.5990948861719776
0.7108797402448074 0.5990948861719776
0.7108797402448074 0.5990948861719776
0.7108797402448074 0.5990948861719776
0.7108797402448074 0.5990948861719776
0.7108797402448074 0.5990948861719776
0.7108797402448074 0.5990948861719776
0.7108797402448074 0.5990948861719776
0.7108797402448074 0.5990948861719776
0.7108797402448074 0.5990948861719776
0.7108797402448074 0.5990948861719776
0.7108797402448074 0.5990948861719776
0.7108797402448074 0.5990948861719776
0.7108797402448074 0.5990948861719776
0.7108797402448074 0.5990948861719776
0.7108797402448074 0.5990948861719776
0.7108797402448074 0.5990948861719776
0.7108797402448074 0.5990948861719776
0.7108797402448074 0.5990948861719776
0.7108797402448074 0.5990948861719776
0.7108797402448074 0.5990948861719776
0.7108797402448074 0.5990948861719776
0.7108797402448074 0.5990948861719776
0.7108797402448074 0.5990948861719776
0.7108797402448074 0.5990948861719776
0.7108797402448074 0.5990948861719776
0.7108797402448074 0.5990948861719776
0.7108797402448074 0.5990948861719776
0.7108797402448074 0.5990948861719776
0.7108797402448074 0.5990948861719776
0.7108797402448074 0.5990948861719776
0.7108797402448074 0.5990948861719776
0.7108797402448074 0.5990948861719776
0.7108797402448074 0.5990948861719776
0.7108797402448074 0.5990948861719776
0.7108797402448074 0.5990948861719776
0.7108797402448074 0.5990948861719776
0.7108797402448074 0.5990948861719776
0.7108797402448074 0.5990948861719776
0.7108797402448074 0.5990948861719776
0.7108797402448074 0.5990948861719776
0.7108797402448074 0.5990948861719776
0.7108797402448074 0.5990948861719776
0.7108797402448074 0.5990948861719776
0.7108797402448074 0.5990948861719776
0.7108797402448074 0.5990948861719776
0.7108797402448074 0.5990948861719776
0.7108797402448074 0.5990948861719776
0.7108797402448074 0.5990948861719776
0.7108797402448074 0.5990948861719776
0.7108797402448074 0.5990948861719776
0.7108797402448074 0.5990948861719776
0.7108797402448074 0.5990948861719776
0.7108797402448074 0.5990948861719776
0.7108797402448074 0.5990948861719776
0.7108797402448074 0.5990948861719776
0.7108797402448074 0.5990948861719776
0.7108797402448074 0.5990948861719776
0.7108797402448074 0.5990948861719776
0.7108797402448074 0.5990948861719776
0.7108797402448074 0.5990948861719776
0.7108797402448074 0.5990948861719776
0.7108797402448074 0.5990948861719776
0.7108797402448074 0.5990948861719776
0.7108797402448074 0.5990948861719776
0.7108797402448074 0.5990948861719776
0.7108797402448074 0.5990948861719776
0.7108797402448074 0.5990948861719776
0.7108797402448074 0.5990948861719776
0.7108797402448074 0.5990948861719776
0.7108797402448074 0.5990948861719776
0.7108797402448074 0.5990948861719776
0.7108797402448074 0.5990948861719776
0.7108797402448074 0.5990948861719776
0.7108797402448074 0.5990948861719776
0.7108797402448074 0.5990948861719776
0.7108797402448074 0.5990948861719776
0.7108797402448074 0.5990948861719776
0.7108797402448074 0.5990948861719776
0.7108797402448074 0.5990948861719776
0.7108797402448074 0.5990948861719776
0.7108797402448074 0.5990948861719776
0.7108797402448074 0.5990948861719776
0.7108797402448074 0.5990948861719776
0.7108797402448074 0.5990948861719776
0.7108797402448074 0.5990948861719776
0.7108797402448074 0.5990948861719776
0.7108797402448074 0.5990948861719776
0.7108797402448074 0.5990948861719776
0.7108797402448074 0.5990948861719776
0.7108797402448074 0.5990948861719776
0.7108797402448074 0.5990948861719776
0.7108797402448074 0.5990948861719776
0.7108797402448074 0.5990948861719776
0.7108797402448074 0.5990948861719776
0.7108797402448074 0.5990948861719776
0.7108797402448074 0.5990948861719776
0.7108797402448074 0.5990948861719776
0.7108797402448074 0.5990948861719776
0.7108797402448074 0.5990948861719776
0.7108797402448074 0.5990948861719776
0.7108797402448074 0.5990948861719776
0.7108797402448074 0.5990948861719776
0.7108797402448074 0.5990948861719776
0.7108797402448074 0.5990948861719776
0.7108797402448074 0.5990948861719776
0.7108797402448074 0.5990948861719776
0.7108797402448074 0.5990948861719776
0.7108797402448074 0.5990948861719776
0.7108797402448074 0.5990948861719776
0.7108797402448074 0.5990948861719776
0.7108797402448074 0.5990948861719776
0.7108797402448074 0.5990948861719776
0.7108797402448074 0.5990948861719776
0.7108797402448074 0.5990948861719776
0.7108797402448074 0.5990948861719776
0.7108797402448074 0.5990948861719776
0.7108797402448074 0.5990948861719776
0.7108797402448074 0.5990948861719776
0.7108797402448074 0.5990948861719776
0.7108797402448074 0.5990948861719776
0.7108797402448074 0.5990948861719776
0.7108797402448074 0.5990948861719776
0.7108797402448074 0.5990948861719776
0.7108797402448074 0.5990948861719776
0.7108797402448074 0.5990948861719776
0.7108797402448074 0.5990948861719776
0.7108797402448074 0.5990948861719776
0.7108797402448074 0.5990948861719776
0.7108797402448074 0.5990948861719776
0.7108797402448074 0.5990948861719776
0.7108797402448074 0.5990948861719776
0.7108797402448074 0.5990948861719776
0.7108797402448074 0.5990948861719776
0.7108797402448074 0.5990948861719776
0.7108797402448074 0.5990948861719776
0.7108797402448074 0.5990948861719776
0.7108797402448074 0.5990948861719776
0.7108797402448074 0.5990948861719776
0.7108797402448074 0.5990948861719776
0.7108797402448074 0.5990948861719776
0.7108797402448074 0.5990948861719776
0.7108797402448074 0.5990948861719776
0.7108797402448074 0.5990948861719776
0.7108797402448074 0.5990948861719776
0.7108797402448074 0.5990948861719776
0.7108797402448074 0.5990948861719776
0.7108797402448074 0.5990948861719776
0.7108797402448074 0.5990948861719776
0.7108797402448074 0.5990948861719776
0.7108797402448074 0.5990948861719776
0.7108797402448074 0.5990948861719776
0.7108797402448074 0.5990948861719776
0.7108797402448074 0.5990948861719776
0.7108797402448074 0.5990948861719776
0.7108797402448074 0.5990948861719776
0.7108797402448074 0.5990948861719776
0.7108797402448074 0.5990948861719776
0.7108797402448074 0.5990948861719776
0.7108797402448074 0.5990948861719776
0.7108797402448074 0.5990948861719776
0.7108797402448074 0.5990948861719776
0.7108797402448074 0.5990948861719776
0.7108797402448074 0.5990948861719776
0.7108797402448074 0.5990948861719776
0.7108797402448074 0.5990948861719776
0.7108797402448074 0.5990948861719776
0.7108797402448074 0.5990948861719776
0.7108797402448074 0.5990948861719776
0.7108797402448074 0.5990948861719776
0.7108797402448074 0.5990948861719776
0.7108797402448074 0.5990948861719776
0.7108797402448074 0.5990948861719776
0.7108797402448074 0.5990948861719776
0.7108797402448074 0.5990948861719776
0.7108797402448074 0.5990948861719776
0.7108797402448074 0.5990948861719776
0.7108797402448074 0.5990948861719776
0.7108797402448074 0.5990948861719776
0.7108797402448074 0.5990948861719776
0.7108797402448074 0.5990948861719776
0.7108797402448074 0.5990948861719776
0.7108797402448074 0.5990948861719776
0.7108797402448074 0.5990948861719776
0.7108797402448074 0.5990948861719776
0.7108797402448074 0.5990948861719776
0.7108797402448074 0.5990948861719776
0.7108797402448074 0.5990948861719776
0.7108797402448074 0.5990948861719776
0.7108797402448074 0.5990948861719776
0.7108797402448074 0.5990948861719776
0.7108797402448074 0.5990948861719776
0.7108797402448074 0.5990948861719776
0.7108797402448074 0.5990948861719776
0.7108797402448074 0.5990948861719776
0.7108797402448074 0.5990948861719776
0.7108797402448074 0.5990948861719776
0.7108797402448074 0.5990948861719776
0.7108797402448074 0.5990948861719776
0.7108797402448074 0.5990948861719776
0.7108797402448074 0.5990948861719776
0.7108797402448074 0.5990948861719776
0.7108797402448074 0.5990948861719776
0.7108797402448074 0.5990948861719776
0.7108797402448074 0.5990948861719776
0.7108797402448074 0.5990948861719776
0.7108797402448074 0.5990948861719776
0.7108797402448074 0.5990948861719776
0.7108797402448074 0.5990948861719776
0.7108797402448074 0.5990948861719776
0.7108797402448074 0.5990948861719776
0.7108797402448074 0.5990948861719776
0.7108797402448074 0.5990948861719776
0.7108797402448074 0.5990948861719776
0.7108797402448074 0.5990948861719776
0.7108797402448074 0.5990948861719776
0.7108797402448074 0.5990948861719776
0.7108797402448074 0.5990948861719776
0.7108797402448074 0.5990948861719776
0.7108797402448074 0.5990948861719776
0.7108797402448074 0.5990948861719776
0.7108797402448074 0.5990948861719776
0.7108797402448074 0.5990948861719776
0.7108797402448074 0.5990948861719776
0.7108797402448074 0.5990948861719776
0.7108797402448074 0.5990948861719776
0.7108797402448074 0.5990948861719776
0.7108797402448074 0.5990948861719776
0.7108797402448074 0.5990948861719776
0.7108797402448074 0.5990948861719776
0.7108797402448074 0.5990948861719776
0.7108797402448074 0.5990948861719776
0.7108797402448074 0.5990948861719776
0.7108797402448074 0.5990948861719776
0.7108797402448074 0.5990948861719776
0.7108797402448074 0.5990948861719776
0.7108797402448074 0.5990948861719776
0.7108797402448074 0.5990948861719776
0.7108797402448074 0.5990948861719776
0.7108797402448074 0.5990948861719776
0.7108797402448074 0.5990948861719776
0.7108797402448074 0.5990948861719776
0.7108797402448074 0.5990948861719776
0.7108797402448074 0.5990948861719776
0.7108797402448074 0.5990948861719776
0.7108797402448074 0.5990948861719776
0.7108797402448074 0.5990948861719776
0.7108797402448074 0.5990948861719776
0.7108797402448074 0.5990948861719776
0.7108797402448074 0.5990948861719776
0.7108797402448074 0.5990948861719776
0.7108797402448074 0.5990948861719776
0.7108797402448074 0.5990948861719776
0.7108797402448074 0.5990948861719776
0.7108797402448074 0.5990948861719776
0.7108797402448074 0.5990948861719776
0.7108797402448074 0.5990948861719776
0.7108797402448074 0.5990948861719776
0.7108797402448074 0.5990948861719776
0.7108797402448074 0.5990948861719776
0.7108797402448074 0.5990948861719776
0.7108797402448074 0.5990948861719776
0.7108797402448074 0.5990948861719776
0.7108797402448074 0.5990948861719776
0.7108797402448074 0.5990948861719776
0.7108797402448074 0.5990948861719776
0.7108797402448074 0.5990948861719776
0.7108797402448074 0.5990948861719776
0.7108797402448074 0.5990948861719776
0.7108797402448074 0.5990948861719776
0.7108797402448074 0.5990948861719776
0.7108797402448074 0.5990948861719776
0.7108797402448074 0.5990948861719776
0.7108797402448074 0.5990948861719776
0.7108797402448074 0.5990948861719776
0.7108797402448074 0.5990948861719776
0.7108797402448074 0.5990948861719776
0.7108797402448074 0.5990948861719776
0.7108797402448074 0.5990948861719776
0.7108797402448074 0.5990948861719776
0.7108797402448074 0.5990948861719776
0.7108797402448074 0.5990948861719776
0.7108797402448074 0.5990948861719776
0.7108797402448074 0.5990948861719776
0.7108797402448074 0.5990948861719776
0.7108797402448074 0.5990948861719776
0.7108797402448074 0.5990948861719776
0.7108797402448074 0.5990948861719776
0.7108797402448074 0.5990948861719776
0.7108797402448074 0.5990948861719776
0.7108797402448074 0.5990948861719776
0.7108797402448074 0.5990948861719776
0.7108797402448074 0.5990948861719776
0.7108797402448074 0.5990948861719776
0.7108797402448074 0.5990948861719776
0.7108797402448074 0.5990948861719776
0.7108797402448074 0.5990948861719776
0.7108797402448074 0.5990948861719776
0.7108797402448074 0.5990948861719776
0.7108797402448074 0.5990948861719776
0.7108797402448074 0.5990948861719776
0.7108797402448074 0.5990948861719776
0.7108797402448074 0.5990948861719776
0.7108797402448074 0.5990948861719776
0.7108797402448074 0.5990948861719776
0.7108797402448074 0.5990948861719776
0.7108797402448074 0.5990948861719776
0.7108797402448074 0.5990948861719776
0.7108797402448074 0.5990948861719776
0.7108797402448074 0.5990948861719776
0.7108797402448074 0.5990948861719776
0.7108797402448074 0.5990948861719776
0.7108797402448074 0.5990948861719776
0.7108797402448074 0.5990948861719776
0.7108797402448074 0.5990948861719776
0.7108797402448074 0.5990948861719776
0.7108797402448074 0.5990948861719776
0.7108797402448074 0.5990948861719776
0.7108797402448074 0.5990948861719776
0.7108797402448074 0.5990948861719776
0.7108797402448074 0.5990948861719776
0.7108797402448074 0.5990948861719776
0.7108797402448074 0.5990948861719776
0.7108797402448074 0.5990948861719776
0.7108797402448074 0.5990948861719776
0.7108797402448074 0.5990948861719776
0.7108797402448074 0.5990948861719776
0.7108797402448074 0.5990948861719776
0.7108797402448074 0.5990948861719776
0.7108797402448074 0.5990948861719776
0.7108797402448074 0.5990948861719776
0.7108797402448074 0.5990948861719776
0.7108797402448074 0.5990948861719776
0.7108797402448074 0.5990948861719776
0.7108797402448074 0.5990948861719776
0.7108797402448074 0.5990948861719776
0.7108797402448074 0.5990948861719776
0.7108797402448074 0.5990948861719776
0.7108797402448074 0.5990948861719776
0.7108797402448074 0.5990948861719776
0.7108797402448074 0.5990948861719776
0.7108797402448074 0.5990948861719776
0.7108797402448074 0.5990948861719776
0.7108797402448074 0.5990948861719776
0.7108797402448074 0.5990948861719776
0.7108797402448074 0.5990948861719776
0.7108797402448074 0.5990948861719776
0.7108797402448074 0.5990948861719776
0.7108797402448074 0.5990948861719776
0.7108797402448074 0.5990948861719776
0.7108797402448074 0.5990948861719776
0.7108797402448074 0.5990948861719776
0.7108797402448074 0.5990948861719776
0.7108797402448074 0.5990948861719776
0.7108797402448074 0.5990948861719776
0.7108797402448074 0.5990948861719776
0.7108797402448074 0.5990948861719776
0.7108797402448074 0.5990948861719776
0.7108797402448074 0.5990948861719776
0.7108797402448074 0.5990948861719776
0.7108797402448074 0.5990948861719776
0.7108797402448074 0.5990948861719776
0.7108797402448074 0.5990948861719776
0.7108797402448074 0.5990948861719776
0.7108797402448074 0.5990948861719776
0.7108797402448074 0.5990948861719776
0.7108797402448074 0.5990948861719776
0.7108797402448074 0.5990948861719776
0.7108797402448074 0.5990948861719776
0.7108797402448074 0.5990948861719776
0.7108797402448074 0.5990948861719776
0.7108797402448074 0.5990948861719776
0.7108797402448074 0.5990948861719776
0.7108797402448074 0.5990948861719776
0.7108797402448074 0.5990948861719776
0.7108797402448074 0.5990948861719776
0.7108797402448074 0.5990948861719776
0.7108797402448074 0.5990948861719776
0.7108797402448074 0.5990948861719776
0.7108797402448074 0.5990948861719776
0.7108797402448074 0.5990948861719776
0.7108797402448074 0.5990948861719776
0.7108797402448074 0.5990948861719776
0.7108797402448074 0.5990948861719776
0.7108797402448074 0.5990948861719776
0.7108797402448074 0.5990948861719776
0.7108797402448074 0.5990948861719776
0.7108797402448074 0.5990948861719776
0.7108797402448074 0.5990948861719776
0.7108797402448074 0.5990948861719776
0.7108797402448074 0.5990948861719776
0.7108797402448074 0.5990948861719776
0.7108797402448074 0.5990948861719776
0.7108797402448074 0.5990948861719776
0.7108797402448074 0.5990948861719776
0.7108797402448074 0.5990948861719776
0.7108797402448074 0.5990948861719776
0.7108797402448074 0.5990948861719776
0.7108797402448074 0.5990948861719776
0.7108797402448074 0.5990948861719776
0.7108797402448074 0.5990948861719776
0.7108797402448074 0.5990948861719776
0.7108797402448074 0.5990948861719776
0.7108797402448074 0.5990948861719776
0.7108797402448074 0.5990948861719776
0.7108797402448074 0.5990948861719776
0.7108797402448074 0.5990948861719776
0.7108797402448074 0.5990948861719776
0.7108797402448074 0.5990948861719776
0.7108797402448074 0.5990948861719776
0.7108797402448074 0.5990948861719776
0.7108797402448074 0.5990948861719776
0.7108797402448074 0.5990948861719776
0.7108797402448074 0.5990948861719776
0.7108797402448074 0.5990948861719776
0.7108797402448074 0.5990948861719776
0.7108797402448074 0.5990948861719776
0.7108797402448074 0.5990948861719776
0.7108797402448074 0.5990948861719776
0.7108797402448074 0.5990948861719776
0.7108797402448074 0.5990948861719776
0.7108797402448074 0.5990948861719776
0.7108797402448074 0.5990948861719776
0.7108797402448074 0.5990948861719776
0.7108797402448074 0.5990948861719776
0.7108797402448074 0.5990948861719776
0.7108797402448074 0.5990948861719776
0.7108797402448074 0.5990948861719776
0.7108797402448074 0.5990948861719776
0.7108797402448074 0.5990948861719776
0.7108797402448074 0.5990948861719776
0.7108797402448074 0.5990948861719776
0.7108797402448074 0.5990948861719776
0.7108797402448074 0.5990948861719776
0.7108797402448074 0.5990948861719776
0.7108797402448074 0.5990948861719776
0.7108797402448074 0.5990948861719776
0.7108797402448074 0.5990948861719776
0.7108797402448074 0.5990948861719776
0.7108797402448074 0.5990948861719776
0.7108797402448074 0.5990948861719776
0.7108797402448074 0.5990948861719776
0.7108797402448074 0.5990948861719776
0.7108797402448074 0.5990948861719776
0.7108797402448074 0.5990948861719776
0.7108797402448074 0.5990948861719776
0.7108797402448074 0.5990948861719776
0.7108797402448074 0.5990948861719776
0.7108797402448074 0.5990948861719776
0.7108797402448074 0.5990948861719776
0.7108797402448074 0.5990948861719776
0.7108797402448074 0.5990948861719776
0.7108797402448074 0.5990948861719776
0.7108797402448074 0.5990948861719776
0.7108797402448074 0.5990948861719776
0.7108797402448074 0.5990948861719776
0.7108797402448074 0.5990948861719776
0.7108797402448074 0.5990948861719776
0.7108797402448074 0.5990948861719776
0.7108797402448074 0.5990948861719776
0.7108797402448074 0.5990948861719776
0.7108797402448074 0.5990948861719776
0.7108797402448074 0.5990948861719776
0.7108797402448074 0.5990948861719776
0.7108797402448074 0.5990948861719776
0.7108797402448074 0.5990948861719776
0.7108797402448074 0.5990948861719776
0.7108797402448074 0.5990948861719776
0.7108797402448074 0.5990948861719776
0.7108797402448074 0.5990948861719776
0.7108797402448074 0.5990948861719776
0.7108797402448074 0.5990948861719776
0.7108797402448074 0.5990948861719776
0.7108797402448074 0.5990948861719776
0.7108797402448074 0.5990948861719776
0.7108797402448074 0.5990948861719776
0.7108797402448074 0.5990948861719776
0.7108797402448074 0.5990948861719776
0.7108797402448074 0.5990948861719776
0.7108797402448074 0.5990948861719776
0.7108797402448074 0.5990948861719776
0.7108797402448074 0.5990948861719776
0.7108797402448074 0.5990948861719776
0.7108797402448074 0.5990948861719776
0.7108797402448074 0.5990948861719776
0.7108797402448074 0.5990948861719776
0.7108797402448074 0.5990948861719776
0.7108797402448074 0.5990948861719776
0.7108797402448074 0.5990948861719776
0.7108797402448074 0.5990948861719776
0.7108797402448074 0.5990948861719776
0.7108797402448074 0.5990948861719776
0.7108797402448074 0.5990948861719776
0.7108797402448074 0.5990948861719776
0.7108797402448074 0.5990948861719776
0.7108797402448074 0.5990948861719776
0.7108797402448074 0.5990948861719776
0.7108797402448074 0.5990948861719776
0.7108797402448074 0.5990948861719776
0.7108797402448074 0.5990948861719776
0.7108797402448074 0.5990948861719776
0.7108797402448074 0.5990948861719776
0.7108797402448074 0.5990948861719776
0.7108797402448074 0.5990948861719776
0.7108797402448074 0.5990948861719776
0.7108797402448074 0.5990948861719776
0.7108797402448074 0.5990948861719776
0.7108797402448074 0.5990948861719776
0.7108797402448074 0.5990948861719776
0.7108797402448074 0.5990948861719776
0.7108797402448074 0.5990948861719776
0.7108797402448074 0.5990948861719776
0.7108797402448074 0.5990948861719776
0.7108797402448074 0.5990948861719776
0.7108797402448074 0.5990948861719776
0.7108797402448074 0.5990948861719776
0.7108797402448074 0.5990948861719776
0.7108797402448074 0.5990948861719776
0.7108797402448074 0.5990948861719776
0.7108797402448074 0.5990948861719776
0.7108797402448074 0.5990948861719776
0.7108797402448074 0.5990948861719776
0.7108797402448074 0.5990948861719776
0.7108797402448074 0.5990948861719776
0.7108797402448074 0.5990948861719776
0.7108797402448074 0.5990948861719776
0.7108797402448074 0.5990948861719776
0.7108797402448074 0.5990948861719776
0.7108797402448074 0.5990948861719776
0.7108797402448074 0.5990948861719776
0.7108797402448074 0.5990948861719776
0.7108797402448074 0.5990948861719776
0.7108797402448074 0.5990948861719776
0.7108797402448074 0.5990948861719776
0.7108797402448074 0.5990948861719776
0.7108797402448074 0.5990948861719776
0.7108797402448074 0.5990948861719776
0.7108797402448074 0.5990948861719776
0.7108797402448074 0.5990948861719776
0.7108797402448074 0.5990948861719776
0.7108797402448074 0.5990948861719776
0.7108797402448074 0.5990948861719776
0.7108797402448074 0.5990948861719776
0.7108797402448074 0.5990948861719776
0.7108797402448074 0.5990948861719776
0.7108797402448074 0.5990948861719776
0.7108797402448074 0.5990948861719776
0.7108797402448074 0.5990948861719776
0.7108797402448074 0.5990948861719776
0.7108797402448074 0.5990948861719776
0.7108797402448074 0.5990948861719776
0.7108797402448074 0.5990948861719776
0.7108797402448074 0.5990948861719776
0.7108797402448074 0.5990948861719776
0.7108797402448074 0.5990948861719776
0.7108797402448074 0.5990948861719776
0.7108797402448074 0.5990948861719776
0.7108797402448074 0.5990948861719776
0.7108797402448074 0.5990948861719776
0.7108797402448074 0.5990948861719776
0.7108797402448074 0.5990948861719776
0.7108797402448074 0.5990948861719776
0.7108797402448074 0.5990948861719776
0.7108797402448074 0.5990948861719776
0.7108797402448074 0.5990948861719776
0.7108797402448074 0.5990948861719776
0.7108797402448074 0.5990948861719776
0.7108797402448074 0.5990948861719776
0.7108797402448074 0.5990948861719776
0.7108797402448074 0.5990948861719776
0.7108797402448074 0.5990948861719776
0.7108797402448074 0.5990948861719776
0.7108797402448074 0.5990948861719776
0.7108797402448074 0.5990948861719776
0.7108797402448074 0.5990948861719776
0.7139283741731192 0.5986679163610957
0.7170735483561804 0.597404028563483
0.7202168109399733 0.5953923066919203
0.7233411686586135 0.5927263784380936
0.7264657153547704 0.589461612068615
0.7296197420151369 0.585618631127691
0.7328325286466668 0.5811926778314688
0.7361321143162198 0.5761619705577709
0.7395452170130368 0.5704919481776006
0.7430974814256591 0.5641374877929796
0.7468145946612896 0.5570444177671183
0.7507230614386626 0.5491500821955723
0.7548504855523018 0.5403832556976357
0.7592264884598241 0.5306641096281536
0.7638832726065824 0.5199037820491489
0.7688564835815066 0.5080039126643816
0.7741859007061097 0.49485594707445896
0.779916552378443 0.48034047385759104
0.786099880439118 0.4643264297911255
0.7927953815646175 0.44667034260669053
0.8000724937697434 0.4272155133448621
0.8080134023302609 0.4057913928187074
0.816716587514696 0.38221308749532196
0.8263019229219788 0.356281324213317
0.8265935076533835 0.3554946804041089
0.8406595897331502 0.3178269157886098
0.8536779165958751 0.28367069426846486
0.8657919328496396 0.2527274816839724
0.8771051504053884 0.2247168241231669
0.8876961456396454 0.1993784713418753
0.8976270863550693 0.1764725361828725
0.9069488440489638 0.15577876354721396
0.9157040161282459 0.1370953151026117
0.923929094495038 0.12023750658466932
0.9316560458057774 0.10503656454537777
0.9389130706875961 0.09133821884697754
0.9457257711548889 0.07900171165749431
0.9521172726822356 0.06789843913929328
0.9581090859373289 0.05791114927801431
0.9637211719430433 0.048932840119657525
0.9689723119780833 0.04086594910384603
0.9738805922193372 0.0336217530041223
0.9784629506958429 0.02711924218032599
0.9827358567940576 0.02128483055600106
0.986715246724085 0.016051662578960367
0.9904164704636621 0.01135897530379286
0.9938548171230603 0.007151984116134739
0.9970446018546726 0.0033806688831656577
1.0 0.0
