# CURVE 2D, normalized by CHORD
# COLUMN#1 = X-coordinate, COLUMN#2 = Y-coordinate
#-------------------------------------------------------------------------------
0.0 0.0
0.012573691257438428 8.966451715255074e-05
0.025194798057844473 0.00025975801911362406
0.03786254094173233 0.0005321835665502005
0.05057524181763629 0.000940521689192756
0.06332907951956353 0.0015411526025724447
0.0761139351884097 0.0024434492664724226
0.07621570581000989 0.002452361307748697
0.08518070805479958 0.0034006419130085982
0.09406710899032464 0.004891933805585811
0.1016688509786004 0.008903129234998147
0.10605632092213932 0.22270718123016728
0.10565792287181322 0.20329300436677228
0.10526580232603083 0.18418473407940683
0.10487986037099659 0.16537755023925893
0.10449999965148632 0.14686670866763865
0.10412612434628907 0.12864753993924222
0.10375814014403578 0.1107154482042729
0.10339595421940902 0.09306591002912165
0.10303947520972737 0.07569447325531492
0.1026886131918989 0.058596755876441975
0.10234327965973777 0.041768444932778315
0.10200338750163825 0.02520529542332617
0.1016688509786004 0.008903129234998142
0.10605632092213932 0.22270718123016728
0.10645471897246542 0.24212135809356228
0.1068468395182478 0.2612296283809277
0.10723278147328205 0.2800368122210756
0.10761264219279232 0.2985476537926959
0.10798651749798957 0.31676682252109234
0.10835450170024284 0.3346989142560617
0.1087166876248696 0.35234845243121293
0.10907316663455127 0.36971988920501964
0.10942402865237974 0.3868176065838926
0.10976936218454085 0.40364591752755624
0.11010925434264038 0.4202090670370084
0.11044379086567822 0.4365112332253364
0.11044379086567822 0.4365112332253364
0.11097517276955166 0.44620190686306965
0.11272052983186741 0.455757324233667
0.11836168992686777 0.4633078944107826
0.12788892030160898 0.46245201104642875
0.13684413276012586 0.4584930680420132
0.1369431023878433 0.45844528149342334
0.14807393915349787 0.45323829136286464
0.15956646651485384 0.44903677284638477
0.17151540311056165 0.44666125300141063
0.18364711185265123 0.44669392821506276
0.1954553268744346 0.4492797681614137
0.20650808538636717 0.4540787084584057
0.4659663993940941 0.5942177674321891
0.4381131916055723 0.5791736462067331
0.41070204466721977 0.5643682916278143
0.38372594259018733 0.5497979142077889
0.3571779807370373 0.5354587846023234
0.33105136405447466 0.5213472326558553
0.30533940533412685 0.5074596464622019
0.2800355235009272 0.49379247144007943
0.25513324192866305 0.4803422094232941
0.23062618678225869 0.4671054177653731
0.20650808538636717 0.4540787084584057
0.4659663993940941 0.5942177674321891
0.4938196071826159 0.6092618886576452
0.5212307541209684 0.6240672432365639
0.5482068561980009 0.6386376206565894
0.5747548180511509 0.6529767502620548
0.6008814347337136 0.667088302208523
0.6265933934540613 0.6809758884021764
0.6518972752872609 0.6946430634242988
0.6767995568595251 0.7080933254410842
0.7013066120059295 0.7213301170990052
0.725424713401821 0.7343568264059726
0.725424713401821 0.7343568264059726
0.748062701148482 0.736039788254509
0.7667424580260868 0.7217882286123203
0.7806252140224932 0.7023122130825944
0.7919763651079785 0.6809640536191165
0.8018349458077895 0.6586192558684091
0.8107114041025912 0.6356054254380041
0.8188937389801852 0.6120765185979304
0.8265620210966415 0.5881158876092444
0.8338379662028742 0.5637731948733347
0.840808684263781 0.5390800152586424
0.8475398602876456 0.5140574993482607
0.8540831217393683 0.4887203570529139
0.8604806075758197 0.46307914248577914
0.8667681885978935 0.43714170111805734
0.8729775081371345 0.410914054850643
0.8791375954610113 0.38440103503804723
0.8794060649164428 0.3832361324884475
0.8852235417704988 0.3578379220438185
0.8909359657148769 0.3326786257964094
0.896568633743455 0.307761464433904
0.9021459435452539 0.2830894078100323
0.9076923339755552 0.2586654609394319
0.9132333049365873 0.23449297248571896
0.9187966487518897 0.21057601391736225
0.9244139609882697 0.18691987176355362
0.9301229488794944 0.16353182151251144
0.9359710221187378 0.1404223994855889
0.942020979065857 0.11760758470205003
0.948361762121338 0.09511316724507378
0.955129231650549 0.07298407313288308
0.9625554139238163 0.051308755683345184
0.9711042536383292 0.030298369965430342
0.9820159321931652 0.010700529123037927
1.0 0.0
