# CURVE 2D, normalized by CHORD
# COLUMN#1 = X-coordinate, COLUMN#2 = Y-coordinate
#-------------------------------------------------------------------------------
0.0 0.0
0.012467090162731398 0.0013312396527483438
0.024956321154628158 0.0029914252272459137
0.03745019406214437 0.005038487310017771
0.04992251556777273 0.007546779320222837
0.06233300489850216 0.010613400511418144
0.07461761567781731 0.014367644591479873
0.08667068363667166 0.018984046774648305
0.09831110459196957 0.024698392876193204
0.09844317082614104 0.024772559493466947
0.10732598716190148 0.0304127620275922
0.11540119964034928 0.037101803324118415
0.12228896413553035 0.04495815318284983
0.1275330923910469 0.05395153257242152
0.13076964639009991 0.06381061208511053
0.13193416793731236 0.07409245065647
0.13475162377202773 0.22558291133093722
0.1345138186090734 0.2127964771150643
0.13427973145258137 0.20020995464397218
0.13404930417272853 0.18782021836248045
0.13382247954853266 0.17562419158244857
0.13359920125364302 0.1636188457187555
0.13337941384235313 0.15180119953722465
0.133163062735832 0.1401683184143071
0.13295009420857104 0.12871731360833977
0.13274045537504248 0.11744534154219692
0.13253409417656656 0.10634960309715738
0.1323309593683841 0.09542734291781171
0.13213100050693113 0.08467584872783712
0.13193416793731236 0.07409245065647
0.13475162377202773 0.22558291133093722
0.13498942893498206 0.23836934554681014
0.1352235160914741 0.25095586801790226
0.13545394337132693 0.263345604299394
0.1356807679955228 0.27554163107942586
0.13590404629041244 0.2875469769431189
0.13612383370170233 0.2993646231246498
0.13634018480822346 0.31099750424756734
0.13655315333548443 0.32244850905353467
0.136762792169013 0.3337204811196775
0.1369691533674889 0.34481621956471703
0.13717228817567137 0.3557384797440627
0.13737224703712433 0.36648997393403726
0.1375690796067431 0.3770733720054044
0.1375690796067431 0.3770733720054044
0.13793905275380758 0.38819180481887167
0.13883950615634802 0.39931611880010237
0.1411836088252544 0.41024164128511564
0.1498006396929467 0.41436850022303534
0.15879875614013614 0.4076266181009789
0.16712801049613968 0.3999677606506635
0.1672470955642579 0.3998588849130675
0.1774508655934548 0.39105564811214083
0.18837586901691813 0.38329006809956506
0.20023069590351542 0.37719660296400315
0.2129442176129642 0.3734494888253423
0.22609717263148324 0.37254153385239036
0.2390767674213205 0.37447312827921553
0.251412412547862 0.37877591211024636
0.2629166306205773 0.3848417112929884
0.5778437903611611 0.5770791874905794
0.5362271825703594 0.5516756254218178
0.4952743957299226 0.5266772721773773
0.4549748413205661 0.5020776643254418
0.41531809971906186 0.477870441531533
0.3762939175041997 0.45404934491401805
0.3378922048057214 0.4306082154258486
0.30010303269554084 0.4075409922621128
0.2629166306205773 0.3848417112929884
0.5778437903611611 0.5770791874905794
0.6194603981519627 0.602482749559341
0.6604131849923995 0.6274811028037816
0.700712739401756 0.652080710655717
0.7403694810032604 0.6762879334496257
0.7793936632181224 0.7001090300671406
0.8177953759166008 0.7235501595553101
0.8555845480267814 0.7466173827190459
0.8927709501017449 0.7693166636881703
0.8927709501017449 0.7693166636881703
0.9130473752844616 0.7779439425280915
0.9350803443851764 0.7769171064122565
0.9535813088964818 0.7643549414985358
0.9668220343285147 0.7458663914878666
0.9765458948809552 0.7250149448473129
0.9840417453658059 0.7030102853014261
0.9900206404655403 0.6803036801099206
0.9948935343545862 0.6570947707164878
0.9989164724675851 0.6334842104737427
1.0022597133431796 0.6095276462211485
1.005041897234812 0.5852577973841301
1.007349260888823 0.5606947695629121
1.0092466424774946 0.535851238078396
1.0107838948966044 0.5107352428837617
1.0119999705042464 0.48535181493406265
1.0129264579023183 0.4597039954157371
1.0135887511864778 0.4337934127821676
1.013613719426678 0.43257024639189484
1.0140366503635945 0.4050021506467064
1.0142098085662858 0.37770798843785475
1.014162887855914 0.35068717546716566
1.0139207132976122 0.3239385317764481
1.0135042235727973 0.2974604633520452
1.012931241930177 0.2712510869485106
1.0122170922178593 0.24530831610892362
1.011375002222562 0.21962992366439718
1.0104166062956392 0.19421358052448562
1.0093521387696431 0.16905688890112805
1.0081907824295577 0.14415739956596124
1.006940980642543 0.11951262013482836
1.0056109824422923 0.09512000212833631
1.0042098158456954 0.07097689176321022
1.002749997998386 0.047080358586653555
1.0012593768558693 0.02342641540591111
1.0 0.0
