# CURVE 2D, normalized by CHORD
# COLUMN#1 = X-coordinate, COLUMN#2 = Y-coordinate
#-------------------------------------------------------------------------------
0.0 0.0
-0.0018069991746865214 0.010156731343063857
-0.0033940647421380537 0.02038271415003875
-0.004715583902987502 0.03067890117539187
-0.005710138984149927 0.04104421647986327
-0.006292170705562686 0.05147313544793613
-0.006337696277560022 0.06195020925495131
-0.006335031729198127 0.062049456031944464
-0.0057339042498256295 0.07171356258265868
-0.004294261617042941 0.08127254322512512
-0.0016688490000279943 0.0905562473808634
0.002661883813532534 0.09914753021617094
0.06026021058806161 0.18458854234640135
0.05598639888301995 0.17824879572212504
0.0517788247750393 0.17200730555165372
0.04763646168186307 0.16586254900903133
0.04355829893170208 0.15981302686979368
0.03954334151664646 0.15385726314518103
0.03559060984989927 0.14799380472202
0.03169913952677268 0.1422212210081868
0.027867981089388302 0.13653810358356488
0.02409619979502428 0.13094306585641266
0.02038287538805275 0.12543474272505672
0.01672710187541184 0.12001179024482854
0.013127987305557531 0.11467288530016272
0.009584653550841427 0.10941672528177772
0.006096236093261362 0.1042420277688595
0.0026618838135325368 0.09914753021617094
0.06026021058806161 0.18458854234640135
0.06453402229310326 0.19092828897067765
0.06874159640108392 0.19716977914114897
0.07288395949426014 0.20331453568377136
0.07696212224442114 0.20936405782300901
0.08097707965947676 0.21531982154762166
0.08492981132622394 0.22118327997078266
0.08882128164935053 0.22695586368461587
0.09265244008673491 0.2326389811092378
0.09642422138109893 0.23823401883639003
0.10013754578807046 0.24374234196774594
0.10379331930071137 0.24916529444797414
0.10739243387056568 0.25450419939263996
0.11093576762528179 0.25976035941102493
0.11442418508286185 0.26493505692394315
0.11785853736259068 0.27002955447663174
0.11785853736259068 0.27002955447663174
0.12259499814596792 0.2770673993734315
0.12736036600505626 0.2840957669086118
0.13235375051453324 0.29097211688740066
0.13916261280426961 0.29557096581511805
0.1391904142105693 0.29557215275444
0.148542793595169 0.2950873736017242
0.15785189317919995 0.2959542497097999
0.16698909655730423 0.2979036370372129
0.17595227844862052 0.3005023247350911
0.4906042453097267 0.40105732649481696
0.45335830613927597 0.3891544437123281
0.4167050052351817 0.3774409534911216
0.38063491284154105 0.3659138423139744
0.345138749243887 0.3545701446132027
0.310207382381806 0.34340694200771354
0.2758318254995423 0.3324213625521959
0.24200323483398523 0.3216105799982585
0.20871290733944314 0.3109718130673237
0.1759522784486205 0.3005023247350911
0.4906042453097267 0.40105732649481696
0.5278501844801774 0.4129602092773058
0.5645034853842716 0.4246736994985123
0.6005735777779123 0.4362008106756595
0.6360697413755664 0.4475445083764312
0.6710011082376474 0.45870771098192037
0.705376665119911 0.469693290437438
0.7392052557854681 0.48050407299137543
0.7724955832800102 0.4911428399223102
0.8052562121708329 0.5016123282545428
0.8052562121708329 0.5016123282545428
0.8234678285048425 0.5009054867015283
0.8367825441117939 0.48791266729173655
0.8448863281109189 0.4707647088960257
0.8504399921960277 0.45243825818327854
0.8546183052411369 0.43358359155425835
0.8579679615567879 0.41440170294612194
0.860789270431847 0.3949729508626332
0.8632697787184719 0.37533512260888535
0.865539449374644 0.35550821685074424
0.8676963535483023 0.3355039760597871
0.8698205943921513 0.31533021657320565
0.8719824768475207 0.29499307395479335
0.8742479547695644 0.2744983949063345
0.8743338322732628 0.2737440280964389
0.8770111321168039 0.25119233259232626
0.8799283071548792 0.22887545332514242
0.8831650067853023 0.20680635191439872
0.886806754276107 0.18500299443705276
0.8909500721154554 0.16349105067135367
0.8957082082995075 0.1423079642837404
0.9012190818888368 0.12150966090800715
0.907654575173662 0.10118148245768577
0.9152333279659498 0.0814572473216026
0.9242338059118237 0.06255212326164844
0.9349979937019454 0.044817121646601954
0.947899275107535 0.028818891337659455
0.9632075057393933 0.015401531186975992
0.9808088699560115 0.005566226273801667
1.0 0.0
