# CURVE 2D, normalized by CHORD
# COLUMN#1 = X-coordinate, COLUMN#2 = Y-coordinate
#-------------------------------------------------------------------------------
0.0 0.0
0.004623352924356818 0.008754247631395295
0.009014217468808572 0.017644363830093223
0.01319641482545492 0.026651318166355898
0.017190330043938738 0.03575996432739838
0.017224031951669598 0.035838979432706655
0.020784247162783733 0.04439309688184414
0.024197437397068294 0.05298647260496213
0.027475645563491986 0.06161193549982262
0.03062945516633448 0.07026349092272513
0.033668205823132236 0.07893609020296888
0.11413959470734168 0.31305419105830157
0.10622733851111356 0.2900347996966439
0.09844016622203461 0.26737931912608076
0.09077610040365183 0.24508199632465794
0.08323319488056748 0.2231371692192539
0.07580953424423668 0.20153926524778037
0.06850323336657804 0.18028279994411342
0.06131243692127344 0.15936237554539476
0.05423531891263545 0.13877267962135034
0.047270082211923026 0.11850848372527778
0.040414958100987344 0.09856464206636009
0.033668205823132236 0.07893609020296888
0.11413959470734168 0.31305419105830157
0.1220518509035698 0.3360735824199592
0.12983902319264876 0.3587290629905224
0.13750308901103153 0.3810263857919452
0.14504599453411587 0.4029712128973493
0.1524696551704467 0.42456911686882276
0.15977595604810532 0.4458255821724897
0.16696675249340992 0.46674600657120835
0.17404387050204792 0.4873357024952528
0.18100910720276034 0.5075998983913254
0.187864231313696 0.5275437400502431
0.19461098359155113 0.5471722919136343
0.19461098359155113 0.5471722919136343
0.19712434272807092 0.5554688080330129
0.19882681984872094 0.5639753468141029
0.19921467341140234 0.5726425798991371
0.19779271842075713 0.5812126776227056
0.1977904035367567 0.5812344066869456
0.20534594194962014 0.5857796638894768
0.21471177792262694 0.5880901172823068
0.22404907050834824 0.5904966384613636
0.5073268170419597 0.6658550724783971
0.47691684711683746 0.6577653169642259
0.4469894520376557 0.6498039375231175
0.4175369738395262 0.6419688969592499
0.38855187608156216 0.6342581904049966
0.36002674191841777 0.6266698448079121
0.33195427220243 0.6192019184258571
0.30432728361587824 0.6118525003301368
0.2771387068328822 0.6046197099165229
0.25038158471046956 0.5975016964240359
0.2240490705083482 0.5904966384613636
0.5073268170419597 0.6658550724783971
0.5377367869670819 0.6739448279925684
0.5676641820462637 0.6819062074336768
0.5971166602443931 0.6897412479975445
0.6261017580023572 0.6974519545517978
0.6546268921655016 0.7050403001488823
0.6826993618814894 0.7125082265309373
0.7103263504680412 0.7198576446266576
0.7375149272510372 0.7270904350402715
0.7642720493734498 0.7342084485327585
0.7906045635755712 0.7412135064954308
0.7906045635755712 0.7412135064954308
0.8095594277078286 0.7327224968956115
0.8199959058303621 0.7130169980678657
0.8269841828647155 0.6915425118579246
0.8323764376668645 0.6693746201732372
0.8368411310088616 0.6467689497565281
0.8407008081022751 0.623819747742787
0.8441400174271335 0.6005701641861798
0.8472772741596445 0.5770425973068826
0.8501949323649002 0.55324952266868
0.8529543716472348 0.529198211969468
0.8556038546842225 0.5048929687533392
0.8581836353122559 0.48033637333215706
0.8607287464365377 0.45552995528620166
0.8632713203856782 0.4304746624661399
0.8658420697284432 0.405171164677876
0.8684716892097025 0.379620115494689
0.8711920927728791 0.35382239135009513
0.8713191262778173 0.3526376311995938
0.8741455132376794 0.3268152706137189
0.8770746191878146 0.30126126743370607
0.8801387818813462 0.2759776879017347
0.8833732572868632 0.2509676692786708
0.8868179410078078 0.22623593069526024
0.8905195239971788 0.2017895144985528
0.8945348895155122 0.1776390042126671
0.8989355054093667 0.15380042887669756
0.9038150302049988 0.13029870230819468
0.9093012474752635 0.10717389423629119
0.9155778409738614 0.0844940160988952
0.922924630765461 0.06238322404328104
0.9318010460558515 0.041093610731666584
0.9430283512350058 0.021221394130324377
0.9581174474524619 0.004482538744030446
0.9784630137816465 -0.004119507816610963
1.0 0.0
