# CURVE 2D, normalized by CHORD
# COLUMN#1 = X-coordinate, COLUMN#2 = Y-coordinate
#-------------------------------------------------------------------------------
0.0 0.0
0.0047072696944975 0.008494003134873746
0.008472413145479477 0.017450999360793404
0.011329144657996077 0.02674311536835079
0.011344389396207006 0.026802468821790458
0.013092117040169408 0.034824587746205324
0.014287039444130128 0.042940654999218605
0.014982303644715705 0.051107889676643245
0.015229493472719523 0.05929409998622962
0.016264643178426293 0.2739396500036825
0.016170647190542148 0.25444892280973463
0.01607813240929461 0.2352653341982073
0.015987075493548063 0.21638404422096152
0.01589745346998095 0.1978002891986806
0.015809243727289663 0.17950938051901155
0.01572242401048383 0.16150670345364587
0.01563697241527144 0.1437877159940405
0.015552867382532472 0.12634794770548588
0.015470087692879622 0.10918299859923217
0.015388612461304718 0.0922885380223881
0.015308421131909515 0.07566030356531364
0.015229493472719523 0.059294099986229615
0.016264643178426293 0.2739396500036825
0.01635863916631044 0.2934303771976303
0.016451153947557976 0.3126139658091576
0.016542210863304523 0.33149525578640343
0.016631832886871638 0.3500790108086844
0.016720042629562924 0.3683699194883534
0.016806862346368755 0.3863725965537191
0.016892313941581145 0.40409158401332446
0.016976418974320114 0.4215313523018791
0.017059198663972965 0.4386963014081328
0.01714067389554787 0.4555907619849769
0.017220865224943073 0.47221899644205134
0.017299792884133063 0.48858520002113537
0.017299792884133063 0.48858520002113537
0.01764408280066125 0.5027375923333154
0.018649976755276913 0.5169332925936873
0.020541006319646494 0.531113433516613
0.023662937701654455 0.5451490484464264
0.028564290986583765 0.5587391690326449
0.03606238742680822 0.5711527904737224
0.046916515017824845 0.5808286251862458
0.060595728215364665 0.5859668037215612
0.06076369940225777 0.5859976207008714
0.07581838546710175 0.5865380053482375
0.09058584569222909 0.5838822370648071
0.10479134802387466 0.5792959293874422
0.11845953592645866 0.5735040107697014
0.13166864941049405 0.5669174669019544
0.14449279409761553 0.5597826272370089
0.1569924410006226 0.5522564680935518
0.16921536943145912 0.5444444512816646
0.18119928422761414 0.5364205727799987
0.42376749449467227 0.37074645124100086
0.39772762174932375 0.3885316879681186
0.3721009943962924 0.40603467803448556
0.3468810543484499 0.4232599006145275
0.3220613475936501 0.440211763799443
0.29763552254308856 0.45689460572527385
0.2735973284058728 0.4733126956830739
0.24994061358938843 0.48947023521145905
0.22665932412505058 0.5053713591718196
0.203747502119038 0.5210201368064687
0.18119928422761414 0.5364205727799987
0.42376749449467227 0.37074645124100086
0.4498073672400208 0.3529612145138831
0.4754339945930522 0.33545822444751616
0.5006539346408947 0.3182330018674742
0.5254736413956944 0.30128113868255874
0.549899466446256 0.2845982967567279
0.5739376605834718 0.26818020679892784
0.5975943753999562 0.2520226672705427
0.620875664864294 0.2361215433101821
0.6437874868703066 0.22047276567553295
0.6663357047617304 0.20507232970200306
0.6663357047617304 0.20507232970200306
0.6822894054537753 0.19398673508607786
0.6982000051828215 0.18254929851194454
0.7140632334252174 0.17076010376402656
0.7298761514349459 0.15862092995864016
0.7456376378643339 0.14613565449209032
0.7613490393115845 0.1333107958437454
0.7770149969710741 0.12015619478859446
0.7926447708129435 0.106686200872062
0.8082540630825438 0.0929213273226814
0.823867585969532 0.07889066949032708
0.8395233942767963 0.06463628936104844
0.8552795594221789 0.05022042295279741
0.8712257611052255 0.03573916761930004
0.8875040788720089 0.02135011284434252
0.8878034752159916 0.021091598878144626
0.8992903877003442 0.011414364257607832
0.9110209959528883 0.0021747000454669973
0.9231500803080396 -0.006383588524503478
0.9358923854752638 -0.013820858754996172
0.9494886980300219 -0.0192877259567033
0.9638899894199848 -0.021233805119890377
0.9779526449859829 -0.018050398538291205
0.99005964388018 -0.010308195149832507
1.0 0.0
