# CURVE 2D, normalized by CHORD
# COLUMN#1 = X-coordinate, COLUMN#2 = Y-coordinate
#-------------------------------------------------------------------------------
0.0 0.0
0.01431154754456162 0.005843818097665283
0.028699918463711237 0.011764638390341234
0.04316320598790008 0.01776845807530811
0.05769887277626551 0.023862646348528305
0.07230350225524045 0.03005645423480697
0.0869724040991293 0.03636181107095433
0.10169898051053948 0.04279457280059894
0.11647360423554484 0.04937668482943212
0.13128151337197358 0.05614011539375511
0.14609835529989865 0.06313488537633251
0.14629571962796778 0.06323000062842832
0.1572480301387941 0.06861109541124538
0.16806236689567652 0.07418412424858624
0.17867179461857696 0.08006161331264271
0.18888868515161467 0.08652391780483132
0.19716696374108178 0.09502013684371724
0.22304952440794806 0.219681855690621
0.22100629188240908 0.2098407552710763
0.2189948788954964 0.2001529116497721
0.21701478991719778 0.19061593813769945
0.2150655371344574 0.18122748521408277
0.21314664033099862 0.17198523994755363
0.21125762676901844 0.16288692542633917
0.20939803107272398 0.1539303001973239
0.20756739511368305 0.1451131577138472
0.20576526789796004 0.13643332579210038
0.20399120545500934 0.1278886660759893
0.2022447707282991 0.11947707351033071
0.20052553346763852 0.1111964758222527
0.19883307012318158 0.10304483301067123
0.19716696374108178 0.09502013684371724
0.22304952440794806 0.219681855690621
0.22509275693348704 0.22952295611016568
0.22710416992039972 0.2392107997314699
0.22908425889869835 0.24874777324354252
0.23103351168143874 0.2581362261671592
0.23295240848489748 0.2673784714336883
0.2348414220468777 0.27647678595490277
0.23670101774317215 0.2854334111839181
0.23853165370221305 0.2942505536673948
0.24033378091793606 0.3029303855891416
0.24210784336088678 0.31147504530525266
0.243854278087597 0.31988663787091126
0.24557351534825758 0.3281672355589893
0.24726597869271452 0.33631887837057073
0.24893208507481432 0.34434357453752473
0.24893208507481432 0.34434357453752473
0.2503033840399974 0.3599574685822488
0.25013747850604506 0.3757453522162413
0.249379562415347 0.39161446733718736
0.2483123813306307 0.40756392882455245
0.24707153587452854 0.4235994260639283
0.24574061054888457 0.43972688944802996
0.24438225506928696 0.4559518511680456
0.24305252182221798 0.47227954688316953
0.24181061180528524 0.48871507008957404
0.24178625682844973 0.48905725347410667
0.240901517972804 0.50238496816051
0.24017980001535436 0.5156560629183498
0.23968854808242981 0.5288715614240738
0.2395341759596935 0.5420293509983162
0.23991053288588476 0.5551163817490082
0.24126018488632217 0.5680690005971474
0.24518370171497672 0.5803428110072525
0.2562779837537453 0.5821755815422851
0.5207284124914351 0.41343626316977355
0.4894271996489238 0.433408797699174
0.45862346014326816 0.45306390672024677
0.42830928758048503 0.47240663510865305
0.3984769012237093 0.4914419475613354
0.3691186439961128 0.5101747298708068
0.34022698051556244 0.528609790179186
0.3117944951605146 0.5467518602123038
0.2838138901666476 0.5646055964941943
0.2562779837537453 0.5821755815422851
0.5207284124914351 0.41343626316977355
0.5520296253339464 0.3934637286403731
0.582833364839602 0.37380861961930034
0.6131475374023851 0.35446589123089406
0.6429799237591608 0.3354305787782117
0.6723381809867573 0.31669779646874036
0.7012298444673077 0.29826273616036114
0.7296623298223556 0.28012066612724335
0.7576429348162226 0.2622669298453528
0.7851788412291248 0.244696944797262
0.7851788412291248 0.244696944797262
0.7984036214765555 0.23566400246842142
0.8112177594751221 0.2258801791290982
0.8236917417053105 0.21549781423300582
0.8358795954180067 0.20461858429147764
0.8478228027710462 0.19331319357757923
0.8595533379576522 0.18163234099142475
0.8710959072918795 0.16961322835155182
0.8824694612912121 0.15728350790802023
0.8936883069554188 0.14466386255521185
0.9047627914949404 0.1317696310617144
0.9049959107730046 0.13149356891470257
0.9156824496076948 0.11863288044379516
0.9261058353891505 0.10569764514300752
0.936273405705635 0.09269754327704026
0.9461890364707676 0.07963907299033
0.9558529273605958 0.0665257355779337
0.9652610070493456 0.053357948639610034
0.9744037299252964 0.04013260064834509
0.9832638874336399 0.026842110483446785
0.9918124333694399 0.013472562601176897
1.0 0.0
