# CURVE 2D, normalized by CHORD
# COLUMN#1 = X-coordinate, COLUMN#2 = Y-coordinate
#-------------------------------------------------------------------------------
0.0 0.0
0.0003850590863684391 0.0005832057730175349
0.0008085962487249235 0.0012247504988402776
0.0012744523906011366 0.0019304726285980253
0.001786851984318363 0.002706794801557858
0.0023504390952821825 0.0035607838030797
0.0029703207034316005 0.004500214079284476
0.0036521109346818632 0.005533639861467378
0.0044019816622628966 0.006670473217495746
0.005226716579468894 0.007921070955667875
0.006133772281606838 0.009296829161164193
0.007131342232642751 0.01081028931017268
0.008228428648674199 0.012475253989677582
0.00943491984775486 0.01430691532005012
0.010761674177024044 0.016321996975502136
0.01222060998287616 0.01853891194247837
0.013824802336188631 0.02097793751061544
0.015588584249072397 0.023661411139606427
0.01752765139863064 0.026613950205211092
0.019659163933779433 0.029862702412709084
0.02200183765103013 0.03343763470868466
0.024576004115311984 0.03737187700468951
0.02740359367648493 0.0417021537452566
0.030507932900275574 0.04646937640577057
0.033913041401011174 0.051719601228095984
0.033958617038643155 0.05179006133344452
0.03516194363222909 0.05365258487480584
0.036254027960938184 0.055346981198078536
0.03724503436154768 0.056888498551570965
0.03814419790284922 0.05829100231523812
0.03895990868644053 0.05956710079870719
0.03969978852142102 0.06072825957282565
0.04037076069754971 0.0617849053569586
0.040979111452819086 0.06274652169443118
0.04153055014107499 0.06362173319617005
0.04203025827304753 0.06441838569183184
0.042482937151147836 0.0651436171244733
0.04289285064741129 0.06580392230084672
0.04326386193705842 0.06640521303993094
0.04359946673747656 0.06695287284604604
0.04390282307055649 0.0674518067526072
0.0441767742052229 0.06790648892016021
0.044423867734189874 0.06832100657814734
0.04464636057394131 0.06869910660241693
0.044846222931976515 0.06904423674256137
0.04502509800466779 0.06935960570344125
0.0451842058792454 0.06964826347886112
0.04532405581224147 0.06991326091889064
0.04544335160155371 0.07015812532534103
0.045530061994347254 0.07038964524318925
0.0866783645419155 0.2720214303886428
0.07619392390586927 0.22064637113185528
0.06812896957044906 0.18112709478048025
0.061925158543202755 0.1507276514332687
0.05715299621455175 0.12734346424310594
0.053482102115589444 0.10935562794298076
0.05065833742407998 0.0955188307890383
0.048486210738303455 0.08487514067062105
0.04681534405693691 0.07668768673337698
0.045530061994347254 0.07038964524318925
0.0866783645419155 0.2720214303886428
0.09716280517796175 0.3233964896454303
0.10522775951338195 0.3629157659968053
0.11143157054062826 0.39331520934401687
0.11620373286927926 0.4166993965341796
0.11987462696824157 0.43468723283430477
0.12269839165975104 0.44852402998824725
0.12487051834552756 0.4591677201066645
0.1265413850268941 0.4673551740439086
0.12782666708948376 0.4736532155340963
0.12782666708948376 0.4736532155340963
0.12797661876564387 0.4743859270120084
0.12814250323445806 0.47519171716448605
0.1283261680800944 0.47607784009978915
0.12852970650545917 0.4770522617123935
0.12875551191449996 0.4781237240418326
0.12900633633607764 0.47930181601040744
0.12928538465656914 0.48059704425219246
0.12959637946721933 0.4820209183903344
0.12994370731399674 0.4835860274354375
0.130332642919668 0.48530610685506126
0.13076949866743728 0.487196129787768
0.13126204980418896 0.4892723413034867
0.13181996158582404 0.4915522910439429
0.13245555691125413 0.49405477342345405
0.1331847560110728 0.49679969134150254
0.1340287908993347 0.49980764022301116
0.13501664303284705 0.5030991078750897
0.13618911003711837 0.5066927909955325
0.13760561759614487 0.5106020785509208
0.13935543638417397 0.5148276413850119
0.1415767638363039 0.5193408199657615
0.14448473462686667 0.524046247443303
0.14839304479695284 0.528704149367275
0.15364695493328046 0.5328316143401649
0.15372388449440055 0.53287816101656
0.15986558647306998 0.5356436463684165
0.16584505047397488 0.5369943169118513
0.17140139534263832 0.5374679425016045
0.17647230741986325 0.537441939737028
0.18107295153288344 0.537140264970083
0.18524048884207692 0.5366917637095172
0.1890154183806189 0.5361713148827442
0.19243603166226733 0.5356231521469148
0.19553706439673746 0.5350736387331444
0.1983496449112425 0.5345384319242188
0.2009015944760023 0.5340265668062555
0.2032178266547771 0.5335430355819079
0.20532067224599118 0.5330901560417393
0.2072302118808482 0.5326686375066481
0.20896452196247103 0.5322781032421721
0.2105399184083542 0.5319175685934533
0.21197113292137507 0.5315856244656065
0.21327149010916552 0.5312806540867627
0.21445305412834065 0.5310009511907703
0.2155267480854105 0.5307447605383605
0.21650247955847263 0.5305103814261662
0.21738922879260594 0.5302961496954653
0.2181951427727554 0.5301004781871613
0.21892761809977251 0.5299218808627273
0.21892761809977251 0.5299218808627273
0.23835617181748286 0.52517516616327
0.25778472553519316 0.5204284514638128
0.27721327925290346 0.5156817367643555
0.2966418329706137 0.5109350220648982
0.316070386688324 0.506188307365441
0.3354989404060343 0.5014415926659838
0.35492749412374464 0.49669487796652645
0.374356047841455 0.49194816326706914
0.3937846015591653 0.4872014485676119
0.41321315527687563 0.4824547338681546
0.432641708994586 0.4777080191686973
0.45207026271229633 0.47296130446924
0.47149881643000696 0.4682145897697827
0.49092737014771776 0.4634678750703253
0.5103559238654286 0.4587211603708679
0.5297844775831393 0.45397444567141054
0.5492130313008501 0.4492277309719531
0.5686415850185609 0.44448101627249575
0.5880701387362716 0.4397343015730384
0.6074986924539822 0.434987586873581
0.626927246171693 0.4302408721741237
0.6463557998894038 0.4254941574746663
0.6657843536071146 0.42074744277520887
0.6852129073248254 0.41600072807575145
0.704641461042536 0.4112540133762942
0.7240700147602472 0.40650729867683666
0.7434985684779584 0.4017605839773792
0.7629271221956696 0.39701386927792176
0.7823556759133808 0.3922671545784642
0.801784229631092 0.3875204398790067
0.8212127833488032 0.3827737251795492
0.8406413370665144 0.37802701048009174
0.8428352228273713 0.3774910081640523
0.8428352228273713 0.3774910081640523
0.8428352228273713 0.3774910081640523
0.8428352228273713 0.3774910081640523
0.8428352228273713 0.3774910081640523
0.8428352228273713 0.3774910081640523
0.8428352228273713 0.3774910081640523
0.8428352228273713 0.3774910081640523
0.8428352228273713 0.3774910081640523
0.8428352228273713 0.3774910081640523
0.8428352228273713 0.3774910081640523
0.8428352228273713 0.3774910081640523
0.8428352228273713 0.3774910081640523
0.8428352228273713 0.3774910081640523
0.8428352228273713 0.3774910081640523
0.8428352228273713 0.3774910081640523
0.8428352228273713 0.3774910081640523
0.8428352228273713 0.3774910081640523
0.8428352228273713 0.3774910081640523
0.8428352228273713 0.3774910081640523
0.8428352228273713 0.3774910081640523
0.8428352228273713 0.3774910081640523
0.8428352228273713 0.3774910081640523
0.8428352228273713 0.3774910081640523
0.8428352228273713 0.3774910081640523
0.8428352228273713 0.3774910081640523
0.8428352228273713 0.3774910081640523
0.8428352228273713 0.3774910081640523
0.8428352228273713 0.3774910081640523
0.8428352228273713 0.3774910081640523
0.8428352228273713 0.3774910081640523
0.8428352228273713 0.3774910081640523
0.8428352228273713 0.3774910081640523
0.8428352228273713 0.3774910081640523
0.8428352228273713 0.3774910081640523
0.8428352228273713 0.3774910081640523
0.8428352228273713 0.3774910081640523
0.8428352228273713 0.3774910081640523
0.8428352228273713 0.3774910081640523
0.8428352228273713 0.3774910081640523
0.8428352228273713 0.3774910081640523
0.8428352228273713 0.3774910081640523
0.8428352228273713 0.3774910081640523
0.8428352228273713 0.3774910081640523
0.8428352228273713 0.3774910081640523
0.8428352228273713 0.3774910081640523
0.8428352228273713 0.3774910081640523
0.8428352228273713 0.3774910081640523
0.8428352228273713 0.3774910081640523
0.8428352228273713 0.3774910081640523
0.8428352228273713 0.3774910081640523
0.8428352228273713 0.3774910081640523
0.8428352228273713 0.3774910081640523
0.8428352228273713 0.3774910081640523
0.8428352228273713 0.3774910081640523
0.8428352228273713 0.3774910081640523
0.8428352228273713 0.3774910081640523
0.8428352228273713 0.3774910081640523
0.8428352228273713 0.3774910081640523
0.8428352228273713 0.3774910081640523
0.8428352228273713 0.3774910081640523
0.8428352228273713 0.3774910081640523
0.8428352228273713 0.3774910081640523
0.8428352228273713 0.3774910081640523
0.8428352228273713 0.3774910081640523
0.8428352228273713 0.3774910081640523
0.8428352228273713 0.3774910081640523
0.8428352228273713 0.3774910081640523
0.8428352228273713 0.3774910081640523
0.8428352228273713 0.3774910081640523
0.8428352228273713 0.3774910081640523
0.8428352228273713 0.3774910081640523
0.8428352228273713 0.3774910081640523
0.8428352228273713 0.3774910081640523
0.8428352228273713 0.3774910081640523
0.8428352228273713 0.3774910081640523
0.8428352228273713 0.3774910081640523
0.8428352228273713 0.3774910081640523
0.8428352228273713 0.3774910081640523
0.8428352228273713 0.3774910081640523
0.8428352228273713 0.3774910081640523
0.8428352228273713 0.3774910081640523
0.8428352228273713 0.3774910081640523
0.8428352228273713 0.3774910081640523
0.8428352228273713 0.3774910081640523
0.8428352228273713 0.3774910081640523
0.8428352228273713 0.3774910081640523
0.8428352228273713 0.3774910081640523
0.8428352228273713 0.3774910081640523
0.8428352228273713 0.3774910081640523
0.8428352228273713 0.3774910081640523
0.8428352228273713 0.3774910081640523
0.8428352228273713 0.3774910081640523
0.8428352228273713 0.3774910081640523
0.8428352228273713 0.3774910081640523
0.8428352228273713 0.3774910081640523
0.8428352228273713 0.3774910081640523
0.8428352228273713 0.3774910081640523
0.8428352228273713 0.3774910081640523
0.8428352228273713 0.3774910081640523
0.8428352228273713 0.3774910081640523
0.8428352228273713 0.3774910081640523
0.8428352228273713 0.3774910081640523
0.8428352228273713 0.3774910081640523
0.8428352228273713 0.3774910081640523
0.8428352228273713 0.3774910081640523
0.8428352228273713 0.3774910081640523
0.8428352228273713 0.3774910081640523
0.8428352228273713 0.3774910081640523
0.8428352228273713 0.3774910081640523
0.8428352228273713 0.3774910081640523
0.8428352228273713 0.3774910081640523
0.8428352228273713 0.3774910081640523
0.8428352228273713 0.3774910081640523
0.8428352228273713 0.3774910081640523
0.8428352228273713 0.3774910081640523
0.8428352228273713 0.3774910081640523
0.8428352228273713 0.3774910081640523
0.8428352228273713 0.3774910081640523
0.8428352228273713 0.3774910081640523
0.8428352228273713 0.3774910081640523
0.8428352228273713 0.3774910081640523
0.8428352228273713 0.3774910081640523
0.8428352228273713 0.3774910081640523
0.8428352228273713 0.3774910081640523
0.8428352228273713 0.3774910081640523
0.8428352228273713 0.3774910081640523
0.8428352228273713 0.3774910081640523
0.8428352228273713 0.3774910081640523
0.8428352228273713 0.3774910081640523
0.8428352228273713 0.3774910081640523
0.8428352228273713 0.3774910081640523
0.8428352228273713 0.3774910081640523
0.8428352228273713 0.3774910081640523
0.8428352228273713 0.3774910081640523
0.8428352228273713 0.3774910081640523
0.8428352228273713 0.3774910081640523
0.8428352228273713 0.3774910081640523
0.8428352228273713 0.3774910081640523
0.8428352228273713 0.3774910081640523
0.8428352228273713 0.3774910081640523
0.8428352228273713 0.3774910081640523
0.8428352228273713 0.3774910081640523
0.8428352228273713 0.3774910081640523
0.8428352228273713 0.3774910081640523
0.8428352228273713 0.3774910081640523
0.8428352228273713 0.3774910081640523
0.8428352228273713 0.3774910081640523
0.8428352228273713 0.3774910081640523
0.8428352228273713 0.3774910081640523
0.8428352228273713 0.3774910081640523
0.8428352228273713 0.3774910081640523
0.8428352228273713 0.3774910081640523
0.8428352228273713 0.3774910081640523
0.8428352228273713 0.3774910081640523
0.8428352228273713 0.3774910081640523
0.8428352228273713 0.3774910081640523
0.8428352228273713 0.3774910081640523
0.8428352228273713 0.3774910081640523
0.8428352228273713 0.3774910081640523
0.8428352228273713 0.3774910081640523
0.8428352228273713 0.3774910081640523
0.8428352228273713 0.3774910081640523
0.8428352228273713 0.3774910081640523
0.8428352228273713 0.3774910081640523
0.8428352228273713 0.3774910081640523
0.8428352228273713 0.3774910081640523
0.8428352228273713 0.3774910081640523
0.8428352228273713 0.3774910081640523
0.8428352228273713 0.3774910081640523
0.8428352228273713 0.3774910081640523
0.8428352228273713 0.3774910081640523
0.8428352228273713 0.3774910081640523
0.8428352228273713 0.3774910081640523
0.8428352228273713 0.3774910081640523
0.8428352228273713 0.3774910081640523
0.8428352228273713 0.3774910081640523
0.8428352228273713 0.3774910081640523
0.8428352228273713 0.3774910081640523
0.8428352228273713 0.3774910081640523
0.8428352228273713 0.3774910081640523
0.8428352228273713 0.3774910081640523
0.8428352228273713 0.3774910081640523
0.8428352228273713 0.3774910081640523
0.8428352228273713 0.3774910081640523
0.8428352228273713 0.3774910081640523
0.8428352228273713 0.3774910081640523
0.8428352228273713 0.3774910081640523
0.8428352228273713 0.3774910081640523
0.8428352228273713 0.3774910081640523
0.8428352228273713 0.3774910081640523
0.8428352228273713 0.3774910081640523
0.8428352228273713 0.3774910081640523
0.8428352228273713 0.3774910081640523
0.8428352228273713 0.3774910081640523
0.8428352228273713 0.3774910081640523
0.8428352228273713 0.3774910081640523
0.8428352228273713 0.3774910081640523
0.8428352228273713 0.3774910081640523
0.8428352228273713 0.3774910081640523
0.8428352228273713 0.3774910081640523
0.8428352228273713 0.3774910081640523
0.8428352228273713 0.3774910081640523
0.8428352228273713 0.3774910081640523
0.8428352228273713 0.3774910081640523
0.8428352228273713 0.3774910081640523
0.8428352228273713 0.3774910081640523
0.8428352228273713 0.3774910081640523
0.8428352228273713 0.3774910081640523
0.8428352228273713 0.3774910081640523
0.8428352228273713 0.3774910081640523
0.8428352228273713 0.3774910081640523
0.8428352228273713 0.3774910081640523
0.8428352228273713 0.3774910081640523
0.8428352228273713 0.3774910081640523
0.8428352228273713 0.3774910081640523
0.8428352228273713 0.3774910081640523
0.8428352228273713 0.3774910081640523
0.8428352228273713 0.3774910081640523
0.8428352228273713 0.3774910081640523
0.8428352228273713 0.3774910081640523
0.8428352228273713 0.3774910081640523
0.8428352228273713 0.3774910081640523
0.8428352228273713 0.3774910081640523
0.8428352228273713 0.3774910081640523
0.8428352228273713 0.3774910081640523
0.8428352228273713 0.3774910081640523
0.8428352228273713 0.3774910081640523
0.8428352228273713 0.3774910081640523
0.8428352228273713 0.3774910081640523
0.8428352228273713 0.3774910081640523
0.8428352228273713 0.3774910081640523
0.8428352228273713 0.3774910081640523
0.8428352228273713 0.3774910081640523
0.8428352228273713 0.3774910081640523
0.8428352228273713 0.3774910081640523
0.8428352228273713 0.3774910081640523
0.8428352228273713 0.3774910081640523
0.8428352228273713 0.3774910081640523
0.8428352228273713 0.3774910081640523
0.8428352228273713 0.3774910081640523
0.8428352228273713 0.3774910081640523
0.8428352228273713 0.3774910081640523
0.8428352228273713 0.3774910081640523
0.8428352228273713 0.3774910081640523
0.8428352228273713 0.3774910081640523
0.8428352228273713 0.3774910081640523
0.8428352228273713 0.3774910081640523
0.8428352228273713 0.3774910081640523
0.8428352228273713 0.3774910081640523
0.8428352228273713 0.3774910081640523
0.8428352228273713 0.3774910081640523
0.8428352228273713 0.3774910081640523
0.8428352228273713 0.3774910081640523
0.8428352228273713 0.3774910081640523
0.8428352228273713 0.3774910081640523
0.8428352228273713 0.3774910081640523
0.8428352228273713 0.3774910081640523
0.8428352228273713 0.3774910081640523
0.8428352228273713 0.3774910081640523
0.8428352228273713 0.3774910081640523
0.8428352228273713 0.3774910081640523
0.8428352228273713 0.3774910081640523
0.8428352228273713 0.3774910081640523
0.8428352228273713 0.3774910081640523
0.8428352228273713 0.3774910081640523
0.8428352228273713 0.3774910081640523
0.8428352228273713 0.3774910081640523
0.8428352228273713 0.3774910081640523
0.8428352228273713 0.3774910081640523
0.8428352228273713 0.3774910081640523
0.8428352228273713 0.3774910081640523
0.8428352228273713 0.3774910081640523
0.8428352228273713 0.3774910081640523
0.8428352228273713 0.3774910081640523
0.8428352228273713 0.3774910081640523
0.8428352228273713 0.3774910081640523
0.8428352228273713 0.3774910081640523
0.8428352228273713 0.3774910081640523
0.8428352228273713 0.3774910081640523
0.8428352228273713 0.3774910081640523
0.8428352228273713 0.3774910081640523
0.8428352228273713 0.3774910081640523
0.8428352228273713 0.3774910081640523
0.8428352228273713 0.3774910081640523
0.8428352228273713 0.3774910081640523
0.8428352228273713 0.3774910081640523
0.8428352228273713 0.3774910081640523
0.8428352228273713 0.3774910081640523
0.8428352228273713 0.3774910081640523
0.8428352228273713 0.3774910081640523
0.8428352228273713 0.3774910081640523
0.8428352228273713 0.3774910081640523
0.8428352228273713 0.3774910081640523
0.8428352228273713 0.3774910081640523
0.8428352228273713 0.3774910081640523
0.8428352228273713 0.3774910081640523
0.8428352228273713 0.3774910081640523
0.8428352228273713 0.3774910081640523
0.8428352228273713 0.3774910081640523
0.8428352228273713 0.3774910081640523
0.8428352228273713 0.3774910081640523
0.8428352228273713 0.3774910081640523
0.8428352228273713 0.3774910081640523
0.8428352228273713 0.3774910081640523
0.8428352228273713 0.3774910081640523
0.8428352228273713 0.3774910081640523
0.8428352228273713 0.3774910081640523
0.8428352228273713 0.3774910081640523
0.8428352228273713 0.3774910081640523
0.8428352228273713 0.3774910081640523
0.8428352228273713 0.3774910081640523
0.8428352228273713 0.3774910081640523
0.8428352228273713 0.3774910081640523
0.8428352228273713 0.3774910081640523
0.8428352228273713 0.3774910081640523
0.8428352228273713 0.3774910081640523
0.8428352228273713 0.3774910081640523
0.8428352228273713 0.3774910081640523
0.8428352228273713 0.3774910081640523
0.8428352228273713 0.3774910081640523
0.8428352228273713 0.3774910081640523
0.8428352228273713 0.3774910081640523
0.8428352228273713 0.3774910081640523
0.8428352228273713 0.3774910081640523
0.8428352228273713 0.3774910081640523
0.8428352228273713 0.3774910081640523
0.8428352228273713 0.3774910081640523
0.8428352228273713 0.3774910081640523
0.8428352228273713 0.3774910081640523
0.8428352228273713 0.3774910081640523
0.8428352228273713 0.3774910081640523
0.8428352228273713 0.3774910081640523
0.8428352228273713 0.3774910081640523
0.8428352228273713 0.3774910081640523
0.8428352228273713 0.3774910081640523
0.8428352228273713 0.3774910081640523
0.8428352228273713 0.3774910081640523
0.8428352228273713 0.3774910081640523
0.8428352228273713 0.3774910081640523
0.8428352228273713 0.3774910081640523
0.8428352228273713 0.3774910081640523
0.8428352228273713 0.3774910081640523
0.8428352228273713 0.3774910081640523
0.8428352228273713 0.3774910081640523
0.8428352228273713 0.3774910081640523
0.8428352228273713 0.3774910081640523
0.8428352228273713 0.3774910081640523
0.8428352228273713 0.3774910081640523
0.8428352228273713 0.3774910081640523
0.8428352228273713 0.3774910081640523
0.8428352228273713 0.3774910081640523
0.8428352228273713 0.3774910081640523
0.8428352228273713 0.3774910081640523
0.8428352228273713 0.3774910081640523
0.8428352228273713 0.3774910081640523
0.8428352228273713 0.3774910081640523
0.8428352228273713 0.3774910081640523
0.8428352228273713 0.3774910081640523
0.8428352228273713 0.3774910081640523
0.8428352228273713 0.3774910081640523
0.8428352228273713 0.3774910081640523
0.8428352228273713 0.3774910081640523
0.8428352228273713 0.3774910081640523
0.8428352228273713 0.3774910081640523
0.8428352228273713 0.3774910081640523
0.8428352228273713 0.3774910081640523
0.8428352228273713 0.3774910081640523
0.8428352228273713 0.3774910081640523
0.8428352228273713 0.3774910081640523
0.8428352228273713 0.3774910081640523
0.8428352228273713 0.3774910081640523
0.8428352228273713 0.3774910081640523
0.8428352228273713 0.3774910081640523
0.8428352228273713 0.3774910081640523
0.8428352228273713 0.3774910081640523
0.8428352228273713 0.3774910081640523
0.8428352228273713 0.3774910081640523
0.8428352228273713 0.3774910081640523
0.8428352228273713 0.3774910081640523
0.8428352228273713 0.3774910081640523
0.8428352228273713 0.3774910081640523
0.8428352228273713 0.3774910081640523
0.8428352228273713 0.3774910081640523
0.8428352228273713 0.3774910081640523
0.8428352228273713 0.3774910081640523
0.8428352228273713 0.3774910081640523
0.8428352228273713 0.3774910081640523
0.8428352228273713 0.3774910081640523
0.8428352228273713 0.3774910081640523
0.8428352228273713 0.3774910081640523
0.8428352228273713 0.3774910081640523
0.8428352228273713 0.3774910081640523
0.8428352228273713 0.3774910081640523
0.8428352228273713 0.3774910081640523
0.8428352228273713 0.3774910081640523
0.8428352228273713 0.3774910081640523
0.8428352228273713 0.3774910081640523
0.8428352228273713 0.3774910081640523
0.8428352228273713 0.3774910081640523
0.8428352228273713 0.3774910081640523
0.8428352228273713 0.3774910081640523
0.8428352228273713 0.3774910081640523
0.8428352228273713 0.3774910081640523
0.8428352228273713 0.3774910081640523
0.8428352228273713 0.3774910081640523
0.8428352228273713 0.3774910081640523
0.8428352228273713 0.3774910081640523
0.8428352228273713 0.3774910081640523
0.8428352228273713 0.3774910081640523
0.8428352228273713 0.3774910081640523
0.8428352228273713 0.3774910081640523
0.8428352228273713 0.3774910081640523
0.8428352228273713 0.3774910081640523
0.8428352228273713 0.3774910081640523
0.8428352228273713 0.3774910081640523
0.8428352228273713 0.3774910081640523
0.8428352228273713 0.3774910081640523
0.8428352228273713 0.3774910081640523
0.8428352228273713 0.3774910081640523
0.8428352228273713 0.3774910081640523
0.8428352228273713 0.3774910081640523
0.8428352228273713 0.3774910081640523
0.8428352228273713 0.3774910081640523
0.8428352228273713 0.3774910081640523
0.8428352228273713 0.3774910081640523
0.8428352228273713 0.3774910081640523
0.8428352228273713 0.3774910081640523
0.8428352228273713 0.3774910081640523
0.8428352228273713 0.3774910081640523
0.8428352228273713 0.3774910081640523
0.8428352228273713 0.3774910081640523
0.8428352228273713 0.3774910081640523
0.8428352228273713 0.3774910081640523
0.8428352228273713 0.3774910081640523
0.8428352228273713 0.3774910081640523
0.8428352228273713 0.3774910081640523
0.8428352228273713 0.3774910081640523
0.8428352228273713 0.3774910081640523
0.8428352228273713 0.3774910081640523
0.8428352228273713 0.3774910081640523
0.8428352228273713 0.3774910081640523
0.8428352228273713 0.3774910081640523
0.8428352228273713 0.3774910081640523
0.8428352228273713 0.3774910081640523
0.8428352228273713 0.3774910081640523
0.8428352228273713 0.3774910081640523
0.8428352228273713 0.3774910081640523
0.8428352228273713 0.3774910081640523
0.8428352228273713 0.3774910081640523
0.8428352228273713 0.3774910081640523
0.8428352228273713 0.3774910081640523
0.8428352228273713 0.3774910081640523
0.8428352228273713 0.3774910081640523
0.8428352228273713 0.3774910081640523
0.8428352228273713 0.3774910081640523
0.8428352228273713 0.3774910081640523
0.8428352228273713 0.3774910081640523
0.8428352228273713 0.3774910081640523
0.8428352228273713 0.3774910081640523
0.8428352228273713 0.3774910081640523
0.8428352228273713 0.3774910081640523
0.8428352228273713 0.3774910081640523
0.8428352228273713 0.3774910081640523
0.8428352228273713 0.3774910081640523
0.8428352228273713 0.3774910081640523
0.8428352228273713 0.3774910081640523
0.8428352228273713 0.3774910081640523
0.8428352228273713 0.3774910081640523
0.8428352228273713 0.3774910081640523
0.8428352228273713 0.3774910081640523
0.8428352228273713 0.3774910081640523
0.8428352228273713 0.3774910081640523
0.8428352228273713 0.3774910081640523
0.8428352228273713 0.3774910081640523
0.8428352228273713 0.3774910081640523
0.8428352228273713 0.3774910081640523
0.8428352228273713 0.3774910081640523
0.8428352228273713 0.3774910081640523
0.8428352228273713 0.3774910081640523
0.8428352228273713 0.3774910081640523
0.8428352228273713 0.3774910081640523
0.8428352228273713 0.3774910081640523
0.8428352228273713 0.3774910081640523
0.8428352228273713 0.3774910081640523
0.8428352228273713 0.3774910081640523
0.8428352228273713 0.3774910081640523
0.8428352228273713 0.3774910081640523
0.8428352228273713 0.3774910081640523
0.8428352228273713 0.3774910081640523
0.8428352228273713 0.3774910081640523
0.8428352228273713 0.3774910081640523
0.8428352228273713 0.3774910081640523
0.8428352228273713 0.3774910081640523
0.8428352228273713 0.3774910081640523
0.8428352228273713 0.3774910081640523
0.8428352228273713 0.3774910081640523
0.8428352228273713 0.3774910081640523
0.8428352228273713 0.3774910081640523
0.8428352228273713 0.3774910081640523
0.8428352228273713 0.3774910081640523
0.8428352228273713 0.3774910081640523
0.8428352228273713 0.3774910081640523
0.8428352228273713 0.3774910081640523
0.8428352228273713 0.3774910081640523
0.8428352228273713 0.3774910081640523
0.8428352228273713 0.3774910081640523
0.8428352228273713 0.3774910081640523
0.8428352228273713 0.3774910081640523
0.8428352228273713 0.3774910081640523
0.8428352228273713 0.3774910081640523
0.8428352228273713 0.3774910081640523
0.8428352228273713 0.3774910081640523
0.8428352228273713 0.3774910081640523
0.8428352228273713 0.3774910081640523
0.8428352228273713 0.3774910081640523
0.8428352228273713 0.3774910081640523
0.8428352228273713 0.3774910081640523
0.8428352228273713 0.3774910081640523
0.8428352228273713 0.3774910081640523
0.8428352228273713 0.3774910081640523
0.8428352228273713 0.3774910081640523
0.8428352228273713 0.3774910081640523
0.8428352228273713 0.3774910081640523
0.8428352228273713 0.3774910081640523
0.8428352228273713 0.3774910081640523
0.8428352228273713 0.3774910081640523
0.8428352228273713 0.3774910081640523
0.8428352228273713 0.3774910081640523
0.8428352228273713 0.3774910081640523
0.8428352228273713 0.3774910081640523
0.8428352228273713 0.3774910081640523
0.8428352228273713 0.3774910081640523
0.8428352228273713 0.3774910081640523
0.8428352228273713 0.3774910081640523
0.8428352228273713 0.3774910081640523
0.8428352228273713 0.3774910081640523
0.8428352228273713 0.3774910081640523
0.8428352228273713 0.3774910081640523
0.8428352228273713 0.3774910081640523
0.8428352228273713 0.3774910081640523
0.8428352228273713 0.3774910081640523
0.8428352228273713 0.3774910081640523
0.8428352228273713 0.3774910081640523
0.8428352228273713 0.3774910081640523
0.8428352228273713 0.3774910081640523
0.8428352228273713 0.3774910081640523
0.8428352228273713 0.3774910081640523
0.8428352228273713 0.3774910081640523
0.8428352228273713 0.3774910081640523
0.8428352228273713 0.3774910081640523
0.8428352228273713 0.3774910081640523
0.8428352228273713 0.3774910081640523
0.8428352228273713 0.3774910081640523
0.8428352228273713 0.3774910081640523
0.8428352228273713 0.3774910081640523
0.8428352228273713 0.3774910081640523
0.8428352228273713 0.3774910081640523
0.8428352228273713 0.3774910081640523
0.8428352228273713 0.3774910081640523
0.8428352228273713 0.3774910081640523
0.8428352228273713 0.3774910081640523
0.8428352228273713 0.3774910081640523
0.8428352228273713 0.3774910081640523
0.8428352228273713 0.3774910081640523
0.8428352228273713 0.3774910081640523
0.8428352228273713 0.3774910081640523
0.8428352228273713 0.3774910081640523
0.8428352228273713 0.3774910081640523
0.8428352228273713 0.3774910081640523
0.8428352228273713 0.3774910081640523
0.8428352228273713 0.3774910081640523
0.8428352228273713 0.3774910081640523
0.8428352228273713 0.3774910081640523
0.8428352228273713 0.3774910081640523
0.8428352228273713 0.3774910081640523
0.8428352228273713 0.3774910081640523
0.8428352228273713 0.3774910081640523
0.8428352228273713 0.3774910081640523
0.8428352228273713 0.3774910081640523
0.8428352228273713 0.3774910081640523
0.8428352228273713 0.3774910081640523
0.8428352228273713 0.3774910081640523
0.8428352228273713 0.3774910081640523
0.8428352228273713 0.3774910081640523
0.8428352228273713 0.3774910081640523
0.8428352228273713 0.3774910081640523
0.8428352228273713 0.3774910081640523
0.8428352228273713 0.3774910081640523
0.8428352228273713 0.3774910081640523
0.8428352228273713 0.3774910081640523
0.8428352228273713 0.3774910081640523
0.8428352228273713 0.3774910081640523
0.8428352228273713 0.3774910081640523
0.8428352228273713 0.3774910081640523
0.8428352228273713 0.3774910081640523
0.8428352228273713 0.3774910081640523
0.8428352228273713 0.3774910081640523
0.8428352228273713 0.3774910081640523
0.8428352228273713 0.3774910081640523
0.8428352228273713 0.3774910081640523
0.8428352228273713 0.3774910081640523
0.8428352228273713 0.3774910081640523
0.8428352228273713 0.3774910081640523
0.8428352228273713 0.3774910081640523
0.8428352228273713 0.3774910081640523
0.8428352228273713 0.3774910081640523
0.8428352228273713 0.3774910081640523
0.8428352228273713 0.3774910081640523
0.8428352228273713 0.3774910081640523
0.8428352228273713 0.3774910081640523
0.8428352228273713 0.3774910081640523
0.8428352228273713 0.3774910081640523
0.8428352228273713 0.3774910081640523
0.8428352228273713 0.3774910081640523
0.8428352228273713 0.3774910081640523
0.8428352228273713 0.3774910081640523
0.8428352228273713 0.3774910081640523
0.8428352228273713 0.3774910081640523
0.8428352228273713 0.3774910081640523
0.8428352228273713 0.3774910081640523
0.8428352228273713 0.3774910081640523
0.8428352228273713 0.3774910081640523
0.8428352228273713 0.3774910081640523
0.8428352228273713 0.3774910081640523
0.8428352228273713 0.3774910081640523
0.8428352228273713 0.3774910081640523
0.8428352228273713 0.3774910081640523
0.8428352228273713 0.3774910081640523
0.8428352228273713 0.3774910081640523
0.8428352228273713 0.3774910081640523
0.8428352228273713 0.3774910081640523
0.8428352228273713 0.3774910081640523
0.8428352228273713 0.3774910081640523
0.8428352228273713 0.3774910081640523
0.8428352228273713 0.3774910081640523
0.8428352228273713 0.3774910081640523
0.8428352228273713 0.3774910081640523
0.8428352228273713 0.3774910081640523
0.8428352228273713 0.3774910081640523
0.8428352228273713 0.3774910081640523
0.8428352228273713 0.3774910081640523
0.8428352228273713 0.3774910081640523
0.8428352228273713 0.3774910081640523
0.8428352228273713 0.3774910081640523
0.8428352228273713 0.3774910081640523
0.8428352228273713 0.3774910081640523
0.8428352228273713 0.3774910081640523
0.8428352228273713 0.3774910081640523
0.8428352228273713 0.3774910081640523
0.8428352228273713 0.3774910081640523
0.8428352228273713 0.3774910081640523
0.8428352228273713 0.3774910081640523
0.8428352228273713 0.3774910081640523
0.8428352228273713 0.3774910081640523
0.8428352228273713 0.3774910081640523
0.8428352228273713 0.3774910081640523
0.8428352228273713 0.3774910081640523
0.8428352228273713 0.3774910081640523
0.8428352228273713 0.3774910081640523
0.8428352228273713 0.3774910081640523
0.8428352228273713 0.3774910081640523
0.8428352228273713 0.3774910081640523
0.8428352228273713 0.3774910081640523
0.8428352228273713 0.3774910081640523
0.8428352228273713 0.3774910081640523
0.8428352228273713 0.3774910081640523
0.8428352228273713 0.3774910081640523
0.8428352228273713 0.3774910081640523
0.8428352228273713 0.3774910081640523
0.8428352228273713 0.3774910081640523
0.8428352228273713 0.3774910081640523
0.8428352228273713 0.3774910081640523
0.8428352228273713 0.3774910081640523
0.8428352228273713 0.3774910081640523
0.8428352228273713 0.3774910081640523
0.8428352228273713 0.3774910081640523
0.8428352228273713 0.3774910081640523
0.8428352228273713 0.3774910081640523
0.8428352228273713 0.3774910081640523
0.8428352228273713 0.3774910081640523
0.8428352228273713 0.3774910081640523
0.8428352228273713 0.3774910081640523
0.8428352228273713 0.3774910081640523
0.8428352228273713 0.3774910081640523
0.8428352228273713 0.3774910081640523
0.8428352228273713 0.3774910081640523
0.8428352228273713 0.3774910081640523
0.8428352228273713 0.3774910081640523
0.8428352228273713 0.3774910081640523
0.8428352228273713 0.3774910081640523
0.8428352228273713 0.3774910081640523
0.8428352228273713 0.3774910081640523
0.8428352228273713 0.3774910081640523
0.8428352228273713 0.3774910081640523
0.8428352228273713 0.3774910081640523
0.8428352228273713 0.3774910081640523
0.8428352228273713 0.3774910081640523
0.8428352228273713 0.3774910081640523
0.8428352228273713 0.3774910081640523
0.8428352228273713 0.3774910081640523
0.8428352228273713 0.3774910081640523
0.8428352228273713 0.3774910081640523
0.8428352228273713 0.3774910081640523
0.8428352228273713 0.3774910081640523
0.8428352228273713 0.3774910081640523
0.8428352228273713 0.3774910081640523
0.8428352228273713 0.3774910081640523
0.8428352228273713 0.3774910081640523
0.8428352228273713 0.3774910081640523
0.8428352228273713 0.3774910081640523
0.8428352228273713 0.3774910081640523
0.8428352228273713 0.3774910081640523
0.8428352228273713 0.3774910081640523
0.8428352228273713 0.3774910081640523
0.8428352228273713 0.3774910081640523
0.8428352228273713 0.3774910081640523
0.8428352228273713 0.3774910081640523
0.8428352228273713 0.3774910081640523
0.8428352228273713 0.3774910081640523
0.8428352228273713 0.3774910081640523
0.8428352228273713 0.3774910081640523
0.8428352228273713 0.3774910081640523
0.8428352228273713 0.3774910081640523
0.8428352228273713 0.3774910081640523
0.8428352228273713 0.3774910081640523
0.8428352228273713 0.3774910081640523
0.8428352228273713 0.3774910081640523
0.8428352228273713 0.3774910081640523
0.8428352228273713 0.3774910081640523
0.8428352228273713 0.3774910081640523
0.8428352228273713 0.3774910081640523
0.8428352228273713 0.3774910081640523
0.8428352228273713 0.3774910081640523
0.8428352228273713 0.3774910081640523
0.8428352228273713 0.3774910081640523
0.8428352228273713 0.3774910081640523
0.8428352228273713 0.3774910081640523
0.8428352228273713 0.3774910081640523
0.8428352228273713 0.3774910081640523
0.8428352228273713 0.3774910081640523
0.8428352228273713 0.3774910081640523
0.8428352228273713 0.3774910081640523
0.8428352228273713 0.3774910081640523
0.8428352228273713 0.3774910081640523
0.8428352228273713 0.3774910081640523
0.8428352228273713 0.3774910081640523
0.8428352228273713 0.3774910081640523
0.8428352228273713 0.3774910081640523
0.8428352228273713 0.3774910081640523
0.8428352228273713 0.3774910081640523
0.8428352228273713 0.3774910081640523
0.8428352228273713 0.3774910081640523
0.8428352228273713 0.3774910081640523
0.8428352228273713 0.3774910081640523
0.8428352228273713 0.3774910081640523
0.8428352228273713 0.3774910081640523
0.8428352228273713 0.3774910081640523
0.8428352228273713 0.3774910081640523
0.8428352228273713 0.3774910081640523
0.8428352228273713 0.3774910081640523
0.8428352228273713 0.3774910081640523
0.8428352228273713 0.3774910081640523
0.8428352228273713 0.3774910081640523
0.8428352228273713 0.3774910081640523
0.8428352228273713 0.3774910081640523
0.8428352228273713 0.3774910081640523
0.8428352228273713 0.3774910081640523
0.8428352228273713 0.3774910081640523
0.8428352228273713 0.3774910081640523
0.8428352228273713 0.3774910081640523
0.8428352228273713 0.3774910081640523
0.8428352228273713 0.3774910081640523
0.8428352228273713 0.3774910081640523
0.8428352228273713 0.3774910081640523
0.8428352228273713 0.3774910081640523
0.8428352228273713 0.3774910081640523
0.8428352228273713 0.3774910081640523
0.8428352228273713 0.3774910081640523
0.8428352228273713 0.3774910081640523
0.8428352228273713 0.3774910081640523
0.8428352228273713 0.3774910081640523
0.8428352228273713 0.3774910081640523
0.8428352228273713 0.3774910081640523
0.8428352228273713 0.3774910081640523
0.8428352228273713 0.3774910081640523
0.8428352228273713 0.3774910081640523
0.8428352228273713 0.3774910081640523
0.8428352228273713 0.3774910081640523
0.8428352228273713 0.3774910081640523
0.8428352228273713 0.3774910081640523
0.8428352228273713 0.3774910081640523
0.8428352228273713 0.3774910081640523
0.8428352228273713 0.3774910081640523
0.8428352228273713 0.3774910081640523
0.8428352228273713 0.3774910081640523
0.8428352228273713 0.3774910081640523
0.8428352228273713 0.3774910081640523
0.8428352228273713 0.3774910081640523
0.8428352228273713 0.3774910081640523
0.8428352228273713 0.3774910081640523
0.8428352228273713 0.3774910081640523
0.8428352228273713 0.3774910081640523
0.8428352228273713 0.3774910081640523
0.8428352228273713 0.3774910081640523
0.8428352228273713 0.3774910081640523
0.8428352228273713 0.3774910081640523
0.8428352228273713 0.3774910081640523
0.8428352228273713 0.3774910081640523
0.8428352228273713 0.3774910081640523
0.8428352228273713 0.3774910081640523
0.8428352228273713 0.3774910081640523
0.8428352228273713 0.3774910081640523
0.8428352228273713 0.3774910081640523
0.8428352228273713 0.3774910081640523
0.8428352228273713 0.3774910081640523
0.8428352228273713 0.3774910081640523
0.8428352228273713 0.3774910081640523
0.8428352228273713 0.3774910081640523
0.8428352228273713 0.3774910081640523
0.8428352228273713 0.3774910081640523
0.8428352228273713 0.3774910081640523
0.8428352228273713 0.3774910081640523
0.8428352228273713 0.3774910081640523
0.8428352228273713 0.3774910081640523
0.8428352228273713 0.3774910081640523
0.8428352228273713 0.3774910081640523
0.8428352228273713 0.3774910081640523
0.8428352228273713 0.3774910081640523
0.8428352228273713 0.3774910081640523
0.8428352228273713 0.3774910081640523
0.8428352228273713 0.3774910081640523
0.8428352228273713 0.3774910081640523
0.8428352228273713 0.3774910081640523
0.8428352228273713 0.3774910081640523
0.8428352228273713 0.3774910081640523
0.8428352228273713 0.3774910081640523
0.8428352228273713 0.3774910081640523
0.8428352228273713 0.3774910081640523
0.8428352228273713 0.3774910081640523
0.8428352228273713 0.3774910081640523
0.8428352228273713 0.3774910081640523
0.8428352228273713 0.3774910081640523
0.8428352228273713 0.3774910081640523
0.8428352228273713 0.3774910081640523
0.8428352228273713 0.3774910081640523
0.8428352228273713 0.3774910081640523
0.8428352228273713 0.3774910081640523
0.8428352228273713 0.3774910081640523
0.8428352228273713 0.3774910081640523
0.8428352228273713 0.3774910081640523
0.8428352228273713 0.3774910081640523
0.8428352228273713 0.3774910081640523
0.8428352228273713 0.3774910081640523
0.8428352228273713 0.3774910081640523
0.8428352228273713 0.3774910081640523
0.8428352228273713 0.3774910081640523
0.8428352228273713 0.3774910081640523
0.8428352228273713 0.3774910081640523
0.8428352228273713 0.3774910081640523
0.8428352228273713 0.3774910081640523
0.8428352228273713 0.3774910081640523
0.8428352228273713 0.3774910081640523
0.8428352228273713 0.3774910081640523
0.8428352228273713 0.3774910081640523
0.8428352228273713 0.3774910081640523
0.8428352228273713 0.3774910081640523
0.8428352228273713 0.3774910081640523
0.8428352228273713 0.3774910081640523
0.8428352228273713 0.3774910081640523
0.8428352228273713 0.3774910081640523
0.8428352228273713 0.3774910081640523
0.8428352228273713 0.3774910081640523
0.8428352228273713 0.3774910081640523
0.8428352228273713 0.3774910081640523
0.8428352228273713 0.3774910081640523
0.8428352228273713 0.3774910081640523
0.8428352228273713 0.3774910081640523
0.8428352228273713 0.3774910081640523
0.8428352228273713 0.3774910081640523
0.8428352228273713 0.3774910081640523
0.8428352228273713 0.3774910081640523
0.8428352228273713 0.3774910081640523
0.8428352228273713 0.3774910081640523
0.8428352228273713 0.3774910081640523
0.8428352228273713 0.3774910081640523
0.8428352228273713 0.3774910081640523
0.8428352228273713 0.3774910081640523
0.8428352228273713 0.3774910081640523
0.8428352228273713 0.3774910081640523
0.8428352228273713 0.3774910081640523
0.8428352228273713 0.3774910081640523
0.8428352228273713 0.3774910081640523
0.8428352228273713 0.3774910081640523
0.8428352228273713 0.3774910081640523
0.8428352228273713 0.3774910081640523
0.8428352228273713 0.3774910081640523
0.8428352228273713 0.3774910081640523
0.8428352228273713 0.3774910081640523
0.8428352228273713 0.3774910081640523
0.8428352228273713 0.3774910081640523
0.8428352228273713 0.3774910081640523
0.8428352228273713 0.3774910081640523
0.8428352228273713 0.3774910081640523
0.8428352228273713 0.3774910081640523
0.8428352228273713 0.3774910081640523
0.8428352228273713 0.3774910081640523
0.8428352228273713 0.3774910081640523
0.8428352228273713 0.3774910081640523
0.8428352228273713 0.3774910081640523
0.8428352228273713 0.3774910081640523
0.8428352228273713 0.3774910081640523
0.8428352228273713 0.3774910081640523
0.8428352228273713 0.3774910081640523
0.8428352228273713 0.3774910081640523
0.8428352228273713 0.3774910081640523
0.8428352228273713 0.3774910081640523
0.8428352228273713 0.3774910081640523
0.8428352228273713 0.3774910081640523
0.8428352228273713 0.3774910081640523
0.8428352228273713 0.3774910081640523
0.8428352228273713 0.3774910081640523
0.8428352228273713 0.3774910081640523
0.8428352228273713 0.3774910081640523
0.8428352228273713 0.3774910081640523
0.8428352228273713 0.3774910081640523
0.8428352228273713 0.3774910081640523
0.8428352228273713 0.3774910081640523
0.8428352228273713 0.3774910081640523
0.8428352228273713 0.3774910081640523
0.8428352228273713 0.3774910081640523
0.8428352228273713 0.3774910081640523
0.8428352228273713 0.3774910081640523
0.8428352228273713 0.3774910081640523
0.8428352228273713 0.3774910081640523
0.8428352228273713 0.3774910081640523
0.8428352228273713 0.3774910081640523
0.8428352228273713 0.3774910081640523
0.8428352228273713 0.3774910081640523
0.8428352228273713 0.3774910081640523
0.8428352228273713 0.3774910081640523
0.8428352228273713 0.3774910081640523
0.8428352228273713 0.3774910081640523
0.8428352228273713 0.3774910081640523
0.8428352228273713 0.3774910081640523
0.8428352228273713 0.3774910081640523
0.8428352228273713 0.3774910081640523
0.8428352228273713 0.3774910081640523
0.8428352228273713 0.3774910081640523
0.8428352228273713 0.3774910081640523
0.8428352228273713 0.3774910081640523
0.8428352228273713 0.3774910081640523
0.8428352228273713 0.3774910081640523
0.8428352228273713 0.3774910081640523
0.8428352228273713 0.3774910081640523
0.8428352228273713 0.3774910081640523
0.8428352228273713 0.3774910081640523
0.8428352228273713 0.3774910081640523
0.8428352228273713 0.3774910081640523
0.8428352228273713 0.3774910081640523
0.8428352228273713 0.3774910081640523
0.8428352228273713 0.3774910081640523
0.8428352228273713 0.3774910081640523
0.8428352228273713 0.3774910081640523
0.8428352228273713 0.3774910081640523
0.8428352228273713 0.3774910081640523
0.8428352228273713 0.3774910081640523
0.8428352228273713 0.3774910081640523
0.8457251236520034 0.3767204798744458
0.8488641805598183 0.3757357265566266
0.8522622750698446 0.3744911680022176
0.8559261558085262 0.3729349844207264
0.8598582407594934 0.3710084547304365
0.8640567608983032 0.36864817555136775
0.8685146202692771 0.36578509693220584
0.8732195499880113 0.3623459618350817
0.8781554268768167 0.35825530919806126
0.8833023571608374 0.353434933661084
0.8886382125086769 0.34780473913515875
0.894139880400213 0.341282521745056
0.8997843503660015 0.33378323250559727
0.9055490131476741 0.3252175092266724
0.9114127709751368 0.3154907853377899
0.9173556333901927 0.304501355966445
0.9233584572380431 0.29213877278262346
0.9294032331733952 0.27828255582325995
0.9354725069407342 0.2628004684043824
0.9415489719476589 0.24554693279874118
0.9476153693625844 0.22636152193475714
0.9536548441838179 0.20506746406864762
0.9596514752034091 0.18146999540693523
0.9655928816836253 0.1553549619015455
0.9657188668914471 0.15476923672145496
0.9692316132302107 0.13787126299060376
0.9722453096631682 0.12247316359288812
0.974854572872602 0.10844996391640666
0.9771326451392025 0.09568445657301283
0.9791370781071637 0.08406776309860588
0.9809138594991471 0.07349938907160186
0.9825001421493089 0.06388694710655063
0.9839263512325155 0.055145758419934465
0.9852177090452112 0.04719837672131047
0.9863954194303248 0.03997409478505808
0.9874775803732393 0.03340845461843642
0.988479960917773 0.027442788278657038
0.9894167094246828 0.022023804238532597
0.9903010135161533 0.017103228503129925
0.9911458679016344 0.012637539935301567
0.9919652454008102 0.008587889577573983
0.9927761140051808 0.004920395880181096
0.9936025812048052 0.001607416860732456
0.9944877949333585 -0.0013674547939116208
0.9955421893789118 -0.003982359467333101
0.997328535224747 -0.00559471367752162
0.998769446655287 -0.0038510364318263706
0.9994917207455607 -0.0018590451360547314
1.0 0.0
