# CURVE 2D, normalized by CHORD
# COLUMN#1 = X-coordinate, COLUMN#2 = Y-coordinate
#-------------------------------------------------------------------------------
0.0 0.0
0.011627857460633986 0.0037129096020247715
0.023215067276570488 0.00769297840398579
0.034736234501424025 0.011992469515055965
0.04615343876136848 0.01668230986711293
0.057406927694420296 0.02186238531624663
0.06839587774165193 0.0276795569811102
0.06849502121913709 0.027736511234336965
0.07762808566879699 0.03345146609300162
0.08615354762801923 0.040001438752747843
0.0936156032054668 0.04770184734003423
0.09904433400768241 0.05689729897354149
0.16849668972490592 0.2349358733477325
0.16219152419993463 0.21877281207116878
0.15598545665115265 0.2028637848330752
0.14987692956054627 0.18720479899297382
0.14386440988953564 0.1717919246625204
0.1379463886942329 0.15662129371923256
0.13212138074674692 0.14168909883571834
0.1263879241624403 0.12699159252416314
0.12074458003304447 0.11252508619583383
0.11518993206554135 0.09828594923536485
0.10972258622672042 0.08427060808959361
0.10434117039332257 0.07047554537071662
0.09904433400768241 0.05689729897354148
0.16849668972490592 0.2349358733477325
0.1748018552498772 0.2510989346242962
0.18100792279865915 0.2670079618623898
0.18711644988926557 0.2826669477024912
0.1931289695602762 0.2980798220329446
0.19904699075557894 0.31325045297623244
0.2048719987030649 0.32818264785974666
0.2106054552873715 0.34288015417130185
0.21624879941676733 0.35734666049963115
0.2218034473842705 0.3715857974601001
0.2272707932230914 0.3856011386058714
0.23265220905648926 0.39939620132474835
0.23794904544212941 0.4129744477219235
0.23794904544212941 0.4129744477219235
0.24120690354113128 0.42220236151230184
0.2438352525703219 0.43164399520568114
0.24596136162638063 0.4412276680771646
0.24847037103355693 0.450725320593208
0.24848871456485647 0.4507751449540601
0.25295154424551214 0.45846542664038087
0.2597537882972159 0.4642108136099331
0.2675424792988149 0.46855035004244133
0.27568231842162116 0.472174490614069
0.545988622118603 0.5837168750413322
0.5169712530629285 0.5717428052915413
0.488414334542376 0.5599587412866993
0.4603105600814726 0.5483616679965059
0.43265273914463415 0.5369486182334652
0.4054337952964195 0.5257166718937115
0.3786467643909778 0.5146629552098815
0.3522847927902262 0.5037846400158417
0.3263411356103012 0.4930789430230836
0.30080915499583594 0.4825431251086014
0.27568231842162116 0.472174490614069
0.545988622118603 0.5837168750413322
0.5750059911742775 0.5956909447911231
0.6035629096948301 0.607475008795965
0.6316666841557335 0.6190720820861585
0.6593245050925718 0.6304851318491992
0.6865434489407864 0.6417170781889527
0.7133304798462282 0.6527707948727828
0.7396924514469798 0.6636491100668227
0.7656361086269048 0.6743548070595807
0.79116808924137 0.6848906249740628
0.8162949258155848 0.6952592594685952
0.8162949258155848 0.6952592594685952
0.8344952510989081 0.6892055766229929
0.8449617040747787 0.6712192350519154
0.8521860340314553 0.6514367216627835
0.8579521099547227 0.6309794597792261
0.8628858646657086 0.6101100312050782
0.8672858318037221 0.5889265019334613
0.8713221101085501 0.5674749354648626
0.8751030476952272 0.54578002040186
0.8787040426073089 0.5238562742123865
0.8821809990206778 0.5017127695728648
0.8855779325976831 0.4793554988623667
0.8889312568968608 0.4567886174973449
0.8922725920714337 0.4340151878617992
0.8956306260370733 0.4110376470177504
0.8957715377438615 0.41007429987520266
0.8997154903322818 0.38323225328564675
0.903679116167261 0.3566667711811384
0.9076980343349499 0.33038068372988494
0.9118062327281988 0.30437699261967205
0.9160378107665289 0.27865928142555085
0.9204281964325979 0.25323209081305603
0.9250158968851855 0.22810146266107845
0.9298444061903443 0.20327565486611973
0.9349641395425218 0.17876607369341013
0.9404359897614011 0.15458888066641688
0.9463358244746141 0.13076744552794262
0.9527612961033344 0.10733647083245586
0.9598427825467947 0.08434937270018154
0.9677620464415375 0.061892515188166894
0.9767835572704833 0.04011420709438731
0.9873131039965528 0.01929153649708468
1.0 0.0
