# CURVE 2D, normalized by CHORD
# COLUMN#1 = X-coordinate, COLUMN#2 = Y-coordinate
#-------------------------------------------------------------------------------
0.0 0.0
0.012233781139486099 0.006880155840440942
0.024533244607260175 0.013807729216833384
0.03689803254631672 0.02078428204628764
0.04932757014314262 0.027811758601707117
0.0618209653313126 0.0348926580893203
0.07437684226768047 0.04203031993189774
0.08699303656155266 0.04922944359836982
0.09966600087389359 0.05649709575812263
0.11238946478453973 0.06384496290712197
0.11254009544993898 0.0639323536305614
0.12220490827857866 0.06956581721907024
0.131819504552637 0.07524202288290661
0.14135383527366588 0.08101018218478305
0.1504800347338506 0.08730333271600464
0.18002159026078346 0.2060665365125196
0.17768971447390672 0.19669191035065361
0.17539412072205554 0.1874631455235425
0.1731342444871398 0.1783779725509308
0.17090953003449827 0.1694341572637759
0.1687194302762358 0.160629500254835
0.1665634066366868 0.15196183633780072
0.16444092891997225 0.14342903401485196
0.16235147517961707 0.13502899495248927
0.16029453159019638 0.1267596534655257
0.15826959232097876 0.1186189760091065
0.15627615941153547 0.11060496067863235
0.15431374264928516 0.10271563671746355
0.15238185944894386 0.09494906403228381
0.1504800347338506 0.08730333271600464
0.18002159026078346 0.2060665365125196
0.1823534660476602 0.2154411626743856
0.18464905979951138 0.2246699275014967
0.1869089360344271 0.23375510047410838
0.18913365048706862 0.24269891576126332
0.19132375024533113 0.2515035727702042
0.1934797738848801 0.2601712366872385
0.19560225160159467 0.26870403901018725
0.19769170534194982 0.27710407807254994
0.1997486489313705 0.2853734195595135
0.20177358820058813 0.2935140970159327
0.20376702111003142 0.30152811234640686
0.20572943787228173 0.3094174363075757
0.20766132107262303 0.3171840089927554
0.2095631457877163 0.32482974030903455
0.2095631457877163 0.32482974030903455
0.21170353802604072 0.33514101205808705
0.21318949536640053 0.34559508678495954
0.21428377854552647 0.35612535509585613
0.21536433931872853 0.36668409718449974
0.2171261362092331 0.377172002196903
0.21714492723556347 0.3772488603964245
0.22070807882075197 0.3860846368707576
0.22819751173775782 0.39169530391342744
0.2376662013127105 0.3921293792124576
0.2469402954184243 0.3899671806795201
0.509742376834504 0.3074118369670386
0.4815332459383817 0.3162733135748767
0.4537711410527605 0.3249943636467206
0.4264489782212151 0.33357721250154176
0.3995597857457512 0.34202405019400445
0.37309670240786286 0.35033703207329386
0.3470529757177796 0.358518279333089
0.3214219601914581 0.3665698795528198
0.29619711565487805 0.3744938872303475
0.27137200557520913 0.3822923243062034
0.24694029541842433 0.3899671806795201
0.509742376834504 0.3074118369670386
0.5379515077306263 0.2985503603592005
0.5657136126162474 0.28982931028735665
0.5930357754477928 0.28124646143253546
0.6199249679232568 0.27279962374007277
0.6463880512611452 0.26448664186078336
0.6724317779512284 0.2563053946009882
0.6980627934775498 0.24825379438125744
0.72328763801413 0.24032978670372973
0.7481127480937989 0.2325313496278738
0.7725444582505837 0.22485649325455712
0.7725444582505837 0.22485649325455712
0.78674811150038 0.21812234203208938
0.7989068543961515 0.20798149556054932
0.8090355722065248 0.19566278130446843
0.8176457464562549 0.1821108683735319
0.8252777768416386 0.16786804263411428
0.8323675659491167 0.15323522052637845
0.8392569795975993 0.13839592628486938
0.8462266245646012 0.12348285642225798
0.8535220509691063 0.10861381158505265
0.8536789960051798 0.10830568013484951
0.8622259749485442 0.09240310130602877
0.8715640126755876 0.07710358667713785
0.8818982874663359 0.06261699788892146
0.8933787855336832 0.04918945782115284
0.9060736813188015 0.037087734278043336
0.9199437934726598 0.02656019325438144
0.9348402682686061 0.01778528668595234
0.9505350991632207 0.010830657537302639
0.9667739567480579 0.00564742060726481
0.9833241091454568 0.002098578606199509
1.0 0.0
