# CURVE 2D, normalized by CHORD
# COLUMN#1 = X-coordinate, COLUMN#2 = Y-coordinate
#-------------------------------------------------------------------------------
0.0 0.0
0.00011018508675506537 0.0001100765658202712
0.00022998699615259526 0.00023254764279480742
0.0003601211553369396 0.00036885817471748273
0.0005013427016501481 0.0005206149630217728
0.0006544370547866963 0.0006896125046881228
0.0008202237406596006 0.000877847298830809
0.0009995566632743785 0.0010875372042795882
0.001193322790238917 0.0013211438353376121
0.0014024400825576886 0.00158139724708963
0.0016278605361839354 0.0018713185010090087
0.0018705701567397872 0.0021942473209216047
0.0021315853817931024 0.002553874885342426
0.0024119609100481444 0.0029542711217053572
0.0027127882739895913 0.0033999225052104387
0.003035200546706668 0.003895769236108291
0.0033803777753396652 0.0044472465215432905
0.003749548552322808 0.005060333129588448
0.004144002664078491 0.005741598509249441
0.004565086091542747 0.006498266328265335
0.005014225623852887 0.00733826738175702
0.005492922625930528 0.008270317292779945
0.006002769712190374 0.00930398900700808
0.006545462336868548 0.010449797015010602
0.007122804124035544 0.011719293743716074
0.007137755573355374 0.011752852540849448
0.008065935275529214 0.013902409593421991
0.008871890708925677 0.015872481266795316
0.00957757753239043 0.017674274252689016
0.010199374096455908 0.01931986630521196
0.01074993873201342 0.020821335809407204
0.011239332917726096 0.02219033559686883
0.011675721985765277 0.023437892882368645
0.012065855656043355 0.024574317963479614
0.012415387324419257 0.025609180734689405
0.012729111016054366 0.026551317650824587
0.013011125880484257 0.027408861064605047
0.013264971934390283 0.02818927392287239
0.013493722009343961 0.02889939379684954
0.013700057942507372 0.029545476551099997
0.013886336406038046 0.0301332380225691
0.014054632108068657 0.030667897778546838
0.014206782013953026 0.031154217664821522
0.01434441258769798 0.03159654117498939
0.014468975291017297 0.03199882604449316
0.014581761124288077 0.03236467952315887
0.01468392430897905 0.0326973872504814
0.01477649984101636 0.032999940808380764
0.014860412926030178 0.033275064799887316
0.014936497870510058 0.03352523833624054
0.06619893408438182 0.202312996979571
0.053137448286222015 0.15930647845935852
0.04309015151840677 0.12622454113611814
0.035361461697010425 0.10077689704131786
0.029416315680551697 0.08120178619916377
0.024843126437121908 0.06614400862827602
0.021325288557560537 0.054561102804516204
0.018619259419436394 0.0456511752477779
0.016537698543956293 0.03879738481951764
0.01493649787051006 0.03352523833624055
0.06619893408438182 0.202312996979571
0.07926041988254164 0.24531951549978348
0.08930771665035689 0.27840145282302386
0.09703640647175323 0.30384909691782414
0.10298155248821195 0.32342420775997827
0.10755474173164174 0.338481985330866
0.11107257961120312 0.3500648911546258
0.11377860874932726 0.3589748187113641
0.11586016962480736 0.36582860913962434
0.1174613702982536 0.37110075562290146
0.1174613702982536 0.37110075562290146
0.11782157276665307 0.372335033673447
0.1181892378727559 0.373700751173887
0.11856339401047965 0.37521086738961207
0.1189428759072604 0.37687962113388146
0.11932650371972267 0.37872261387541173
0.11971301313008327 0.3807569716774689
0.12010108770247484 0.3830014967906508
0.12048942727133276 0.38547683241255776
0.1208766935106629 0.38820566676317325
0.12126161135415064 0.39121293109672495
0.12164297743802495 0.3945260356566908
0.1220198453128465 0.39817510954282204
0.12239151602658972 0.4021932922671624
0.12275781889772448 0.4066170252676117
0.12311926382797048 0.41148639296021133
0.12347746185934297 0.41684547978112557
0.12383556403254126 0.4227427699777311
0.12419897531997474 0.4292315731196684
0.12457643926115501 0.43637047309257865
0.12498161526275689 0.4442237888490744
0.12543559094534715 0.45286200311884295
0.1259709679673818 0.4623620684181385
0.12663882164712684 0.47280736303094745
0.12752149921202202 0.48428668270706354
0.12754306355072176 0.4845379119334712
0.12836613901994323 0.49325790767189553
0.12926421713657407 0.501169562217448
0.1302404625017555 0.5083419847833823
0.13129634260176593 0.5148371721069185
0.13243262564215583 0.5207104283052253
0.13364999196649646 0.5260106718632518
0.13494935882205192 0.5307806235535948
0.1363321015727755 0.5350568229157545
0.13779996788262414 0.5388694957308979
0.1393545389810732 0.5422423337779909
0.1409962515682986 0.5451922313676713
0.1427223228799453 0.5477294988557672
0.14452369020415154 0.5498592022326413
0.14638117615115928 0.5515849124883015
0.1482628114700908 0.5529156457488691
0.1501255224189635 0.5538745908673224
0.15192356206060578 0.5545030994085419
0.1536185864384407 0.5548580982483311
0.15518666497937988 0.5550013018858609
0.15661827114781562 0.5549903106194122
0.15791456032873363 0.5548724577586837
0.1590828851199698 0.5546842046557047
0.16013346428819403 0.5544523058930186
0.16107737482429393 0.5541959737467754
0.16107737482429393 0.5541959737467754
0.18026061551993733 0.5485388299079632
0.19944385621558075 0.542881686069151
0.21862709691122412 0.5372245422303388
0.23781033760686757 0.5315673983915267
0.256993578302511 0.5259102545527143
0.27617681899815444 0.5202531107139021
0.2953600596937979 0.5145959668750899
0.31454330038944134 0.5089388230362777
0.33372654108508476 0.5032816791974655
0.35290978178072807 0.4976245353586533
0.3720930224763712 0.49196739151984115
0.3912762631720144 0.48631024768102904
0.4104595038676575 0.48065310384221693
0.4296427445633007 0.47499596000340477
0.44882598525894385 0.4693388161645926
0.46800922595458716 0.46368167232578045
0.4871924666502303 0.45802452848696834
0.5063757073458734 0.4523673846481561
0.5255589480415168 0.44671024080934396
0.54474218873716 0.4410530969705318
0.5639254294328031 0.4353959531317197
0.5831086701284464 0.42973880929290753
0.6022919108240897 0.4240816654540953
0.621475151519733 0.41842452161528315
0.6406583922153763 0.41276737777647093
0.6598416329110194 0.4071102339376589
0.6790248736066625 0.4014530900988468
0.6982081143023056 0.39579594626003467
0.7173913549979487 0.3901388024212225
0.7365745956935917 0.3844816585824104
0.7557578363892348 0.3788245147435983
0.7749410770848779 0.3731673709047862
0.794124317780521 0.367510227065974
0.8133075584761641 0.361853083227162
0.8324907991718071 0.3561959393883498
0.8516740398674502 0.3505387955495377
0.8708572805630933 0.3448816517107256
0.8725002450174496 0.34439714096575746
0.8725002450174496 0.34439714096575746
0.8725002450174496 0.34439714096575746
0.8725002450174496 0.34439714096575746
0.8725002450174496 0.34439714096575746
0.8725002450174496 0.34439714096575746
0.8725002450174496 0.34439714096575746
0.8725002450174496 0.34439714096575746
0.8725002450174496 0.34439714096575746
0.8725002450174496 0.34439714096575746
0.8725002450174496 0.34439714096575746
0.8725002450174496 0.34439714096575746
0.8725002450174496 0.34439714096575746
0.8725002450174496 0.34439714096575746
0.8725002450174496 0.34439714096575746
0.8725002450174496 0.34439714096575746
0.8725002450174496 0.34439714096575746
0.8725002450174496 0.34439714096575746
0.8725002450174496 0.34439714096575746
0.8725002450174496 0.34439714096575746
0.8725002450174496 0.34439714096575746
0.8725002450174496 0.34439714096575746
0.8725002450174496 0.34439714096575746
0.8725002450174496 0.34439714096575746
0.8725002450174496 0.34439714096575746
0.8725002450174496 0.34439714096575746
0.8725002450174496 0.34439714096575746
0.8725002450174496 0.34439714096575746
0.8725002450174496 0.34439714096575746
0.8725002450174496 0.34439714096575746
0.8725002450174496 0.34439714096575746
0.8725002450174496 0.34439714096575746
0.8725002450174496 0.34439714096575746
0.8725002450174496 0.34439714096575746
0.8725002450174496 0.34439714096575746
0.8725002450174496 0.34439714096575746
0.8725002450174496 0.34439714096575746
0.8725002450174496 0.34439714096575746
0.8725002450174496 0.34439714096575746
0.8725002450174496 0.34439714096575746
0.8725002450174496 0.34439714096575746
0.8725002450174496 0.34439714096575746
0.8725002450174496 0.34439714096575746
0.8725002450174496 0.34439714096575746
0.8725002450174496 0.34439714096575746
0.8725002450174496 0.34439714096575746
0.8725002450174496 0.34439714096575746
0.8725002450174496 0.34439714096575746
0.8725002450174496 0.34439714096575746
0.8725002450174496 0.34439714096575746
0.8725002450174496 0.34439714096575746
0.8725002450174496 0.34439714096575746
0.8725002450174496 0.34439714096575746
0.8725002450174496 0.34439714096575746
0.8725002450174496 0.34439714096575746
0.8725002450174496 0.34439714096575746
0.8725002450174496 0.34439714096575746
0.8725002450174496 0.34439714096575746
0.8725002450174496 0.34439714096575746
0.8725002450174496 0.34439714096575746
0.8725002450174496 0.34439714096575746
0.8725002450174496 0.34439714096575746
0.8725002450174496 0.34439714096575746
0.8725002450174496 0.34439714096575746
0.8725002450174496 0.34439714096575746
0.8725002450174496 0.34439714096575746
0.8725002450174496 0.34439714096575746
0.8725002450174496 0.34439714096575746
0.8725002450174496 0.34439714096575746
0.8725002450174496 0.34439714096575746
0.8725002450174496 0.34439714096575746
0.8725002450174496 0.34439714096575746
0.8725002450174496 0.34439714096575746
0.8725002450174496 0.34439714096575746
0.8725002450174496 0.34439714096575746
0.8725002450174496 0.34439714096575746
0.8725002450174496 0.34439714096575746
0.8725002450174496 0.34439714096575746
0.8725002450174496 0.34439714096575746
0.8725002450174496 0.34439714096575746
0.8725002450174496 0.34439714096575746
0.8725002450174496 0.34439714096575746
0.8725002450174496 0.34439714096575746
0.8725002450174496 0.34439714096575746
0.8725002450174496 0.34439714096575746
0.8725002450174496 0.34439714096575746
0.8725002450174496 0.34439714096575746
0.8725002450174496 0.34439714096575746
0.8725002450174496 0.34439714096575746
0.8725002450174496 0.34439714096575746
0.8725002450174496 0.34439714096575746
0.8725002450174496 0.34439714096575746
0.8725002450174496 0.34439714096575746
0.8725002450174496 0.34439714096575746
0.8725002450174496 0.34439714096575746
0.8725002450174496 0.34439714096575746
0.8725002450174496 0.34439714096575746
0.8725002450174496 0.34439714096575746
0.8725002450174496 0.34439714096575746
0.8725002450174496 0.34439714096575746
0.8725002450174496 0.34439714096575746
0.8725002450174496 0.34439714096575746
0.8725002450174496 0.34439714096575746
0.8725002450174496 0.34439714096575746
0.8725002450174496 0.34439714096575746
0.8725002450174496 0.34439714096575746
0.8725002450174496 0.34439714096575746
0.8725002450174496 0.34439714096575746
0.8725002450174496 0.34439714096575746
0.8725002450174496 0.34439714096575746
0.8725002450174496 0.34439714096575746
0.8725002450174496 0.34439714096575746
0.8725002450174496 0.34439714096575746
0.8725002450174496 0.34439714096575746
0.8725002450174496 0.34439714096575746
0.8725002450174496 0.34439714096575746
0.8725002450174496 0.34439714096575746
0.8725002450174496 0.34439714096575746
0.8725002450174496 0.34439714096575746
0.8725002450174496 0.34439714096575746
0.8725002450174496 0.34439714096575746
0.8725002450174496 0.34439714096575746
0.8725002450174496 0.34439714096575746
0.8725002450174496 0.34439714096575746
0.8725002450174496 0.34439714096575746
0.8725002450174496 0.34439714096575746
0.8725002450174496 0.34439714096575746
0.8725002450174496 0.34439714096575746
0.8725002450174496 0.34439714096575746
0.8725002450174496 0.34439714096575746
0.8725002450174496 0.34439714096575746
0.8725002450174496 0.34439714096575746
0.8725002450174496 0.34439714096575746
0.8725002450174496 0.34439714096575746
0.8725002450174496 0.34439714096575746
0.8725002450174496 0.34439714096575746
0.8725002450174496 0.34439714096575746
0.8725002450174496 0.34439714096575746
0.8725002450174496 0.34439714096575746
0.8725002450174496 0.34439714096575746
0.8725002450174496 0.34439714096575746
0.8725002450174496 0.34439714096575746
0.8725002450174496 0.34439714096575746
0.8725002450174496 0.34439714096575746
0.8725002450174496 0.34439714096575746
0.8725002450174496 0.34439714096575746
0.8725002450174496 0.34439714096575746
0.8725002450174496 0.34439714096575746
0.8725002450174496 0.34439714096575746
0.8725002450174496 0.34439714096575746
0.8725002450174496 0.34439714096575746
0.8725002450174496 0.34439714096575746
0.8725002450174496 0.34439714096575746
0.8725002450174496 0.34439714096575746
0.8725002450174496 0.34439714096575746
0.8725002450174496 0.34439714096575746
0.8725002450174496 0.34439714096575746
0.8725002450174496 0.34439714096575746
0.8725002450174496 0.34439714096575746
0.8725002450174496 0.34439714096575746
0.8725002450174496 0.34439714096575746
0.8725002450174496 0.34439714096575746
0.8725002450174496 0.34439714096575746
0.8725002450174496 0.34439714096575746
0.8725002450174496 0.34439714096575746
0.8725002450174496 0.34439714096575746
0.8725002450174496 0.34439714096575746
0.8725002450174496 0.34439714096575746
0.8725002450174496 0.34439714096575746
0.8725002450174496 0.34439714096575746
0.8725002450174496 0.34439714096575746
0.8725002450174496 0.34439714096575746
0.8725002450174496 0.34439714096575746
0.8725002450174496 0.34439714096575746
0.8725002450174496 0.34439714096575746
0.8725002450174496 0.34439714096575746
0.8725002450174496 0.34439714096575746
0.8725002450174496 0.34439714096575746
0.8725002450174496 0.34439714096575746
0.8725002450174496 0.34439714096575746
0.8725002450174496 0.34439714096575746
0.8725002450174496 0.34439714096575746
0.8725002450174496 0.34439714096575746
0.8725002450174496 0.34439714096575746
0.8725002450174496 0.34439714096575746
0.8725002450174496 0.34439714096575746
0.8725002450174496 0.34439714096575746
0.8725002450174496 0.34439714096575746
0.8725002450174496 0.34439714096575746
0.8725002450174496 0.34439714096575746
0.8725002450174496 0.34439714096575746
0.8725002450174496 0.34439714096575746
0.8725002450174496 0.34439714096575746
0.8725002450174496 0.34439714096575746
0.8725002450174496 0.34439714096575746
0.8725002450174496 0.34439714096575746
0.8725002450174496 0.34439714096575746
0.8725002450174496 0.34439714096575746
0.8725002450174496 0.34439714096575746
0.8725002450174496 0.34439714096575746
0.8725002450174496 0.34439714096575746
0.8725002450174496 0.34439714096575746
0.8725002450174496 0.34439714096575746
0.8725002450174496 0.34439714096575746
0.8725002450174496 0.34439714096575746
0.8725002450174496 0.34439714096575746
0.8725002450174496 0.34439714096575746
0.8725002450174496 0.34439714096575746
0.8725002450174496 0.34439714096575746
0.8725002450174496 0.34439714096575746
0.8725002450174496 0.34439714096575746
0.8725002450174496 0.34439714096575746
0.8725002450174496 0.34439714096575746
0.8725002450174496 0.34439714096575746
0.8725002450174496 0.34439714096575746
0.8725002450174496 0.34439714096575746
0.8725002450174496 0.34439714096575746
0.8725002450174496 0.34439714096575746
0.8725002450174496 0.34439714096575746
0.8725002450174496 0.34439714096575746
0.8725002450174496 0.34439714096575746
0.8725002450174496 0.34439714096575746
0.8725002450174496 0.34439714096575746
0.8725002450174496 0.34439714096575746
0.8725002450174496 0.34439714096575746
0.8725002450174496 0.34439714096575746
0.8725002450174496 0.34439714096575746
0.8725002450174496 0.34439714096575746
0.8725002450174496 0.34439714096575746
0.8725002450174496 0.34439714096575746
0.8725002450174496 0.34439714096575746
0.8725002450174496 0.34439714096575746
0.8725002450174496 0.34439714096575746
0.8725002450174496 0.34439714096575746
0.8725002450174496 0.34439714096575746
0.8725002450174496 0.34439714096575746
0.8725002450174496 0.34439714096575746
0.8725002450174496 0.34439714096575746
0.8725002450174496 0.34439714096575746
0.8725002450174496 0.34439714096575746
0.8725002450174496 0.34439714096575746
0.8725002450174496 0.34439714096575746
0.8725002450174496 0.34439714096575746
0.8725002450174496 0.34439714096575746
0.8725002450174496 0.34439714096575746
0.8725002450174496 0.34439714096575746
0.8725002450174496 0.34439714096575746
0.8725002450174496 0.34439714096575746
0.8725002450174496 0.34439714096575746
0.8725002450174496 0.34439714096575746
0.8725002450174496 0.34439714096575746
0.8725002450174496 0.34439714096575746
0.8725002450174496 0.34439714096575746
0.8725002450174496 0.34439714096575746
0.8725002450174496 0.34439714096575746
0.8725002450174496 0.34439714096575746
0.8725002450174496 0.34439714096575746
0.8725002450174496 0.34439714096575746
0.8725002450174496 0.34439714096575746
0.8725002450174496 0.34439714096575746
0.8725002450174496 0.34439714096575746
0.8725002450174496 0.34439714096575746
0.8725002450174496 0.34439714096575746
0.8725002450174496 0.34439714096575746
0.8725002450174496 0.34439714096575746
0.8725002450174496 0.34439714096575746
0.8725002450174496 0.34439714096575746
0.8725002450174496 0.34439714096575746
0.8725002450174496 0.34439714096575746
0.8725002450174496 0.34439714096575746
0.8725002450174496 0.34439714096575746
0.8725002450174496 0.34439714096575746
0.8725002450174496 0.34439714096575746
0.8725002450174496 0.34439714096575746
0.8725002450174496 0.34439714096575746
0.8725002450174496 0.34439714096575746
0.8725002450174496 0.34439714096575746
0.8725002450174496 0.34439714096575746
0.8725002450174496 0.34439714096575746
0.8725002450174496 0.34439714096575746
0.8725002450174496 0.34439714096575746
0.8725002450174496 0.34439714096575746
0.8725002450174496 0.34439714096575746
0.8725002450174496 0.34439714096575746
0.8725002450174496 0.34439714096575746
0.8725002450174496 0.34439714096575746
0.8725002450174496 0.34439714096575746
0.8725002450174496 0.34439714096575746
0.8725002450174496 0.34439714096575746
0.8725002450174496 0.34439714096575746
0.8725002450174496 0.34439714096575746
0.8725002450174496 0.34439714096575746
0.8725002450174496 0.34439714096575746
0.8725002450174496 0.34439714096575746
0.8725002450174496 0.34439714096575746
0.8725002450174496 0.34439714096575746
0.8725002450174496 0.34439714096575746
0.8725002450174496 0.34439714096575746
0.8725002450174496 0.34439714096575746
0.8725002450174496 0.34439714096575746
0.8725002450174496 0.34439714096575746
0.8725002450174496 0.34439714096575746
0.8725002450174496 0.34439714096575746
0.8725002450174496 0.34439714096575746
0.8725002450174496 0.34439714096575746
0.8725002450174496 0.34439714096575746
0.8725002450174496 0.34439714096575746
0.8725002450174496 0.34439714096575746
0.8725002450174496 0.34439714096575746
0.8725002450174496 0.34439714096575746
0.8725002450174496 0.34439714096575746
0.8725002450174496 0.34439714096575746
0.8725002450174496 0.34439714096575746
0.8725002450174496 0.34439714096575746
0.8725002450174496 0.34439714096575746
0.8725002450174496 0.34439714096575746
0.8725002450174496 0.34439714096575746
0.8725002450174496 0.34439714096575746
0.8725002450174496 0.34439714096575746
0.8725002450174496 0.34439714096575746
0.8725002450174496 0.34439714096575746
0.8725002450174496 0.34439714096575746
0.8725002450174496 0.34439714096575746
0.8725002450174496 0.34439714096575746
0.8725002450174496 0.34439714096575746
0.8725002450174496 0.34439714096575746
0.8725002450174496 0.34439714096575746
0.8725002450174496 0.34439714096575746
0.8725002450174496 0.34439714096575746
0.8725002450174496 0.34439714096575746
0.8725002450174496 0.34439714096575746
0.8725002450174496 0.34439714096575746
0.8725002450174496 0.34439714096575746
0.8725002450174496 0.34439714096575746
0.8725002450174496 0.34439714096575746
0.8725002450174496 0.34439714096575746
0.8725002450174496 0.34439714096575746
0.8725002450174496 0.34439714096575746
0.8725002450174496 0.34439714096575746
0.8725002450174496 0.34439714096575746
0.8725002450174496 0.34439714096575746
0.8725002450174496 0.34439714096575746
0.8725002450174496 0.34439714096575746
0.8725002450174496 0.34439714096575746
0.8725002450174496 0.34439714096575746
0.8725002450174496 0.34439714096575746
0.8725002450174496 0.34439714096575746
0.8725002450174496 0.34439714096575746
0.8725002450174496 0.34439714096575746
0.8725002450174496 0.34439714096575746
0.8725002450174496 0.34439714096575746
0.8725002450174496 0.34439714096575746
0.8725002450174496 0.34439714096575746
0.8725002450174496 0.34439714096575746
0.8725002450174496 0.34439714096575746
0.8725002450174496 0.34439714096575746
0.8725002450174496 0.34439714096575746
0.8725002450174496 0.34439714096575746
0.8725002450174496 0.34439714096575746
0.8725002450174496 0.34439714096575746
0.8725002450174496 0.34439714096575746
0.8725002450174496 0.34439714096575746
0.8725002450174496 0.34439714096575746
0.8725002450174496 0.34439714096575746
0.8725002450174496 0.34439714096575746
0.8725002450174496 0.34439714096575746
0.8725002450174496 0.34439714096575746
0.8725002450174496 0.34439714096575746
0.8725002450174496 0.34439714096575746
0.8725002450174496 0.34439714096575746
0.8725002450174496 0.34439714096575746
0.8725002450174496 0.34439714096575746
0.8725002450174496 0.34439714096575746
0.8725002450174496 0.34439714096575746
0.8725002450174496 0.34439714096575746
0.8725002450174496 0.34439714096575746
0.8725002450174496 0.34439714096575746
0.8725002450174496 0.34439714096575746
0.8725002450174496 0.34439714096575746
0.8725002450174496 0.34439714096575746
0.8725002450174496 0.34439714096575746
0.8725002450174496 0.34439714096575746
0.8725002450174496 0.34439714096575746
0.8725002450174496 0.34439714096575746
0.8725002450174496 0.34439714096575746
0.8725002450174496 0.34439714096575746
0.8725002450174496 0.34439714096575746
0.8725002450174496 0.34439714096575746
0.8725002450174496 0.34439714096575746
0.8725002450174496 0.34439714096575746
0.8725002450174496 0.34439714096575746
0.8725002450174496 0.34439714096575746
0.8725002450174496 0.34439714096575746
0.8725002450174496 0.34439714096575746
0.8725002450174496 0.34439714096575746
0.8725002450174496 0.34439714096575746
0.8725002450174496 0.34439714096575746
0.8725002450174496 0.34439714096575746
0.8725002450174496 0.34439714096575746
0.8725002450174496 0.34439714096575746
0.8725002450174496 0.34439714096575746
0.8725002450174496 0.34439714096575746
0.8725002450174496 0.34439714096575746
0.8725002450174496 0.34439714096575746
0.8725002450174496 0.34439714096575746
0.8725002450174496 0.34439714096575746
0.8725002450174496 0.34439714096575746
0.8725002450174496 0.34439714096575746
0.8725002450174496 0.34439714096575746
0.8725002450174496 0.34439714096575746
0.8725002450174496 0.34439714096575746
0.8725002450174496 0.34439714096575746
0.8725002450174496 0.34439714096575746
0.8725002450174496 0.34439714096575746
0.8725002450174496 0.34439714096575746
0.8725002450174496 0.34439714096575746
0.8725002450174496 0.34439714096575746
0.8725002450174496 0.34439714096575746
0.8725002450174496 0.34439714096575746
0.8725002450174496 0.34439714096575746
0.8725002450174496 0.34439714096575746
0.8725002450174496 0.34439714096575746
0.8725002450174496 0.34439714096575746
0.8725002450174496 0.34439714096575746
0.8725002450174496 0.34439714096575746
0.8725002450174496 0.34439714096575746
0.8725002450174496 0.34439714096575746
0.8725002450174496 0.34439714096575746
0.8725002450174496 0.34439714096575746
0.8725002450174496 0.34439714096575746
0.8725002450174496 0.34439714096575746
0.8725002450174496 0.34439714096575746
0.8725002450174496 0.34439714096575746
0.8725002450174496 0.34439714096575746
0.8725002450174496 0.34439714096575746
0.8725002450174496 0.34439714096575746
0.8725002450174496 0.34439714096575746
0.8725002450174496 0.34439714096575746
0.8725002450174496 0.34439714096575746
0.8725002450174496 0.34439714096575746
0.8725002450174496 0.34439714096575746
0.8725002450174496 0.34439714096575746
0.8725002450174496 0.34439714096575746
0.8725002450174496 0.34439714096575746
0.8725002450174496 0.34439714096575746
0.8725002450174496 0.34439714096575746
0.8725002450174496 0.34439714096575746
0.8725002450174496 0.34439714096575746
0.8725002450174496 0.34439714096575746
0.8725002450174496 0.34439714096575746
0.8725002450174496 0.34439714096575746
0.8725002450174496 0.34439714096575746
0.8725002450174496 0.34439714096575746
0.8725002450174496 0.34439714096575746
0.8725002450174496 0.34439714096575746
0.8725002450174496 0.34439714096575746
0.8725002450174496 0.34439714096575746
0.8725002450174496 0.34439714096575746
0.8725002450174496 0.34439714096575746
0.8725002450174496 0.34439714096575746
0.8725002450174496 0.34439714096575746
0.8725002450174496 0.34439714096575746
0.8725002450174496 0.34439714096575746
0.8725002450174496 0.34439714096575746
0.8725002450174496 0.34439714096575746
0.8725002450174496 0.34439714096575746
0.8725002450174496 0.34439714096575746
0.8725002450174496 0.34439714096575746
0.8725002450174496 0.34439714096575746
0.8725002450174496 0.34439714096575746
0.8725002450174496 0.34439714096575746
0.8725002450174496 0.34439714096575746
0.8725002450174496 0.34439714096575746
0.8725002450174496 0.34439714096575746
0.8725002450174496 0.34439714096575746
0.8725002450174496 0.34439714096575746
0.8725002450174496 0.34439714096575746
0.8725002450174496 0.34439714096575746
0.8725002450174496 0.34439714096575746
0.8725002450174496 0.34439714096575746
0.8725002450174496 0.34439714096575746
0.8725002450174496 0.34439714096575746
0.8725002450174496 0.34439714096575746
0.8725002450174496 0.34439714096575746
0.8725002450174496 0.34439714096575746
0.8725002450174496 0.34439714096575746
0.8725002450174496 0.34439714096575746
0.8725002450174496 0.34439714096575746
0.8725002450174496 0.34439714096575746
0.8725002450174496 0.34439714096575746
0.8725002450174496 0.34439714096575746
0.8725002450174496 0.34439714096575746
0.8725002450174496 0.34439714096575746
0.8725002450174496 0.34439714096575746
0.8725002450174496 0.34439714096575746
0.8725002450174496 0.34439714096575746
0.8725002450174496 0.34439714096575746
0.8725002450174496 0.34439714096575746
0.8725002450174496 0.34439714096575746
0.8725002450174496 0.34439714096575746
0.8725002450174496 0.34439714096575746
0.8725002450174496 0.34439714096575746
0.8725002450174496 0.34439714096575746
0.8725002450174496 0.34439714096575746
0.8725002450174496 0.34439714096575746
0.8725002450174496 0.34439714096575746
0.8725002450174496 0.34439714096575746
0.8725002450174496 0.34439714096575746
0.8725002450174496 0.34439714096575746
0.8725002450174496 0.34439714096575746
0.8725002450174496 0.34439714096575746
0.8725002450174496 0.34439714096575746
0.8725002450174496 0.34439714096575746
0.8725002450174496 0.34439714096575746
0.8725002450174496 0.34439714096575746
0.8725002450174496 0.34439714096575746
0.8725002450174496 0.34439714096575746
0.8725002450174496 0.34439714096575746
0.8725002450174496 0.34439714096575746
0.8725002450174496 0.34439714096575746
0.8725002450174496 0.34439714096575746
0.8725002450174496 0.34439714096575746
0.8725002450174496 0.34439714096575746
0.8725002450174496 0.34439714096575746
0.8725002450174496 0.34439714096575746
0.8725002450174496 0.34439714096575746
0.8725002450174496 0.34439714096575746
0.8725002450174496 0.34439714096575746
0.8725002450174496 0.34439714096575746
0.8725002450174496 0.34439714096575746
0.8725002450174496 0.34439714096575746
0.8725002450174496 0.34439714096575746
0.8725002450174496 0.34439714096575746
0.8725002450174496 0.34439714096575746
0.8725002450174496 0.34439714096575746
0.8725002450174496 0.34439714096575746
0.8725002450174496 0.34439714096575746
0.8725002450174496 0.34439714096575746
0.8725002450174496 0.34439714096575746
0.8725002450174496 0.34439714096575746
0.8725002450174496 0.34439714096575746
0.8725002450174496 0.34439714096575746
0.8725002450174496 0.34439714096575746
0.8725002450174496 0.34439714096575746
0.8725002450174496 0.34439714096575746
0.8725002450174496 0.34439714096575746
0.8725002450174496 0.34439714096575746
0.8725002450174496 0.34439714096575746
0.8725002450174496 0.34439714096575746
0.8725002450174496 0.34439714096575746
0.8725002450174496 0.34439714096575746
0.8725002450174496 0.34439714096575746
0.8725002450174496 0.34439714096575746
0.8725002450174496 0.34439714096575746
0.8725002450174496 0.34439714096575746
0.8725002450174496 0.34439714096575746
0.8725002450174496 0.34439714096575746
0.8725002450174496 0.34439714096575746
0.8725002450174496 0.34439714096575746
0.8725002450174496 0.34439714096575746
0.8725002450174496 0.34439714096575746
0.8725002450174496 0.34439714096575746
0.8725002450174496 0.34439714096575746
0.8725002450174496 0.34439714096575746
0.8725002450174496 0.34439714096575746
0.8725002450174496 0.34439714096575746
0.8725002450174496 0.34439714096575746
0.8725002450174496 0.34439714096575746
0.8725002450174496 0.34439714096575746
0.8725002450174496 0.34439714096575746
0.8725002450174496 0.34439714096575746
0.8725002450174496 0.34439714096575746
0.8725002450174496 0.34439714096575746
0.8725002450174496 0.34439714096575746
0.8725002450174496 0.34439714096575746
0.8725002450174496 0.34439714096575746
0.8725002450174496 0.34439714096575746
0.8725002450174496 0.34439714096575746
0.8725002450174496 0.34439714096575746
0.8725002450174496 0.34439714096575746
0.8725002450174496 0.34439714096575746
0.8725002450174496 0.34439714096575746
0.8725002450174496 0.34439714096575746
0.8725002450174496 0.34439714096575746
0.8725002450174496 0.34439714096575746
0.8725002450174496 0.34439714096575746
0.8725002450174496 0.34439714096575746
0.8725002450174496 0.34439714096575746
0.8725002450174496 0.34439714096575746
0.8725002450174496 0.34439714096575746
0.8725002450174496 0.34439714096575746
0.8725002450174496 0.34439714096575746
0.8725002450174496 0.34439714096575746
0.8725002450174496 0.34439714096575746
0.8725002450174496 0.34439714096575746
0.8725002450174496 0.34439714096575746
0.8725002450174496 0.34439714096575746
0.8725002450174496 0.34439714096575746
0.8725002450174496 0.34439714096575746
0.8725002450174496 0.34439714096575746
0.8725002450174496 0.34439714096575746
0.8725002450174496 0.34439714096575746
0.8725002450174496 0.34439714096575746
0.8725002450174496 0.34439714096575746
0.8725002450174496 0.34439714096575746
0.8725002450174496 0.34439714096575746
0.8725002450174496 0.34439714096575746
0.8725002450174496 0.34439714096575746
0.8725002450174496 0.34439714096575746
0.8725002450174496 0.34439714096575746
0.8725002450174496 0.34439714096575746
0.8725002450174496 0.34439714096575746
0.8725002450174496 0.34439714096575746
0.8725002450174496 0.34439714096575746
0.8725002450174496 0.34439714096575746
0.8725002450174496 0.34439714096575746
0.8725002450174496 0.34439714096575746
0.8725002450174496 0.34439714096575746
0.8725002450174496 0.34439714096575746
0.8725002450174496 0.34439714096575746
0.8725002450174496 0.34439714096575746
0.8725002450174496 0.34439714096575746
0.8725002450174496 0.34439714096575746
0.8725002450174496 0.34439714096575746
0.8725002450174496 0.34439714096575746
0.8725002450174496 0.34439714096575746
0.8725002450174496 0.34439714096575746
0.8725002450174496 0.34439714096575746
0.8725002450174496 0.34439714096575746
0.8725002450174496 0.34439714096575746
0.8725002450174496 0.34439714096575746
0.8725002450174496 0.34439714096575746
0.8725002450174496 0.34439714096575746
0.8725002450174496 0.34439714096575746
0.8725002450174496 0.34439714096575746
0.8725002450174496 0.34439714096575746
0.8725002450174496 0.34439714096575746
0.8725002450174496 0.34439714096575746
0.8725002450174496 0.34439714096575746
0.8725002450174496 0.34439714096575746
0.8725002450174496 0.34439714096575746
0.8725002450174496 0.34439714096575746
0.8725002450174496 0.34439714096575746
0.8725002450174496 0.34439714096575746
0.8725002450174496 0.34439714096575746
0.8725002450174496 0.34439714096575746
0.8725002450174496 0.34439714096575746
0.8725002450174496 0.34439714096575746
0.8725002450174496 0.34439714096575746
0.8725002450174496 0.34439714096575746
0.8725002450174496 0.34439714096575746
0.8725002450174496 0.34439714096575746
0.8725002450174496 0.34439714096575746
0.8725002450174496 0.34439714096575746
0.8725002450174496 0.34439714096575746
0.8725002450174496 0.34439714096575746
0.8725002450174496 0.34439714096575746
0.8725002450174496 0.34439714096575746
0.8725002450174496 0.34439714096575746
0.8725002450174496 0.34439714096575746
0.8725002450174496 0.34439714096575746
0.8725002450174496 0.34439714096575746
0.8725002450174496 0.34439714096575746
0.8725002450174496 0.34439714096575746
0.8725002450174496 0.34439714096575746
0.8725002450174496 0.34439714096575746
0.8725002450174496 0.34439714096575746
0.8725002450174496 0.34439714096575746
0.8725002450174496 0.34439714096575746
0.8725002450174496 0.34439714096575746
0.8725002450174496 0.34439714096575746
0.8725002450174496 0.34439714096575746
0.8725002450174496 0.34439714096575746
0.8725002450174496 0.34439714096575746
0.8725002450174496 0.34439714096575746
0.8725002450174496 0.34439714096575746
0.8725002450174496 0.34439714096575746
0.8725002450174496 0.34439714096575746
0.8725002450174496 0.34439714096575746
0.8725002450174496 0.34439714096575746
0.8725002450174496 0.34439714096575746
0.8725002450174496 0.34439714096575746
0.8725002450174496 0.34439714096575746
0.8725002450174496 0.34439714096575746
0.8725002450174496 0.34439714096575746
0.8725002450174496 0.34439714096575746
0.8725002450174496 0.34439714096575746
0.8725002450174496 0.34439714096575746
0.8725002450174496 0.34439714096575746
0.8725002450174496 0.34439714096575746
0.8725002450174496 0.34439714096575746
0.8725002450174496 0.34439714096575746
0.8725002450174496 0.34439714096575746
0.8725002450174496 0.34439714096575746
0.8725002450174496 0.34439714096575746
0.8725002450174496 0.34439714096575746
0.8725002450174496 0.34439714096575746
0.8725002450174496 0.34439714096575746
0.8725002450174496 0.34439714096575746
0.8725002450174496 0.34439714096575746
0.8725002450174496 0.34439714096575746
0.8725002450174496 0.34439714096575746
0.8725002450174496 0.34439714096575746
0.8725002450174496 0.34439714096575746
0.8725002450174496 0.34439714096575746
0.8725002450174496 0.34439714096575746
0.8725002450174496 0.34439714096575746
0.8725002450174496 0.34439714096575746
0.8725002450174496 0.34439714096575746
0.8725002450174496 0.34439714096575746
0.8725002450174496 0.34439714096575746
0.8725002450174496 0.34439714096575746
0.8725002450174496 0.34439714096575746
0.8725002450174496 0.34439714096575746
0.8725002450174496 0.34439714096575746
0.8725002450174496 0.34439714096575746
0.8725002450174496 0.34439714096575746
0.8725002450174496 0.34439714096575746
0.8725002450174496 0.34439714096575746
0.8725002450174496 0.34439714096575746
0.8725002450174496 0.34439714096575746
0.8725002450174496 0.34439714096575746
0.8725002450174496 0.34439714096575746
0.8725002450174496 0.34439714096575746
0.8725002450174496 0.34439714096575746
0.8725002450174496 0.34439714096575746
0.8725002450174496 0.34439714096575746
0.8725002450174496 0.34439714096575746
0.8725002450174496 0.34439714096575746
0.8725002450174496 0.34439714096575746
0.8725002450174496 0.34439714096575746
0.8725002450174496 0.34439714096575746
0.8725002450174496 0.34439714096575746
0.8725002450174496 0.34439714096575746
0.8725002450174496 0.34439714096575746
0.8725002450174496 0.34439714096575746
0.8725002450174496 0.34439714096575746
0.8725002450174496 0.34439714096575746
0.8725002450174496 0.34439714096575746
0.8725002450174496 0.34439714096575746
0.8725002450174496 0.34439714096575746
0.8725002450174496 0.34439714096575746
0.8725002450174496 0.34439714096575746
0.8725002450174496 0.34439714096575746
0.8725002450174496 0.34439714096575746
0.8725002450174496 0.34439714096575746
0.8725002450174496 0.34439714096575746
0.8725002450174496 0.34439714096575746
0.8725002450174496 0.34439714096575746
0.8725002450174496 0.34439714096575746
0.8725002450174496 0.34439714096575746
0.8725002450174496 0.34439714096575746
0.8725002450174496 0.34439714096575746
0.8725002450174496 0.34439714096575746
0.8725002450174496 0.34439714096575746
0.8725002450174496 0.34439714096575746
0.8725002450174496 0.34439714096575746
0.8725002450174496 0.34439714096575746
0.8725002450174496 0.34439714096575746
0.8725002450174496 0.34439714096575746
0.8725002450174496 0.34439714096575746
0.8725002450174496 0.34439714096575746
0.8725002450174496 0.34439714096575746
0.8725002450174496 0.34439714096575746
0.8725002450174496 0.34439714096575746
0.8725002450174496 0.34439714096575746
0.8725002450174496 0.34439714096575746
0.8725002450174496 0.34439714096575746
0.8725002450174496 0.34439714096575746
0.8725002450174496 0.34439714096575746
0.8725002450174496 0.34439714096575746
0.8725002450174496 0.34439714096575746
0.8725002450174496 0.34439714096575746
0.8725002450174496 0.34439714096575746
0.8725002450174496 0.34439714096575746
0.8725002450174496 0.34439714096575746
0.8725002450174496 0.34439714096575746
0.8725002450174496 0.34439714096575746
0.8725002450174496 0.34439714096575746
0.8725002450174496 0.34439714096575746
0.8725002450174496 0.34439714096575746
0.8725002450174496 0.34439714096575746
0.8725002450174496 0.34439714096575746
0.8725002450174496 0.34439714096575746
0.8725002450174496 0.34439714096575746
0.8725002450174496 0.34439714096575746
0.8725002450174496 0.34439714096575746
0.8725002450174496 0.34439714096575746
0.8725002450174496 0.34439714096575746
0.8725002450174496 0.34439714096575746
0.8725002450174496 0.34439714096575746
0.8725002450174496 0.34439714096575746
0.8725002450174496 0.34439714096575746
0.8725002450174496 0.34439714096575746
0.8725002450174496 0.34439714096575746
0.8725002450174496 0.34439714096575746
0.8725002450174496 0.34439714096575746
0.8725002450174496 0.34439714096575746
0.8725002450174496 0.34439714096575746
0.8725002450174496 0.34439714096575746
0.8725002450174496 0.34439714096575746
0.8725002450174496 0.34439714096575746
0.8725002450174496 0.34439714096575746
0.8725002450174496 0.34439714096575746
0.8725002450174496 0.34439714096575746
0.8725002450174496 0.34439714096575746
0.8725002450174496 0.34439714096575746
0.8725002450174496 0.34439714096575746
0.8725002450174496 0.34439714096575746
0.8725002450174496 0.34439714096575746
0.8725002450174496 0.34439714096575746
0.8725002450174496 0.34439714096575746
0.8725002450174496 0.34439714096575746
0.8725002450174496 0.34439714096575746
0.8725002450174496 0.34439714096575746
0.8725002450174496 0.34439714096575746
0.8725002450174496 0.34439714096575746
0.8725002450174496 0.34439714096575746
0.8725002450174496 0.34439714096575746
0.8725002450174496 0.34439714096575746
0.8725002450174496 0.34439714096575746
0.8725002450174496 0.34439714096575746
0.8725002450174496 0.34439714096575746
0.8725002450174496 0.34439714096575746
0.8725002450174496 0.34439714096575746
0.8725002450174496 0.34439714096575746
0.8725002450174496 0.34439714096575746
0.8725002450174496 0.34439714096575746
0.8725002450174496 0.34439714096575746
0.8725002450174496 0.34439714096575746
0.8725002450174496 0.34439714096575746
0.8725002450174496 0.34439714096575746
0.8725002450174496 0.34439714096575746
0.8725002450174496 0.34439714096575746
0.8725002450174496 0.34439714096575746
0.8725002450174496 0.34439714096575746
0.8725002450174496 0.34439714096575746
0.8725002450174496 0.34439714096575746
0.8725002450174496 0.34439714096575746
0.8725002450174496 0.34439714096575746
0.8725002450174496 0.34439714096575746
0.8725002450174496 0.34439714096575746
0.8725002450174496 0.34439714096575746
0.8725002450174496 0.34439714096575746
0.8725002450174496 0.34439714096575746
0.8725002450174496 0.34439714096575746
0.8725002450174496 0.34439714096575746
0.8725002450174496 0.34439714096575746
0.8725002450174496 0.34439714096575746
0.8725002450174496 0.34439714096575746
0.8725002450174496 0.34439714096575746
0.8725002450174496 0.34439714096575746
0.8725002450174496 0.34439714096575746
0.8725002450174496 0.34439714096575746
0.8725002450174496 0.34439714096575746
0.8725002450174496 0.34439714096575746
0.8725002450174496 0.34439714096575746
0.8725002450174496 0.34439714096575746
0.8725002450174496 0.34439714096575746
0.8725002450174496 0.34439714096575746
0.8725002450174496 0.34439714096575746
0.8725002450174496 0.34439714096575746
0.8725002450174496 0.34439714096575746
0.8725002450174496 0.34439714096575746
0.8725002450174496 0.34439714096575746
0.8725002450174496 0.34439714096575746
0.8725002450174496 0.34439714096575746
0.8725002450174496 0.34439714096575746
0.8725002450174496 0.34439714096575746
0.8725002450174496 0.34439714096575746
0.8725002450174496 0.34439714096575746
0.8725002450174496 0.34439714096575746
0.8725002450174496 0.34439714096575746
0.8725002450174496 0.34439714096575746
0.8725002450174496 0.34439714096575746
0.8725002450174496 0.34439714096575746
0.8725002450174496 0.34439714096575746
0.8725002450174496 0.34439714096575746
0.8725002450174496 0.34439714096575746
0.8725002450174496 0.34439714096575746
0.8725002450174496 0.34439714096575746
0.8725002450174496 0.34439714096575746
0.8725002450174496 0.34439714096575746
0.8725002450174496 0.34439714096575746
0.8725002450174496 0.34439714096575746
0.8725002450174496 0.34439714096575746
0.8725002450174496 0.34439714096575746
0.8725002450174496 0.34439714096575746
0.8725002450174496 0.34439714096575746
0.8725002450174496 0.34439714096575746
0.8725002450174496 0.34439714096575746
0.8725002450174496 0.34439714096575746
0.8725002450174496 0.34439714096575746
0.8725002450174496 0.34439714096575746
0.8725002450174496 0.34439714096575746
0.8725002450174496 0.34439714096575746
0.8725002450174496 0.34439714096575746
0.8725002450174496 0.34439714096575746
0.8725002450174496 0.34439714096575746
0.8725002450174496 0.34439714096575746
0.8725002450174496 0.34439714096575746
0.8725002450174496 0.34439714096575746
0.8725002450174496 0.34439714096575746
0.8725002450174496 0.34439714096575746
0.8725002450174496 0.34439714096575746
0.8725002450174496 0.34439714096575746
0.8725002450174496 0.34439714096575746
0.8725002450174496 0.34439714096575746
0.8725002450174496 0.34439714096575746
0.8725002450174496 0.34439714096575746
0.8725002450174496 0.34439714096575746
0.8725002450174496 0.34439714096575746
0.8725002450174496 0.34439714096575746
0.8725002450174496 0.34439714096575746
0.8725002450174496 0.34439714096575746
0.8725002450174496 0.34439714096575746
0.8725002450174496 0.34439714096575746
0.8725002450174496 0.34439714096575746
0.8725002450174496 0.34439714096575746
0.8725002450174496 0.34439714096575746
0.8725002450174496 0.34439714096575746
0.8725002450174496 0.34439714096575746
0.8725002450174496 0.34439714096575746
0.8725002450174496 0.34439714096575746
0.8725002450174496 0.34439714096575746
0.8725002450174496 0.34439714096575746
0.8725002450174496 0.34439714096575746
0.8725002450174496 0.34439714096575746
0.8725002450174496 0.34439714096575746
0.8725002450174496 0.34439714096575746
0.8725002450174496 0.34439714096575746
0.8725002450174496 0.34439714096575746
0.8725002450174496 0.34439714096575746
0.8725002450174496 0.34439714096575746
0.8725002450174496 0.34439714096575746
0.8725002450174496 0.34439714096575746
0.8725002450174496 0.34439714096575746
0.8725002450174496 0.34439714096575746
0.8725002450174496 0.34439714096575746
0.8725002450174496 0.34439714096575746
0.8725002450174496 0.34439714096575746
0.8725002450174496 0.34439714096575746
0.8725002450174496 0.34439714096575746
0.8725002450174496 0.34439714096575746
0.8725002450174496 0.34439714096575746
0.8725002450174496 0.34439714096575746
0.8725002450174496 0.34439714096575746
0.8725002450174496 0.34439714096575746
0.8725002450174496 0.34439714096575746
0.8725002450174496 0.34439714096575746
0.8725002450174496 0.34439714096575746
0.8725002450174496 0.34439714096575746
0.8725002450174496 0.34439714096575746
0.8725002450174496 0.34439714096575746
0.8725002450174496 0.34439714096575746
0.8725002450174496 0.34439714096575746
0.8725002450174496 0.34439714096575746
0.8725002450174496 0.34439714096575746
0.8725002450174496 0.34439714096575746
0.8725002450174496 0.34439714096575746
0.8725002450174496 0.34439714096575746
0.8725002450174496 0.34439714096575746
0.8725002450174496 0.34439714096575746
0.8744609022980877 0.34378116396202807
0.876591341878499 0.3430250711201665
0.8788997660138631 0.34210057638459385
0.8813928144791043 0.3409751404002811
0.8840747875536978 0.33961135943629595
0.8869475824196821 0.3379679614258452
0.8900097592771016 0.3359990005649029
0.8932563285561649 0.3336545261927793
0.8966790235093572 0.3308815434696476
0.9002663650673051 0.32762423524960027
0.9040040867262632 0.3238243437135634
0.9078763996523663 0.3194219253379852
0.9118660482887712 0.31435453653185824
0.9159556598959437 0.3085573974626249
0.9201285115447958 0.3019627030803622
0.9243684749495905 0.29449834705762035
0.9286608278380967 0.28608720798331994
0.932992534606248 0.2766460134604377
0.9373519873910179 0.2660839802428048
0.9417296855851793 0.2543018824140372
0.9461184784832986 0.24119082353836577
0.9505142477916508 0.22663109147940824
0.9549172741671419 0.2104910666919382
0.9593342292737984 0.19262607602728354
0.9594371420956962 0.1921891879773621
0.9638010086969138 0.17278916942191247
0.9674881993186905 0.15509199906254023
0.9706645890664088 0.13896800902045042
0.9734465170066496 0.12428937947192495
0.9759176895107592 0.11093432333595737
0.9781396389645051 0.09878883792582328
0.9801583546305608 0.08774726085771982
0.9820086834111399 0.07771224395028695
0.9837173372179348 0.0685944372694397
0.9853050013927613 0.060312034961686516
0.9867878429842182 0.05279026331055042
0.9881785771612942 0.045960848401045445
0.989487341456447 0.039761512732512584
0.9907221544576482 0.034135450289755676
0.9918895915935729 0.029030908080986045
0.9929948855539189 0.02440069794063407
0.9940424063521871 0.020201843009481513
0.9950357024160377 0.016395168451814508
0.9959778588622898 0.012945012577163094
0.996871384789365 0.00981885370380579
0.9977185485527167 0.006987090690958496
0.9985212189913071 0.004422715946476727
0.9992811956708471 0.002101160560653455
1.0 0.0
