# CURVE 2D, normalized by CHORD
# COLUMN#1 = X-coordinate, COLUMN#2 = Y-coordinate
#-------------------------------------------------------------------------------
0.0 0.0
0.0005203214304412877 0.00035171165329633526
0.001092622529789006 0.0007386720904894236
0.0017220882698884667 0.0011644253817220283
0.002414421088285383 0.0016328715126306727
0.0031758883586526063 0.002148308289969408
0.004013381257497294 0.0027154676048565763
0.004934473371156715 0.0033395644002934834
0.005947488818447069 0.004026345127059074
0.007061574391348843 0.004782145159635498
0.008286779966848339 0.005613950376706501
0.00963414518045146 0.006529467500446087
0.011115793228963292 0.007537203695827836
0.012745032060734731 0.00864655699924468
0.01453646561253257 0.009867915805778334
0.01650610980279095 0.01121277751379383
0.018671514697435696 0.012693886737026752
0.02105189228269229 0.01432539659763535
0.023668240624610398 0.01612306937331066
0.02654345920500624 0.01810452682698245
0.029702433635388964 0.020289584287823424
0.033172051714801476 0.022700724574918736
0.03698106671600566 0.025363830166179924
0.04115959828297912 0.028309459323824167
0.04573767798641527 0.03157545283590497
0.04579934205480209 0.03161979038154317
0.0474668619127203 0.0328229799006995
0.04897904946809546 0.033921952521240396
0.050350114677122956 0.03492602255802927
0.05159296297335404 0.03584367449764333
0.05271931743632918 0.036682633150210704
0.053739823170743224 0.03744993648280106
0.0546641437679751 0.038151999493812636
0.055501050533350624 0.03879467010202409
0.056258503111385715 0.039383280505078104
0.05694371921994337 0.03992269823650584
0.05756323977152668 0.040417369924312066
0.05812298721626388 0.040871361713734566
0.058628314032674426 0.041288400918950655
0.059084052115574534 0.041671906368518113
0.059494539668813975 0.042025035998689
0.05986366240242676 0.042350707567800946
0.0601948572094147 0.04265165265473231
0.06049111704459621 0.04293045534412743
0.06075495838059731 0.04318961358412423
0.06098832825866363 0.04343163063197614
0.06119238043933316 0.043659166198723245
0.06136689240944704 0.04387533560404809
0.0615084261425809 0.044084409818295894
0.06160240431843171 0.04429320809256575
0.09782100134970811 0.17990243405335493
0.08859263208571913 0.14534968725067793
0.0814938864980353 0.11877065124861864
0.07603331296904774 0.09832523893934228
0.07183287179290346 0.08259799870143739
0.06860176319586939 0.07050012159535671
0.06611629504430472 0.06119406228298695
0.06420439646617807 0.0540355551196256
0.06273370525223447 0.048529011147809165
0.06160240431843171 0.04429320809256576
0.09782100134970811 0.17990243405335493
0.1070493706136971 0.21445518085603194
0.11414811620138092 0.24103421685809123
0.11960868973036849 0.26147962916736756
0.12380913090651277 0.2772068694052725
0.12704023950354681 0.2893047465113532
0.12952570765511148 0.2986108058237229
0.13143760623323816 0.30576931298708426
0.13290829744718174 0.3112758569589007
0.1340395983809845 0.3155116600141441
0.1340395983809845 0.3155116600141441
0.13419645249434384 0.3160966311170971
0.13437030881831097 0.31673974475871436
0.1345632364317674 0.31744671186010137
0.1347775292297709 0.31822380707117487
0.13501588990025776 0.31907787969544876
0.13528140239524472 0.32001642771883126
0.1355776884061188 0.3210476265224545
0.13590900233676567 0.3221803795763813
0.13628040450682155 0.32342435144938025
0.1366979534252511 0.32478999821929955
0.13716906487697744 0.3262885471135864
0.13770294629952085 0.327931943470807
0.13831118307196885 0.32973272824346284
0.1390088221001048 0.3317036991445252
0.1398158669519013 0.3338573077944895
0.14075981216053923 0.33620441568829873
0.1418800590354136 0.3387516839994028
0.14323552103124587 0.3414960052925049
0.14491860586464328 0.3444114766252558
0.14707918791317237 0.3474171370439654
0.14994932301540503 0.3502994434551716
0.1537765342934246 0.35260205614209106
0.15853769336488022 0.3538200118475711
0.16395227978054033 0.3539984740599253
0.16403110038576213 0.3539958044859799
0.1706894575035042 0.3535559966646017
0.1767422318528105 0.35314791917712335
0.18225529342042043 0.35301971286848216
0.18726544319972416 0.35319191114036863
0.19180326840759368 0.35361416196305445
0.19590180785439162 0.3542209850670579
0.19959686355696052 0.35495191505038887
0.20292500565983576 0.3557577231140755
0.20592177046606167 0.3566006357936877
0.20862049685354497 0.35745283601762484
0.2110517462001937 0.3582945374085309
0.21324316931548648 0.3591120607284879
0.21521961414642857 0.3598962375736162
0.21700323672844618 0.3606414235992854
0.2186138421828962 0.3613443283718936
0.2200690553971086 0.3620035207406039
0.22138458354272264 0.36261885187819537
0.2225744157929775 0.3631911126709384
0.22365108822613547 0.3637216087048614
0.2246257774075691 0.364212120942012
0.2255084736397825 0.3646647056536058
0.2263081592661642 0.36508149675142304
0.22703286030874087 0.36546475228149217
0.2276898285877605 0.3658166445127368
0.2276898285877605 0.3658166445127368
0.2452956847149372 0.3753052603248115
0.262901540842114 0.3847938761368862
0.2805073969692908 0.39428249194896087
0.2981132530964674 0.40377110776103553
0.31571910922364405 0.41325972357311014
0.3333249653508207 0.42274833938518475
0.3509308214779974 0.43223695519725946
0.36853667760517417 0.44172557100933413
0.3861425337323509 0.4512141868214088
0.4037483898595276 0.46070280263348345
0.42135424598670435 0.4701914184455581
0.4389601021138811 0.4796800342576328
0.4565659582410578 0.48916865006970744
0.4741718143682344 0.4986572658817821
0.4917776704954107 0.5081458816938565
0.5093835266225869 0.5176344975059309
0.5269893827497631 0.5271231133180052
0.5445952388769393 0.5366117291300796
0.5622010950041154 0.546100344942154
0.5798069511312917 0.5555889607542284
0.5974128072584678 0.5650775765663028
0.615018663385644 0.5745661923783771
0.6326245195128202 0.5840548081904515
0.6502303756399964 0.5935434240025259
0.6678362317671726 0.6030320398146002
0.6854420878943498 0.6125206556266753
0.7019002248520834 0.6213907121264204
0.7019002248520834 0.6213907121264204
0.7019002248520834 0.6213907121264204
0.7019002248520834 0.6213907121264204
0.7019002248520834 0.6213907121264204
0.7019002248520834 0.6213907121264204
0.7019002248520834 0.6213907121264204
0.7019002248520834 0.6213907121264204
0.7019002248520834 0.6213907121264204
0.7019002248520834 0.6213907121264204
0.7019002248520834 0.6213907121264204
0.7019002248520834 0.6213907121264204
0.7019002248520834 0.6213907121264204
0.7019002248520834 0.6213907121264204
0.7019002248520834 0.6213907121264204
0.7019002248520834 0.6213907121264204
0.7019002248520834 0.6213907121264204
0.7019002248520834 0.6213907121264204
0.7019002248520834 0.6213907121264204
0.7019002248520834 0.6213907121264204
0.7019002248520834 0.6213907121264204
0.7019002248520834 0.6213907121264204
0.7019002248520834 0.6213907121264204
0.7019002248520834 0.6213907121264204
0.7019002248520834 0.6213907121264204
0.7019002248520834 0.6213907121264204
0.7019002248520834 0.6213907121264204
0.7019002248520834 0.6213907121264204
0.7019002248520834 0.6213907121264204
0.7019002248520834 0.6213907121264204
0.7019002248520834 0.6213907121264204
0.7019002248520834 0.6213907121264204
0.7019002248520834 0.6213907121264204
0.7019002248520834 0.6213907121264204
0.7019002248520834 0.6213907121264204
0.7019002248520834 0.6213907121264204
0.7019002248520834 0.6213907121264204
0.7019002248520834 0.6213907121264204
0.7019002248520834 0.6213907121264204
0.7019002248520834 0.6213907121264204
0.7019002248520834 0.6213907121264204
0.7019002248520834 0.6213907121264204
0.7019002248520834 0.6213907121264204
0.7019002248520834 0.6213907121264204
0.7019002248520834 0.6213907121264204
0.7019002248520834 0.6213907121264204
0.7019002248520834 0.6213907121264204
0.7019002248520834 0.6213907121264204
0.7019002248520834 0.6213907121264204
0.7019002248520834 0.6213907121264204
0.7019002248520834 0.6213907121264204
0.7019002248520834 0.6213907121264204
0.7019002248520834 0.6213907121264204
0.7019002248520834 0.6213907121264204
0.7019002248520834 0.6213907121264204
0.7019002248520834 0.6213907121264204
0.7019002248520834 0.6213907121264204
0.7019002248520834 0.6213907121264204
0.7019002248520834 0.6213907121264204
0.7019002248520834 0.6213907121264204
0.7019002248520834 0.6213907121264204
0.7019002248520834 0.6213907121264204
0.7019002248520834 0.6213907121264204
0.7019002248520834 0.6213907121264204
0.7019002248520834 0.6213907121264204
0.7019002248520834 0.6213907121264204
0.7019002248520834 0.6213907121264204
0.7019002248520834 0.6213907121264204
0.7019002248520834 0.6213907121264204
0.7019002248520834 0.6213907121264204
0.7019002248520834 0.6213907121264204
0.7019002248520834 0.6213907121264204
0.7019002248520834 0.6213907121264204
0.7019002248520834 0.6213907121264204
0.7019002248520834 0.6213907121264204
0.7019002248520834 0.6213907121264204
0.7019002248520834 0.6213907121264204
0.7019002248520834 0.6213907121264204
0.7019002248520834 0.6213907121264204
0.7019002248520834 0.6213907121264204
0.7019002248520834 0.6213907121264204
0.7019002248520834 0.6213907121264204
0.7019002248520834 0.6213907121264204
0.7019002248520834 0.6213907121264204
0.7019002248520834 0.6213907121264204
0.7019002248520834 0.6213907121264204
0.7019002248520834 0.6213907121264204
0.7019002248520834 0.6213907121264204
0.7019002248520834 0.6213907121264204
0.7019002248520834 0.6213907121264204
0.7019002248520834 0.6213907121264204
0.7019002248520834 0.6213907121264204
0.7019002248520834 0.6213907121264204
0.7019002248520834 0.6213907121264204
0.7019002248520834 0.6213907121264204
0.7019002248520834 0.6213907121264204
0.7019002248520834 0.6213907121264204
0.7019002248520834 0.6213907121264204
0.7019002248520834 0.6213907121264204
0.7019002248520834 0.6213907121264204
0.7019002248520834 0.6213907121264204
0.7019002248520834 0.6213907121264204
0.7019002248520834 0.6213907121264204
0.7019002248520834 0.6213907121264204
0.7019002248520834 0.6213907121264204
0.7019002248520834 0.6213907121264204
0.7019002248520834 0.6213907121264204
0.7019002248520834 0.6213907121264204
0.7019002248520834 0.6213907121264204
0.7019002248520834 0.6213907121264204
0.7019002248520834 0.6213907121264204
0.7019002248520834 0.6213907121264204
0.7019002248520834 0.6213907121264204
0.7019002248520834 0.6213907121264204
0.7019002248520834 0.6213907121264204
0.7019002248520834 0.6213907121264204
0.7019002248520834 0.6213907121264204
0.7019002248520834 0.6213907121264204
0.7019002248520834 0.6213907121264204
0.7019002248520834 0.6213907121264204
0.7019002248520834 0.6213907121264204
0.7019002248520834 0.6213907121264204
0.7019002248520834 0.6213907121264204
0.7019002248520834 0.6213907121264204
0.7019002248520834 0.6213907121264204
0.7019002248520834 0.6213907121264204
0.7019002248520834 0.6213907121264204
0.7019002248520834 0.6213907121264204
0.7019002248520834 0.6213907121264204
0.7019002248520834 0.6213907121264204
0.7019002248520834 0.6213907121264204
0.7019002248520834 0.6213907121264204
0.7019002248520834 0.6213907121264204
0.7019002248520834 0.6213907121264204
0.7019002248520834 0.6213907121264204
0.7019002248520834 0.6213907121264204
0.7019002248520834 0.6213907121264204
0.7019002248520834 0.6213907121264204
0.7019002248520834 0.6213907121264204
0.7019002248520834 0.6213907121264204
0.7019002248520834 0.6213907121264204
0.7019002248520834 0.6213907121264204
0.7019002248520834 0.6213907121264204
0.7019002248520834 0.6213907121264204
0.7019002248520834 0.6213907121264204
0.7019002248520834 0.6213907121264204
0.7019002248520834 0.6213907121264204
0.7019002248520834 0.6213907121264204
0.7019002248520834 0.6213907121264204
0.7019002248520834 0.6213907121264204
0.7019002248520834 0.6213907121264204
0.7019002248520834 0.6213907121264204
0.7019002248520834 0.6213907121264204
0.7019002248520834 0.6213907121264204
0.7019002248520834 0.6213907121264204
0.7019002248520834 0.6213907121264204
0.7019002248520834 0.6213907121264204
0.7019002248520834 0.6213907121264204
0.7019002248520834 0.6213907121264204
0.7019002248520834 0.6213907121264204
0.7019002248520834 0.6213907121264204
0.7019002248520834 0.6213907121264204
0.7019002248520834 0.6213907121264204
0.7019002248520834 0.6213907121264204
0.7019002248520834 0.6213907121264204
0.7019002248520834 0.6213907121264204
0.7019002248520834 0.6213907121264204
0.7019002248520834 0.6213907121264204
0.7019002248520834 0.6213907121264204
0.7019002248520834 0.6213907121264204
0.7019002248520834 0.6213907121264204
0.7019002248520834 0.6213907121264204
0.7019002248520834 0.6213907121264204
0.7019002248520834 0.6213907121264204
0.7019002248520834 0.6213907121264204
0.7019002248520834 0.6213907121264204
0.7019002248520834 0.6213907121264204
0.7019002248520834 0.6213907121264204
0.7019002248520834 0.6213907121264204
0.7019002248520834 0.6213907121264204
0.7019002248520834 0.6213907121264204
0.7019002248520834 0.6213907121264204
0.7019002248520834 0.6213907121264204
0.7019002248520834 0.6213907121264204
0.7019002248520834 0.6213907121264204
0.7019002248520834 0.6213907121264204
0.7019002248520834 0.6213907121264204
0.7019002248520834 0.6213907121264204
0.7019002248520834 0.6213907121264204
0.7019002248520834 0.6213907121264204
0.7019002248520834 0.6213907121264204
0.7019002248520834 0.6213907121264204
0.7019002248520834 0.6213907121264204
0.7019002248520834 0.6213907121264204
0.7019002248520834 0.6213907121264204
0.7019002248520834 0.6213907121264204
0.7019002248520834 0.6213907121264204
0.7019002248520834 0.6213907121264204
0.7019002248520834 0.6213907121264204
0.7019002248520834 0.6213907121264204
0.7019002248520834 0.6213907121264204
0.7019002248520834 0.6213907121264204
0.7019002248520834 0.6213907121264204
0.7019002248520834 0.6213907121264204
0.7019002248520834 0.6213907121264204
0.7019002248520834 0.6213907121264204
0.7019002248520834 0.6213907121264204
0.7019002248520834 0.6213907121264204
0.7019002248520834 0.6213907121264204
0.7019002248520834 0.6213907121264204
0.7019002248520834 0.6213907121264204
0.7019002248520834 0.6213907121264204
0.7019002248520834 0.6213907121264204
0.7019002248520834 0.6213907121264204
0.7019002248520834 0.6213907121264204
0.7019002248520834 0.6213907121264204
0.7019002248520834 0.6213907121264204
0.7019002248520834 0.6213907121264204
0.7019002248520834 0.6213907121264204
0.7019002248520834 0.6213907121264204
0.7019002248520834 0.6213907121264204
0.7019002248520834 0.6213907121264204
0.7019002248520834 0.6213907121264204
0.7019002248520834 0.6213907121264204
0.7019002248520834 0.6213907121264204
0.7019002248520834 0.6213907121264204
0.7019002248520834 0.6213907121264204
0.7019002248520834 0.6213907121264204
0.7019002248520834 0.6213907121264204
0.7019002248520834 0.6213907121264204
0.7019002248520834 0.6213907121264204
0.7019002248520834 0.6213907121264204
0.7019002248520834 0.6213907121264204
0.7019002248520834 0.6213907121264204
0.7019002248520834 0.6213907121264204
0.7019002248520834 0.6213907121264204
0.7019002248520834 0.6213907121264204
0.7019002248520834 0.6213907121264204
0.7019002248520834 0.6213907121264204
0.7019002248520834 0.6213907121264204
0.7019002248520834 0.6213907121264204
0.7019002248520834 0.6213907121264204
0.7019002248520834 0.6213907121264204
0.7019002248520834 0.6213907121264204
0.7019002248520834 0.6213907121264204
0.7019002248520834 0.6213907121264204
0.7019002248520834 0.6213907121264204
0.7019002248520834 0.6213907121264204
0.7019002248520834 0.6213907121264204
0.7019002248520834 0.6213907121264204
0.7019002248520834 0.6213907121264204
0.7019002248520834 0.6213907121264204
0.7019002248520834 0.6213907121264204
0.7019002248520834 0.6213907121264204
0.7019002248520834 0.6213907121264204
0.7019002248520834 0.6213907121264204
0.7019002248520834 0.6213907121264204
0.7019002248520834 0.6213907121264204
0.7019002248520834 0.6213907121264204
0.7019002248520834 0.6213907121264204
0.7019002248520834 0.6213907121264204
0.7019002248520834 0.6213907121264204
0.7019002248520834 0.6213907121264204
0.7019002248520834 0.6213907121264204
0.7019002248520834 0.6213907121264204
0.7019002248520834 0.6213907121264204
0.7019002248520834 0.6213907121264204
0.7019002248520834 0.6213907121264204
0.7019002248520834 0.6213907121264204
0.7019002248520834 0.6213907121264204
0.7019002248520834 0.6213907121264204
0.7019002248520834 0.6213907121264204
0.7019002248520834 0.6213907121264204
0.7019002248520834 0.6213907121264204
0.7019002248520834 0.6213907121264204
0.7019002248520834 0.6213907121264204
0.7019002248520834 0.6213907121264204
0.7019002248520834 0.6213907121264204
0.7019002248520834 0.6213907121264204
0.7019002248520834 0.6213907121264204
0.7019002248520834 0.6213907121264204
0.7019002248520834 0.6213907121264204
0.7019002248520834 0.6213907121264204
0.7019002248520834 0.6213907121264204
0.7019002248520834 0.6213907121264204
0.7019002248520834 0.6213907121264204
0.7019002248520834 0.6213907121264204
0.7019002248520834 0.6213907121264204
0.7019002248520834 0.6213907121264204
0.7019002248520834 0.6213907121264204
0.7019002248520834 0.6213907121264204
0.7019002248520834 0.6213907121264204
0.7019002248520834 0.6213907121264204
0.7019002248520834 0.6213907121264204
0.7019002248520834 0.6213907121264204
0.7019002248520834 0.6213907121264204
0.7019002248520834 0.6213907121264204
0.7019002248520834 0.6213907121264204
0.7019002248520834 0.6213907121264204
0.7019002248520834 0.6213907121264204
0.7019002248520834 0.6213907121264204
0.7019002248520834 0.6213907121264204
0.7019002248520834 0.6213907121264204
0.7019002248520834 0.6213907121264204
0.7019002248520834 0.6213907121264204
0.7019002248520834 0.6213907121264204
0.7019002248520834 0.6213907121264204
0.7019002248520834 0.6213907121264204
0.7019002248520834 0.6213907121264204
0.7019002248520834 0.6213907121264204
0.7019002248520834 0.6213907121264204
0.7019002248520834 0.6213907121264204
0.7019002248520834 0.6213907121264204
0.7019002248520834 0.6213907121264204
0.7019002248520834 0.6213907121264204
0.7019002248520834 0.6213907121264204
0.7019002248520834 0.6213907121264204
0.7019002248520834 0.6213907121264204
0.7019002248520834 0.6213907121264204
0.7019002248520834 0.6213907121264204
0.7019002248520834 0.6213907121264204
0.7019002248520834 0.6213907121264204
0.7019002248520834 0.6213907121264204
0.7019002248520834 0.6213907121264204
0.7019002248520834 0.6213907121264204
0.7019002248520834 0.6213907121264204
0.7019002248520834 0.6213907121264204
0.7019002248520834 0.6213907121264204
0.7019002248520834 0.6213907121264204
0.7019002248520834 0.6213907121264204
0.7019002248520834 0.6213907121264204
0.7019002248520834 0.6213907121264204
0.7019002248520834 0.6213907121264204
0.7019002248520834 0.6213907121264204
0.7019002248520834 0.6213907121264204
0.7019002248520834 0.6213907121264204
0.7019002248520834 0.6213907121264204
0.7019002248520834 0.6213907121264204
0.7019002248520834 0.6213907121264204
0.7019002248520834 0.6213907121264204
0.7019002248520834 0.6213907121264204
0.7019002248520834 0.6213907121264204
0.7019002248520834 0.6213907121264204
0.7019002248520834 0.6213907121264204
0.7019002248520834 0.6213907121264204
0.7019002248520834 0.6213907121264204
0.7019002248520834 0.6213907121264204
0.7019002248520834 0.6213907121264204
0.7019002248520834 0.6213907121264204
0.7019002248520834 0.6213907121264204
0.7019002248520834 0.6213907121264204
0.7019002248520834 0.6213907121264204
0.7019002248520834 0.6213907121264204
0.7019002248520834 0.6213907121264204
0.7019002248520834 0.6213907121264204
0.7019002248520834 0.6213907121264204
0.7019002248520834 0.6213907121264204
0.7019002248520834 0.6213907121264204
0.7019002248520834 0.6213907121264204
0.7019002248520834 0.6213907121264204
0.7019002248520834 0.6213907121264204
0.7019002248520834 0.6213907121264204
0.7019002248520834 0.6213907121264204
0.7019002248520834 0.6213907121264204
0.7019002248520834 0.6213907121264204
0.7019002248520834 0.6213907121264204
0.7019002248520834 0.6213907121264204
0.7019002248520834 0.6213907121264204
0.7019002248520834 0.6213907121264204
0.7019002248520834 0.6213907121264204
0.7019002248520834 0.6213907121264204
0.7019002248520834 0.6213907121264204
0.7019002248520834 0.6213907121264204
0.7019002248520834 0.6213907121264204
0.7019002248520834 0.6213907121264204
0.7019002248520834 0.6213907121264204
0.7019002248520834 0.6213907121264204
0.7019002248520834 0.6213907121264204
0.7019002248520834 0.6213907121264204
0.7019002248520834 0.6213907121264204
0.7019002248520834 0.6213907121264204
0.7019002248520834 0.6213907121264204
0.7019002248520834 0.6213907121264204
0.7019002248520834 0.6213907121264204
0.7019002248520834 0.6213907121264204
0.7019002248520834 0.6213907121264204
0.7019002248520834 0.6213907121264204
0.7019002248520834 0.6213907121264204
0.7019002248520834 0.6213907121264204
0.7019002248520834 0.6213907121264204
0.7019002248520834 0.6213907121264204
0.7019002248520834 0.6213907121264204
0.7019002248520834 0.6213907121264204
0.7019002248520834 0.6213907121264204
0.7019002248520834 0.6213907121264204
0.7019002248520834 0.6213907121264204
0.7019002248520834 0.6213907121264204
0.7019002248520834 0.6213907121264204
0.7019002248520834 0.6213907121264204
0.7019002248520834 0.6213907121264204
0.7019002248520834 0.6213907121264204
0.7019002248520834 0.6213907121264204
0.7019002248520834 0.6213907121264204
0.7019002248520834 0.6213907121264204
0.7019002248520834 0.6213907121264204
0.7019002248520834 0.6213907121264204
0.7019002248520834 0.6213907121264204
0.7019002248520834 0.6213907121264204
0.7019002248520834 0.6213907121264204
0.7019002248520834 0.6213907121264204
0.7019002248520834 0.6213907121264204
0.7019002248520834 0.6213907121264204
0.7019002248520834 0.6213907121264204
0.7019002248520834 0.6213907121264204
0.7019002248520834 0.6213907121264204
0.7019002248520834 0.6213907121264204
0.7019002248520834 0.6213907121264204
0.7019002248520834 0.6213907121264204
0.7019002248520834 0.6213907121264204
0.7019002248520834 0.6213907121264204
0.7019002248520834 0.6213907121264204
0.7019002248520834 0.6213907121264204
0.7019002248520834 0.6213907121264204
0.7019002248520834 0.6213907121264204
0.7019002248520834 0.6213907121264204
0.7019002248520834 0.6213907121264204
0.7019002248520834 0.6213907121264204
0.7019002248520834 0.6213907121264204
0.7019002248520834 0.6213907121264204
0.7019002248520834 0.6213907121264204
0.7019002248520834 0.6213907121264204
0.7019002248520834 0.6213907121264204
0.7019002248520834 0.6213907121264204
0.7019002248520834 0.6213907121264204
0.7019002248520834 0.6213907121264204
0.7019002248520834 0.6213907121264204
0.7019002248520834 0.6213907121264204
0.7019002248520834 0.6213907121264204
0.7019002248520834 0.6213907121264204
0.7019002248520834 0.6213907121264204
0.7019002248520834 0.6213907121264204
0.7019002248520834 0.6213907121264204
0.7019002248520834 0.6213907121264204
0.7019002248520834 0.6213907121264204
0.7019002248520834 0.6213907121264204
0.7019002248520834 0.6213907121264204
0.7019002248520834 0.6213907121264204
0.7019002248520834 0.6213907121264204
0.7019002248520834 0.6213907121264204
0.7019002248520834 0.6213907121264204
0.7019002248520834 0.6213907121264204
0.7019002248520834 0.6213907121264204
0.7019002248520834 0.6213907121264204
0.7019002248520834 0.6213907121264204
0.7019002248520834 0.6213907121264204
0.7019002248520834 0.6213907121264204
0.7019002248520834 0.6213907121264204
0.7019002248520834 0.6213907121264204
0.7019002248520834 0.6213907121264204
0.7019002248520834 0.6213907121264204
0.7019002248520834 0.6213907121264204
0.7019002248520834 0.6213907121264204
0.7019002248520834 0.6213907121264204
0.7019002248520834 0.6213907121264204
0.7019002248520834 0.6213907121264204
0.7019002248520834 0.6213907121264204
0.7019002248520834 0.6213907121264204
0.7019002248520834 0.6213907121264204
0.7019002248520834 0.6213907121264204
0.7019002248520834 0.6213907121264204
0.7019002248520834 0.6213907121264204
0.7019002248520834 0.6213907121264204
0.7019002248520834 0.6213907121264204
0.7019002248520834 0.6213907121264204
0.7019002248520834 0.6213907121264204
0.7019002248520834 0.6213907121264204
0.7019002248520834 0.6213907121264204
0.7019002248520834 0.6213907121264204
0.7019002248520834 0.6213907121264204
0.7019002248520834 0.6213907121264204
0.7019002248520834 0.6213907121264204
0.7019002248520834 0.6213907121264204
0.7019002248520834 0.6213907121264204
0.7019002248520834 0.6213907121264204
0.7019002248520834 0.6213907121264204
0.7019002248520834 0.6213907121264204
0.7019002248520834 0.6213907121264204
0.7019002248520834 0.6213907121264204
0.7019002248520834 0.6213907121264204
0.7019002248520834 0.6213907121264204
0.7019002248520834 0.6213907121264204
0.7019002248520834 0.6213907121264204
0.7019002248520834 0.6213907121264204
0.7019002248520834 0.6213907121264204
0.7019002248520834 0.6213907121264204
0.7019002248520834 0.6213907121264204
0.7019002248520834 0.6213907121264204
0.7019002248520834 0.6213907121264204
0.7019002248520834 0.6213907121264204
0.7019002248520834 0.6213907121264204
0.7019002248520834 0.6213907121264204
0.7019002248520834 0.6213907121264204
0.7019002248520834 0.6213907121264204
0.7019002248520834 0.6213907121264204
0.7019002248520834 0.6213907121264204
0.7019002248520834 0.6213907121264204
0.7019002248520834 0.6213907121264204
0.7019002248520834 0.6213907121264204
0.7019002248520834 0.6213907121264204
0.7019002248520834 0.6213907121264204
0.7019002248520834 0.6213907121264204
0.7019002248520834 0.6213907121264204
0.7019002248520834 0.6213907121264204
0.7019002248520834 0.6213907121264204
0.7019002248520834 0.6213907121264204
0.7019002248520834 0.6213907121264204
0.7019002248520834 0.6213907121264204
0.7019002248520834 0.6213907121264204
0.7019002248520834 0.6213907121264204
0.7019002248520834 0.6213907121264204
0.7019002248520834 0.6213907121264204
0.7019002248520834 0.6213907121264204
0.7019002248520834 0.6213907121264204
0.7019002248520834 0.6213907121264204
0.7019002248520834 0.6213907121264204
0.7019002248520834 0.6213907121264204
0.7019002248520834 0.6213907121264204
0.7019002248520834 0.6213907121264204
0.7019002248520834 0.6213907121264204
0.7019002248520834 0.6213907121264204
0.7019002248520834 0.6213907121264204
0.7019002248520834 0.6213907121264204
0.7019002248520834 0.6213907121264204
0.7019002248520834 0.6213907121264204
0.7019002248520834 0.6213907121264204
0.7019002248520834 0.6213907121264204
0.7019002248520834 0.6213907121264204
0.7019002248520834 0.6213907121264204
0.7019002248520834 0.6213907121264204
0.7019002248520834 0.6213907121264204
0.7019002248520834 0.6213907121264204
0.7019002248520834 0.6213907121264204
0.7019002248520834 0.6213907121264204
0.7019002248520834 0.6213907121264204
0.7019002248520834 0.6213907121264204
0.7019002248520834 0.6213907121264204
0.7019002248520834 0.6213907121264204
0.7019002248520834 0.6213907121264204
0.7019002248520834 0.6213907121264204
0.7019002248520834 0.6213907121264204
0.7019002248520834 0.6213907121264204
0.7019002248520834 0.6213907121264204
0.7019002248520834 0.6213907121264204
0.7019002248520834 0.6213907121264204
0.7019002248520834 0.6213907121264204
0.7019002248520834 0.6213907121264204
0.7019002248520834 0.6213907121264204
0.7019002248520834 0.6213907121264204
0.7019002248520834 0.6213907121264204
0.7019002248520834 0.6213907121264204
0.7019002248520834 0.6213907121264204
0.7019002248520834 0.6213907121264204
0.7019002248520834 0.6213907121264204
0.7019002248520834 0.6213907121264204
0.7019002248520834 0.6213907121264204
0.7019002248520834 0.6213907121264204
0.7019002248520834 0.6213907121264204
0.7019002248520834 0.6213907121264204
0.7019002248520834 0.6213907121264204
0.7019002248520834 0.6213907121264204
0.7019002248520834 0.6213907121264204
0.7019002248520834 0.6213907121264204
0.7019002248520834 0.6213907121264204
0.7019002248520834 0.6213907121264204
0.7019002248520834 0.6213907121264204
0.7019002248520834 0.6213907121264204
0.7019002248520834 0.6213907121264204
0.7019002248520834 0.6213907121264204
0.7019002248520834 0.6213907121264204
0.7019002248520834 0.6213907121264204
0.7019002248520834 0.6213907121264204
0.7019002248520834 0.6213907121264204
0.7019002248520834 0.6213907121264204
0.7019002248520834 0.6213907121264204
0.7019002248520834 0.6213907121264204
0.7019002248520834 0.6213907121264204
0.7019002248520834 0.6213907121264204
0.7019002248520834 0.6213907121264204
0.7019002248520834 0.6213907121264204
0.7019002248520834 0.6213907121264204
0.7019002248520834 0.6213907121264204
0.7019002248520834 0.6213907121264204
0.7019002248520834 0.6213907121264204
0.7019002248520834 0.6213907121264204
0.7019002248520834 0.6213907121264204
0.7019002248520834 0.6213907121264204
0.7019002248520834 0.6213907121264204
0.7019002248520834 0.6213907121264204
0.7019002248520834 0.6213907121264204
0.7019002248520834 0.6213907121264204
0.7019002248520834 0.6213907121264204
0.7019002248520834 0.6213907121264204
0.7019002248520834 0.6213907121264204
0.7019002248520834 0.6213907121264204
0.7019002248520834 0.6213907121264204
0.7019002248520834 0.6213907121264204
0.7019002248520834 0.6213907121264204
0.7019002248520834 0.6213907121264204
0.7019002248520834 0.6213907121264204
0.7019002248520834 0.6213907121264204
0.7019002248520834 0.6213907121264204
0.7019002248520834 0.6213907121264204
0.7019002248520834 0.6213907121264204
0.7019002248520834 0.6213907121264204
0.7019002248520834 0.6213907121264204
0.7019002248520834 0.6213907121264204
0.7019002248520834 0.6213907121264204
0.7019002248520834 0.6213907121264204
0.7019002248520834 0.6213907121264204
0.7019002248520834 0.6213907121264204
0.7019002248520834 0.6213907121264204
0.7019002248520834 0.6213907121264204
0.7019002248520834 0.6213907121264204
0.7019002248520834 0.6213907121264204
0.7019002248520834 0.6213907121264204
0.7019002248520834 0.6213907121264204
0.7019002248520834 0.6213907121264204
0.7019002248520834 0.6213907121264204
0.7019002248520834 0.6213907121264204
0.7019002248520834 0.6213907121264204
0.7019002248520834 0.6213907121264204
0.7019002248520834 0.6213907121264204
0.7019002248520834 0.6213907121264204
0.7019002248520834 0.6213907121264204
0.7019002248520834 0.6213907121264204
0.7019002248520834 0.6213907121264204
0.7019002248520834 0.6213907121264204
0.7019002248520834 0.6213907121264204
0.7019002248520834 0.6213907121264204
0.7019002248520834 0.6213907121264204
0.7019002248520834 0.6213907121264204
0.7019002248520834 0.6213907121264204
0.7019002248520834 0.6213907121264204
0.7019002248520834 0.6213907121264204
0.7019002248520834 0.6213907121264204
0.7019002248520834 0.6213907121264204
0.7019002248520834 0.6213907121264204
0.7019002248520834 0.6213907121264204
0.7019002248520834 0.6213907121264204
0.7019002248520834 0.6213907121264204
0.7019002248520834 0.6213907121264204
0.7019002248520834 0.6213907121264204
0.7019002248520834 0.6213907121264204
0.7019002248520834 0.6213907121264204
0.7019002248520834 0.6213907121264204
0.7019002248520834 0.6213907121264204
0.7019002248520834 0.6213907121264204
0.7019002248520834 0.6213907121264204
0.7019002248520834 0.6213907121264204
0.7019002248520834 0.6213907121264204
0.7019002248520834 0.6213907121264204
0.7019002248520834 0.6213907121264204
0.7019002248520834 0.6213907121264204
0.7019002248520834 0.6213907121264204
0.7019002248520834 0.6213907121264204
0.7019002248520834 0.6213907121264204
0.7019002248520834 0.6213907121264204
0.7019002248520834 0.6213907121264204
0.7019002248520834 0.6213907121264204
0.7019002248520834 0.6213907121264204
0.7019002248520834 0.6213907121264204
0.7019002248520834 0.6213907121264204
0.7019002248520834 0.6213907121264204
0.7019002248520834 0.6213907121264204
0.7019002248520834 0.6213907121264204
0.7019002248520834 0.6213907121264204
0.7019002248520834 0.6213907121264204
0.7019002248520834 0.6213907121264204
0.7019002248520834 0.6213907121264204
0.7019002248520834 0.6213907121264204
0.7019002248520834 0.6213907121264204
0.7019002248520834 0.6213907121264204
0.7019002248520834 0.6213907121264204
0.7019002248520834 0.6213907121264204
0.7019002248520834 0.6213907121264204
0.7019002248520834 0.6213907121264204
0.7019002248520834 0.6213907121264204
0.7019002248520834 0.6213907121264204
0.7019002248520834 0.6213907121264204
0.7019002248520834 0.6213907121264204
0.7019002248520834 0.6213907121264204
0.7019002248520834 0.6213907121264204
0.7019002248520834 0.6213907121264204
0.7019002248520834 0.6213907121264204
0.7019002248520834 0.6213907121264204
0.7019002248520834 0.6213907121264204
0.7019002248520834 0.6213907121264204
0.7019002248520834 0.6213907121264204
0.7019002248520834 0.6213907121264204
0.7019002248520834 0.6213907121264204
0.7019002248520834 0.6213907121264204
0.7019002248520834 0.6213907121264204
0.7019002248520834 0.6213907121264204
0.7019002248520834 0.6213907121264204
0.7019002248520834 0.6213907121264204
0.7019002248520834 0.6213907121264204
0.7019002248520834 0.6213907121264204
0.7019002248520834 0.6213907121264204
0.7019002248520834 0.6213907121264204
0.7019002248520834 0.6213907121264204
0.7019002248520834 0.6213907121264204
0.7019002248520834 0.6213907121264204
0.7019002248520834 0.6213907121264204
0.7019002248520834 0.6213907121264204
0.7019002248520834 0.6213907121264204
0.7019002248520834 0.6213907121264204
0.7019002248520834 0.6213907121264204
0.7019002248520834 0.6213907121264204
0.7019002248520834 0.6213907121264204
0.7019002248520834 0.6213907121264204
0.7019002248520834 0.6213907121264204
0.7019002248520834 0.6213907121264204
0.7019002248520834 0.6213907121264204
0.7019002248520834 0.6213907121264204
0.7019002248520834 0.6213907121264204
0.7019002248520834 0.6213907121264204
0.7019002248520834 0.6213907121264204
0.7019002248520834 0.6213907121264204
0.7019002248520834 0.6213907121264204
0.7019002248520834 0.6213907121264204
0.7019002248520834 0.6213907121264204
0.7019002248520834 0.6213907121264204
0.7019002248520834 0.6213907121264204
0.7019002248520834 0.6213907121264204
0.7019002248520834 0.6213907121264204
0.7019002248520834 0.6213907121264204
0.7019002248520834 0.6213907121264204
0.7019002248520834 0.6213907121264204
0.7019002248520834 0.6213907121264204
0.7019002248520834 0.6213907121264204
0.7019002248520834 0.6213907121264204
0.7019002248520834 0.6213907121264204
0.7019002248520834 0.6213907121264204
0.7019002248520834 0.6213907121264204
0.7019002248520834 0.6213907121264204
0.7019002248520834 0.6213907121264204
0.7019002248520834 0.6213907121264204
0.7019002248520834 0.6213907121264204
0.7019002248520834 0.6213907121264204
0.7019002248520834 0.6213907121264204
0.7019002248520834 0.6213907121264204
0.7019002248520834 0.6213907121264204
0.7019002248520834 0.6213907121264204
0.7019002248520834 0.6213907121264204
0.7019002248520834 0.6213907121264204
0.7019002248520834 0.6213907121264204
0.7019002248520834 0.6213907121264204
0.7019002248520834 0.6213907121264204
0.7019002248520834 0.6213907121264204
0.7019002248520834 0.6213907121264204
0.7019002248520834 0.6213907121264204
0.7019002248520834 0.6213907121264204
0.7019002248520834 0.6213907121264204
0.7019002248520834 0.6213907121264204
0.7019002248520834 0.6213907121264204
0.7019002248520834 0.6213907121264204
0.7019002248520834 0.6213907121264204
0.7019002248520834 0.6213907121264204
0.7019002248520834 0.6213907121264204
0.7019002248520834 0.6213907121264204
0.7019002248520834 0.6213907121264204
0.7019002248520834 0.6213907121264204
0.7019002248520834 0.6213907121264204
0.7019002248520834 0.6213907121264204
0.7019002248520834 0.6213907121264204
0.7019002248520834 0.6213907121264204
0.7019002248520834 0.6213907121264204
0.7019002248520834 0.6213907121264204
0.7019002248520834 0.6213907121264204
0.7019002248520834 0.6213907121264204
0.7019002248520834 0.6213907121264204
0.7019002248520834 0.6213907121264204
0.7019002248520834 0.6213907121264204
0.7019002248520834 0.6213907121264204
0.7019002248520834 0.6213907121264204
0.7019002248520834 0.6213907121264204
0.7019002248520834 0.6213907121264204
0.7019002248520834 0.6213907121264204
0.7019002248520834 0.6213907121264204
0.7019002248520834 0.6213907121264204
0.7019002248520834 0.6213907121264204
0.7019002248520834 0.6213907121264204
0.7019002248520834 0.6213907121264204
0.7019002248520834 0.6213907121264204
0.7019002248520834 0.6213907121264204
0.7019002248520834 0.6213907121264204
0.7019002248520834 0.6213907121264204
0.7019002248520834 0.6213907121264204
0.7019002248520834 0.6213907121264204
0.7019002248520834 0.6213907121264204
0.7019002248520834 0.6213907121264204
0.7019002248520834 0.6213907121264204
0.7019002248520834 0.6213907121264204
0.7019002248520834 0.6213907121264204
0.7019002248520834 0.6213907121264204
0.7019002248520834 0.6213907121264204
0.7019002248520834 0.6213907121264204
0.7019002248520834 0.6213907121264204
0.7019002248520834 0.6213907121264204
0.7019002248520834 0.6213907121264204
0.7019002248520834 0.6213907121264204
0.7019002248520834 0.6213907121264204
0.7019002248520834 0.6213907121264204
0.7019002248520834 0.6213907121264204
0.7019002248520834 0.6213907121264204
0.7019002248520834 0.6213907121264204
0.7019002248520834 0.6213907121264204
0.7019002248520834 0.6213907121264204
0.7019002248520834 0.6213907121264204
0.7019002248520834 0.6213907121264204
0.7019002248520834 0.6213907121264204
0.7019002248520834 0.6213907121264204
0.7019002248520834 0.6213907121264204
0.7019002248520834 0.6213907121264204
0.7019002248520834 0.6213907121264204
0.7019002248520834 0.6213907121264204
0.7019002248520834 0.6213907121264204
0.7019002248520834 0.6213907121264204
0.7019002248520834 0.6213907121264204
0.7019002248520834 0.6213907121264204
0.7019002248520834 0.6213907121264204
0.7019002248520834 0.6213907121264204
0.7019002248520834 0.6213907121264204
0.7019002248520834 0.6213907121264204
0.7019002248520834 0.6213907121264204
0.7019002248520834 0.6213907121264204
0.7019002248520834 0.6213907121264204
0.7019002248520834 0.6213907121264204
0.7019002248520834 0.6213907121264204
0.7019002248520834 0.6213907121264204
0.7019002248520834 0.6213907121264204
0.7019002248520834 0.6213907121264204
0.7019002248520834 0.6213907121264204
0.7019002248520834 0.6213907121264204
0.7019002248520834 0.6213907121264204
0.7019002248520834 0.6213907121264204
0.7019002248520834 0.6213907121264204
0.7019002248520834 0.6213907121264204
0.7019002248520834 0.6213907121264204
0.7019002248520834 0.6213907121264204
0.7019002248520834 0.6213907121264204
0.7019002248520834 0.6213907121264204
0.7019002248520834 0.6213907121264204
0.7019002248520834 0.6213907121264204
0.7019002248520834 0.6213907121264204
0.7019002248520834 0.6213907121264204
0.7019002248520834 0.6213907121264204
0.7019002248520834 0.6213907121264204
0.7019002248520834 0.6213907121264204
0.7019002248520834 0.6213907121264204
0.7019002248520834 0.6213907121264204
0.7019002248520834 0.6213907121264204
0.7019002248520834 0.6213907121264204
0.7019002248520834 0.6213907121264204
0.7019002248520834 0.6213907121264204
0.7019002248520834 0.6213907121264204
0.7019002248520834 0.6213907121264204
0.7019002248520834 0.6213907121264204
0.7019002248520834 0.6213907121264204
0.7019002248520834 0.6213907121264204
0.7019002248520834 0.6213907121264204
0.7019002248520834 0.6213907121264204
0.7019002248520834 0.6213907121264204
0.7019002248520834 0.6213907121264204
0.7019002248520834 0.6213907121264204
0.7019002248520834 0.6213907121264204
0.7019002248520834 0.6213907121264204
0.7019002248520834 0.6213907121264204
0.7019002248520834 0.6213907121264204
0.7019002248520834 0.6213907121264204
0.7019002248520834 0.6213907121264204
0.7019002248520834 0.6213907121264204
0.7019002248520834 0.6213907121264204
0.7019002248520834 0.6213907121264204
0.7019002248520834 0.6213907121264204
0.7019002248520834 0.6213907121264204
0.7019002248520834 0.6213907121264204
0.7019002248520834 0.6213907121264204
0.7019002248520834 0.6213907121264204
0.7019002248520834 0.6213907121264204
0.7019002248520834 0.6213907121264204
0.7019002248520834 0.6213907121264204
0.7019002248520834 0.6213907121264204
0.7019002248520834 0.6213907121264204
0.7019002248520834 0.6213907121264204
0.7019002248520834 0.6213907121264204
0.7019002248520834 0.6213907121264204
0.7019002248520834 0.6213907121264204
0.7019002248520834 0.6213907121264204
0.7019002248520834 0.6213907121264204
0.7019002248520834 0.6213907121264204
0.7019002248520834 0.6213907121264204
0.7019002248520834 0.6213907121264204
0.7019002248520834 0.6213907121264204
0.7019002248520834 0.6213907121264204
0.7019002248520834 0.6213907121264204
0.7019002248520834 0.6213907121264204
0.7019002248520834 0.6213907121264204
0.7019002248520834 0.6213907121264204
0.7019002248520834 0.6213907121264204
0.7019002248520834 0.6213907121264204
0.7019002248520834 0.6213907121264204
0.7019002248520834 0.6213907121264204
0.7019002248520834 0.6213907121264204
0.7019002248520834 0.6213907121264204
0.7019002248520834 0.6213907121264204
0.7019002248520834 0.6213907121264204
0.7019002248520834 0.6213907121264204
0.7019002248520834 0.6213907121264204
0.7019002248520834 0.6213907121264204
0.7019002248520834 0.6213907121264204
0.7019002248520834 0.6213907121264204
0.7019002248520834 0.6213907121264204
0.7019002248520834 0.6213907121264204
0.7019002248520834 0.6213907121264204
0.7019002248520834 0.6213907121264204
0.7019002248520834 0.6213907121264204
0.7019002248520834 0.6213907121264204
0.7019002248520834 0.6213907121264204
0.7019002248520834 0.6213907121264204
0.7019002248520834 0.6213907121264204
0.7019002248520834 0.6213907121264204
0.7019002248520834 0.6213907121264204
0.7019002248520834 0.6213907121264204
0.7019002248520834 0.6213907121264204
0.7019002248520834 0.6213907121264204
0.7019002248520834 0.6213907121264204
0.7019002248520834 0.6213907121264204
0.7019002248520834 0.6213907121264204
0.7019002248520834 0.6213907121264204
0.7019002248520834 0.6213907121264204
0.7019002248520834 0.6213907121264204
0.7019002248520834 0.6213907121264204
0.7019002248520834 0.6213907121264204
0.7019002248520834 0.6213907121264204
0.7019002248520834 0.6213907121264204
0.7019002248520834 0.6213907121264204
0.7019002248520834 0.6213907121264204
0.7019002248520834 0.6213907121264204
0.7019002248520834 0.6213907121264204
0.7019002248520834 0.6213907121264204
0.7019002248520834 0.6213907121264204
0.7019002248520834 0.6213907121264204
0.7019002248520834 0.6213907121264204
0.7019002248520834 0.6213907121264204
0.7019002248520834 0.6213907121264204
0.7019002248520834 0.6213907121264204
0.7019002248520834 0.6213907121264204
0.7019002248520834 0.6213907121264204
0.7019002248520834 0.6213907121264204
0.7019002248520834 0.6213907121264204
0.7019002248520834 0.6213907121264204
0.7019002248520834 0.6213907121264204
0.7019002248520834 0.6213907121264204
0.7019002248520834 0.6213907121264204
0.7019002248520834 0.6213907121264204
0.7019002248520834 0.6213907121264204
0.7019002248520834 0.6213907121264204
0.7019002248520834 0.6213907121264204
0.7019002248520834 0.6213907121264204
0.7019002248520834 0.6213907121264204
0.7019002248520834 0.6213907121264204
0.7019002248520834 0.6213907121264204
0.7019002248520834 0.6213907121264204
0.7053753067699993 0.6230890297198867
0.7093518080430625 0.6246002095433881
0.7138862045417658 0.6257513564271322
0.7190009365516963 0.6263037090989542
0.7246487332319443 0.6259765417806956
0.7306968687373124 0.6245142707723143
0.7369645090551472 0.6217607939273087
0.7432941007156071 0.6176770482051113
0.7495945812862121 0.6122919480192156
0.7558353916715679 0.6056429679317312
0.7620237843180097 0.5977466620688472
0.7681849719071846 0.5885899499828241
0.7743521407366933 0.578132059369346
0.7805603230115404 0.5663071939406346
0.7868451724328314 0.5530279712613853
0.7932429404010216 0.5381874780129238
0.799790907074332 0.5216602461087236
0.8065285430403315 0.5033026490867606
0.8134995900508775 0.48295293588235866
0.8207536827641131 0.46043054347950757
0.8283496465201305 0.4355355397131886
0.8363594694232842 0.4080478325479815
0.8448745303021502 0.3777266636959651
0.8540152575288823 0.34431071526381907
0.8542781039040572 0.3433410040391041
0.864357111505681 0.30599744400588663
0.8735439228048241 0.27205526830096294
0.8820258001029911 0.24123432486685956
0.8899357511754513 0.21327090299316262
0.8973720978183054 0.18792038720445672
0.9044099765350361 0.1649577659948794
0.9111084187260529 0.14417715745244505
0.9175151748888768 0.12539099213726315
0.923669750746399 0.10842895904175207
0.9296057269364135 0.09313702135262543
0.9353519756771977 0.07937631745436954
0.940934182675821 0.06702246250685231
0.9463754303087328 0.05596477573843612
0.9516963923503974 0.04610558435330342
0.9569160017594527 0.037360094296516926
0.962050411050599 0.02965565833883903
0.9671134964075698 0.02293235615580878
0.9721137755317193 0.017141495453861642
0.9770529307435122 0.012245058052444928
0.9819221364003781 0.008212818831454916
0.986698174221774 0.005016870351668017
0.9913409491804295 0.0026226836911674265
0.9957950646177194 0.0009766279485384627
1.0 0.0
