# CURVE 2D, normalized by CHORD
# COLUMN#1 = X-coordinate, COLUMN#2 = Y-coordinate
#-------------------------------------------------------------------------------
0.0 0.0
0.010734739996937213 0.007606594751159164
0.021481212744312927 0.015287471102839241
0.03223153702336395 0.023053533471066583
0.04297388748730278 0.03092073145984981
0.05368912798892707 0.03891417129929871
0.06434255211669904 0.04707790399947383
0.06443190571976862 0.04714763020175897
0.07103163979863565 0.05237806124841552
0.07751696130475463 0.05773692726247069
0.08378773989588119 0.06333211688822667
0.08926424946651117 0.0696564760828584
0.1502235860671088 0.19175845726406893
0.14541055800783917 0.18211792811316907
0.14067260200044127 0.17262776881168101
0.13600854709537916 0.16328563393942513
0.1314172406072083 0.1540892146593257
0.12689754782969823 0.14503623814679953
0.12244835175539849 0.13612446702804465
0.11806855279957881 0.12735169882709058
0.11375706852847525 0.11871576542147325
0.1095128333917749 0.11021453250640018
0.1053347984592733 0.10184589906727332
0.10122193116163938 0.09360779686043944
0.09717321503522389 0.08549818990203953
0.09318764947084815 0.07751507396483105
0.08926424946651117 0.0696564760828584
0.1502235860671088 0.19175845726406893
0.15503661412637845 0.20139898641496878
0.15977457013377636 0.21088914571645684
0.16443862503883847 0.22023128058871272
0.16902993152700932 0.22942769986881215
0.1735496243045194 0.23848067638133832
0.17799882037881914 0.2473924475000932
0.1823786193346388 0.2561652157010473
0.18669010360574237 0.2648011491066646
0.19093433874244273 0.2733023820217377
0.19511237367494433 0.28167101546086454
0.19922524097257827 0.2899091176676984
0.20327395709899376 0.2980187246260983
0.2072595226633695 0.3060018405633068
0.21118292266770647 0.31386043844527944
0.21118292266770647 0.31386043844527944
0.21559810380777242 0.3221510912061176
0.22140806189664153 0.32941804665229285
0.22758241455473574 0.32358683533155336
0.2276068243816143 0.32354298694104466
0.23326820167878784 0.3160730587433059
0.24190689607051977 0.31279919133366224
0.25111750798956745 0.3143964385330841
0.2596432742154377 0.31830244968406524
0.458408732049439 0.4286570312928105
0.43886825845602057 0.417808160410832
0.4196361062588199 0.40713046956713284
0.40070741057659903 0.39662125777966384
0.3820773832891548 0.38627786668410236
0.3637413118261371 0.3760976798614037
0.34569455797497767 0.36607812217596347
0.32793255670762766 0.3562166591242223
0.3104508150258086 0.3465107961935492
0.29324491082448295 0.33695807823124013
0.2763104917732576 0.32755608882347365
0.2596432742154377 0.31830244968406524
0.458408732049439 0.4286570312928105
0.47794920564285737 0.439505902174789
0.49718135784005807 0.4501835930184882
0.5161100535222789 0.46069280480595715
0.5347400808097231 0.4710361959015187
0.5530761522727408 0.4812163827242173
0.5711229061239003 0.49123594040965757
0.5888849073912503 0.5010974034613986
0.6063666490730694 0.5108032663920719
0.623572553274395 0.5203559843543808
0.6405069723256203 0.5297579737621473
0.6571741898834402 0.5390116129015557
0.6571741898834402 0.5390116129015557
0.6763226528061711 0.5419390747146366
0.694340631796031 0.5336676685304458
0.709602367103602 0.5205815224146807
0.7230872499543946 0.505416890091813
0.7354481902525087 0.48910168107253993
0.7470534309031742 0.47202966153825526
0.7581255762601603 0.4544007295880758
0.7688098412142917 0.43632973243506395
0.779207479998517 0.4178889180395688
0.7893926175001921 0.3991267127670456
0.7994223530509533 0.38007753883047213
0.8093422715974508 0.3607669094917758
0.8191904165828342 0.3412146792637274
0.8195587142770473 0.3404771034632304
0.8310523370756282 0.3172661086815992
0.8423195807685984 0.2942213975941337
0.8534066361583657 0.27136340230777883
0.8643537867365033 0.24870920218160994
0.8751976336423212 0.2262739090689699
0.8859728091982351 0.20407171656055215
0.896713482803538 0.18211682033859816
0.9074548308838594 0.16042433889883687
0.9182346404685493 0.13901136634369457
0.9290953849939033 0.11789839676923598
0.9400866660829174 0.09711118327668303
0.9512693653034964 0.07668394955801526
0.9627213379229357 0.056664347334600865
0.9745475663483724 0.0371228002915387
0.9868976781844726 0.018170602387511087
1.0 0.0
