# CURVE 2D, normalized by CHORD
# COLUMN#1 = X-coordinate, COLUMN#2 = Y-coordinate
#-------------------------------------------------------------------------------
0.0 0.0
0.0006115815247066134 0.00013782684624642273
0.00128419215030574 0.0002900078646030588
0.002023902756673844 0.0004581173212436499
0.002837387259826466 0.0006439031052965766
0.0037319754133985587 0.0008493363574494415
0.004715719479692093 0.0010766278641126331
0.005797460433362467 0.0013282767755667957
0.0069869051022534625 0.0016071046706272487
0.008294705942225014 0.0019163139815360456
0.009732547337926362 0.002259556698120358
0.011313238622487074 0.0026410155820108436
0.013050813888086182 0.003065500652849653
0.014960631862980182 0.0035385909079152724
0.01705948255246881 0.004066794749360198
0.01936569038107853 0.004657770800367383
0.02189920638635408 0.005320633632956582
0.024681679540006253 0.006066371020305063
0.0277364889531516 0.006908418578540891
0.031088683706227395 0.007863539111889414
0.03476476791403416 0.008953125219291563
0.03879214540282313 0.010205348596785471
0.043197890502734995 0.011658757164541973
0.04800592726092123 0.013368977957623599
0.0532301136623817 0.015422414194554776
0.05330189150662186 0.01545239795146744
0.05556362731338182 0.016427064487959955
0.05759866432624913 0.017360519555698777
0.059426952129703746 0.018254986437405335
0.061066574527062205 0.019112501808481494
0.06253391553989082 0.019934924779849462
0.06384381975682205 0.02072392781344564
0.06500973957602613 0.021480990367128767
0.066043874388663 0.022207389680129527
0.06695730604905854 0.022904187092828505
0.06776013194938607 0.02357221393792749
0.06846159797463731 0.024212059482446178
0.06907023214081227 0.024824065212042855
0.06959396610202083 0.025408340714136345
0.07004027465056671 0.02596477369377977
0.0704163158285547 0.026493060328135375
0.07072894013253064 0.02699283536406113
0.07098490239812777 0.02746366187245363
0.07119069835993018 0.027905247610395183
0.07135273586327072 0.02831743929572152
0.07147707531508771 0.028700396593828056
0.07156952373057514 0.02905456723304634
0.07163537313312081 0.029380752885489483
0.07167946790913332 0.02968004083348186
0.0717060663959253 0.029953773155750704
0.08161722252729667 0.1655931269596851
0.07909189531668273 0.13103270369009712
0.07714933592390277 0.10444776271349096
0.0756550594679182 0.08399780811610162
0.07450561604023775 0.06826707381041751
0.07362142878817587 0.05616650895989127
0.07294128474812828 0.046858382151794165
0.07241809702501474 0.03969828460710406
0.07201564493031201 0.034190517265034776
0.0717060663959253 0.029953773155750707
0.08161722252729667 0.1655931269596851
0.0841425497379106 0.20015355022927306
0.08608510913069056 0.22673849120587922
0.08757938558667513 0.24718844580326854
0.08872882901435558 0.26291918010895265
0.08961301626641746 0.2750197449594789
0.09029316030646506 0.284327871767576
0.0908163480295786 0.2914879693122661
0.09121880012428132 0.29699573665433543
0.09152837865866803 0.30123248076361947
0.09152837865866803 0.30123248076361947
0.09164754385453235 0.3028508212560982
0.0917807533394532 0.30463083781125755
0.09192999407763278 0.3065886512658479
0.0920975829019905 0.3087419822489169
0.09228627640859687 0.3111103039918091
0.09249938134333066 0.3137150102677647
0.09274089365356328 0.31657959747135705
0.09301569706036418 0.31972985910502616
0.09332973937335332 0.3231941005201945
0.09369045650345188 0.3270033500624335
0.09410713109164416 0.33119159249489083
0.09459152978212162 0.3357959901852199
0.09515862781723627 0.34085710254415197
0.09582783000596655 0.34641904617854086
0.09662444996902793 0.3525295914268909
0.09758190827850192 0.35924009210576974
0.09874490307098592 0.366605113342651
0.1001738270809466 0.37468153578371116
0.10195139088028522 0.3835266348949201
0.10419203156186652 0.3931943463152017
0.10705607688278511 0.4037279608086465
0.11076908896161725 0.4151464379082023
0.11564830937658081 0.4274185206046391
0.12213036181984424 0.44041667424375464
0.12224919240298388 0.4406277205157032
0.12936010592657102 0.45187605024416
0.13683995265344087 0.4613842753789428
0.14447478007460257 0.4693008782664773
0.15206306630211466 0.4758124196366062
0.15944083299198605 0.4811237457877537
0.16649114756911837 0.48543660383368775
0.17314148475209123 0.48893397993951215
0.1793548110392858 0.491772709747323
0.18511949430817745 0.4940826564504626
0.19044093410778506 0.49596880411084754
0.1953351147120699 0.49751509327760185
0.19982418083867673 0.4987881533030725
0.20393342288696195 0.49984083345136293
0.20768934958368435 0.5007150572579134
0.21111844912010508 0.5014442173369426
0.21424646185103388 0.5020549192567307
0.2170979372183749 0.5025684270236193
0.21969596685095616 0.5030019620087736
0.2220621117607839 0.5033694106328875
0.2242163835134604 0.5036819565195987
0.22617724601064335 0.5039487884391756
0.22796169579566297 0.5041773849165607
0.22958533666502187 0.5043738551131277
0.23106244955182492 0.5045433439572384
0.23106244955182492 0.5045433439572384
0.250938740366329 0.5067643940371018
0.2708150311808331 0.5089854441169652
0.29069132199533726 0.5112064941968286
0.3105676128098411 0.513427544276692
0.33044390362434484 0.5156485943565554
0.35032019443884865 0.5178696444364187
0.37019648525335297 0.5200906945162821
0.39007277606785745 0.5223117445961455
0.40994906688236193 0.524532794676009
0.42982535769686636 0.5267538447558724
0.44970164851137084 0.5289748948357359
0.4695779393258753 0.5311959449155993
0.4894542301403791 0.5334169949954627
0.5093305209548822 0.535638045075326
0.5292068117693853 0.5378590951551893
0.5490831025838885 0.5400801452350524
0.5689593933983915 0.5423011953149158
0.5888356842128948 0.5445222453947791
0.6046419952515366 0.5462885009161113
0.6046419952515366 0.5462885009161113
0.6046419952515366 0.5462885009161113
0.6046419952515366 0.5462885009161113
0.6046419952515366 0.5462885009161113
0.6046419952515366 0.5462885009161113
0.6046419952515366 0.5462885009161113
0.6046419952515366 0.5462885009161113
0.6046419952515366 0.5462885009161113
0.6046419952515366 0.5462885009161113
0.6046419952515366 0.5462885009161113
0.6046419952515366 0.5462885009161113
0.6046419952515366 0.5462885009161113
0.6046419952515366 0.5462885009161113
0.6046419952515366 0.5462885009161113
0.6046419952515366 0.5462885009161113
0.6046419952515366 0.5462885009161113
0.6046419952515366 0.5462885009161113
0.6046419952515366 0.5462885009161113
0.6046419952515366 0.5462885009161113
0.6046419952515366 0.5462885009161113
0.6046419952515366 0.5462885009161113
0.6046419952515366 0.5462885009161113
0.6046419952515366 0.5462885009161113
0.6046419952515366 0.5462885009161113
0.6046419952515366 0.5462885009161113
0.6046419952515366 0.5462885009161113
0.6046419952515366 0.5462885009161113
0.6046419952515366 0.5462885009161113
0.6046419952515366 0.5462885009161113
0.6046419952515366 0.5462885009161113
0.6046419952515366 0.5462885009161113
0.6046419952515366 0.5462885009161113
0.6046419952515366 0.5462885009161113
0.6046419952515366 0.5462885009161113
0.6046419952515366 0.5462885009161113
0.6046419952515366 0.5462885009161113
0.6046419952515366 0.5462885009161113
0.6046419952515366 0.5462885009161113
0.6046419952515366 0.5462885009161113
0.6046419952515366 0.5462885009161113
0.6046419952515366 0.5462885009161113
0.6046419952515366 0.5462885009161113
0.6046419952515366 0.5462885009161113
0.6046419952515366 0.5462885009161113
0.6046419952515366 0.5462885009161113
0.6046419952515366 0.5462885009161113
0.6046419952515366 0.5462885009161113
0.6046419952515366 0.5462885009161113
0.6046419952515366 0.5462885009161113
0.6046419952515366 0.5462885009161113
0.6046419952515366 0.5462885009161113
0.6046419952515366 0.5462885009161113
0.6046419952515366 0.5462885009161113
0.6046419952515366 0.5462885009161113
0.6046419952515366 0.5462885009161113
0.6046419952515366 0.5462885009161113
0.6046419952515366 0.5462885009161113
0.6046419952515366 0.5462885009161113
0.6046419952515366 0.5462885009161113
0.6046419952515366 0.5462885009161113
0.6046419952515366 0.5462885009161113
0.6046419952515366 0.5462885009161113
0.6046419952515366 0.5462885009161113
0.6046419952515366 0.5462885009161113
0.6046419952515366 0.5462885009161113
0.6046419952515366 0.5462885009161113
0.6046419952515366 0.5462885009161113
0.6046419952515366 0.5462885009161113
0.6046419952515366 0.5462885009161113
0.6046419952515366 0.5462885009161113
0.6046419952515366 0.5462885009161113
0.6046419952515366 0.5462885009161113
0.6046419952515366 0.5462885009161113
0.6046419952515366 0.5462885009161113
0.6046419952515366 0.5462885009161113
0.6046419952515366 0.5462885009161113
0.6046419952515366 0.5462885009161113
0.6046419952515366 0.5462885009161113
0.6046419952515366 0.5462885009161113
0.6046419952515366 0.5462885009161113
0.6046419952515366 0.5462885009161113
0.6046419952515366 0.5462885009161113
0.6046419952515366 0.5462885009161113
0.6046419952515366 0.5462885009161113
0.6046419952515366 0.5462885009161113
0.6046419952515366 0.5462885009161113
0.6046419952515366 0.5462885009161113
0.6046419952515366 0.5462885009161113
0.6046419952515366 0.5462885009161113
0.6046419952515366 0.5462885009161113
0.6046419952515366 0.5462885009161113
0.6046419952515366 0.5462885009161113
0.6046419952515366 0.5462885009161113
0.6046419952515366 0.5462885009161113
0.6046419952515366 0.5462885009161113
0.6046419952515366 0.5462885009161113
0.6046419952515366 0.5462885009161113
0.6046419952515366 0.5462885009161113
0.6046419952515366 0.5462885009161113
0.6046419952515366 0.5462885009161113
0.6046419952515366 0.5462885009161113
0.6046419952515366 0.5462885009161113
0.6046419952515366 0.5462885009161113
0.6046419952515366 0.5462885009161113
0.6046419952515366 0.5462885009161113
0.6046419952515366 0.5462885009161113
0.6046419952515366 0.5462885009161113
0.6046419952515366 0.5462885009161113
0.6046419952515366 0.5462885009161113
0.6046419952515366 0.5462885009161113
0.6046419952515366 0.5462885009161113
0.6046419952515366 0.5462885009161113
0.6046419952515366 0.5462885009161113
0.6046419952515366 0.5462885009161113
0.6046419952515366 0.5462885009161113
0.6046419952515366 0.5462885009161113
0.6046419952515366 0.5462885009161113
0.6046419952515366 0.5462885009161113
0.6046419952515366 0.5462885009161113
0.6046419952515366 0.5462885009161113
0.6046419952515366 0.5462885009161113
0.6046419952515366 0.5462885009161113
0.6046419952515366 0.5462885009161113
0.6046419952515366 0.5462885009161113
0.6046419952515366 0.5462885009161113
0.6046419952515366 0.5462885009161113
0.6046419952515366 0.5462885009161113
0.6046419952515366 0.5462885009161113
0.6046419952515366 0.5462885009161113
0.6046419952515366 0.5462885009161113
0.6046419952515366 0.5462885009161113
0.6046419952515366 0.5462885009161113
0.6046419952515366 0.5462885009161113
0.6046419952515366 0.5462885009161113
0.6046419952515366 0.5462885009161113
0.6046419952515366 0.5462885009161113
0.6046419952515366 0.5462885009161113
0.6046419952515366 0.5462885009161113
0.6046419952515366 0.5462885009161113
0.6046419952515366 0.5462885009161113
0.6046419952515366 0.5462885009161113
0.6046419952515366 0.5462885009161113
0.6046419952515366 0.5462885009161113
0.6046419952515366 0.5462885009161113
0.6046419952515366 0.5462885009161113
0.6046419952515366 0.5462885009161113
0.6046419952515366 0.5462885009161113
0.6046419952515366 0.5462885009161113
0.6046419952515366 0.5462885009161113
0.6046419952515366 0.5462885009161113
0.6046419952515366 0.5462885009161113
0.6046419952515366 0.5462885009161113
0.6046419952515366 0.5462885009161113
0.6046419952515366 0.5462885009161113
0.6046419952515366 0.5462885009161113
0.6046419952515366 0.5462885009161113
0.6046419952515366 0.5462885009161113
0.6046419952515366 0.5462885009161113
0.6046419952515366 0.5462885009161113
0.6046419952515366 0.5462885009161113
0.6046419952515366 0.5462885009161113
0.6046419952515366 0.5462885009161113
0.6046419952515366 0.5462885009161113
0.6046419952515366 0.5462885009161113
0.6046419952515366 0.5462885009161113
0.6046419952515366 0.5462885009161113
0.6046419952515366 0.5462885009161113
0.6046419952515366 0.5462885009161113
0.6046419952515366 0.5462885009161113
0.6046419952515366 0.5462885009161113
0.6046419952515366 0.5462885009161113
0.6046419952515366 0.5462885009161113
0.6046419952515366 0.5462885009161113
0.6046419952515366 0.5462885009161113
0.6046419952515366 0.5462885009161113
0.6046419952515366 0.5462885009161113
0.6046419952515366 0.5462885009161113
0.6046419952515366 0.5462885009161113
0.6046419952515366 0.5462885009161113
0.6046419952515366 0.5462885009161113
0.6046419952515366 0.5462885009161113
0.6046419952515366 0.5462885009161113
0.6046419952515366 0.5462885009161113
0.6046419952515366 0.5462885009161113
0.6046419952515366 0.5462885009161113
0.6046419952515366 0.5462885009161113
0.6046419952515366 0.5462885009161113
0.6046419952515366 0.5462885009161113
0.6046419952515366 0.5462885009161113
0.6046419952515366 0.5462885009161113
0.6046419952515366 0.5462885009161113
0.6046419952515366 0.5462885009161113
0.6046419952515366 0.5462885009161113
0.6046419952515366 0.5462885009161113
0.6046419952515366 0.5462885009161113
0.6046419952515366 0.5462885009161113
0.6046419952515366 0.5462885009161113
0.6046419952515366 0.5462885009161113
0.6046419952515366 0.5462885009161113
0.6046419952515366 0.5462885009161113
0.6046419952515366 0.5462885009161113
0.6046419952515366 0.5462885009161113
0.6046419952515366 0.5462885009161113
0.6046419952515366 0.5462885009161113
0.6046419952515366 0.5462885009161113
0.6046419952515366 0.5462885009161113
0.6046419952515366 0.5462885009161113
0.6046419952515366 0.5462885009161113
0.6046419952515366 0.5462885009161113
0.6046419952515366 0.5462885009161113
0.6046419952515366 0.5462885009161113
0.6046419952515366 0.5462885009161113
0.6046419952515366 0.5462885009161113
0.6046419952515366 0.5462885009161113
0.6046419952515366 0.5462885009161113
0.6046419952515366 0.5462885009161113
0.6046419952515366 0.5462885009161113
0.6046419952515366 0.5462885009161113
0.6046419952515366 0.5462885009161113
0.6046419952515366 0.5462885009161113
0.6046419952515366 0.5462885009161113
0.6046419952515366 0.5462885009161113
0.6046419952515366 0.5462885009161113
0.6046419952515366 0.5462885009161113
0.6046419952515366 0.5462885009161113
0.6046419952515366 0.5462885009161113
0.6046419952515366 0.5462885009161113
0.6046419952515366 0.5462885009161113
0.6046419952515366 0.5462885009161113
0.6046419952515366 0.5462885009161113
0.6046419952515366 0.5462885009161113
0.6046419952515366 0.5462885009161113
0.6046419952515366 0.5462885009161113
0.6046419952515366 0.5462885009161113
0.6046419952515366 0.5462885009161113
0.6046419952515366 0.5462885009161113
0.6046419952515366 0.5462885009161113
0.6046419952515366 0.5462885009161113
0.6046419952515366 0.5462885009161113
0.6046419952515366 0.5462885009161113
0.6046419952515366 0.5462885009161113
0.6046419952515366 0.5462885009161113
0.6046419952515366 0.5462885009161113
0.6046419952515366 0.5462885009161113
0.6046419952515366 0.5462885009161113
0.6046419952515366 0.5462885009161113
0.6046419952515366 0.5462885009161113
0.6046419952515366 0.5462885009161113
0.6046419952515366 0.5462885009161113
0.6046419952515366 0.5462885009161113
0.6046419952515366 0.5462885009161113
0.6046419952515366 0.5462885009161113
0.6046419952515366 0.5462885009161113
0.6046419952515366 0.5462885009161113
0.6046419952515366 0.5462885009161113
0.6046419952515366 0.5462885009161113
0.6046419952515366 0.5462885009161113
0.6046419952515366 0.5462885009161113
0.6046419952515366 0.5462885009161113
0.6046419952515366 0.5462885009161113
0.6046419952515366 0.5462885009161113
0.6046419952515366 0.5462885009161113
0.6046419952515366 0.5462885009161113
0.6046419952515366 0.5462885009161113
0.6046419952515366 0.5462885009161113
0.6046419952515366 0.5462885009161113
0.6046419952515366 0.5462885009161113
0.6046419952515366 0.5462885009161113
0.6046419952515366 0.5462885009161113
0.6046419952515366 0.5462885009161113
0.6046419952515366 0.5462885009161113
0.6046419952515366 0.5462885009161113
0.6046419952515366 0.5462885009161113
0.6046419952515366 0.5462885009161113
0.6046419952515366 0.5462885009161113
0.6046419952515366 0.5462885009161113
0.6046419952515366 0.5462885009161113
0.6046419952515366 0.5462885009161113
0.6046419952515366 0.5462885009161113
0.6046419952515366 0.5462885009161113
0.6046419952515366 0.5462885009161113
0.6046419952515366 0.5462885009161113
0.6046419952515366 0.5462885009161113
0.6046419952515366 0.5462885009161113
0.6046419952515366 0.5462885009161113
0.6046419952515366 0.5462885009161113
0.6046419952515366 0.5462885009161113
0.6046419952515366 0.5462885009161113
0.6046419952515366 0.5462885009161113
0.6046419952515366 0.5462885009161113
0.6046419952515366 0.5462885009161113
0.6046419952515366 0.5462885009161113
0.6046419952515366 0.5462885009161113
0.6046419952515366 0.5462885009161113
0.6046419952515366 0.5462885009161113
0.6046419952515366 0.5462885009161113
0.6046419952515366 0.5462885009161113
0.6046419952515366 0.5462885009161113
0.6046419952515366 0.5462885009161113
0.6046419952515366 0.5462885009161113
0.6046419952515366 0.5462885009161113
0.6046419952515366 0.5462885009161113
0.6046419952515366 0.5462885009161113
0.6046419952515366 0.5462885009161113
0.6046419952515366 0.5462885009161113
0.6046419952515366 0.5462885009161113
0.6046419952515366 0.5462885009161113
0.6046419952515366 0.5462885009161113
0.6046419952515366 0.5462885009161113
0.6046419952515366 0.5462885009161113
0.6046419952515366 0.5462885009161113
0.6046419952515366 0.5462885009161113
0.6046419952515366 0.5462885009161113
0.6046419952515366 0.5462885009161113
0.6046419952515366 0.5462885009161113
0.6046419952515366 0.5462885009161113
0.6046419952515366 0.5462885009161113
0.6046419952515366 0.5462885009161113
0.6046419952515366 0.5462885009161113
0.6046419952515366 0.5462885009161113
0.6046419952515366 0.5462885009161113
0.6046419952515366 0.5462885009161113
0.6046419952515366 0.5462885009161113
0.6046419952515366 0.5462885009161113
0.6046419952515366 0.5462885009161113
0.6046419952515366 0.5462885009161113
0.6046419952515366 0.5462885009161113
0.6046419952515366 0.5462885009161113
0.6046419952515366 0.5462885009161113
0.6046419952515366 0.5462885009161113
0.6046419952515366 0.5462885009161113
0.6046419952515366 0.5462885009161113
0.6046419952515366 0.5462885009161113
0.6046419952515366 0.5462885009161113
0.6046419952515366 0.5462885009161113
0.6046419952515366 0.5462885009161113
0.6046419952515366 0.5462885009161113
0.6046419952515366 0.5462885009161113
0.6046419952515366 0.5462885009161113
0.6046419952515366 0.5462885009161113
0.6046419952515366 0.5462885009161113
0.6046419952515366 0.5462885009161113
0.6046419952515366 0.5462885009161113
0.6046419952515366 0.5462885009161113
0.6046419952515366 0.5462885009161113
0.6046419952515366 0.5462885009161113
0.6046419952515366 0.5462885009161113
0.6046419952515366 0.5462885009161113
0.6046419952515366 0.5462885009161113
0.6046419952515366 0.5462885009161113
0.6046419952515366 0.5462885009161113
0.6046419952515366 0.5462885009161113
0.6046419952515366 0.5462885009161113
0.6046419952515366 0.5462885009161113
0.6046419952515366 0.5462885009161113
0.6046419952515366 0.5462885009161113
0.6046419952515366 0.5462885009161113
0.6046419952515366 0.5462885009161113
0.6046419952515366 0.5462885009161113
0.6046419952515366 0.5462885009161113
0.6046419952515366 0.5462885009161113
0.6046419952515366 0.5462885009161113
0.6046419952515366 0.5462885009161113
0.6046419952515366 0.5462885009161113
0.6046419952515366 0.5462885009161113
0.6046419952515366 0.5462885009161113
0.6046419952515366 0.5462885009161113
0.6046419952515366 0.5462885009161113
0.6046419952515366 0.5462885009161113
0.6046419952515366 0.5462885009161113
0.6046419952515366 0.5462885009161113
0.6046419952515366 0.5462885009161113
0.6046419952515366 0.5462885009161113
0.6046419952515366 0.5462885009161113
0.6046419952515366 0.5462885009161113
0.6046419952515366 0.5462885009161113
0.6046419952515366 0.5462885009161113
0.6046419952515366 0.5462885009161113
0.6046419952515366 0.5462885009161113
0.6046419952515366 0.5462885009161113
0.6046419952515366 0.5462885009161113
0.6046419952515366 0.5462885009161113
0.6046419952515366 0.5462885009161113
0.6046419952515366 0.5462885009161113
0.6046419952515366 0.5462885009161113
0.6046419952515366 0.5462885009161113
0.6046419952515366 0.5462885009161113
0.6046419952515366 0.5462885009161113
0.6046419952515366 0.5462885009161113
0.6046419952515366 0.5462885009161113
0.6046419952515366 0.5462885009161113
0.6046419952515366 0.5462885009161113
0.6046419952515366 0.5462885009161113
0.6046419952515366 0.5462885009161113
0.6046419952515366 0.5462885009161113
0.6046419952515366 0.5462885009161113
0.6046419952515366 0.5462885009161113
0.6046419952515366 0.5462885009161113
0.6046419952515366 0.5462885009161113
0.6046419952515366 0.5462885009161113
0.6046419952515366 0.5462885009161113
0.6046419952515366 0.5462885009161113
0.6046419952515366 0.5462885009161113
0.6046419952515366 0.5462885009161113
0.6046419952515366 0.5462885009161113
0.6046419952515366 0.5462885009161113
0.6046419952515366 0.5462885009161113
0.6046419952515366 0.5462885009161113
0.6046419952515366 0.5462885009161113
0.6046419952515366 0.5462885009161113
0.6046419952515366 0.5462885009161113
0.6046419952515366 0.5462885009161113
0.6046419952515366 0.5462885009161113
0.6046419952515366 0.5462885009161113
0.6046419952515366 0.5462885009161113
0.6046419952515366 0.5462885009161113
0.6046419952515366 0.5462885009161113
0.6046419952515366 0.5462885009161113
0.6046419952515366 0.5462885009161113
0.6046419952515366 0.5462885009161113
0.6046419952515366 0.5462885009161113
0.6046419952515366 0.5462885009161113
0.6046419952515366 0.5462885009161113
0.6046419952515366 0.5462885009161113
0.6046419952515366 0.5462885009161113
0.6046419952515366 0.5462885009161113
0.6046419952515366 0.5462885009161113
0.6046419952515366 0.5462885009161113
0.6046419952515366 0.5462885009161113
0.6046419952515366 0.5462885009161113
0.6046419952515366 0.5462885009161113
0.6046419952515366 0.5462885009161113
0.6046419952515366 0.5462885009161113
0.6046419952515366 0.5462885009161113
0.6046419952515366 0.5462885009161113
0.6046419952515366 0.5462885009161113
0.6046419952515366 0.5462885009161113
0.6046419952515366 0.5462885009161113
0.6046419952515366 0.5462885009161113
0.6046419952515366 0.5462885009161113
0.6046419952515366 0.5462885009161113
0.6046419952515366 0.5462885009161113
0.6046419952515366 0.5462885009161113
0.6046419952515366 0.5462885009161113
0.6046419952515366 0.5462885009161113
0.6046419952515366 0.5462885009161113
0.6046419952515366 0.5462885009161113
0.6046419952515366 0.5462885009161113
0.6046419952515366 0.5462885009161113
0.6046419952515366 0.5462885009161113
0.6046419952515366 0.5462885009161113
0.6046419952515366 0.5462885009161113
0.6046419952515366 0.5462885009161113
0.6046419952515366 0.5462885009161113
0.6046419952515366 0.5462885009161113
0.6046419952515366 0.5462885009161113
0.6046419952515366 0.5462885009161113
0.6046419952515366 0.5462885009161113
0.6046419952515366 0.5462885009161113
0.6046419952515366 0.5462885009161113
0.6046419952515366 0.5462885009161113
0.6046419952515366 0.5462885009161113
0.6046419952515366 0.5462885009161113
0.6046419952515366 0.5462885009161113
0.6046419952515366 0.5462885009161113
0.6046419952515366 0.5462885009161113
0.6046419952515366 0.5462885009161113
0.6046419952515366 0.5462885009161113
0.6046419952515366 0.5462885009161113
0.6046419952515366 0.5462885009161113
0.6046419952515366 0.5462885009161113
0.6046419952515366 0.5462885009161113
0.6046419952515366 0.5462885009161113
0.6046419952515366 0.5462885009161113
0.6046419952515366 0.5462885009161113
0.6046419952515366 0.5462885009161113
0.6046419952515366 0.5462885009161113
0.6046419952515366 0.5462885009161113
0.6046419952515366 0.5462885009161113
0.6046419952515366 0.5462885009161113
0.6046419952515366 0.5462885009161113
0.6046419952515366 0.5462885009161113
0.6046419952515366 0.5462885009161113
0.6046419952515366 0.5462885009161113
0.6046419952515366 0.5462885009161113
0.6046419952515366 0.5462885009161113
0.6046419952515366 0.5462885009161113
0.6046419952515366 0.5462885009161113
0.6046419952515366 0.5462885009161113
0.6046419952515366 0.5462885009161113
0.6046419952515366 0.5462885009161113
0.6046419952515366 0.5462885009161113
0.6046419952515366 0.5462885009161113
0.6046419952515366 0.5462885009161113
0.6046419952515366 0.5462885009161113
0.6046419952515366 0.5462885009161113
0.6046419952515366 0.5462885009161113
0.6046419952515366 0.5462885009161113
0.6046419952515366 0.5462885009161113
0.6046419952515366 0.5462885009161113
0.6046419952515366 0.5462885009161113
0.6046419952515366 0.5462885009161113
0.6046419952515366 0.5462885009161113
0.6046419952515366 0.5462885009161113
0.6046419952515366 0.5462885009161113
0.6046419952515366 0.5462885009161113
0.6046419952515366 0.5462885009161113
0.6046419952515366 0.5462885009161113
0.6046419952515366 0.5462885009161113
0.6046419952515366 0.5462885009161113
0.6046419952515366 0.5462885009161113
0.6046419952515366 0.5462885009161113
0.6046419952515366 0.5462885009161113
0.6046419952515366 0.5462885009161113
0.6046419952515366 0.5462885009161113
0.6046419952515366 0.5462885009161113
0.6046419952515366 0.5462885009161113
0.6046419952515366 0.5462885009161113
0.6046419952515366 0.5462885009161113
0.6046419952515366 0.5462885009161113
0.6046419952515366 0.5462885009161113
0.6046419952515366 0.5462885009161113
0.6046419952515366 0.5462885009161113
0.6046419952515366 0.5462885009161113
0.6046419952515366 0.5462885009161113
0.6046419952515366 0.5462885009161113
0.6046419952515366 0.5462885009161113
0.6046419952515366 0.5462885009161113
0.6046419952515366 0.5462885009161113
0.6046419952515366 0.5462885009161113
0.6046419952515366 0.5462885009161113
0.6046419952515366 0.5462885009161113
0.6046419952515366 0.5462885009161113
0.6046419952515366 0.5462885009161113
0.6046419952515366 0.5462885009161113
0.6046419952515366 0.5462885009161113
0.6046419952515366 0.5462885009161113
0.6046419952515366 0.5462885009161113
0.6046419952515366 0.5462885009161113
0.6046419952515366 0.5462885009161113
0.6046419952515366 0.5462885009161113
0.6046419952515366 0.5462885009161113
0.6046419952515366 0.5462885009161113
0.6046419952515366 0.5462885009161113
0.6046419952515366 0.5462885009161113
0.6046419952515366 0.5462885009161113
0.6046419952515366 0.5462885009161113
0.6046419952515366 0.5462885009161113
0.6046419952515366 0.5462885009161113
0.6046419952515366 0.5462885009161113
0.6046419952515366 0.5462885009161113
0.6046419952515366 0.5462885009161113
0.6046419952515366 0.5462885009161113
0.6046419952515366 0.5462885009161113
0.6046419952515366 0.5462885009161113
0.6046419952515366 0.5462885009161113
0.6046419952515366 0.5462885009161113
0.6046419952515366 0.5462885009161113
0.6046419952515366 0.5462885009161113
0.6046419952515366 0.5462885009161113
0.6046419952515366 0.5462885009161113
0.6046419952515366 0.5462885009161113
0.6046419952515366 0.5462885009161113
0.6046419952515366 0.5462885009161113
0.6046419952515366 0.5462885009161113
0.6046419952515366 0.5462885009161113
0.6046419952515366 0.5462885009161113
0.6046419952515366 0.5462885009161113
0.6046419952515366 0.5462885009161113
0.6046419952515366 0.5462885009161113
0.6046419952515366 0.5462885009161113
0.6046419952515366 0.5462885009161113
0.6046419952515366 0.5462885009161113
0.6046419952515366 0.5462885009161113
0.6046419952515366 0.5462885009161113
0.6046419952515366 0.5462885009161113
0.6046419952515366 0.5462885009161113
0.6046419952515366 0.5462885009161113
0.6046419952515366 0.5462885009161113
0.6046419952515366 0.5462885009161113
0.6046419952515366 0.5462885009161113
0.6046419952515366 0.5462885009161113
0.6046419952515366 0.5462885009161113
0.6046419952515366 0.5462885009161113
0.6046419952515366 0.5462885009161113
0.6046419952515366 0.5462885009161113
0.6046419952515366 0.5462885009161113
0.6046419952515366 0.5462885009161113
0.6046419952515366 0.5462885009161113
0.6046419952515366 0.5462885009161113
0.6046419952515366 0.5462885009161113
0.6046419952515366 0.5462885009161113
0.6046419952515366 0.5462885009161113
0.6046419952515366 0.5462885009161113
0.6046419952515366 0.5462885009161113
0.6046419952515366 0.5462885009161113
0.6046419952515366 0.5462885009161113
0.6046419952515366 0.5462885009161113
0.6046419952515366 0.5462885009161113
0.6046419952515366 0.5462885009161113
0.6046419952515366 0.5462885009161113
0.6046419952515366 0.5462885009161113
0.6046419952515366 0.5462885009161113
0.6046419952515366 0.5462885009161113
0.6046419952515366 0.5462885009161113
0.6046419952515366 0.5462885009161113
0.6046419952515366 0.5462885009161113
0.6046419952515366 0.5462885009161113
0.6046419952515366 0.5462885009161113
0.6046419952515366 0.5462885009161113
0.6046419952515366 0.5462885009161113
0.6046419952515366 0.5462885009161113
0.6046419952515366 0.5462885009161113
0.6046419952515366 0.5462885009161113
0.6046419952515366 0.5462885009161113
0.6046419952515366 0.5462885009161113
0.6046419952515366 0.5462885009161113
0.6046419952515366 0.5462885009161113
0.6046419952515366 0.5462885009161113
0.6046419952515366 0.5462885009161113
0.6046419952515366 0.5462885009161113
0.6046419952515366 0.5462885009161113
0.6046419952515366 0.5462885009161113
0.6046419952515366 0.5462885009161113
0.6046419952515366 0.5462885009161113
0.6046419952515366 0.5462885009161113
0.6046419952515366 0.5462885009161113
0.6046419952515366 0.5462885009161113
0.6046419952515366 0.5462885009161113
0.6046419952515366 0.5462885009161113
0.6046419952515366 0.5462885009161113
0.6046419952515366 0.5462885009161113
0.6046419952515366 0.5462885009161113
0.6046419952515366 0.5462885009161113
0.6046419952515366 0.5462885009161113
0.6046419952515366 0.5462885009161113
0.6046419952515366 0.5462885009161113
0.6046419952515366 0.5462885009161113
0.6046419952515366 0.5462885009161113
0.6046419952515366 0.5462885009161113
0.6046419952515366 0.5462885009161113
0.6046419952515366 0.5462885009161113
0.6046419952515366 0.5462885009161113
0.6046419952515366 0.5462885009161113
0.6046419952515366 0.5462885009161113
0.6046419952515366 0.5462885009161113
0.6046419952515366 0.5462885009161113
0.6046419952515366 0.5462885009161113
0.6046419952515366 0.5462885009161113
0.6046419952515366 0.5462885009161113
0.6046419952515366 0.5462885009161113
0.6046419952515366 0.5462885009161113
0.6046419952515366 0.5462885009161113
0.6046419952515366 0.5462885009161113
0.6046419952515366 0.5462885009161113
0.6046419952515366 0.5462885009161113
0.6046419952515366 0.5462885009161113
0.6046419952515366 0.5462885009161113
0.6046419952515366 0.5462885009161113
0.6046419952515366 0.5462885009161113
0.6046419952515366 0.5462885009161113
0.6046419952515366 0.5462885009161113
0.6046419952515366 0.5462885009161113
0.6046419952515366 0.5462885009161113
0.6046419952515366 0.5462885009161113
0.6046419952515366 0.5462885009161113
0.6046419952515366 0.5462885009161113
0.6046419952515366 0.5462885009161113
0.6046419952515366 0.5462885009161113
0.6046419952515366 0.5462885009161113
0.6046419952515366 0.5462885009161113
0.6046419952515366 0.5462885009161113
0.6046419952515366 0.5462885009161113
0.6046419952515366 0.5462885009161113
0.6046419952515366 0.5462885009161113
0.6046419952515366 0.5462885009161113
0.6046419952515366 0.5462885009161113
0.6046419952515366 0.5462885009161113
0.6046419952515366 0.5462885009161113
0.6046419952515366 0.5462885009161113
0.6046419952515366 0.5462885009161113
0.6046419952515366 0.5462885009161113
0.6046419952515366 0.5462885009161113
0.6046419952515366 0.5462885009161113
0.6046419952515366 0.5462885009161113
0.6046419952515366 0.5462885009161113
0.6046419952515366 0.5462885009161113
0.6046419952515366 0.5462885009161113
0.6046419952515366 0.5462885009161113
0.6046419952515366 0.5462885009161113
0.6046419952515366 0.5462885009161113
0.6046419952515366 0.5462885009161113
0.6046419952515366 0.5462885009161113
0.6046419952515366 0.5462885009161113
0.6046419952515366 0.5462885009161113
0.6046419952515366 0.5462885009161113
0.6046419952515366 0.5462885009161113
0.6046419952515366 0.5462885009161113
0.6046419952515366 0.5462885009161113
0.6046419952515366 0.5462885009161113
0.6046419952515366 0.5462885009161113
0.6046419952515366 0.5462885009161113
0.6046419952515366 0.5462885009161113
0.6046419952515366 0.5462885009161113
0.6046419952515366 0.5462885009161113
0.6046419952515366 0.5462885009161113
0.6046419952515366 0.5462885009161113
0.6046419952515366 0.5462885009161113
0.6046419952515366 0.5462885009161113
0.6046419952515366 0.5462885009161113
0.6046419952515366 0.5462885009161113
0.6046419952515366 0.5462885009161113
0.6046419952515366 0.5462885009161113
0.6046419952515366 0.5462885009161113
0.6046419952515366 0.5462885009161113
0.6046419952515366 0.5462885009161113
0.6046419952515366 0.5462885009161113
0.6046419952515366 0.5462885009161113
0.6046419952515366 0.5462885009161113
0.6046419952515366 0.5462885009161113
0.6046419952515366 0.5462885009161113
0.6046419952515366 0.5462885009161113
0.6046419952515366 0.5462885009161113
0.6046419952515366 0.5462885009161113
0.6046419952515366 0.5462885009161113
0.6046419952515366 0.5462885009161113
0.6046419952515366 0.5462885009161113
0.6046419952515366 0.5462885009161113
0.6046419952515366 0.5462885009161113
0.6046419952515366 0.5462885009161113
0.6046419952515366 0.5462885009161113
0.6046419952515366 0.5462885009161113
0.6046419952515366 0.5462885009161113
0.6046419952515366 0.5462885009161113
0.6046419952515366 0.5462885009161113
0.6046419952515366 0.5462885009161113
0.6046419952515366 0.5462885009161113
0.6046419952515366 0.5462885009161113
0.6046419952515366 0.5462885009161113
0.6046419952515366 0.5462885009161113
0.6046419952515366 0.5462885009161113
0.6046419952515366 0.5462885009161113
0.6046419952515366 0.5462885009161113
0.6046419952515366 0.5462885009161113
0.6046419952515366 0.5462885009161113
0.6046419952515366 0.5462885009161113
0.6046419952515366 0.5462885009161113
0.6046419952515366 0.5462885009161113
0.6046419952515366 0.5462885009161113
0.6046419952515366 0.5462885009161113
0.6046419952515366 0.5462885009161113
0.6046419952515366 0.5462885009161113
0.6046419952515366 0.5462885009161113
0.6046419952515366 0.5462885009161113
0.6046419952515366 0.5462885009161113
0.6046419952515366 0.5462885009161113
0.6046419952515366 0.5462885009161113
0.6046419952515366 0.5462885009161113
0.6046419952515366 0.5462885009161113
0.6046419952515366 0.5462885009161113
0.6046419952515366 0.5462885009161113
0.6046419952515366 0.5462885009161113
0.6046419952515366 0.5462885009161113
0.6046419952515366 0.5462885009161113
0.6046419952515366 0.5462885009161113
0.6046419952515366 0.5462885009161113
0.6046419952515366 0.5462885009161113
0.6046419952515366 0.5462885009161113
0.6046419952515366 0.5462885009161113
0.6046419952515366 0.5462885009161113
0.6046419952515366 0.5462885009161113
0.6046419952515366 0.5462885009161113
0.6046419952515366 0.5462885009161113
0.6046419952515366 0.5462885009161113
0.6046419952515366 0.5462885009161113
0.6046419952515366 0.5462885009161113
0.6046419952515366 0.5462885009161113
0.6046419952515366 0.5462885009161113
0.6046419952515366 0.5462885009161113
0.6046419952515366 0.5462885009161113
0.6046419952515366 0.5462885009161113
0.6046419952515366 0.5462885009161113
0.6046419952515366 0.5462885009161113
0.6046419952515366 0.5462885009161113
0.6046419952515366 0.5462885009161113
0.6046419952515366 0.5462885009161113
0.6046419952515366 0.5462885009161113
0.6046419952515366 0.5462885009161113
0.6046419952515366 0.5462885009161113
0.6046419952515366 0.5462885009161113
0.6046419952515366 0.5462885009161113
0.6046419952515366 0.5462885009161113
0.6046419952515366 0.5462885009161113
0.6046419952515366 0.5462885009161113
0.6046419952515366 0.5462885009161113
0.6046419952515366 0.5462885009161113
0.6046419952515366 0.5462885009161113
0.6046419952515366 0.5462885009161113
0.6046419952515366 0.5462885009161113
0.6046419952515366 0.5462885009161113
0.6046419952515366 0.5462885009161113
0.6046419952515366 0.5462885009161113
0.6046419952515366 0.5462885009161113
0.6046419952515366 0.5462885009161113
0.6046419952515366 0.5462885009161113
0.6046419952515366 0.5462885009161113
0.6046419952515366 0.5462885009161113
0.6046419952515366 0.5462885009161113
0.6046419952515366 0.5462885009161113
0.6046419952515366 0.5462885009161113
0.6046419952515366 0.5462885009161113
0.6046419952515366 0.5462885009161113
0.6046419952515366 0.5462885009161113
0.6046419952515366 0.5462885009161113
0.6046419952515366 0.5462885009161113
0.6046419952515366 0.5462885009161113
0.6046419952515366 0.5462885009161113
0.6046419952515366 0.5462885009161113
0.6046419952515366 0.5462885009161113
0.6046419952515366 0.5462885009161113
0.6046419952515366 0.5462885009161113
0.6046419952515366 0.5462885009161113
0.6046419952515366 0.5462885009161113
0.6046419952515366 0.5462885009161113
0.6046419952515366 0.5462885009161113
0.6046419952515366 0.5462885009161113
0.6046419952515366 0.5462885009161113
0.6046419952515366 0.5462885009161113
0.6046419952515366 0.5462885009161113
0.6046419952515366 0.5462885009161113
0.6046419952515366 0.5462885009161113
0.6046419952515366 0.5462885009161113
0.6046419952515366 0.5462885009161113
0.6046419952515366 0.5462885009161113
0.6046419952515366 0.5462885009161113
0.6046419952515366 0.5462885009161113
0.6046419952515366 0.5462885009161113
0.6046419952515366 0.5462885009161113
0.6046419952515366 0.5462885009161113
0.6046419952515366 0.5462885009161113
0.6046419952515366 0.5462885009161113
0.6046419952515366 0.5462885009161113
0.6046419952515366 0.5462885009161113
0.6046419952515366 0.5462885009161113
0.6046419952515366 0.5462885009161113
0.6046419952515366 0.5462885009161113
0.6046419952515366 0.5462885009161113
0.6046419952515366 0.5462885009161113
0.6046419952515366 0.5462885009161113
0.6046419952515366 0.5462885009161113
0.6046419952515366 0.5462885009161113
0.6046419952515366 0.5462885009161113
0.6046419952515366 0.5462885009161113
0.6046419952515366 0.5462885009161113
0.6046419952515366 0.5462885009161113
0.6046419952515366 0.5462885009161113
0.6046419952515366 0.5462885009161113
0.6046419952515366 0.5462885009161113
0.6046419952515366 0.5462885009161113
0.6046419952515366 0.5462885009161113
0.6046419952515366 0.5462885009161113
0.6046419952515366 0.5462885009161113
0.6046419952515366 0.5462885009161113
0.6046419952515366 0.5462885009161113
0.6046419952515366 0.5462885009161113
0.6046419952515366 0.5462885009161113
0.6046419952515366 0.5462885009161113
0.6046419952515366 0.5462885009161113
0.6046419952515366 0.5462885009161113
0.6046419952515366 0.5462885009161113
0.6046419952515366 0.5462885009161113
0.6046419952515366 0.5462885009161113
0.6046419952515366 0.5462885009161113
0.6046419952515366 0.5462885009161113
0.6046419952515366 0.5462885009161113
0.6046419952515366 0.5462885009161113
0.6046419952515366 0.5462885009161113
0.6046419952515366 0.5462885009161113
0.6046419952515366 0.5462885009161113
0.6046419952515366 0.5462885009161113
0.6046419952515366 0.5462885009161113
0.6046419952515366 0.5462885009161113
0.6046419952515366 0.5462885009161113
0.6046419952515366 0.5462885009161113
0.6046419952515366 0.5462885009161113
0.6046419952515366 0.5462885009161113
0.6046419952515366 0.5462885009161113
0.6046419952515366 0.5462885009161113
0.6046419952515366 0.5462885009161113
0.6046419952515366 0.5462885009161113
0.6046419952515366 0.5462885009161113
0.6046419952515366 0.5462885009161113
0.6046419952515366 0.5462885009161113
0.6046419952515366 0.5462885009161113
0.6046419952515366 0.5462885009161113
0.6046419952515366 0.5462885009161113
0.6046419952515366 0.5462885009161113
0.6046419952515366 0.5462885009161113
0.6046419952515366 0.5462885009161113
0.6046419952515366 0.5462885009161113
0.6046419952515366 0.5462885009161113
0.6046419952515366 0.5462885009161113
0.6046419952515366 0.5462885009161113
0.6046419952515366 0.5462885009161113
0.6046419952515366 0.5462885009161113
0.6046419952515366 0.5462885009161113
0.6046419952515366 0.5462885009161113
0.6046419952515366 0.5462885009161113
0.6046419952515366 0.5462885009161113
0.6046419952515366 0.5462885009161113
0.6046419952515366 0.5462885009161113
0.6046419952515366 0.5462885009161113
0.6046419952515366 0.5462885009161113
0.6046419952515366 0.5462885009161113
0.6046419952515366 0.5462885009161113
0.6046419952515366 0.5462885009161113
0.6046419952515366 0.5462885009161113
0.6046419952515366 0.5462885009161113
0.6046419952515366 0.5462885009161113
0.6046419952515366 0.5462885009161113
0.6046419952515366 0.5462885009161113
0.6046419952515366 0.5462885009161113
0.6046419952515366 0.5462885009161113
0.6046419952515366 0.5462885009161113
0.6046419952515366 0.5462885009161113
0.6046419952515366 0.5462885009161113
0.6046419952515366 0.5462885009161113
0.6046419952515366 0.5462885009161113
0.6046419952515366 0.5462885009161113
0.6046419952515366 0.5462885009161113
0.6046419952515366 0.5462885009161113
0.6046419952515366 0.5462885009161113
0.6046419952515366 0.5462885009161113
0.6046419952515366 0.5462885009161113
0.6046419952515366 0.5462885009161113
0.6046419952515366 0.5462885009161113
0.6046419952515366 0.5462885009161113
0.6046419952515366 0.5462885009161113
0.6046419952515366 0.5462885009161113
0.6046419952515366 0.5462885009161113
0.6046419952515366 0.5462885009161113
0.6046419952515366 0.5462885009161113
0.6046419952515366 0.5462885009161113
0.6046419952515366 0.5462885009161113
0.6046419952515366 0.5462885009161113
0.6046419952515366 0.5462885009161113
0.6046419952515366 0.5462885009161113
0.6046419952515366 0.5462885009161113
0.6046419952515366 0.5462885009161113
0.6046419952515366 0.5462885009161113
0.6046419952515366 0.5462885009161113
0.6046419952515366 0.5462885009161113
0.6046419952515366 0.5462885009161113
0.6046419952515366 0.5462885009161113
0.6046419952515366 0.5462885009161113
0.6046419952515366 0.5462885009161113
0.6046419952515366 0.5462885009161113
0.6046419952515366 0.5462885009161113
0.6046419952515366 0.5462885009161113
0.6046419952515366 0.5462885009161113
0.6046419952515366 0.5462885009161113
0.6046419952515366 0.5462885009161113
0.6046419952515366 0.5462885009161113
0.6046419952515366 0.5462885009161113
0.6046419952515366 0.5462885009161113
0.6046419952515366 0.5462885009161113
0.6046419952515366 0.5462885009161113
0.6046419952515366 0.5462885009161113
0.6046419952515366 0.5462885009161113
0.6046419952515366 0.5462885009161113
0.6046419952515366 0.5462885009161113
0.6046419952515366 0.5462885009161113
0.6046419952515366 0.5462885009161113
0.6046419952515366 0.5462885009161113
0.6046419952515366 0.5462885009161113
0.6046419952515366 0.5462885009161113
0.6046419952515366 0.5462885009161113
0.6046419952515366 0.5462885009161113
0.6046419952515366 0.5462885009161113
0.6046419952515366 0.5462885009161113
0.6046419952515366 0.5462885009161113
0.6090738423042679 0.5467003239666155
0.6139628831639142 0.5469603685376628
0.6193481464937052 0.5470039711620687
0.62526660270923 0.5467518116328006
0.6317504328366581 0.5461050552874083
0.6388232412610357 0.5449446151606253
0.6464954863888435 0.5431303686517465
0.6547610161373661 0.5405067546370421
0.6635939679042764 0.5369054765717011
0.6729499185228821 0.532155570926886
0.6827690784089773 0.5260892753657662
0.6929847134856569 0.5185502568334311
0.7035300575395114 0.5093931230889166
0.7143468543433812 0.4984829561862525
0.7253890532979193 0.4856887510777932
0.7366263120049338 0.47087832080565456
0.7480443775426812 0.45391193091355553
0.7596441554995708 0.4346368203143893
0.7714431130562892 0.41288427385573406
0.7834755986543958 0.38846632759123717
0.7957969645375047 0.36117455134902815
0.8084902561711697 0.33077943981367713
0.8216791655392472 0.2970317030475624
0.8355515031565374 0.25966669022467703
0.8358740449444941 0.2587808060637734
0.8472170101004305 0.22732115164865022
0.8574670713653643 0.19869925162421204
0.8668651333978745 0.172708103565975
0.8755895360136979 0.1491459880876696
0.883776445473803 0.1278223833487135
0.8915326824700289 0.10856074788201904
0.8989444651233367 0.09119991664226862
0.9060834567133247 0.07559484140315703
0.9130105685491532 0.06161691168416103
0.9197795817426375 0.04915490087622651
0.9264378634159023 0.038115311794714966
0.9330277453360725 0.028424062160123335
0.9395856227344858 0.020028334749253123
0.946137559513438 0.012897472899969073
0.952691680391094 0.007021916557598171
0.9592266600822749 0.002406567992031505
0.9656771751028012 -0.0009502148479364601
0.9719306117558195 -0.003090889898620639
0.9778485555429111 -0.004131969356783085
0.9833102694138371 -0.0042664224927014185
0.9882482422139133 -0.0037234542122959223
0.9926527761286784 -0.002721790362080429
0.9965536935269054 -0.0014372590208498038
1.0 0.0
