# CURVE 2D, normalized by CHORD
# COLUMN#1 = X-coordinate, COLUMN#2 = Y-coordinate
#-------------------------------------------------------------------------------
0.0 0.0
0.012615148937218709 0.0005154201745872036
0.025286987005768858 0.001148505225162701
0.03801348915248701 0.0019207144376287523
0.05079144623208403 0.002860457950790879
0.06361562965590167 0.004006696564277556
0.07647712294355608 0.005415350847462045
0.08935964527427165 0.007171628589227875
0.10223019428052552 0.009416929269214105
0.10236951106479278 0.009444759048889513
0.11284524813084798 0.01183413404877074
0.12308807293756095 0.015005458027094616
0.13270693282329596 0.01965889506248822
0.1391774674830048 0.027801949895732272
0.16608614814442524 0.17532098479155758
0.1638149909008914 0.16287002411911083
0.16157933412309558 0.1506136844505669
0.15937862290315055 0.13854892366442545
0.1572123110069359 0.12667274719059668
0.1550798607385184 0.11498220726712481
0.15298074280669166 0.10347440220853019
0.15091443619360168 0.0921464756855876
0.1488804280254261 0.08099561601636263
0.14687821344507485 0.07001905546832961
0.14490729548688053 0.05921406957139842
0.14296718495324767 0.048577976441679105
0.1410574002932298 0.0381081361158169
0.1391774674830048 0.027801949895732286
0.16608614814442524 0.17532098479155758
0.16835730538795907 0.18777194546400433
0.17059296216575487 0.20002828513254828
0.17279367338569993 0.21209304591868972
0.1749599852819146 0.2239692223925185
0.17709243555033208 0.23565976231599037
0.17919155348215882 0.247167567374585
0.1812578600952488 0.2584954938975276
0.18329186826342436 0.26964635356675254
0.18529408284377563 0.28062291411478557
0.18726500080196992 0.29142790001171676
0.18920511133560278 0.30206399314143606
0.19111489599562065 0.31253383346729824
0.19299482880584565 0.3228400196873829
0.19299482880584565 0.3228400196873829
0.19475972922500376 0.3355112830394681
0.195875227081518 0.3483157749953785
0.1966997825375246 0.3612003179293708
0.19744616530411382 0.3741474659879443
0.19827832896648337 0.387147323752893
0.19935595110431045 0.4001872375038211
0.2008693569580448 0.41324198675168894
0.20089482241923173 0.4134249674749646
0.20289037549732436 0.4252938343024931
0.2057688698394034 0.4369326024592419
0.21004086034499292 0.44808021202743553
0.21656942481804145 0.45798977500877985
0.2262077953436135 0.4647222857261811
0.23782955979845627 0.4662786639852765
0.4422101529921183 0.45131723437419674
0.42365317525737434 0.4526756750746289
0.40538831653815466 0.4540127315623014
0.38741097837449173 0.4553287404618125
0.36971663469415367 0.45662403309870575
0.35230083067313583 0.4578989355828859
0.3351591816140899 0.45915376889072224
0.31828737184240896 0.4603888489458591
0.3016811536196895 0.46160448669875487
0.28533634607429814 0.46280098820496834
0.26924883414877243 0.46397865470221294
0.2534145675637915 0.46513778268619815
0.23782955979845627 0.4662786639852765
0.4422101529921183 0.45131723437419674
0.46076713072686226 0.44995879367376457
0.47903198944608194 0.4486217371860921
0.49700932760974487 0.447305728286581
0.5147036712900829 0.44601043564968773
0.5321194753111007 0.44473553316550757
0.5492611243701466 0.44348069985767125
0.5661329341418276 0.4422456198025344
0.5827391523645471 0.4410299820496386
0.5990839599099385 0.43983348054342514
0.6151714718354642 0.43865581404618054
0.631005738420445 0.43749668606219533
0.6465907461857803 0.436355804763117
0.6465907461857803 0.436355804763117
0.6648246303522933 0.42911432882776324
0.6794477103812887 0.4154834840906347
0.6917188388370358 0.3994369092731615
0.702615324254454 0.3822089065972511
0.7126598703812648 0.36426393164912246
0.7221557556090088 0.345819658475404
0.7312973217515591 0.326995388874322
0.7402206311539979 0.3078648265673814
0.7490285367803435 0.2884782856270581
0.7578045391130647 0.2688735114241102
0.7666210974082582 0.24908159448183262
0.7755452095911393 0.22913067964085462
0.784642613387151 0.20904868583934086
0.7939812792829738 0.18886565535060287
0.7943116810274498 0.1881614652248049
0.8043067544061671 0.16723488344228798
0.8145471936603239 0.14665503016323808
0.8251179844944646 0.12647109622074337
0.8361166103740213 0.10674658170931753
0.8476592263438698 0.08756744550108961
0.8598887189591222 0.06905532854946143
0.8729845314802018 0.05138970244238755
0.8871735622121787 0.03484697160475827
0.9027323065460898 0.01986773843364361
0.9199518076233193 0.00716552440440606
0.938979257272403 -0.002164703464091827
0.9594495600602714 -0.006785120851098597
0.9802275717516004 -0.005892139549942898
1.0 0.0
