# CURVE 2D, normalized by CHORD
# COLUMN#1 = X-coordinate, COLUMN#2 = Y-coordinate
#-------------------------------------------------------------------------------
0.0 0.0
0.014468877972576259 0.0014185677409058546
0.029005924497131918 0.003006186659115066
0.043606717110306475 0.004788760705653957
0.058264932833224536 0.00679899121551372
0.07297131436089384 0.009079217044487883
0.08771189713558758 0.011685744920306529
0.10246471430453108 0.014696191416736613
0.11719326194831436 0.01822226077450208
0.1318320825144258 0.022434205540840836
0.13201297133757103 0.022491870007292865
0.14196146176273755 0.02593355484206302
0.1516581337581012 0.029943375301035708
0.16095635374072095 0.03472981459613198
0.16954356624056452 0.04062947773689964
0.1766758103999636 0.04814998743998873
0.18070793432208465 0.05760680198557753
0.19878790494644755 0.16153593158103324
0.19744629051257245 0.1538239267740424
0.19612548016680967 0.1462315101463946
0.19482515130523428 0.13875682727333302
0.1935449863264617 0.13139805248621372
0.1922846725540747 0.12415338842659157
0.19104390216025302 0.11702106560722081
0.18982237209058747 0.1099993419798633
0.18861978399005963 0.10308650250979837
0.18743584413016973 0.09628085875693092
0.18627026333719426 0.08958074846339496
0.18512275692155616 0.08298453514755216
0.18399304460829027 0.07649060770428621
0.18288085046858704 0.07009738001149526
0.1817859028523977 0.0638032905426864
0.18070793432208465 0.05760680198557752
0.19878790494644755 0.16153593158103324
0.20012951938032264 0.16924793638802407
0.2014503297260854 0.1768403530156719
0.2027506585876608 0.18431503588873346
0.2040308235664334 0.19167381067585273
0.2052911373388204 0.19891847473547491
0.20653190773264204 0.20605079755484565
0.20775343780230762 0.21307252118220318
0.20895602590283546 0.2199853606522681
0.21013996576272534 0.22679100440513555
0.2113055465557008 0.2334911146986715
0.2124530529713389 0.24008732801451432
0.2135827652846048 0.24658125545778026
0.21469495942430802 0.2529744831505712
0.21578990704049736 0.2592685726193801
0.21686787557081041 0.26546506117648894
0.21686787557081041 0.26546506117648894
0.2185889829866053 0.27542399485424474
0.2203614980725301 0.2853984510752386
0.22239767474478303 0.295346441956089
0.22522167973181415 0.30511937659934973
0.22989249073356535 0.3141561528293652
0.22993248802007055 0.31421175128033246
0.2370001112501591 0.3214533525902461
0.24541156763038716 0.3270803823020017
0.2542785137411477 0.33192239983827165
0.26327974497710127 0.3364592017038649
0.2723031560602437 0.34089807753929374
0.4947705165296547 0.4500802241583013
0.4728966316052466 0.43934499672581506
0.4513685562540211 0.4287794851178966
0.4301808234882291 0.4183810062557485
0.40932805274906225 0.4081469194780195
0.3888049485402765 0.3980746258702167
0.36860629908341735 0.38816156760471904
0.34872697499430505 0.3784052272912255
0.3291619279804435 0.368803127337471
0.30990618955902177 0.35935282932005014
0.2909548697951836 0.3500519333651868
0.2723031560602437 0.34089807753929374
0.4947705165296547 0.4500802241583013
0.5166444014540628 0.4608154515907875
0.5381724768052883 0.471380963198706
0.5593602095710802 0.4817794420608541
0.5802129803102472 0.49201352883858307
0.6007360845190329 0.502085822446386
0.620934733975892 0.5119988807118836
0.6408140580650044 0.5217552210253772
0.6603791050788659 0.5313573209791316
0.6796348435002877 0.5408076189965525
0.6985861632641258 0.5501085149514158
0.7172378769990657 0.5592623707773089
0.7172378769990657 0.5592623707773089
0.7383549846078981 0.5593404569957917
0.7563416817800022 0.5468482111551385
0.7711152577831994 0.5302743651085232
0.7840790050952553 0.5119764138303147
0.79591796069378 0.492680494684635
0.8069912293309845 0.4726913091205935
0.8175108017294864 0.452164185905657
0.827612815192271 0.4311883777718033
0.8373909043101488 0.4098197732997627
0.8469128799412888 0.3880955504047304
0.856229771099924 0.3660415156294237
0.8653815554879509 0.34367630774854885
0.8744005014112456 0.32101376379103674
0.8833135568986991 0.2980644682183132
0.8921439658627558 0.2748367501942054
0.8924907692538622 0.27391522125227413
0.900491984734192 0.25247334483883915
0.9083213973696974 0.23118137017334536
0.9159975704400347 0.21004473006926153
0.9235378184235217 0.18906818786940627
0.9309590889378988 0.16825621184360223
0.9382786795665328 0.14761327280023395
0.9455154071124279 0.12714429598792823
0.9526913063306015 0.10685530505897257
0.9598345136078061 0.0867545181994057
0.9669850109525082 0.06685457066691884
0.9742079355974644 0.04717783603001971
0.9816324809335639 0.02777279989847811
0.9896287799204172 0.008795957501824393
1.0 0.0
