# CURVE 2D, normalized by CHORD
# COLUMN#1 = X-coordinate, COLUMN#2 = Y-coordinate
#-------------------------------------------------------------------------------
0.0 0.0
0.012744424730083404 0.002408824417653355
0.025544415772680688 0.004838853577712668
0.03839978357739825 0.007292445837583882
0.05131015012865224 0.009772910787633881
0.06427481389946023 0.01228517050153154
0.07729245884662454 0.014837165659171501
0.09036041014917331 0.017443386588835492
0.09048175231099402 0.017467872864004717
0.0982219022593253 0.01904487873443783
0.10594822316139133 0.020660416298464396
0.11365246653120108 0.022351313174144072
0.12122081965888265 0.024461788894058985
0.1724570804824491 0.11674924084711354
0.1686551157491148 0.10990109010357975
0.16491210799765657 0.10315913348008379
0.16122714298347843 0.09652172422678729
0.1575993206391547 0.08998724112996456
0.1540277548545851 0.0835540881160149
0.15051157326055895 0.07722069386161512
0.14704991701567519 0.07098551140991753
0.14364194059656718 0.06484701779269966
0.14028681159138018 0.05880371365837309
0.13698371049645144 0.05285412290576086
0.13373183051614304 0.046996792323553846
0.13053037736577902 0.04123029123535815
0.12737856907763806 0.035553211150246636
0.12427563580995474 0.02996416541872937
0.12122081965888265 0.02446178889405899
0.1724570804824491 0.11674924084711354
0.1762590452157834 0.12359739159064734
0.18000205296724162 0.13033934821414328
0.18368701798141976 0.13697675746743979
0.1873148403257435 0.1435112405642625
0.19088640611031307 0.14994439357821218
0.19440258770433924 0.15627778783261198
0.197864243949223 0.16251297028430955
0.201272220368331 0.1686514639015274
0.204627349373518 0.174694768035854
0.20793045046844674 0.18064435878846624
0.21118233044875515 0.18650168937067324
0.21438378359911917 0.19226819045886895
0.21753559188726013 0.19794527054398045
0.22063852515494345 0.20353431627549773
0.22369334130601554 0.2090366928001681
0.22369334130601554 0.2090366928001681
0.22684845563086953 0.22169357851333477
0.22728489312982803 0.23487413782530223
0.2267319605591262 0.24812211746249047
0.22567477744736847 0.26140759796160823
0.22433209781904548 0.2747352215203078
0.22283230441563764 0.28811426952595204
0.22126776075649662 0.30155439568208325
0.21971883679699292 0.31506511586489616
0.21968924528461442 0.3153301023249343
0.21830151531135036 0.3283401514399601
0.21710899562689834 0.34131122398681574
0.21623489441985358 0.35424949707439046
0.21588351336858128 0.3671540936865806
0.21647375219092266 0.37998869218063724
0.2192090039952389 0.39244774718086206
0.2284026023422852 0.40007088496670573
0.5294617246022811 0.40338026518815273
0.49382944790241756 0.40298857882811007
0.45876295783465726 0.4026031118547307
0.42425327056348056 0.4022237655135661
0.39029154490308066 0.401850442618239
0.35686908005230206 0.4014830475255447
0.32397731336554475 0.4011214861109479
0.2916078181590631 0.40076566574446837
0.25975230155209755 0.4004154952669499
0.2284026023422852 0.40007088496670573
0.5294617246022811 0.40338026518815273
0.5650940013021447 0.4037719515481954
0.600160491369905 0.4041574185215748
0.6346701786410817 0.4045367648627394
0.6686319043014816 0.4049100877580665
0.7020543691522602 0.40527748285076076
0.7349461358390175 0.40563904426535763
0.767315631045499 0.40599486463183715
0.7991711476524647 0.4063450351093556
0.830520846862277 0.4066896454095998
0.830520846862277 0.4066896454095998
0.8452766098071142 0.3979361558431343
0.8534486932452565 0.3819707383819476
0.8588147433791268 0.3646623694093834
0.8628702722687149 0.3468509707505865
0.8661993329143708 0.3287446461640918
0.8690970835020129 0.3104198870937738
0.8717407138393879 0.2919118467412466
0.8742515060060043 0.2732395841840934
0.8767221257027733 0.25441521911306836
0.8792305609545352 0.2354479879379425
0.8818485711643813 0.21634648726365566
0.8846476832922658 0.19712029310821808
0.8847422382233918 0.1964954759933523
0.8879093628921692 0.17654894801583232
0.8913897771679413 0.15682021684997488
0.8952752866326614 0.13733219447111925
0.8996750670499576 0.11811851876982764
0.904725874953875 0.09923069556357551
0.9106061940350539 0.08075085776698655
0.9175573457565096 0.0628161585368594
0.9259130884843144 0.045667622373557426
0.9361293558328951 0.02974969865005984
0.9487544640244614 0.01589339746108471
0.9641375613373647 0.005496149769842147
0.9817285632743676 9.456912318233224e-05
1.0 0.0
