# CURVE 2D, normalized by CHORD
# COLUMN#1 = X-coordinate, COLUMN#2 = Y-coordinate
#-------------------------------------------------------------------------------
0.0 0.0
0.007424426484730479 0.008820895607987812
0.014760016792114828 0.01775856439401023
0.021976295906194175 0.02683514904202272
0.0290265162795436 0.036082998169229274
0.03583251830477263 0.04555276350170276
0.03588348576255565 0.045626474403591244
0.040322412958836616 0.05227284010341781
0.04447934075377039 0.059091394800702926
0.04817359954807717 0.06616256138251116
0.05091649032523833 0.07363719098660318
0.07905929516103197 0.19008478749063012
0.07683793650112326 0.18089338391770762
0.07465112359525986 0.1718449216774442
0.07249831920056234 0.162937177798732
0.07037899442915532 0.15416796388129364
0.06829262861823336 0.1455351255580489
0.06623870920214778 0.13703654196584328
0.06421673158648258 0.12867012522440707
0.06222619902408884 0.12043381992341781
0.06026662249304682 0.11232560261753935
0.0583375205765261 0.10434348132931437
0.056438419344514 0.09648549505978732
0.05456885223738332 0.08874971330673823
0.05272835995127084 0.0811342355904086
0.05091649032523833 0.07363719098660318
0.07905929516103197 0.19008478749063012
0.08128065382094067 0.19927619106355263
0.08346746672680408 0.20832465330381605
0.0856202711215016 0.2172323971825282
0.08773959589290861 0.2260016110999666
0.08982596170383057 0.23463444942321132
0.09187988111991616 0.24313303301541697
0.09390185873558135 0.2514994497568531
0.0958923912979751 0.2597357550578424
0.09785196782901712 0.2678439723637209
0.09978106974553783 0.2758260936519459
0.10168017097754994 0.28368407992147293
0.10354973808468061 0.291419861674522
0.10539023037079309 0.29903533939085164
0.1072020999968256 0.30653238399465704
0.1072020999968256 0.30653238399465704
0.10912211218174303 0.3149554614984885
0.11082929863095431 0.323433545100969
0.11245862202296382 0.33193623502869807
0.11607172468617336 0.3394984086951478
0.11609518870388304 0.33950890888299934
0.12508725716567526 0.33876927294461445
0.13401754818203426 0.3368576185117457
0.14300842614942205 0.3353236416963138
0.15204919559881525 0.3342052542767073
0.519788489739191 0.29660871880241413
0.47119281624544207 0.30157699113968434
0.4233723182823313 0.30646601191259676
0.3763146306111429 0.31127704530516287
0.33000758523768514 0.31601133533572007
0.2844392082659375 0.320670106178605
0.23959771680188702 0.3252545624806961
0.1954715159067535 0.3297658896729064
0.15204919559881525 0.3342052542767073
0.519788489739191 0.29660871880241413
0.5683841632329399 0.2916404464651439
0.6162046611960508 0.28675142569223144
0.6632623488672391 0.28194039229966533
0.7095693942406969 0.2772061022691082
0.7551377712124445 0.2725473314262232
0.799979262676495 0.2679628751241321
0.8441054635716285 0.2634515479319218
0.8875277838795668 0.2590121833281209
0.8875277838795668 0.2590121833281209
0.9025587573778645 0.25439447413740357
0.9149010415532507 0.2444315980392631
0.9240995219953592 0.23131892004816354
0.9309188105028138 0.2166808452440314
0.9361025062188069 0.20126086197854098
0.9401492179587719 0.18538472849871482
0.9433850721057195 0.16920641865195513
0.9460336653258049 0.15280502765110743
0.948259688463856 0.13622428563251426
0.950195195575509 0.11949006154599003
0.9519572606194714 0.10261904203680583
0.9520006134313901 0.10219039264436286
0.9535837203638161 0.0864124988214397
0.9552074214902369 0.07073394425300851
0.9570021615459247 0.05516893111092565
0.9591519830448441 0.03974390328845525
0.9619654248914925 0.02452224642461752
0.9660884700106424 0.009706351798877116
0.9733783653443518 -0.0036331936897537466
0.987135712317898 -0.007713589310416702
1.0 0.0
