# CURVE 2D, normalized by CHORD
# COLUMN#1 = X-coordinate, COLUMN#2 = Y-coordinate
#-------------------------------------------------------------------------------
0.0 0.0
0.013566316013639716 0.003005998334074496
0.027187339972387377 0.006101855902379046
0.04085992186476227 0.009300948212796183
0.054579652928466796 0.012620779856391711
0.06834015698183131 0.01608504213420469
0.08213178968147426 0.019727207597315957
0.09593902179141763 0.023597344041779877
0.10973446505226195 0.02777656143140851
0.1098866395016136 0.027824913608048337
0.118943286505645 0.030817603914740484
0.12789010588092495 0.03406363808623184
0.13666283466182103 0.03769897783576879
0.1450787206102006 0.042043623570826506
0.15202227490232556 0.048303824463184875
0.20433998048089821 0.15312440847166728
0.20021066322189704 0.14485115868255416
0.19614553099979978 0.13670650614323382
0.1921435861390334 0.12868845197139567
0.18820384647163543 0.12079502835483755
0.18432534509620752 0.11302429806852002
0.18050713014061592 0.10537435399912737
0.17674826452838063 0.09784331867701888
0.1730478257486955 0.09042934381545513
0.16940490563002314 0.08313060985698657
0.1658186101172091 0.07594532552689298
0.16228805905206045 0.06887172739356391
0.15881238595733502 0.06190807943571272
0.1553907378240883 0.055052672616317536
0.15202227490232556 0.048303824463184875
0.20433998048089821 0.15312440847166728
0.2084692977398994 0.1613976582607804
0.21253442996199665 0.16954231080010074
0.21653637482276303 0.1775603649719389
0.220476114490161 0.185453788588497
0.2243546158655889 0.19322451887481454
0.2281728308211805 0.2008744629442072
0.2319316964334158 0.20840549826631566
0.23563213521310092 0.2158194731278794
0.2392750553317733 0.223118207086348
0.24286135084458732 0.23030349141644157
0.24639190190973598 0.23737708954977066
0.2498675750044614 0.24434073750762184
0.25328922313770813 0.25119614432701703
0.25665768605947087 0.2579449924801497
0.25665768605947087 0.2579449924801497
0.2607473659805634 0.2722211891310471
0.26249036944775717 0.2871032754225292
0.2632871185815052 0.30215909653234446
0.26357665895028154 0.31732382201441867
0.2635664537532136 0.33258187843823206
0.26338004725472647 0.3479297526170672
0.2631051303107466 0.3633677368127529
0.26281488897358984 0.3788973941835154
0.2625808917747356 0.3945204678150542
0.26257712117971826 0.39485109996526757
0.2624858497163087 0.4083647901477791
0.26256274205775787 0.4218108720543113
0.2628933251264997 0.43518563922748515
0.26360905506006443 0.44847786830899056
0.26494421993362227 0.4616539306575183
0.2674153841103064 0.4745908658017589
0.27267270319441134 0.4865104767821099
0.28429346390319704 0.4895027660910025
0.4676440965763984 0.41471004755259666
0.45099765249608503 0.4215004948426439
0.4346130496729804 0.4281841313779824
0.4184861694590632 0.4347626372448912
0.40261295799083685 0.44123766610263
0.3869894251702983 0.44761084559912423
0.371611643661934 0.453883777780112
0.35647574790549397 0.46005803949185536
0.34157793314429397 0.46613518277751687
0.3269144544688019 0.47211673526730163
0.3124816258752685 0.4780042005624622
0.29827581933916536 0.48379905861326344
0.28429346390319704 0.4895027660910025
0.4676440965763984 0.41471004755259666
0.4842905406567118 0.4079196002625494
0.5006751434798163 0.40123596372721093
0.5168020236937336 0.3946574578603021
0.5326752351619599 0.38818242900256333
0.5482987679824984 0.3818092495060691
0.5636765494908628 0.3755363173250813
0.5788124452473028 0.36936205561333796
0.5937102600085028 0.36328491232767646
0.6083737386839949 0.3573033598378917
0.6228065672775283 0.35141589454273114
0.6370123738136314 0.3456210364919299
0.6509947292495998 0.3399173290141908
0.6509947292495998 0.3399173290141908
0.6666401658394733 0.3298140288787223
0.6798787308893168 0.31640701550629013
0.6917311589040916 0.3015470539000905
0.7027653642698992 0.2858749337543088
0.7133026055606329 0.2696752384433211
0.7235446106496113 0.25310006992709605
0.7336309696956881 0.2362428985496026
0.7436672014105588 0.21916846939616802
0.7537395932396755 0.20192680432875265
0.7639241144401075 0.18456089271367948
0.7742923477298392 0.1671116068065035
0.7849159680246356 0.14962149812713452
0.7958706479107011 0.13213842424751043
0.7962135608056351 0.13160161188477754
0.8079271684762266 0.11369376267887729
0.8199802845655131 0.0962275084839109
0.8324678290500115 0.07928714586466418
0.8454987495560152 0.06298406839624561
0.8591999149543761 0.047470873005330066
0.8737186622624208 0.032963445267208784
0.8892189344175733 0.019774440018096882
0.9058582571012306 0.008358351113807123
0.9237220881217498 -0.0006451898708674488
0.9426851872620157 -0.006440591968725799
0.9622536408905621 -0.00830409809729028
0.9816128661759241 -0.006004663220978718
1.0 0.0
