# CURVE 2D, normalized by CHORD
# COLUMN#1 = X-coordinate, COLUMN#2 = Y-coordinate
#-------------------------------------------------------------------------------
0.0 0.0
-0.0033483917081399855 0.008766459513929691
-0.005374268517502593 0.017945064899960235
-0.006256350153198589 0.027318137310590462
-0.006189596018608926 0.03674669639634466
-0.006185164495366082 0.03683295541383226
-0.0052434349059559794 0.04696016587721836
-0.003586080052895861 0.05697150316178698
-0.0013544357384259562 0.06684647513428524
0.001344025206808613 0.07657957787793107
0.0044270917196008175 0.08617275847011854
0.0497729220420387 0.21895098610623043
0.046192431577641 0.20846686497424877
0.042667823534878586 0.19814637451895747
0.039198225730155724 0.18798696087837646
0.03578277959246183 0.17798611004986709
0.032420639950913405 0.16814134726802832
0.02911097482561185 0.15845023639230263
0.025852965221765483 0.14891037930413947
0.02264580492702478 0.13951941531356796
0.019488700311980703 0.13027502057503082
0.016380870133776766 0.12117490751233644
0.013321545342786185 0.11221682425258526
0.010309968892306329 0.10339855406893171
0.007345395551223391 0.09471791483204284
0.0044270917196008175 0.08617275847011854
0.0497729220420387 0.21895098610623043
0.05335341250643641 0.22943510723821212
0.05687802054919882 0.2397555976935034
0.06034761835392168 0.2499150113340844
0.06376306449161558 0.25991586216259377
0.067125204133164 0.26976062494443254
0.07043486925846555 0.27945173582015825
0.07369287886231192 0.2889915929083214
0.07690003915705262 0.2983825568988929
0.0800571437720967 0.30762695163743004
0.08316497395030065 0.31672706470012446
0.08622429874129123 0.3256851479598756
0.08923587519177108 0.3345034181435292
0.09220044853285402 0.343184057380418
0.09511875236447659 0.35172921374234234
0.09511875236447659 0.35172921374234234
0.09827609963744924 0.3640346679666754
0.10020154243655448 0.3766495199523048
0.10150652456440605 0.38939527335621005
0.10255510163623792 0.4022150573226904
0.10362080070758024 0.4150834526002401
0.10496693246672471 0.4279753719767382
0.10498661376703379 0.4281351200734872
0.106599126625574 0.43909703477924766
0.10890990231538221 0.44989383829507645
0.11232161000747899 0.46035116546057314
0.11745012581219334 0.4700251788763353
0.12500455735272942 0.4778569360544751
0.13487091581063995 0.482319783535514
0.4524774985642701 0.5576735257217905
0.4148824456907506 0.5487539123524791
0.3778854268341932 0.5399761855295422
0.3414769289161978 0.531338088227792
0.30564759018530907 0.5228373993251113
0.27038819780982026 0.5144719330313338
0.23568968550886957 0.5062395383262108
0.20154313122121809 0.4981380984063168
0.1679397548111125 0.4901655301407538
0.13487091581063992 0.482319783535514
0.4524774985642701 0.5576735257217905
0.4900725514377896 0.5665931390911021
0.5270695702943471 0.5753708659140389
0.5634780682123425 0.584008963215789
0.5993074069432311 0.5925096521184698
0.63456679931872 0.6008751184122473
0.6692653116196706 0.6091075131173702
0.7034118659073221 0.6172089530372643
0.7370152423174277 0.6251815213028273
0.7700840813179003 0.6330272679080671
0.7700840813179003 0.6330272679080671
0.7881176960111231 0.6268837862738748
0.7994841181512321 0.6103561627207507
0.8075052813503278 0.5917019878534829
0.8139463126875307 0.572248629199054
0.8194871140096328 0.5523317595002876
0.8244614452718363 0.5320790031540626
0.8290622843474191 0.5115509354502358
0.8334143738147999 0.49078057753249593
0.8376057588914984 0.46978787041392756
0.8417030748677333 0.4485858869632431
0.845760001301349 0.42718390664110745
0.8498222496279605 0.4055890854055951
0.8539308262066431 0.38380747358712125
0.8581242883601902 0.36184469910342654
0.8582956639131616 0.36095557050012606
0.8633951137151221 0.33489003702187203
0.8686221696754675 0.30911286314992625
0.874028812729375 0.28363376870368084
0.8796673538174744 0.25846410931295405
0.8855928583029123 0.23361789149653722
0.8918657056010765 0.20911307809561427
0.8985543929738004 0.18497335946632207
0.9057394367622356 0.1612308730931385
0.9135173943747534 0.1379300283055387
0.9220079800250389 0.11513412162301019
0.9313622493844477 0.09293569450556302
0.9417747665151179 0.07147462731274269
0.9534980188557172 0.050969534918544744
0.9668562042461218 0.03177396906105471
0.9822372764116625 0.014471253132823181
1.0 0.0
