# CURVE 2D, normalized by CHORD
# COLUMN#1 = X-coordinate, COLUMN#2 = Y-coordinate
#-------------------------------------------------------------------------------
0.0 0.0
0.0012783462337852063 0.011793058943047732
0.002570858257149881 0.023627862400839174
0.0038800685014852084 0.03550428070591759
0.005209797804859597 0.04742203333255727
0.00656633255931588 0.05938054536503406
0.007961493015772446 0.07137856370067708
0.007973045739003471 0.0714762248860707
0.009023213064411973 0.08019421316825559
0.01013395501195705 0.0889037856327457
0.01154117050779433 0.09756352420823346
0.08360419436686754 0.2802023917641036
0.07706168322280749 0.2636208390851656
0.07062206315761392 0.24730005689738166
0.0642837160503732 0.2312359441825678
0.058045049227618745 0.21542446441737625
0.051904495063130815 0.19986164455901484
0.045860510584029845 0.18454357404691718
0.03991157708306468 0.16946640382011358
0.03405619973699812 0.15462634535005473
0.028292907230993994 0.1400196696886462
0.022620251388911265 0.12564270653125387
0.017036806809412386 0.11149184329444503
0.011541170507794338 0.09756352420823344
0.08360419436686754 0.2802023917641036
0.0901467055109276 0.2967839444430416
0.09658632557612117 0.31310472663082556
0.10292467268336189 0.3291688393456394
0.10916333950611634 0.34498031911083094
0.11530389367060428 0.3605431389691924
0.12134787814970524 0.37586120948129004
0.12729681165067042 0.39093837970809364
0.13315218899673698 0.4057784381781525
0.1389154815027411 0.420385113839561
0.14458813734482384 0.43476207699695335
0.15017158192432273 0.44891294023376216
0.15566721822594076 0.4628412593199738
0.15566721822594076 0.4628412593199738
0.15879385579295338 0.4715577871518701
0.16135376336204038 0.48047725611587566
0.1633517373695947 0.48955935686252083
0.164973112715642 0.4987370755782577
0.16720281930624592 0.5077886812431822
0.16722163975239626 0.507834068135405
0.1738434108240827 0.513556159733014
0.1829513446581091 0.5135435386366649
0.19194264850980708 0.5119268842019848
0.20082513905877186 0.509830746454129
0.4577838596019733 0.44538384733589487
0.43020365381969283 0.4523011402612071
0.4030601246310901 0.45910891188939984
0.3763463581483947 0.4658088962679759
0.35005554995121946 0.4724027999893144
0.3241810033533668 0.4788923026253672
0.29871612769707645 0.48527905715547237
0.2736544366742801 0.49156469038739437
0.24898954667443587 0.4977508033716978
0.22471517515852157 0.5038389718095604
0.20082513905877186 0.509830746454129
0.4577838596019733 0.44538384733589487
0.4853640653842538 0.43846655441058263
0.5125075945728566 0.4316587827823899
0.539221361055552 0.42495879840381384
0.5655121692527272 0.41836489468247534
0.5913867158505799 0.41187539204642254
0.6168515915068702 0.40548863751631736
0.6419132825296665 0.39920300428439537
0.6665781725295108 0.39301689130009193
0.6908525440454251 0.38692872286222935
0.7147425801451748 0.3809369482176608
0.7147425801451748 0.3809369482176608
0.7299987500244968 0.3745788606348198
0.7425483706210113 0.36365487672088626
0.7518316234084441 0.3496692238000925
0.7586884422554752 0.33419873655382937
0.7641120222441024 0.31804052073669903
0.7688037992158263 0.3015326521313103
0.7732270933344003 0.2848303377981006
0.7777000832323192 0.26802058758864605
0.7824540979299601 0.251166395430764
0.7876654528404939 0.23432454972606645
0.78781221441375 0.23387557477948284
0.7955090719077383 0.21212107847616893
0.8042721059952346 0.19099942224664543
0.8141879616731598 0.17062323565837406
0.8252752672457591 0.15109472123937434
0.8374983512399411 0.13249790494483263
0.8507813097428432 0.11489297507026933
0.8650214532945857 0.09831349676143751
0.8801017185421319 0.08276691464756313
0.8959015776106038 0.06823833609578889
0.9123044951604431 0.05469528545755331
0.9292028485857198 0.04209303391860022
0.9465000606012244 0.030378847488154403
0.9641119211162387 0.019496588340841045
0.9819657890554282 0.009388944185406187
1.0 0.0
