# CURVE 2D, normalized by CHORD
# COLUMN#1 = X-coordinate, COLUMN#2 = Y-coordinate
#-------------------------------------------------------------------------------
0.0 0.0
5.551115123125783e-17 0.0
0.03126309238766972 -0.020802137181579246
0.06216868649956277 -0.04094990272210315
0.09316984242336601 -0.060750660573918064
0.12421831912908501 -0.08017646885125188
0.15526611282626906 -0.09920148046770863
0.18626584815112648 -0.11780177459185683
0.2171711046252615 -0.1359556906541583
0.24793673902333802 -0.15364386303383956
0.2785192391728523 -0.17084943242331393
0.3088769237939131 -0.18755787558239798
0.338970203975062 -0.2037571197012492
0.36876177494797663 -0.21943750503422202
0.39821685447436317 -0.23459185089867116
0.42730314683996995 -0.2492151325687545
0.45599102841615663 -0.26330455944605663
0.4842537766377469 -0.2768596654227141
0.5120672622861798 -0.2898817564320932
0.5394102152674497 -0.30237412147529424
0.5662639295591898 -0.314341591890247
0.5926125658086605 -0.32579078193435146
0.6184425533338265 -0.33672940277632957
0.6437431853923281 -0.3471667990656467
0.668505864229645 -0.357113165894057
0.6927241206975465 -0.36657956629490146
0.7163938886067257 -0.37557813919841576
0.7395126699543192 -0.3841213662341518
0.762080130023107 -0.39222256652574067
0.7840974748177482 -0.39989537383571877
0.8055671441875272 -0.40715352057362547
0.8264931646580798 -0.41401111833050597
0.8468810735617669 -0.42048258717180975
0.8667368312403692 -0.4265818970849933
0.8860679598639507 -0.4323233944047407
0.9140988711167152 -0.440295408666232
0.9409979421162348 -0.44754048275913955
0.966798347040078 -0.4541040492657719
0.9915354850236725 -0.4600300704781986
