# CURVE 2D, normalized by CHORD
# COLUMN#1 = X-coordinate, COLUMN#2 = Y-coordinate
#-------------------------------------------------------------------------------
0.0 0.0
0.02871671658407586 -0.014559445388453307
0.056303421273874846 -0.02906644775691324
0.08364859044054072 -0.04396196189042614
0.11073428342279283 -0.05923480937461459
0.13754256883696803 -0.07487389218803547
0.1640568407642173 -0.09086657310815026
0.19026069854433525 -0.10720029835750032
0.21613804488120697 -0.12386238835466921
0.24167408751465197 -0.14083914381312013
0.2668545054172256 -0.1581168079205262
0.29166567833140106 -0.17568137767182937
0.31609476542844295 -0.19351860350063924
0.34012973325398327 -0.21161403696115358
0.36375937990996654 -0.2299530788764255
0.38697335537489524 -0.24852102769199177
0.4097621778885639 -0.26730312777358517
0.43211724634574705 -0.2862846173836564
0.45403084867154425 -0.3054507760763449
0.4754954888070876 -0.32478720253638527
0.4965055934086655 -0.344279216808305
0.5170555605761444 -0.3639126218090397
0.5371411478283193 -0.38367325306461314
0.5567581256591264 -0.40354738380119826
0.5759040603885848 -0.4235213085334824
0.5945766326135135 -0.44358177796336284
0.6127742914306873 -0.46371584733017945
0.6304962361539824 -0.483910905893248
0.6477423954903873 -0.5041547044149206
0.6645134043133389 -0.5244353805226648
0.6808103622762136 -0.5447414883715177
0.6966345022855512 -0.5650619965914498
0.7119888613751131 -0.5853862759337577
0.7268753595806161 -0.6057041418450181
0.7412976339925117 -0.6260058490271362
0.7552593476874784 -0.6462820979952212
0.7687644133894624 -0.6665240194385721
0.7818171914087755 -0.6867231853656822
0.7944224603778172 -0.7068716151580613
0.8065853873831945 -0.7269617796854837
0.8183111329066426 -0.7469865424689238
0.8296050156944531 -0.7669391639574857
0.8404733682107959 -0.7868134661595594
0.8509216623389273 -0.8066034875622936
0.8609560552855916 -0.8263037558348345
0.870583034003633 -0.8459092366348482
0.8798088406820508 -0.8654151926939623
0.8886398843883698 -0.8848172658333796
0.8970827173647684 -0.9041114702600558
0.9051440117572244 -0.9232941847368257
0.9128299809927146 -0.9423619656920081
0.9201473984490245 -0.9613118465552186
0.9271031018995015 -0.9801411969133816
0.9399544791759828 -1.0174284880187494
0.9514365397501614 -1.054207785913121
0.9615997352674162 -1.0904666510678636
0.9704936979929122 -1.1261964018070822
0.9781668625481428 -1.1613917396893014
0.9846649699070217 -1.196049814911855
0.9900320663549425 -1.2301703825564612
0.9943106763945085 -1.2637556659494147
0.9975399736376475 -1.2968092007538454
0.9997578354615144 -1.329336614637535
1.000681119344475 -1.4238344147227266
1.0009993806834228 -1.3613446648662675
1.0012967636922596 -1.3928408801191108
