# CURVE 2D, normalized by CHORD
# COLUMN#1 = X-coordinate, COLUMN#2 = Y-coordinate
#-------------------------------------------------------------------------------
0.0 0.0
0.01048019223995869 -0.04938408632500457
0.020638084280648925 -0.09688971396292767
0.030867434011909237 -0.14437852306345186
0.04116797475165257 -0.1918497328354645
0.051539516636308805 -0.23930254591305375
0.06198187502045203 -0.2867361639192642
0.07249494366549042 -0.3341497654135643
0.08307847305176452 -0.3815425691264738
0.09373224525391087 -0.42891378668805963
0.10445606265600889 -0.4762626243484058
0.11524979730830998 -0.5235882645885006
0.12611320537959161 -0.5708899278163999
0.1370460466455382 -0.6181668354128816
0.14804811080092495 -0.6654181993165815
0.15911925791013998 -0.7126432040785939
0.1702592319852407 -0.7598410781145216
0.18146777950598106 -0.8070110512719995
0.19274467778792723 -0.8541523422500222
0.2040897876562004 -0.9012641330465363
0.21550281710175043 -0.948345671769909
0.22698351137525327 -0.9953961928116122
0.23853163825052773 -1.0424149215040581
0.2501470673885026 -1.0894010329292982
0.2618294487498189 -1.1363538094439554
0.27357853882060834 -1.1832724841404572
0.2853941364131841 -1.2301562680579254
0.29727601748931887 -1.2770043831660358
0.30922386001063557 -1.3238161063237661
0.32123740905199766 -1.3705906802398455
0.33331651449118815 -1.4173272863681032
0.3454608202161133 -1.4640252261300015
0.3576700516782513 -1.5106837566578921
0.36994401154996087 -1.5573020877343857
0.3822824171541221 -1.6038794816655313
0.39468494338099636 -1.6504152308805862
0.40715136115820255 -1.6969085669295416
0.41968143125489865 -1.7433587269365531
0.4322747932191325 -1.7897650328705512
0.44493120252772456 -1.8361267290484093
0.4576504317556667 -1.8824430462123223
0.470432101179025 -1.9287133276891073
0.483275967836496 -1.9749368188590457
0.49618178302102744 -2.0211127681885857
0.5091491645554544 -2.067240529532738
0.5221778887008409 -2.1133193348433195
0.5352676510782722 -2.159348479914967
0.5484180845630244 -2.2053273155952144
0.5616290028265604 -2.251255042878613
0.5749000103489428 -2.297131040429751
0.5882308051355873 -2.3429546109706187
0.6016211608792151 -2.3887249897194343
0.6150706505807453 -2.4344415941295927
0.6285790687084871 -2.4801036423688814
0.6421460335560307 -2.5257105162221904
0.655771232405825 -2.57126153657043
0.6694544039229522 -2.6167559748103986
0.6831951188019505 -2.66219327013148
0.6969932110079768 -2.707572600618616
0.7108481977411863 -2.752893466528234
0.724759872536259 -2.7981550876557244
0.7387278230510936 -2.8433568998342142
0.7527517756194222 -2.888498194804788
0.7668313668855702 -2.9335783624951706
0.7809662777308222 -2.978596747299286
0.7951561722691844 -3.0235527140653216
0.8094007077201679 -3.0684456382560903
0.8236995541190654 -3.1132748827276844
0.8380523668095482 -3.158039830079334
0.8524588002506398 -3.2027398666936278
0.8669185296440856 -3.247374355968586
0.8814311724211632 -3.291942735654229
0.8959964453022307 -3.3364443212330746
0.9106139073630873 -3.380878632132977
0.9252833383604586 -3.4252449047101514
0.9400042545015853 -3.4695427233573155
0.9547764099445941 -3.5137713600769396
0.9695993880117565 -3.5579303187697997
0.9844728388033611 -3.602019017166402
0.9999999999999977 -3.6478125429373494
