# CURVE 2D, normalized by CHORD
# COLUMN#1 = X-coordinate, COLUMN#2 = Y-coordinate
#-------------------------------------------------------------------------------
-0.08447696508603957 0.21396421623782155
-0.08418478220763675 0.2421970404140658
-0.08342390399834348 0.18900959801309383
-0.08216474223938139 0.27429440790009824
-0.08131832447499161 0.1668376325033551
-0.07791664269738667 0.3109491127644692
-0.07665632921880888 0.13791295950760044
-0.07476223800760556 0.3312304915248539
-0.07079671795163814 0.3529571885561721
-0.07064764777484053 0.1132140204056462
-0.06591201053195829 0.3762437201411706
-0.06363945776569194 0.09188656704711148
-0.059986515074153195 0.40121006061618353
-0.053107570012718285 0.0675869056726175
-0.05288757172868156 0.4279749995994406
-0.04446882731892902 0.45665768657521233
-0.041470653175481785 0.046986841307910886
-0.03456944811910455 0.4873753206076247
-0.028838778238647042 0.029271528059721483
-0.023022044091200237 0.5202294531289916
-0.015197153463786523 0.013862569670181683
-0.009648220965173298 0.5553094110267544
0.0 0.0
1.1102230246251565e-16 -1.1102230246251565e-16
0.005733411124009299 0.5926793067544788
0.023301468154423927 0.6323694660763512
0.04322395173558448 0.6743666662775887
0.06564951673148797 0.7186048076888567
0.09069417441565425 0.764953411095066
0.11842939932897957 0.8132103276469748
0.14886839907445926 0.8630962707437049
0.18195569441907558 0.9142554742715564
0.21755905071871218 0.9662614217126587
0.25546443097483335 1.0186287992044072
0.29537853635074235 1.0708332091307562
0.3369398753570567 1.1223352999161678
0.3797329080640813 1.1726074794264711
0.4233088622436178 1.2211604542885766
0.4672085927174548 1.267566273591822
0.5109855083961792 1.3114767917626116
0.5542255863069859 1.352631239886785
0.5965638198766537 1.3908627079172216
0.6376928517803188 1.4260881821203035
0.6773697425012205 1.4583052219000816
0.7154141870388347 1.4875750243632215
0.7517048878561181 1.5140096640344178
0.7861722081075554 1.5377571433020605
0.8187936586862975 1.5589934246835497
0.8495790930021837 1.5779027697790244
0.878570209326382 1.5946789554272067
0.9058273204739757 1.6095109839346835
0.9314262103004276 1.6225821563805838
0.9554513466756877 1.634065079227797
0.9779932823711206 1.6441213100363972
1.0 1.6532406015519971
