# CURVE 2D, normalized by CHORD
# COLUMN#1 = X-coordinate, COLUMN#2 = Y-coordinate
#-------------------------------------------------------------------------------
0.0 -7.105427357601002e-15
0.0 0.0
0.0258304887905441 0.022434503998551583
0.05115777035973722 0.04443591490600265
0.07648310644756313 0.06643955581829859
0.1018064925106578 0.08844542135099018
0.12712792860215733 0.11045351154733343
0.15244740780139793 0.13246382098843584
0.17776493140339397 0.15447635123027081
0.20308049264761746 0.1764910953543562
0.2283940911194197 0.1985080529934929
0.25370572319099816 0.22052722198465108
0.2790153852549082 0.2425485988180822
0.30432307485025306 0.2645721807075855
0.32962878921020206 0.2865979652355829
0.3549325254906982 0.30862595131314274
0.38023428024596945 0.33065613477034017
0.4055340510195821 0.35268851321773625
0.4308318344540281 0.3747230838755493
0.45612762772516996 0.3967598455903888
0.48142142886175743 0.41879879515247476
0.5067132327933387 0.4408399281279982
0.5320030374950259 0.4628832432853827
0.5572908416257824 0.48492873997337965
0.5825766407129225 0.5069764131898944
0.6078604314837378 0.5290262600620028
0.6331422128598567 0.5510782805686656
0.6584219792663049 0.5731324695821803
0.6836997292887373 0.5951888251515917
0.708975460001174 0.6172473447013425
0.7342491682075176 0.6393080267429327
0.7595208518184385 0.6613708684139562
0.7847905061584316 0.6834358652979338
0.810058129886068 0.7055030162687311
0.8353237198072084 0.7275723200006816
0.8605872724197344 0.749643771845413
0.8858487846852511 0.7717173691198174
0.9111082549982534 0.7937931108383055
0.9363656780967594 0.8158709931108579
0.9616210529342927 0.8379510138059998
0.9868743758540469 0.8600331696949228
