# CURVE 2D, normalized by CHORD
# COLUMN#1 = X-coordinate, COLUMN#2 = Y-coordinate
#-------------------------------------------------------------------------------
0.0 0.0
0.0 5.551115123125783e-17
0.02437866767830007 -0.0003601779463768211
0.04812360680583368 -0.0005641283712756255
0.07181240676051688 -0.0006229791873068691
0.09541648607315677 -0.0005374822301900613
0.11890780900949477 -0.0003089598246987055
0.14225896716951128 6.0832919582241344e-05
0.16544349852984433 0.0005695650183845517
0.18843581639825543 0.0012145523156858438
0.21121139677493425 0.0019926979962653986
0.23374707260484745 0.002900431456745786
0.2560208388078423 0.003933910286220195
0.27801228964513763 0.005088878830529125
0.2997024025462703 0.006360846676853218
0.3210735734643065 0.007745111710472851
0.342109791013577 0.009236744102584
0.3627967861659207 0.01083059685761715
0.38312157948182307 0.012521475785455463
0.4030730175240508 0.014304020978773247
0.4418184423415541 0.018122541267436895
0.4789733485846478 0.022242910350362702
0.514499875332498 0.02662253571219682
0.548381759916779 0.03122001226321779
0.5806198377773697 0.03599608580021529
0.6112314614002212 0.040913888689508106
0.6402465049350967 0.04593942526591926
0.667706068469567 0.05104166927979758
0.6936593435833728 0.05619269734536788
0.7181622963953647 0.061367642695751255
0.7412748415729041 0.06654462115259811
0.7630607275727398 0.07170458470263812
0.7835846297963711 0.07683113805771664
0.8121466783569722 0.08442840638850914
0.838234227612776 0.0918817527687462
0.8620581238700739 0.09916296235909709
0.8838183035936699 0.10625187752519726
0.9037023507928066 0.11313501968794075
0.9275943322116281 0.1219790944522759
0.9488302931694681 0.13043550306695784
0.9677401753180499 0.13850624827536093
0.9885432162146901 0.1480661557414279
