# CURVE 2D, normalized by CHORD
# COLUMN#1 = X-coordinate, COLUMN#2 = Y-coordinate
#-------------------------------------------------------------------------------
0.0 0.0
0.021751374977845312 0.010434292893984598
0.042617917627206243 0.020750972229910923
0.0633553253555837 0.03130714913699771
0.08395733742347523 0.04209944431576173
0.10441791445937144 0.05312413204342902
0.12473104506163453 0.06437749387898355
0.14489083346748452 0.07585567538663758
0.16489137419569447 0.0875548661589989
0.18472706271926537 0.09947088192498817
0.20439245899935576 0.11159940072456517
0.2238821975520088 0.12393608346094505
0.24319083749621298 0.13647672569730787
0.2623134422456189 0.14921662115888093
0.28124517118012693 0.1621510628658454
0.2999810505135762 0.17527554719426802
0.3185165617846038 0.18858519972759863
0.3368474469776172 0.20207501517017426
0.3549690097097665 0.21574044100950815
0.37287762200986857 0.22957612130371322
0.39056903301337825 0.243577301932089
0.4080397544834922 0.25773873500101346
0.4252859954788275 0.27205549126624956
0.442304677094592 0.2865222503261201
0.4590921865601945 0.30113413674055267
0.4756459482750789 0.3158857257595307
0.4919628772684368 0.3307720103002662
0.5080403053410436 0.3457878344611208
0.5238759610267687 0.3609279415193477
0.5394675235405629 0.37618721372760033
0.5548126679220645 0.39156062867049124
0.5699095898407787 0.4070430252043506
0.5847565923703913 0.42262931106581597
0.5993520764561449 0.4383144628182487
0.6136946190228945 0.4540934945169025
0.6277829709907305 0.4699614631619864
0.6416160550038656 0.4859134739760948
0.655192962883495 0.5019446854967328
0.6685129528126891 0.5180503144714748
0.6815753630228238 0.5342256615296943
0.6943795607339307 0.5504661191765275
0.706925501799957 0.5667670431126998
0.719213074788207 0.5831239242688423
0.7312418557421992 0.5995324170904481
0.7430122512893956 0.6159881143740203
0.7545244395402582 0.6324867662405502
0.76577860432235 0.6490242203788357
0.7875153063677615 0.6821991995020796
0.8082270899472674 0.7154814453690276
0.8279208444519686 0.7488407644504659
0.8466044701711638 0.782248500408797
0.8642876256699399 0.8156774919050043
0.8809809221446916 0.8491021146192584
0.8966961506669364 0.8824982670120365
0.9114454389784048 0.9158433188831852
0.925242712990729 0.9491161823951438
0.9381017584644223 0.9822971790024869
0.9500370005280879 1.0153680445450208
0.9610634387396353 1.048311908254511
0.9711964568200346 1.0811132478556646
0.9804508894991418 1.1137576815105523
0.9888426697421061 1.1462322205461346
0.9963871635704453 1.1785249347860263
