# CURVE 2D, normalized by CHORD
# COLUMN#1 = X-coordinate, COLUMN#2 = Y-coordinate
#-------------------------------------------------------------------------------
0.0 0.0
0.0 4.336808689942018e-19
0.0015458309014320087 0.022693364326804202
0.005547255938372152 0.0424070698518997
0.012439287655859332 0.06310254388774478
0.020917686076105498 0.08148339476631127
0.03260274993900937 0.10128417069548008
0.044937822790379556 0.1184361834669289
0.060733536836828805 0.13703190650548025
0.07547065954747845 0.15210041519570325
0.09332737629862779 0.1682762011805547
0.11506152819353654 0.18569300384595724
0.13217333564160041 0.19805516013094057
0.15178499731371917 0.21105368767940147
0.17430470436736806 0.2247069873327582
0.20020601903613794 0.2390164976856532
0.23002873334036275 0.25395758485412173
0.26437756201242474 0.26946837894997194
0.28345311958952585 0.2774043844153699
0.30390838769181533 0.28543522482295614
0.32582944820230764 0.29353590911426225
0.34930070118993234 0.3016760070515656
0.3744025742098906 0.3098191638212249
0.4012094258809593 0.31792268973860766
0.42978778991292277 0.3259371343184727
0.4601896876441586 0.33380629048226246
0.4924513817831028 0.3414671922870127
0.5265882137102776 0.3488505654712294
0.5625900221529335 0.35588169750698095
0.6004172153898382 0.3624816804500973
0.6399974235871277 0.36856901690995414
0.6812216299135816 0.3740621273589178
0.7239435676556617 0.3788816956762426
0.7679795109161972 0.3829536054242444
0.8131102560086113 0.38621189291551555
0.8590847431861521 0.38860206723407786
0.9056267522654302 0.39008321087213105
0.9524423258054436 0.39063007931811866
0.9999999999999951 0.39022043071808393
