# CURVE 2D, normalized by CHORD
# COLUMN#1 = X-coordinate, COLUMN#2 = Y-coordinate
#-------------------------------------------------------------------------------
0.0 0.0
0.00909782993510964 0.04816349633041009
0.01800342310046124 0.09455733182410833
0.027042018568606035 0.14091703590649995
0.03621259474059817 0.187238296866362
0.04551436536198192 0.23351673433022999
0.05494629507984568 0.279748046385425
0.06450728368703042 0.32592796976416305
0.07419643187588051 0.3720521631040656
0.08401261817988566 0.41811638141367136
0.09395464753990683 0.46411643194893326
0.1040214740830478 0.5100480543422625
0.11421196696961018 0.5559070347126546
0.12452480748212179 0.6016892865629092
0.13495877442562254 0.6473906831905429
0.14551278208996507 0.6930070060193999
0.15618539336583637 0.738534298017629
0.16697528839813544 0.7839685426497228
0.17788113585542464 0.829305749064081
0.1889016966590153 0.8745418551037828
0.20003548054843528 0.9196730364507025
0.21128105877703818 0.9646954420632028
0.222637000886734 1.0096052445975623
0.23410185352027654 1.0543986613323209
0.24567416037593867 1.0990719333043069
0.2573524586107022 1.1436213272479798
0.26913516472631704 1.1880432791747122
0.2810207413701464 1.2323342021753732
0.293007632207909 1.276490561630322
0.3050942627379813 1.3205088766434727
0.31727904111720046 1.3643857214458477
0.3295603589996845 1.4081177267748008
0.34193659238091584 1.451701581202124
0.35440610245790766 1.4951340324508877
0.3669672364949138 1.538411888664183
0.3796183286987668 1.5815320196416818
0.39235770110350754 1.6244913580436504
0.40518368140754735 1.6672868672751024
0.4180946216197581 1.7099154999557968
0.4310887543890948 1.752374491265454
0.44416436159918177 1.794661034285325
0.457319717449619 1.8367723903847686
0.4705531608231198 1.8787057210881564
0.48386295181804 1.920458411300284
0.4972472850193009 1.9620280707681723
0.5107044852187396 2.003412048607255
0.5242328283160419 2.0446078625256363
0.5378304675369255 2.0856134345979935
0.5514958356298612 2.1264259678931867
0.5652269990624009 2.1670437792748416
0.5790223828649852 2.2074641973738722
0.5928800828528817 2.247685633366053
0.6067985326302573 2.287705490205525
0.6207758526439835 2.3275222795506574
0.6348103614392206 2.367133932627646
0.6489003737247001 2.4065384508087524
0.6630440934385747 2.445734342250231
0.6772398145814943 2.484719872840697
0.691485878466785 2.5234931880359883
0.7057805534645689 2.5620528270284746
0.7201221256266265 2.6003973659565687
0.7345089111247741 2.6385253510484192
0.7489392333442475 2.6764353985312486
0.7634114236209026 2.7141261947928585
0.7779238219739477 2.7515964965086988
0.7924747778350143 2.788845130737545
0.807062650771215 2.8258709949805776
0.8216858112031108 2.862673057207283
0.8363426411175698 2.8992503558489995
0.8510315600148719 2.9356018120170404
0.865750977062999 2.9717265560688038
0.880499288743823 3.0076239982051702
0.895274929215781 3.043293454160213
0.9100764148505507 3.0787336722682426
0.9249021418532242 3.113944666413408
0.9397506302365627 3.1489255222051016
0.9546203678635117 3.1836758293532954
0.9695098733854011 3.2181950839992375
0.9844176681250764 3.2524830053437666
0.9999999999999997 3.2880337467026477
