# CURVE 2D, normalized by CHORD
# COLUMN#1 = X-coordinate, COLUMN#2 = Y-coordinate
#-------------------------------------------------------------------------------
0.0 0.0
1.1102230246251565e-16 5.551115123125783e-17
0.01188131477209353 0.02076945173843731
0.024238998738309942 0.040665886151201494
0.03732725799920649 0.060147606575482404
0.05114616488510444 0.07920705919406386
0.06569695441610875 0.09783554484806418
0.0809817973523724 0.11602317570029745
0.09700334445209569 0.13375898092188276
0.11376539509498193 0.15103031819583707
0.13127212862262463 0.1678231571848229
0.1495282597343018 0.1841217918497708
0.16853849438317037 0.19990900518471452
0.18830784759605923 0.2151656554728634
0.20884108651622588 0.22987084534011437
0.2301425737654259 0.24400182832481285
0.25221645998671355 0.25753362482828246
0.2750653910987456 0.27043979901967075
0.29869126316116595 0.28269165331465934
0.32309440830914915 0.2942586461112963
0.34827354336366734 0.30510819774163156
0.3742249487081415 0.3152062198730625
0.40094283999228825 0.32451652349588894
0.4284183157683056 0.33300163298863344
0.4566389969517744 0.3406230456224936
0.48558960063030276 0.34734032080247174
0.5152501257695101 0.35311309937302526
0.5455967670848222 0.35789983510196877
0.5766004647189142 0.36165973354489417
0.6082276206653271 0.36435168235119486
0.640439129525967 0.3659358087398063
0.6731903423185299 0.36637382789334816
0.7064311049908313 0.3656292264152234
0.7401055330318183 0.3636681565341704
0.7741519527538131 0.36046043815253637
0.8085032179326668 0.35597976266225434
0.8430869341378463 0.35020429176217827
0.8778257726142152 0.34311738938064534
0.9126379482793 0.33470844575160985
0.9474378893219482 0.3249732943419911
0.982136866626468 0.3139136972301686
