# CURVE 2D, normalized by CHORD
# COLUMN#1 = X-coordinate, COLUMN#2 = Y-coordinate
#-------------------------------------------------------------------------------
-4.440892098500626e-16 0.0
0.0 0.0
0.022707820609404485 0.017861975046346467
0.045119500878870754 0.03518244742814041
0.06768122587378239 0.05231530843357192
0.09039341645161404 0.06926074361095959
0.11325653131382517 0.0860188884110197
0.13627104734974058 0.10258985175455333
0.15943745197535455 0.11897372435883866
0.1827562724771219 0.1351705416207954
0.2062280616939139 0.15118030049465384
0.22985339754175824 0.1670029591762349
0.25363288253877425 0.1826384367957195
0.2775671433128444 0.19808661310731793
0.3016568301042967 0.21334732818471122
0.3259026162591348 0.2284203821195038
0.35030519770999635 0.24330553472143504
0.37486529244545186 0.25800250522132273
0.3995836399688552 0.2725109719779743
0.42446100074223264 0.2868305721869597
0.4494981556211615 0.3009609015953087
0.4746959443146229 0.3149014682079217
0.5000551578117504 0.32865181831902135
0.5255766325765011 0.3422114240721943
0.5512612255065481 0.3555797121488416
0.5771098397750246 0.3687560325956306
0.6031233921160278 0.3817396962481907
0.6293027445788596 0.3945300530433593
0.655648870547676 0.40712629733630523
0.6821627199387382 0.41952762413434413
0.7088452211539611 0.4317332253834019
0.7356974164178821 0.4437421319215616
0.7627202403908746 0.4555534690426139
0.7899147375414675 0.46716620343414794
0.8172819363238065 0.4785792878082577
0.8448228325151919 0.4897916788242308
0.8725385027136666 0.5008022047520002
0.9004300322582409 0.5116096475635251
0.9284984520899326 0.52221281454576
0.9567448480900488 0.5326104107731878
0.9851703132566749 0.5428010930270966
