# CURVE 2D, normalized by CHORD
# COLUMN#1 = X-coordinate, COLUMN#2 = Y-coordinate
#-------------------------------------------------------------------------------
0.0 0.0
1.1102230246251565e-16 -5.551115123125783e-17
0.009566997723781476 -0.03268640598029601
0.019733738703770497 -0.06422227219443216
0.03068946279431742 -0.09532525345171494
0.042390907269569046 -0.1259060547047339
0.05479137254365553 -0.1558801626604729
0.06783869688944212 -0.18517116698850075
0.0814785316620909 -0.21370956592066598
0.09565423109354361 -0.24143420813810174
0.11030775951485515 -0.2682928728738451
0.12538099177641948 -0.2942416714527142
0.14081602082602923 -0.31924606033505437
0.1565564256476078 -0.3432793515659845
0.17254744782878098 -0.3663236550159209
0.18873687807861358 -0.38836829282943774
0.20507530662791718 -0.4094098985537472
0.22151654408518184 -0.4294513512545487
0.23801782254556575 -0.44850115860655004
0.2545399304353516 -0.4665729134989052
0.27104727357176334 -0.4836840755919882
0.28750792448708956 -0.4998567641493132
0.30389335466566264 -0.5151138000652593
0.32017865528496936 -0.5294828027864984
0.3363419064826359 -0.5429906642492722
0.35236464808999096 -0.555668099210667
0.38392767194580013 -0.5786498983469225
0.414772146639211 -0.5986716559883793
0.44483752888679073 -0.61597092784873
0.4740931881577671 -0.6307776387086571
0.5025307105798646 -0.6433038471868822
0.5301595033988219 -0.6537440623999368
0.5570023509217623 -0.6622737207863445
0.5830913699062948 -0.6690479168150042
0.6084655827994389 -0.6742029668191979
0.6331680195780892 -0.677855838576529
0.6572442743181569 -0.6801059601334135
0.6807411721151737 -0.6810364151221396
0.7037049999314393 -0.6807133468997701
0.7261819440476777 -0.6791898713342066
0.7482161758646594 -0.6765039050315383
0.7698500369752898 -0.6726805217286521
0.791123456906469 -0.6677321874075642
0.8120734917681255 -0.6616589657007611
0.8327337811741617 -0.6544480229007578
0.8531346740977764 -0.646075940217996
0.8733021717048879 -0.6365065051675293
0.8932575863758276 -0.6256914704058737
0.9130166259869501 -0.6135688648006449
0.9325890242261301 -0.6000660874995766
0.9519769065608603 -0.5850956789425049
0.9711737865109277 -0.5685569016800357
0.9901629748457702 -0.5503353542403784
