# CURVE 2D, normalized by CHORD
# COLUMN#1 = X-coordinate, COLUMN#2 = Y-coordinate
#-------------------------------------------------------------------------------
-0.0009132735004009447 -0.02028939638633054
-0.00018799939647647012 -0.040482696397419284
-2.220446049250313e-16 0.0
0.0 0.0
0.0022204843529892815 -0.06115394490205897
0.006457983175198544 -0.08248878160244033
0.01275002873111521 -0.10468959584593376
0.021416370881200134 -0.12797829408450553
0.029734731143931815 -0.14630590686389844
0.03987435725203904 -0.16549598717303168
0.05213554983140021 -0.18566938649357376
0.06688993634985631 -0.20695326118898355
0.08459616215797111 -0.2294783418600362
0.09831458282049357 -0.2452489363443033
0.11378984657514665 -0.261664588575583
0.13124583186950875 -0.2787571756422537
0.15093672375892517 -0.29655232915192004
0.17314656149985308 -0.3150654097227158
0.19819195805534817 -0.3342978415002447
0.2264184783299285 -0.3542310374142581
0.25819930940198094 -0.37482033081637695
0.2755435809870079 -0.38533776009742404
0.2939239883957778 -0.39598641506290955
0.31338841239068893 -0.4067494055661185
0.33398623627235546 -0.41760682775140695
0.3557626806769016 -0.42853501609236805
0.3787618448883332 -0.4395066042087679
0.4030226075674805 -0.45049012998638865
0.4285787261463962 -0.46144997155848266
0.4554581515257925 -0.4723461813551417
0.4836799449090869 -0.4831345266455804
0.5132524414810132 -0.49376676655008667
0.5441738755983211 -0.504190681350493
0.5764289467803505 -0.5143506955275696
0.6099878810426942 -0.5241884697257007
0.6448056856937634 -0.5336435475858705
0.6808200411729212 -0.5426547106959556
0.7179525444042607 -0.5511604653703512
0.7561069951506905 -0.5591008981731121
0.7951700996099714 -0.5664191913366613
0.8350138020788668 -0.5730621119574301
0.8754956332169681 -0.5789821982789904
0.9164613113823608 -0.5841389536116975
0.9577476721505851 -0.5884997958055854
0.9999999999999993 -0.5921017945885462
