# CURVE 2D, normalized by CHORD
# COLUMN#1 = X-coordinate, COLUMN#2 = Y-coordinate
#-------------------------------------------------------------------------------
-0.6533735329501411 7.170178550121588
-0.6530181102999969 7.405826453506391
-0.6523677646058207 6.934845938185382
-0.6512966099993769 7.641792403548983
-0.6500020050480699 6.699826675914672
-0.6482053560222166 7.878078836665024
-0.6462826033019715 6.46511759990447
-0.6437410117601755 8.114688067691672
-0.6412101394994816 6.23071683390591
-0.6378982359082142 8.351622842052246
-0.6347894868514987 5.996621487079741
-0.6306744038298481 8.588885219643592
-0.6270239378386607 5.762828999143386
-0.6220633754017254 8.826478049827024
-0.6179140838873565 5.5293373813323194
-0.6120623440102956 9.06440334208383
-0.6074653945934138 5.2961435240792385
-0.6006652939256272 9.302663825236422
-0.5956792418514241 5.063245204392275
-0.5878682854880946 9.541261681891207
-0.5825573995241671 4.83064007740314
-0.5736664086051627 9.780199276674766
-0.5681040568726317 4.598325244825386
-0.55805358110919 10.0194792076496
-0.5523201530872675 4.366298493492982
-0.5410268690787703 10.259103253952665
-0.5352073809551448 4.134557418257745
-0.5225774888732887 10.499074565528227
-0.5167692967062941 3.903099194271869
-0.5027030655814542 10.739394672386592
-0.49700693704068316 3.671921515511421
-0.4813971787218641 10.98006603410982
-0.47592082465418845 3.4410221585157337
-0.45865254649827125 11.221091265457215
-0.45351444284675285 3.2103982606569956
-0.43446548201416646 11.462472035542257
-0.4297892034158427 2.980047379750407
-0.40882934950535366 11.704210676607437
-0.4047440441102155 2.7499675614356334
-0.3817361989293568 11.946309783973485
-0.37838234673294247 2.520155922767143
-0.3531818477561284 12.188770955283271
-0.3507053134536085 2.2906100183099305
-0.3231597187217652 12.431596313254339
-0.3217128899654436 2.061327640742125
-0.2916623951954654 12.67478812111948
-0.29140540426601175 1.83230648950745
-0.25978496417052266 1.603543903125977
-0.2586825375475104 12.918348553691901
-0.2268521034732255 1.3750375254660028
-0.22421453174596356 13.162279284627457
-0.19260558173139716 1.1467853328207374
-0.18825126433831435 13.406582287029783
-0.1570466789628592 0.9187848045022607
-0.1507854879296013 13.651259492484174
-0.12017622498707076 0.6910335058495101
-0.11180982168058312 13.896312789261673
-0.08199425496048764 0.463529150767971
-0.07131650905395172 14.141744080922273
-0.04249859165061584 0.23626985896572153
-0.02929761389115171 14.387555235545422
0.0 0.0
1.4210854715202004e-14 1.7763568394002505e-15
0.01425390884713599 14.63374781760246
0.05934596350578445 14.880323522015283
0.10598658472832427 15.127283990885969
0.15418393670071065 15.374630811435482
0.20394631237272282 15.622365514034433
0.25528213261181604 15.870489570094744
0.30819994534618816 16.119004390111005
0.36270877423008036 16.367911407405
0.41881790595637647 16.617212023185676
0.4765356681272825 16.866907304866267
0.5358711119084084 17.11699839833685
0.5968334104243693 17.367486377771044
0.6594318575743205 17.618372243400795
0.7236776558569027 17.86965735143344
0.7895794507992698 18.12134232949175
0.8571462588723845 18.373427788396224
0.9263890807292429 18.625914704123208
0.9999999999999949 18.88825805071325
