# CURVE 2D, normalized by CHORD
# COLUMN#1 = X-coordinate, COLUMN#2 = Y-coordinate
#-------------------------------------------------------------------------------
-5.551115123125783e-17 0.0
0.0 0.0
0.0279983399757676 -0.004816963625888068
0.0553827873463186 -0.009916440020118862
0.08269820915395475 -0.015388418389647234
0.10994094562602359 -0.021232266024187374
0.1371073349253464 -0.027447338025607
0.16419371188936507 -0.03403297683387482
0.1911964067932092 -0.04098851168187312
0.21811174413447473 -0.048313257978715746
0.24493603293978827 -0.056006549657776225
0.27166558537416297 -0.06406765817659855
0.29829670493482513 -0.07249583892230804
0.32482568114951815 -0.08129034488235462
0.3512487921248952 -0.09045041109169442
0.37756230352657494 -0.09997525360844095
0.4037624675979164 -0.10986406842474891
0.4298455222251812 -0.12011603031617729
0.4558076788750524 -0.13073032400702916
0.48164512944949145 -0.1417061161334948
0.5073540841792477 -0.15304244772068343
0.5329307146528817 -0.16473839625814796
0.5583711741189819 -0.17679301134928382
0.5836715695802476 -0.18920538081197166
0.6088280084430913 -0.2019745056761579
0.6338366124439975 -0.21509927253343553
0.6586934552317206 -0.22857860415672854
0.683394516119899 -0.2424115494694124
0.7079358840650595 -0.25659682109003296
0.7323135738234147 -0.27113321670011403
0.7565234728433915 -0.28601970854751435
0.7805616383417386 -0.301254825536161
0.8044239463603715 -0.31683737835073905
0.8281063219531866 -0.3327659846395184
0.8516046623219996 -0.3490392256968711
0.874914803234182 -0.3656557032056581
0.8980326132390362 -0.3826138652545002
0.9209538969329604 -0.39991218087523417
0.9436744335591138 -0.4175490655781499
0.9661900603650683 -0.4355227461825221
0.9884964122484943 -0.4538316822627586
