# CURVE 2D, normalized by CHORD
# COLUMN#1 = X-coordinate, COLUMN#2 = Y-coordinate
#-------------------------------------------------------------------------------
0.0 0.0
6.938893903907228e-18 0.0
0.03653524012059043 -0.002028225380730451
0.07162450205691018 -0.004950808236339457
0.10661875075632192 -0.008825086741735107
0.14149102029625626 -0.013646797508621359
0.17621441861708495 -0.019411807632513062
0.21076218876901434 -0.026115340934509484
0.2451075047559901 -0.03375283429268345
0.2792240736093918 -0.04231732355976763
0.3130858396500365 -0.05180130403592321
0.3466669225209144 -0.062196900878452595
0.37994136971426534 -0.07349645438855594
0.4128840167471196 -0.08569007519894357
0.44547006210579165 -0.09876724461317075
0.4776749126593862 -0.11271717988950296
0.509473753453548 -0.12752959875209793
0.5408431773443103 -0.14319137264923443
0.5717598993151211 -0.15968947726276395
0.6022007855850133 -0.1770107755102795
0.632142781844245 -0.19514201884954338
0.6615645287739478 -0.21406741896023637
0.6904445064313279 -0.23377174093225256
0.7187608342685053 -0.2542403021699861
0.7464935700496333 -0.27545592287245374
0.7736229784368377 -0.2974014518969762
0.8001289267926943 -0.32006032294738057
0.8259926473278786 -0.34341449680371583
0.8511963902378253 -0.367445076775106
0.8757216915779618 -0.3921340375106903
0.8995513833732998 -0.4174621702254854
0.9226696160917822 -0.44340927884051046
0.9450594299172265 -0.46995625498304283
0.9667057752850643 -0.49708249784545033
0.9875945290012446 -0.5247669105919931
1.0000000000000018 -2.0088029341202813
1.0077100033913426 -0.5529896111322199
1.0203724811037123 -1.9791866102345712
1.0270398526324813 -0.5817284953363195
1.039160560304442 -1.950186254846508
1.0455710608559383 -0.61096211592379
1.0571443857499054 -1.9207043435561117
1.063290056404526 -0.6406693926518134
1.074312125613024 -1.8907625944671724
1.0801866960872817 -0.6708273882823433
1.0906512948075924 -1.8603823313117318
1.096248559792986 -0.7014145463882167
1.1061528000219645 -1.8295865417373405
1.1114656632807156 -0.7324081097160016
1.1208046933767652 -1.7983967147542568
1.1258285800744579 -0.7637852217577387
1.134598796051583 -1.766836030790287
1.1393264550893436 -0.7955236928187693
1.1475255601935357 -1.734926945442783
1.151952509634752 -0.8275997431642965
1.1595763280918745 -1.7026922527490582
1.1636969605672085 -0.8599908560183196
1.170744348748724 -1.6701553391954376
1.1745534399252522 -0.8926733369910838
1.1810205763738837 -1.6373387906503858
1.1845147953193933 -0.925623875519199
1.1904005571592755 -1.604266556724898
1.19357416570242 -0.9588190916811551
1.198876147603393 -1.5709614786993873
1.201727244101494 -0.9922350232613442
1.206443629505083 -1.5374475141744934
1.2089667814986926 -1.025848438624691
1.213097039901246 -1.5037480269044892
1.2152906558012593 -1.0596350624586217
1.2188325478770992 -1.4698868164828758
1.2206929514108342 -1.0935714050895506
1.223646610470095 -1.4358876687870297
1.2251718715802886 -1.1276333212349559
1.2275353349925262 -1.4017743292750224
1.22872384360302 -1.161796981512218
1.230497550163612 -1.3675708280976366
1.2313469554902503 -1.1960383697616876
1.2325293375452868 -1.333300948703473
1.2330400701005688 -1.2303334666779306
1.2336316355587122 -1.2989887952813193
1.23380121728914 -1.2646582878687864
