# CURVE 2D, normalized by CHORD
# COLUMN#1 = X-coordinate, COLUMN#2 = Y-coordinate
#-------------------------------------------------------------------------------
0.0 0.0
0.026011946718620706 -0.014100327394123952
0.05150392285957454 -0.027672263016665147
0.0770023100270517 -0.041005640936239277
0.10245959269660128 -0.054077807525287534
0.12782902721582942 -0.0668677944349056
0.15306507583358805 -0.07935649739976691
0.1781237167602656 -0.09152666283955756
0.20296291680376574 -0.10336321455496811
0.22754277712851706 -0.11485304424896059
0.25182603795523173 -0.12598536954356926
0.27577811926374163 -0.13675147674405408
0.2993670089005397 -0.14714444426492
0.32256426619582224 -0.1571599745722255
0.3453440640412822 -0.16679526897014726
0.36768390083443103 -0.17604960318748727
0.3895640962218663 -0.18492377326474418
0.4109683073676721 -0.1934204417928801
0.431882998190383 -0.20154362274059365
0.4522971498750978 -0.2092984322649845
0.47220294046004113 -0.216691538901111
0.49159484092065636 -0.22373045847432116
0.5104692537942097 -0.2304233120076663
0.5466645495738449 -0.24280864141306777
0.5808025810198407 -0.25392664747353394
0.6129237088404342 -0.2638628838159916
0.6430878295031288 -0.2727052375837302
0.6713704918474064 -0.28054205087432266
0.697857394704434 -0.28745955720113225
0.7226410604561222 -0.2935406847070181
0.7458169784847128 -0.2988637085385415
0.7674827874523619 -0.30350240399927675
0.7877345832891868 -0.3075248844831258
0.8156643017125341 -0.3125384618008387
0.840923697328637 -0.3164942105335344
0.8637917189993056 -0.31955531267957044
0.884523157616863 -0.32186162297442183
0.9092361743095374 -0.32396586839357533
0.9310381002559319 -0.3251713720451689
0.9548171473749307 -0.3256942314760444
0.9753562540900681 -0.32538288967562096
0.9964877390965844 -0.3242018431061426
