# CURVE 2D, normalized by CHORD
# COLUMN#1 = X-coordinate, COLUMN#2 = Y-coordinate
#-------------------------------------------------------------------------------
0.0 -1.1102230246251565e-16
0.0 0.0
0.02393070879164524 0.01031346958336235
0.04770605676013744 0.019619944282712423
0.07180432073781252 0.028134489603003916
0.09621141541255498 0.03584997279599254
0.1209133440095847 0.042758389914161817
0.1458957494818895 0.04885183273511515
0.17114405164467172 0.054121926280482
0.19664336882815558 0.058559779898489886
0.22237837993415122 0.06215614333249957
0.24833323419800238 0.06490144132013953
0.2744914613912875 0.06678581820796795
0.30083588325842336 0.06779919271976495
0.32734852705981826 0.06793132295357271
0.3540105421707065 0.0671718816018245
0.3808021779084917 0.06551006332139486
0.4077025483922135 0.06293575640714161
0.4346897298000161 0.059438309920350416
0.46174054941474574 0.05500793741199804
0.48883061941138584 0.04963478602473164
0.5159342300224357 0.043309553616865344
0.5430243113946501 0.0360236359873635
0.5700724083070955 0.0277692809846494
0.597048644352153 0.01853951305029404
0.6239216981754332 0.008328368030102631
0.6506588467999114 -0.0028686248131917615
0.6772259674818726 -0.015054555770783204
0.7035875459838649 -0.028231047102019395
0.7297067738627859 -0.042397842626816284
0.7555456413771474 -0.05755263833273003
0.7810649442340657 -0.07369121085326835
0.8062245108453512 -0.09080688193520534
0.8309832732699562 -0.10889059030519316
0.855299526979688 -0.12793053088869
0.8791309498973493 -0.14791238858022077
0.9024349213942071 -0.16881895747048895
0.9251687498999046 -0.19063007397924675
0.9472899129368724 -0.2133225765239937
0.9687560892918938 -0.23687055152263048
0.9895257989770035 -0.2612448191584239
