# CURVE 2D, normalized by CHORD
# COLUMN#1 = X-coordinate, COLUMN#2 = Y-coordinate
#-------------------------------------------------------------------------------
0.0 0.0
0.0019856470943291253 -0.021235965152341673
0.007989548342631837 -0.04112308787331512
0.017786868067364833 -0.06051390552069879
0.03129827053419149 -0.07949015075119586
0.04809528717902237 -0.09766465005382423
0.06693884737903603 -0.11422184995022475
0.08551067096680463 -0.12805832649589505
0.10920853876798112 -0.14326726251452523
0.12863153452307546 -0.15421244675257212
0.15162732486274724 -0.16579853388623575
0.17887573117806507 -0.1779756061175148
0.21113103221580012 -0.19062868548917103
0.24917874058306366 -0.20355097461066277
0.2706084541035415 -0.21001624351320164
0.29374815185170206 -0.21641539583129488
0.31865676390951014 -0.22268523250637254
0.345368609422529 -0.22875344958956456
0.3738862543643307 -0.23453949601515398
0.4041743852608437 -0.23995596847713396
0.436150512347473 -0.2449118227201624
0.4696842387990682 -0.24931482240427474
0.5045915422630209 -0.2530767631161154
0.540638405798324 -0.25611724222330484
0.5775440335909436 -0.25836952663232005
0.6149915036247731 -0.25978388202933145
0.6526394905207197 -0.2603317138757691
0.6901377598826087 -0.26000740257854627
0.7271431898249211 -0.25882843558923635
0.7633349726110363 -0.2568340299883257
0.7984280130773406 -0.25408239918371317
0.8321815937290449 -0.2506460989195073
0.8644063900567919 -0.24660815975013267
0.8949640564702857 -0.24205651070806003
0.9237676061041761 -0.23708045872134054
0.9507750763235788 -0.2317664802319739
0.9759841119871983 -0.22619570430832775
0.9999999999999944 -0.22029363499169013
