# CURVE 2D, normalized by CHORD
# COLUMN#1 = X-coordinate, COLUMN#2 = Y-coordinate
#-------------------------------------------------------------------------------
-0.39346659627755587 1.0990039383978658
-0.3929999067228785 1.0526852948753314
-0.3924507543334017 1.1439332364838228
-0.39095907955211506 1.004984792124867
-0.39004140298321377 1.1874751053955388
-0.38725138055100655 0.9559210115160713
-0.38632336373345555 1.2296386241435624
-0.3817817411245403 0.9055231305960847
-0.38137660790338906 1.2704385044795454
-0.3752780638335478 1.309896418892293
-0.374455348478933 0.8538335456869656
-0.36810095848931024 1.348039841461595
-0.3651809962588391 0.8009102555418477
-0.35990947133537093 1.3848944821961033
-0.3538711837393353 0.7468266935137854
-0.3507672333507712 1.420494130929932
-0.3407309667093767 1.4548719438567923
-0.34044249515926994 0.691672016215067
-0.32985152388953765 1.4880607338335277
-0.32482027773578576 0.6355533281757823
-0.31817847858691567 1.5200988768243895
-0.30694040640417064 0.5785956274320102
-0.3057526261113389 1.5510188034589645
-0.2926134469125493 1.5808571829594544
-0.2867502555473254 0.5209413244855121
-0.2787953451513683 1.6096488145737033
-0.2643283983539116 1.6374270882786157
-0.26421137562041924 0.4627501610890183
-0.24923850526625985 1.664223636649908
-0.2393031651292998 0.4041985241502837
-0.23355016467721076 1.690072238094928
-0.21728116895122002 1.7149999394721878
-0.21202517253543632 0.3454775008870791
-0.2004494731409098 1.7390375002750198
-0.18306771273046316 1.7622103076811362
-0.18239427903664027 0.28679060843849236
-0.16514582183631146 1.7845421970124375
-0.1504517207265226 0.22835135371370455
-0.14669232938227075 1.8060571113852806
-0.12771237266626986 1.8267757054605729
-0.11625927940165509 0.17038013953259226
-0.10820873371638395 1.8467166983364882
-0.08818193646554749 1.865896771257567
-0.07990158475465846 0.11310067308007937
-0.06763034005387963 1.8843304791862934
-0.04655017593000703 1.902030102687065
-0.041485248687975436 0.05673604413201593
-0.024935142405088064 1.9190049385165888
-0.0027782446806116816 1.9352635879538693
0.0 0.0
0.019929908186734638 1.9508114521951172
0.04320044912174352 1.9656514664975595
0.06704616850683975 1.9797840385241947
0.09148142425734841 1.9932069851082777
0.11652204355464128 2.0059154672740975
0.1421852132312205 2.0179019240300895
0.16848935587486644 2.029156006114196
0.19545398892194232 2.0396645114899568
0.22310079614452555 2.049409955453643
0.25145122701852823 2.058372995570206
0.2805270620077242 2.066531493695152
0.31035327067046525 2.0738570435263064
0.3409528541646428 2.080320345038862
0.37234992557735636 2.0858874210719307
0.40456905068243704 2.0905199258105367
0.43763411503906247 2.094175975899689
0.4715683175162139 2.0968096952605593
0.5063957942224414 2.098368681698691
0.5421360791873738 2.0988000977445087
0.5788090223859 2.0980441397752125
0.6164316561602249 2.0960371284165156
0.6550170518242804 2.092712404946533
0.6945772997831753 2.087995282985766
0.7351160248499503 2.081812844143473
0.7766338303892428 2.074085371386953
0.8191242446774984 2.0647313832933056
0.8625748231996033 2.05366471103105
0.9069626345837603 2.0408015302607767
0.9522562452919351 2.026056192174159
1.0 2.0087374995160596
