# CURVE 2D, normalized by CHORD
# COLUMN#1 = X-coordinate, COLUMN#2 = Y-coordinate
#-------------------------------------------------------------------------------
0.0 0.0
0.01741085668030378 0.011004689628589887
0.03576158929245487 0.020492745458224024
0.05562589408866396 0.028691672268633023
0.0773754643753115 0.03555573870587553
0.10148938247376119 0.0409466415883766
0.1228961837615728 0.04402985465227496
0.14662169601827876 0.04580017338281264
0.17318373652392252 0.04595717644466538
0.1953581274202423 0.04476391583984233
0.21984372071113722 0.04217954009172082
0.24706471596066223 0.03788230380387263
0.26698228636014837 0.03386346448968803
0.28852528199654626 0.02874293705725852
0.3119028206224476 0.02233296363839721
0.33735517107044866 0.014407517144256001
0.36515963504330096 0.004693197976041567
0.39563492651191645 -0.007140209504944048
0.42914744720744546 -0.02149240306762095
0.4661157219573254 -0.03884597963513507
0.4860424091034086 -0.048826121691407376
0.5070163078762772 -0.05978388933583628
0.5291061204631256 -0.07181043975237542
0.5523847606006828 -0.08500593030567488
0.5769283352635144 -0.09947926480795938
0.6028156114900908 -0.11534830327223956
0.6301296488588999 -0.1327424979526772
0.6589534224721006 -0.15179921969018495
0.6893732110233111 -0.17266852232402916
0.72147329553701 -0.19550842215843148
0.7553370528858446 -0.22048734345043805
0.791043808574027 -0.24778178521173216
0.8286666455650982 -0.2775750360834557
0.8682689364468391 -0.3100541842355075
0.909901287117259 -0.34540751890845905
0.9535967391870065 -0.3838192644859774
0.9999999999999873 -0.4260511786027951
