# CURVE 2D, normalized by CHORD
# COLUMN#1 = X-coordinate, COLUMN#2 = Y-coordinate
#-------------------------------------------------------------------------------
0.0 0.0
0.01568198150381054 -0.06288653949150795
0.03188276174555456 -0.12413901657797831
0.048839129225719355 -0.1847873842635747
0.06648544998705506 -0.24464737400159903
0.08475150217195328 -0.30354521853872174
0.10356323509142186 -0.36132059891212975
0.12284437782930081 -0.41782817388706356
0.14251766819271897 -0.47293904250286706
0.16250602237853637 -0.5265420698149714
0.18273390840171658 -0.5785429147952917
0.20312794991371322 -0.6288668436808496
0.22361822556939978 -0.6774549742897276
0.24413871309466265 -0.7242669247849072
0.264627963634585 -0.7692763205807368
0.2850294863877721 -0.8124730877276546
0.30529195332784753 -0.8538592795380237
0.32536929123107505 -0.8934486442840253
0.3452208415878758 -0.9312662447863419
0.3648108606087339 -0.9673440102927959
0.3841087757303737 -1.0017226806689683
0.4030888530274325 -1.034449332834545
0.42172947515320025 -1.0655741654131383
0.4400134755491414 -1.095152621397851
0.45792735126931067 -1.1232421396148
0.4754607434353304 -1.1499008485390398
0.4926066517647592 -1.1751889318958706
0.5093608658521618 -1.1991669218040677
0.5257216149466774 -1.2218950315529904
0.5416885478959925 -1.2434306155016281
0.5572642973038247 -1.2638333421612575
0.5724517998019012 -1.2831577496002688
0.5872565169713662 -1.3014600125576112
0.6016843928777662 -1.3187926398320935
0.6157419386037886 -1.335205316423697
0.6294372428550441 -1.3507477014413491
0.6557742144538105 -1.3794043113968748
0.6807662539728752 -1.4051085189904287
0.7044877155455621 -1.4281715491106997
0.7270152441887476 -1.4488744480855722
0.7484244018395059 -1.4674671439026155
0.7687884418560333 -1.484171326738299
0.7881787643482011 -1.4991853802673767
0.8066626582722876 -1.5126838670588472
0.824304308164685 -1.524822215619448
0.8411627487867894 -1.5357359047405652
0.8651052906965025 -1.5500737970870218
0.8875861618479142 -1.5622789429176482
0.9087615685413885 -1.5726441593928961
0.928771119178326 -1.5814130865543847
0.9477394677489682 -1.5887886699056932
0.9716026205703868 -1.5967449103399391
0.994043868603255 -1.602847893073945
