# CURVE 2D, normalized by CHORD
# COLUMN#1 = X-coordinate, COLUMN#2 = Y-coordinate
#-------------------------------------------------------------------------------
-0.6164577078525293 1.4339243452165897
-0.6146660479824451 1.3005576833194923
-0.6132283427746331 1.578163738093118
-0.6086304563090531 1.1781180993341085
-0.6042186362307234 1.7328000537605088
-0.5990961209450636 1.0663382850794942
-0.5887497309668754 1.8968577357606404
-0.586747065178246 0.9647169441432982
-0.5721885554923194 0.8726001506097532
-0.5663008171624688 2.068812495548746
-0.5559368626440223 0.7892705688250002
-0.5384286081248207 0.713959313305175
-0.5365816260739186 2.2466065665102013
-0.5200185694613626 0.6459335004638814
-0.5009960386195718 0.5844678043632887
-0.499599432062672 2.4277272537064225
-0.4815894566456332 0.528894589474795
-0.4619774291876415 0.4786028453755406
-0.4556867313134647 2.609364282891971
-0.44229747594307056 0.43303151539849544
-0.4226533568174516 0.39168592289805626
-0.40549650277389343 2.78861138875614
-0.4031212770518631 0.35410860293479
-0.38375612751422195 0.3199107003067626
-0.36459464020016275 0.28873175266036644
-0.3499613508020902 2.96269722056992
-0.34566042211377423 0.2602635980612178
-0.3269659094803927 0.23422940284022237
-0.30851565129150127 0.2103902259379557
-0.290306359898132 0.18852533181382694
-0.2902028208378597 3.1291858043660583
-0.2723314959907216 0.16845453600815546
-0.2545786990151341 0.15000551846699925
-0.2370333732304241 0.13303210801518267
-0.22743957017291314 3.2861397718419716
-0.21967957492056467 0.11741246087495881
-0.20249713329155242 0.10302292514861443
-0.18546741186372423 0.08977479255929575
-0.16856817376465938 0.07757311176673069
-0.16288148686841525 3.4321816652556394
-0.13507244243227937 0.056014604794077244
-0.10182516502140973 0.03784904693001764
-0.09765163044232046 3.5665213064533536
-0.06863065880456637 0.02269170172758953
-0.035283660971725396 0.010269947162738517
-0.03272518095444732 3.6888781013702823
-1.1102230246251565e-16 0.0
0.0 0.0
0.03110017602291588 3.7994097613230666
0.09320930260736479 3.8985838969765183
0.1531620548590607 3.987100154332873
0.21066904929931796 4.065779483194203
0.2655665761501433 4.135500339934629
0.3177900230566973 4.197145258856116
0.3673496147137157 4.25156503581194
0.41431022992715577 4.299557899060612
0.4587720178699618 4.341851926750247
0.5008614157737348 4.379110229970717
0.5407130994704844 4.411914552217506
0.5784738276617366 4.440791292237856
0.6142887940725829 4.466199290495566
0.6482998645607511 4.488539722292844
0.680642780555403 4.5081615438645635
0.7114495524699423 4.5253733304358645
0.7408395867119854 4.5404360521966645
0.7689302680968766 4.553584713644657
0.795825694428757 4.565015883083923
0.8216287543362201 4.57490881394924
0.8464269306360029 4.58340824647607
0.8703087809202492 4.590649850844678
0.8933481774547487 4.596740320264714
0.9156233453928291 4.601785008244642
0.9371967594156709 4.6058616370528
0.9581337326545232 4.60904678423084
0.9784908871233717 4.611400755486862
0.9999999999999999 4.61307889941115
