# CURVE 2D, normalized by CHORD
# COLUMN#1 = X-coordinate, COLUMN#2 = Y-coordinate
#-------------------------------------------------------------------------------
0.0 0.0
0.025702202001905036 -0.02795265144890352
0.0513568242470667 -0.055017393931248444
0.07736156382347763 -0.08163741103541375
0.10368195341006939 -0.10778158057053992
0.13028277082631717 -0.1334206204580188
0.15712826312968284 -0.1585272529126359
0.18418240910804887 -0.18307623606096474
0.21140908801314678 -0.20704458447095994
0.23877230347651665 -0.23041171714185157
0.2662364440453221 -0.25315932889824133
0.2937664571576329 -0.27527142939513305
0.32132801754980406 -0.29673450348500163
0.3488877229051363 -0.3175375369422988
0.3764132521863656 -0.33767172728246764
0.4038735011844876 -0.3571306404783279
0.4312386866726817 -0.3759099564447654
0.4584804900913818 -0.39400766960721884
0.4855720922322055 -0.4114236606353482
0.5124882846092293 -0.4281598370025301
0.5392054699510388 -0.4442198090111093
0.5657017812307545 -0.45960905157631554
0.5919568996868181 -0.47433419395171766
0.6179523468538151 -0.4884037121170436
0.6436711226538148 -0.5018268797876316
0.6690981431393166 -0.5146147274686349
0.6942196524275174 -0.5267786649024834
0.719023592585664 -0.5383312771660119
0.7434994198563363 -0.5492858950802626
0.7676379647031156 -0.5596563440948326
0.7914314730110781 -0.5694570271685563
0.8148735334025853 -0.5787027985151029
0.8379589067731132 -0.5874087121012346
0.8606835090084393 -0.5955900279199721
0.8830445529839918 -0.6032624206987106
0.9050398565696391 -0.6104410488271096
0.926668574273617 -0.6171415933922135
0.9479304386457026 -0.623379271703407
0.9688262979246306 -0.6291695600069198
0.9893574219630472 -0.634527366523961
