# CURVE 2D, normalized by CHORD
# COLUMN#1 = X-coordinate, COLUMN#2 = Y-coordinate
#-------------------------------------------------------------------------------
0.0 0.0
0.07951727648592952 -0.02987036823121371
0.1573338859809646 -0.0568230122664724
0.23264340036036205 -0.08075106311572652
0.30414690495953606 -0.10145562063004018
0.3709041008216617 -0.11893269139934805
0.4323517613611333 -0.13333669967660042
0.4882647249783853 -0.14492975361514204
0.5386913552559527 -0.15403471736820168
0.5838723937604912 -0.16099326908554099
0.62417195439339 -0.16613858054668604
0.6600192679106237 -0.16977757885271869
0.6918630600457403 -0.1721812533585899
0.7201443444815161 -0.17358267109868653
0.7452771707507055 -0.17417778123091227
0.7676428646247784 -0.17412962400001922
0.8053954922886285 -0.17261157218985748
0.8356769634651424 -0.1698209768449871
0.8602219639282073 -0.16627162309588556
0.8803362909518299 -0.16229209228384392
0.9042724258845981 -0.15594825105750612
0.927953038430505 -0.14734197659236023
0.9489235222166111 -0.13684495765251148
0.9662665733071111 -0.12483104549743892
0.9815434579743004 -0.10953627760497323
0.992330525541969 -0.0924622969754621
0.9989776502836408 -0.07205259220037921
1.0004300421949999 -0.05025135773878026
