# CURVE 2D, normalized by CHORD
# COLUMN#1 = X-coordinate, COLUMN#2 = Y-coordinate
#-------------------------------------------------------------------------------
-0.022413328885330784 0.09084197978390979
-0.02135783364763728 0.11584596362251072
-0.021039460502685296 0.06835086439792858
-0.017647912910470374 0.04788353939575008
-0.0172415615884019 0.14395963440590087
-0.012353873415279822 0.16477640472462068
-0.010395839340277884 0.023067497731538874
-0.005332008493971527 0.18752760943788585
0.0 0.0
0.00428470129750142 0.21246373165156718
0.01706330746047591 0.23983504443599915
0.03368232630870886 0.26986445179035573
0.05492695139214519 0.30270741339656665
0.0675488972557975 0.3201981816629334
0.08164895276406 0.33838650777998286
0.09732908802855388 0.3572401861360523
0.11468570348187689 0.37670919729535685
0.13379836305056886 0.39672055450848515
0.15472430766330664 0.41717681077367985
0.17749321237914042 0.43795514347382103
0.20209710871144332 0.45890675266426767
0.22848510512610962 0.47985906301164993
0.2565577323555748 0.5006197213000017
0.28616616280259394 0.5209823734945639
0.31711076837478497 0.5407350403205902
0.34914654431128844 0.5596700931785453
0.38199313747910507 0.5775928982827486
0.4153446314284297 0.5943333126495418
0.4488848231060063 0.6097508570719238
0.4823008527872619 0.6237436761203671
0.5152974978964482 0.636248534663065
0.547608092477859 0.6472408879198144
0.5790037588810386 0.656733410811166
0.6092972761036023 0.6647690022927462
0.6383462362230482 0.6714168761850251
0.6660489477826089 0.6767628816210058
0.6923450250338327 0.6809072246839414
0.7172060683668098 0.6839546489551347
0.7406348719408519 0.686013512710282
0.7626553038683844 0.687188704166527
0.7833101307877947 0.6875811545001156
0.8207476070493314 0.6863840658455832
0.8534713303324901 0.6830794303822642
0.8820476940023291 0.6781933673563595
0.9070270481243676 0.6721316866279351
0.928914243779332 0.665198650981351
0.9481504124001414 0.6576153613242648
0.9728535317124293 0.6453523033564597
0.9934825792095537 0.6323049983741653
