# CURVE 2D, normalized by CHORD
# COLUMN#1 = X-coordinate, COLUMN#2 = Y-coordinate
#-------------------------------------------------------------------------------
0.0 -3.552713678800501e-15
0.0 0.0
0.012150035866480417 0.03251397302175679
0.023862242329606244 0.06378012678032596
0.03559894737928567 0.09503714705762929
0.04736013320617596 0.1262850450836636
0.05914585816446604 0.15752380408396588
0.07095606829433108 0.18875344904765157
0.08279078222171442 0.21997397769998756
0.09465002382455309 0.2511853860989204
0.10653375526159202 0.28238769307228734
0.11844201463976467 0.3135808891936902
0.1303747889649885 0.3447649842579484
0.142332059048847 0.3759399902090473
0.15431388152181572 0.407105890725679
0.1663202066385143 0.4382627091616992
0.17835104930126 0.46941044469038545
0.19040643796879456 0.5005490917986489
0.20248633297745508 0.5316786697456611
0.2145907704263156 0.5627991701503545
0.2267197422967953 0.5939106006067485
0.23887322750707374 0.6250129740953573
0.25105128011761496 0.6561062749551184
0.2632538562115451 0.6871905244812057
0.2754809652960144 0.7182657239364265
0.28773264211500293 0.7493318653076988
0.3000088444325587 0.7803889689264346
0.31230960507484345 0.811437027491802
0.3246349233822927 0.8424760461229859
0.3369847749962509 0.8735060383992518
0.3493592104645929 0.9045269907223559
0.361758194068079 0.935538920929963
0.37418172719504145 0.9665418332375861
0.38662985378375647 0.9975357163754989
0.3991025275620344 1.028520592014303
0.4115997765770029 1.0594964548079815
0.42412161054198466 1.0904633058293869
0.4366680005207836 1.12142116047983
0.449238991417212 1.1523700070536638
0.4618345594431756 1.183309859102167
0.47445469420807845 1.2142407251726313
0.48709945257556053 1.2451625891759268
0.4997687824360952 1.2760754749766912
0.5124627048510363 1.3069793797322664
0.5251812441660944 1.3378742991608816
0.5379243646807609 1.3687602509155379
0.550692103567131 1.3996372265538102
0.5634844533372401 1.430505233245496
0.576301394496728 1.4613642829361202
0.5891429797130109 1.4922143611841927
0.6020091705694973 1.5230554866435517
0.6148999712158241 1.5538876626648472
0.6278154258330712 1.58471087779608
0.6407554895099977 1.6155251531409638
0.6537201886123707 1.6463304838851747
0.6667095377598152 1.6771268694255599
0.6797235069930585 1.7079143251462832
0.6927621371803239 1.7386928411052207
0.7058254142840465 1.7694624271883994
0.7189133229363992 1.8002230934465693
0.7320259179899027 1.8309748249139943
0.7451631575879578 1.8617176413096281
0.7583250489061739 1.8924515447089054
0.7715116351863343 1.9231765242609273
0.7847228729268921 1.9538926003679198
0.7979587874895558 1.9845997683531618
0.8112193962011602 2.0152980269519163
0.8245046687072163 2.0459873914831306
0.8378146430272121 2.07666785301986
0.8511493114812249 2.10733941901801
0.8645086565416206 2.1380021004442282
0.8778927281112031 2.168655883894133
0.8913014947612578 2.1993007853488122
0.9047349527494005 2.2299368108823514
0.918193158531954 2.260563944812096
0.9316760628980866 2.291182209307068
0.945183682864856 2.321791603034195
0.9587160531961132 2.3523921180725442
0.9722731358259201 2.3829837726305834
0.9858549580326765 2.413566561677304
1.0000000000000044 2.4453491418268256
