# CURVE 2D, normalized by CHORD
# COLUMN#1 = X-coordinate, COLUMN#2 = Y-coordinate
#-------------------------------------------------------------------------------
-0.20361744937720444 0.6558955958968515
-0.2034194481694161 0.6921412132366788
-0.20245978703395903 0.6183064025916448
-0.20196294979423976 0.7270323257094096
-0.19984745457401298 0.5793990503966794
-0.1993420474775012 0.7605705461936157
-0.19568278504986486 0.5392166844257933
-0.1956481642500245 0.7927699897854483
-0.19096555543656454 0.8236507494744502
-0.18986778867084012 0.49781920121310025
-0.18537388099924926 0.8532408981928474
-0.18231359347646073 0.4552901156402327
-0.17894845554775668 0.8815762202379663
-0.17293574153000846 0.4117325621739506
-0.17175589941820713 0.9086924175561233
-0.16385922118674637 0.9346317033767856
-0.16166434328527698 0.3672744311687197
-0.15531362220430692 0.9594348569620351
-0.14844145884033963 0.3220652099315757
-0.1461704041760354 0.9831466915114555
-0.1364734829696196 1.005808647817571
-0.1332281974557715 0.2762771534361361
-0.12626332127123271 1.0274649546887367
-0.11600314972865428 0.23010247345545337
-0.11557437543567034 1.0481567466366766
-0.10443659375648902 1.0679238973993428
-0.09677224168772297 0.18375216338476993
-0.0928766711811928 1.0868067730451572
-0.08091631223633054 1.104841745055738
-0.07556380579663845 0.13745095297366727
-0.06857324869779888 1.122062491513356
-0.05586300418856413 1.1385030776872533
-0.052432747025163366 0.09143343164453792
-0.04279677137739043 1.1541928222313533
-0.029383660481592383 1.1691605063198311
-0.027459442498109835 0.045939015487131994
-0.0015390291464728778 1.197031044082735
-1.1102230246251565e-16 0.0
0.0 0.0
0.02765240842779631 1.2222896969162704
0.05820676249339397 1.2450737882553762
0.09017129121700215 1.265480664752984
0.12362199864338957 1.2835653427562317
0.15865986537223797 1.2993408380141227
0.19540803381739225 1.3127762603782593
0.23401158247294387 1.323790765767333
0.254058735687644 1.328351667111465
0.27463180697502404 1.332253422963526
0.29575328308014437 1.3354705258742983
0.3174459025778178 1.3379739517766336
0.3397323248310328 1.339731146423877
0.36263817360872247 1.3407016524251165
0.38618477415430447 1.3408457563248235
0.4103954949911263 1.3401158211827358
0.4352920326567178 1.3384603211498813
0.4608944054478514 1.3358231368647122
0.4872214200634839 1.3321419795023357
0.5142879267945677 1.3273513448807657
0.5421054251976366 1.3213807302203648
0.5706819538136488 1.3141534314968
0.6000181202959997 1.3055918885615883
0.63010916360443 1.2956130252462792
0.6609420354572229 1.284131913435068
0.6924946376844093 1.2710618871355774
0.7247346767114955 1.2563151409628048
0.7576166902085684 1.239808665927393
0.7910828560564093 1.2214610796715701
0.825060537343042 1.201198476825862
0.859462308585454 1.1789529444386464
0.8941837491124757 1.1546726526792606
0.9291046880148658 1.1283185041149384
0.9640888212819302 1.099868298904344
0.9999999999999998 1.068402492516965
