# CURVE 2D, normalized by CHORD
# COLUMN#1 = X-coordinate, COLUMN#2 = Y-coordinate
#-------------------------------------------------------------------------------
0.0 0.0
0.026258172601567865 -0.008149411798068877
0.051984297573078306 -0.016212288848177277
0.07768821044183456 -0.024346135501729885
0.10336978618104896 -0.03255088321498775
0.12902889129633682 -0.04082649065531479
0.1546653911117226 -0.04917292010214753
0.18027914529428546 -0.057590151266845184
0.2058700282184946 -0.06607811795403688
0.2314379063873718 -0.07463677870625714
0.2569826441112623 -0.083266098568641
0.2825041027051787 -0.0919660513926234
0.3080021557943998 -0.1007365736828139
0.333476669818656 -0.10957762383444596
0.35892750773278964 -0.11848917034297166
0.38435453302984834 -0.12747117984758288
0.409757618273192 -0.1365235921686271
0.4351366297884369 -0.14564636553216018
0.46049142877722393 -0.1548394728681552
0.48582188163517787 -0.16410287167578863
0.5111278594385151 -0.17343650598628357
0.5364092283770122 -0.18284033384313808
0.5616658473090457 -0.192314333846262
0.5868975865323278 -0.2018584518804634
0.6121043150994953 -0.21147263736243022
0.6372858990513082 -0.22115684814169603
0.6624421941834211 -0.2309110699949072
0.6875730759507619 -0.2407352341670291
0.7126784107324444 -0.2506292969134327
0.7377580616182436 -0.26059322322987644
0.7628118887434214 -0.2706269857437121
0.7878397660163784 -0.28073051960248563
0.8128415590956468 -0.290903782250603
0.8378171266807248 -0.30114674924080054
0.8627663364855098 -0.3114593717980797
0.8876890584577869 -0.32184159516454175
0.9125851577981839 -0.3322933770922682
0.9374544883400877 -0.34281470423342986
0.9622969268121746 -0.35340550361405987
0.9871123383743587 -0.36406573219321053
