# CURVE 2D, normalized by CHORD
# COLUMN#1 = X-coordinate, COLUMN#2 = Y-coordinate
#-------------------------------------------------------------------------------
0.0 0.0
0.009775671717375499 0.06909599572971215
0.019319880748421014 0.1356843234638974
0.028980834900768446 0.2022429289802092
0.03875757285487776 0.2687654205945183
0.04864917669112813 0.33524538353082883
0.05865442357769075 0.401676529853762
0.06877243322148516 0.46805242822474863
0.07900195202508445 0.534366832080706
0.08934184120683672 0.6006134583557942
0.0997910740751778 0.6667859486452345
0.11034827255566561 0.7328782001425873
0.12101231341015566 0.7988839448324127
0.13178196436771025 0.864797002737556
0.1426558382431741 0.9306113587003864
0.153632727792044 0.9963208474305121
0.16471130708760037 1.0619194307525088
0.17589013424233577 1.127401230937708
0.1871678625663368 1.192760291793087
0.19854319940302678 1.2579905944789151
0.21001459536120173 1.3230864889275638
0.22158061415735478 1.388042215134992
0.2332398056836723 1.4528520614747862
0.24499078312699335 1.517510231243732
0.25683194112379143 1.5820113246702725
0.2687617651824111 1.6463498379083334
0.28077872324440556 1.7105203365949309
0.29288126648263196 1.774517458161281
0.3050678301166414 1.8383359141369264
0.3173368345155117 1.9019704917314808
0.3296867106190328 1.9654159956901713
0.34211581366259924 2.028667459502255
0.3546225236218125 2.0917199163572064
0.3672052087773696 2.154568484439801
0.379862226588547 2.2172083689654647
0.3925919398866249 2.279634817141934
0.4053926965563251 2.3418431774789767
0.41826281185792835 2.403828967371983
0.4312006083804429 2.465587755925988
0.4442044023302217 2.5271152086568196
0.45727250445046 2.588407089247939
0.47040323710317544 2.6494591965354957
0.48359496977832656 2.710267206337267
0.49684592564266555 2.770827473839097
0.5101544021249848 2.8311361677985487
0.5235188048988436 2.891189040295977
0.5369373420485486 2.950982842909421
0.5504083442482038 3.010513874185736
0.5639301551167305 3.069778445321589
0.5775010216188948 3.1287735005400883
0.5911193285269385 3.187495336662979
0.6047833344051715 3.245941094061766
0.618491382837756 3.3041075463668537
0.6322418266380263 3.361991514128283
0.6460329453721788 3.4195904637765056
0.6598631161862806 3.4769013364528973
0.6737307039182736 3.5339212771585093
0.6876340269651354 3.5906479685752535
0.7015714567722937 3.647078854990789
0.7155413723729253 3.703211484125137
0.7295421611296613 3.759043507690989
0.7435722194841649 3.814572681948264
0.7576299536964415 3.8697968681808184
0.7717137805855147 3.9247140331430947
0.7858221282630043 3.979322249444248
0.7999534368682552 4.033619695904638
0.8141061592922649 4.087604657836272
0.8282787619054265 4.1412755273062976
0.8424697252738568 4.194630803326029
0.8566775649835107 4.247668674664922
0.8709007840778357 4.300387897980075
0.8851378949665791 4.352787545681185
0.8993874660760075 4.404865794921679
0.9136480372833317 4.456622027803582
0.9279181933849985 4.5080549461140045
0.942196521285178 4.559163798668335
0.9564816373061903 4.6099473868739995
0.9707721579442983 4.660405503289317
0.9850667375248798 4.710536733424203
0.9999999999999999 4.762548809524535
