# CURVE 2D, normalized by CHORD
# COLUMN#1 = X-coordinate, COLUMN#2 = Y-coordinate
#-------------------------------------------------------------------------------
-5.551115123125783e-17 0.0
0.0 0.0
0.01986718795944099 0.011440128221962036
0.03937894878681615 0.02197869468073014
0.05913576715890232 0.031975040042284186
0.07910774579582758 0.04141645130720809
0.09926457879694253 0.050292029488640665
0.11957572122940523 0.05859288792505705
0.14001069426136148 0.06631178230599297
0.16053919786086657 0.073443292528734
0.18113129109063983 0.07998373372177846
0.20175754321807118 0.08593095945562387
0.22238916662840813 0.09128510843474863
0.2429982306015133 0.09604778154665013
0.2635577082733402 0.100221681314541
0.2840416093849198 0.10381124173198548
0.3044251418216813 0.10682253859375904
0.32468470982422304 0.1092626558948392
0.3447978487194596 0.11113931483024628
0.38450256770114294 0.11324160323362238
0.42338776473918655 0.11321368721851242
0.46132363669988763 0.11115001234308308
0.49820220494105344 0.10715284248773017
0.5339358190177296 0.1013280371511939
0.5684553479603107 0.0937820238528801
0.6017086662826436 0.08462001129324771
0.6336589799818306 0.0739443710508515
0.6642812912853736 0.06185154047208427
0.6935617920461552 0.04843265710132678
0.7214940382119059 0.033771028451518956
0.74807915716277 0.01794371072364246
0.7733215903915023 0.001019116297485777
0.797230285594203 -0.01694062165591405
0.8198143799527127 -0.03588176789444487
0.8410836676298592 -0.05575725763027493
0.861047336637051 -0.07652643309043618
0.8797128518360701 -0.09815465848683873
0.8970840281456416 -0.12061343280645138
0.9131625667235583 -0.1438783111884187
0.9279445314782959 -0.16793006353371623
0.9414230863574985 -0.19275195732241135
0.9535844977259785 -0.21833112571160906
0.9644111911568074 -0.244655761631287
0.9738781447634394 -0.27171613840706615
0.9819557585993132 -0.2995019919646566
0.9886073028976851 -0.3280028502870255
0.9937900032304035 -0.35720636652614984
0.9974553122148593 -0.387097121465371
0.9995478222172608 -0.41765597369572266
1.0 -0.4495109050076359
