# CURVE 2D, normalized by CHORD
# COLUMN#1 = X-coordinate, COLUMN#2 = Y-coordinate
#-------------------------------------------------------------------------------
-0.004522010891164083 0.07477660941629911
-0.004487369429276663 0.09937907154642948
-0.003801123933571426 0.05012181265753398
-0.003702181918558065 0.12388625087401722
-0.002322849496544803 0.025458346842241894
-0.0021735569254091106 0.14825613680210245
0.0 0.0
8.992422259212861e-05 0.1724476514880944
0.003075907704146345 0.19642150167778102
0.006770733629151851 0.22013987977236862
0.011159054545979347 0.24356668175830437
0.016223220130778607 0.26666803848385434
0.0219440092333036 0.2894122933884389
0.02830190272695808 0.311769403439023
0.035275034475264 0.33371233777453063
0.04284105275348135 0.35521618762238
0.05097697134131058 0.37625834779149725
0.059659217486817066 0.39681861991835043
0.06886432239605285 0.4168786846787525
0.07856807122856282 0.43642301814207396
0.08874611056720516 0.45543852885146646
0.09937556790914019 0.47391264866029764
0.110432218554818 0.4918367428473167
0.12189321506539096 0.5092029033733603
0.13373624122958613 0.5260048861093606
0.14593952341655653 0.542238110226145
0.1584819236229654 0.5578995349777519
0.18450316781770118 0.5875017386768026
0.21164722480756262 0.6148106905812855
0.2397753437756313 0.6398399567903411
0.2687634686328612 0.6626123440765994
0.29850087967756156 0.6831592562967721
0.32889061634329353 0.7015146807002742
0.3598480613369476 0.7177133962723263
0.39129950907886124 0.7317896208692932
0.423181293030505 0.7437729127796106
0.4554376637100514 0.7536896282055385
0.4880197881425612 0.76155911231741
0.5208839580760385 0.7673936693898855
0.5539898923059592 0.7711987771747931
0.587299290386629 0.7729713927743795
0.6207741219040324 0.7727000746266954
0.6543749393107957 0.7703650554812657
0.6880591642872379 0.765938611215807
0.721779357612769 0.7593857439268765
0.7554814939035431 0.7506652030300283
0.7891031462079893 0.7397288979738459
0.8225717839274782 0.7265258754605968
0.8558030165457459 0.7110023075684918
0.8886989714687077 0.6931042821506427
0.9211470005983818 0.6727812515342876
0.9530184645272872 0.6499885527619728
0.9841680861258838 0.6246915413102571
1.0 0.6105659595551697
