# CURVE 2D, normalized by CHORD
# COLUMN#1 = X-coordinate, COLUMN#2 = Y-coordinate
#-------------------------------------------------------------------------------
-4.440892098500626e-16 0.0
0.0 0.0
0.08969995557705132 -0.03732089605399613
0.17303960301666715 -0.07423115763606873
0.2557042573331947 -0.1130191715902638
0.3377188240543182 -0.1537220162137165
0.4191154945826443 -0.19635447068717196
0.499916191229306 -0.24096224522133827
0.5801495159233621 -0.28756726808547695
0.6598344436078599 -0.33622313858533126
0.7389944024864432 -0.386964690900903
0.8176481163576176 -0.43984105204702634
0.8958103984395127 -0.4949151388411948
0.9734982563100169 -0.5522353330514603
1.0 -14.831426943809603
1.0507240649329448 -0.611865372652139
1.127497998345813 -0.6738736663908487
1.1857455822618121 -14.514991580975428
1.2038279004724757 -0.7383333106219823
1.27971914239564 -0.8053220900066982
1.3551744674293753 -0.8749224595759201
1.362139480721847 -14.198629142879899
1.4301938255543374 -0.947221505838875
1.504774198981303 -1.0223108848466989
1.5335376763733128 -13.874770408054257
1.5789093141857895 -1.100287435926286
1.6525869636735375 -1.1812695697855384
1.6993700765889985 -13.544135812726875
1.7257960713674219 -1.2653491022718815
1.7985155774791606 -1.352662743455894
1.8590910121355715 -13.207511961928502
1.8707248958566984 -1.4433211442558609
1.9423962976355857 -1.5374571615062462
2.0121867904034407 -12.865743593293264
2.0134970238345318 -1.63520943339766
2.083989086850069 -1.73672124991681
2.1538289693025967 -1.8421401414232321
2.1581845844911096 -12.519725097388504
2.222964916712843 -1.9516309306491402
2.29134097643789 -2.0653495659039742
2.296662872907457 -12.170390152759827
2.3588903279830564 -2.183477505231878
2.425541492785994 -2.30618478230074
2.4272515573686673 -11.818696158758245
2.4912125443693447 -2.4336578800904087
2.5496385441628844 -11.465613230633696
2.555813094738133 -2.5660858885545577
2.6192390242222205 -2.7036804198171405
2.663573405657936 -11.112111527994427
2.681382945783311 -2.8466268542196898
2.7421200984264558 -2.995142059437683
2.7688699100089798 -10.759148595475109
2.8013147471210695 -3.1494420062753656
2.8588202687140605 -3.3097394208220035
2.865407374832793 -10.40765695620113
2.914477180870923 -3.476248485448167
2.9531308244605237 -10.058532195013154
2.9681087470200347 -3.6491952145431537
3.0195253182803756 -3.8287990049821374
3.0320487515856738 -9.712622313138459
3.0685205181245387 -4.01528119096007
3.1022175178649816 -9.370725461352263
3.11487897001928 -4.208841042593745
3.1583590242854718 -4.409698753944545
3.163762084450618 -9.033572021843653
3.1987123892073104 -4.618040669753047
3.2168511510634956 -8.701827616419836
3.235666458347452 -4.834060356302443
3.261694687111492 -8.37608969454337
3.268942709422639 -5.0579134365847365
3.2982366616556438 -5.289758733747862
3.298546874787501 -8.056878860094518
3.323234557903856 -5.529719713752765
3.3276873749878804 -7.744648317442618
3.3436158378949554 -5.777880966237258
3.349427512642455 -7.439774486081919
3.3590349395635495 -6.034317807554214
3.364094397852981 -7.142568286040536
3.3691481809844332 -6.29904801738273
3.372034373303537 -6.853268650338532
3.3735997573099565 -6.5720551640136655
