# CURVE 2D, normalized by CHORD
# COLUMN#1 = X-coordinate, COLUMN#2 = Y-coordinate
#-------------------------------------------------------------------------------
0.0 0.0
0.02360731602831019 0.029268799542699144
0.04743485127837889 0.057092330711091106
0.07186596011572118 0.08399362124889219
0.09677283373073081 0.109863230602488
0.12202588817332544 0.1346078201454034
0.1474967385578905 0.1581515761879145
0.1730610244284087 0.18043655025576824
0.1986008085215016 0.2014228538046699
0.22400656477203068 0.2210876106100424
0.24917886854762278 0.23942480542801725
0.2740292727341561 0.2564423998824522
0.29848050376271207 0.27216003564887653
0.32246742390857824 0.2866097223414852
0.3459359351596476 0.29983108011332044
0.36884276141490824 0.3118705813405912
0.39115521911513557 0.3227806247571182
0.41284898881429444 0.33261540206907475
0.4339090367067106 0.3414328706422968
0.4543267945096235 0.3492904049960534
0.47410003350950797 0.35624533249877405
0.49323257022879374 0.36235487028380364
0.5296097493469254 0.37225425723383027
0.5635587012926945 0.3793980198915417
0.5952181303537658 0.3841541838407294
0.6247458918115018 0.386843184564722
0.6523081712564913 0.38773989206647935
0.678070531402334 0.38707590217063287
0.7021917913197308 0.38504304199962375
0.7248222217001301 0.38179900969550834
0.7461004381478131 0.37747055181134487
0.7661534491847449 0.3721580705903803
0.7941817939940883 0.3625059393024085
0.8200434848253659 0.3509829744326144
0.84401653744476 0.33767739978711436
0.8663266830777601 0.3226039328158555
0.8871474653179592 0.3057084870989812
0.9066025352484504 0.2868724697524937
0.9247653425053205 0.2659145546065212
0.9416525683389426 0.24258416306183803
0.9521824011158336 0.22555707603027486
0.9620945366982637 0.20721943021212355
0.9713398722855376 0.1874396835370132
0.9798494064232849 0.16606898841340176
0.9875305083957522 0.1429399010158036
0.9942633554924263 0.11786733066968037
1.0 0.0900566843015923
