# CURVE 2D, normalized by CHORD
# COLUMN#1 = X-coordinate, COLUMN#2 = Y-coordinate
#-------------------------------------------------------------------------------
-0.10643413774680674 0.2962871996481447
-0.10620743805436952 0.2653106559500287
-0.10497332056349243 0.33049629289543503
-0.10459315103754632 0.23717703516759273
-0.10183160195869882 0.21154209911435196
-0.10145324448926679 0.36837383820753156
-0.09878195953186472 0.38883650553561067
-0.09811396387630578 0.18810456979680573
-0.09541674671191974 0.41039968997982573
-0.09359165801700259 0.16660135947367177
-0.09128606748255097 0.4331270306381745
-0.08630993550966479 0.4570857141440583
-0.08555045322414764 0.13748608832992198
-0.08040310337129684 0.482340519110758
-0.07625271986425877 0.11157389342025235
-0.07347148254576331 0.5089576528383591
-0.06589216837063308 0.08834577595905443
-0.06541664794565326 0.5369974261661578
-0.056131145193346166 0.5665190274830262
-0.05458754339670999 0.06738411287778617
-0.045505058850999903 0.5975711821672597
-0.042399578143840266 0.04835384385931804
-0.033422244657984164 0.6301955242007269
-0.029342610456583103 0.030987037662305462
-0.01976527282595928 0.664419845229793
-0.015391719629401019 0.01507162584225964
-0.00441618678629626 0.7002564367558829
0.0 0.0
0.0 1.1102230246251565e-16
0.012738728352696183 0.737696751058721
0.031807442591664334 0.7767095730287635
0.05288528247930063 0.8172350999091897
0.07605271900667199 0.8591835860920735
0.10136624748422439 0.9024299449846965
0.12885785133363062 0.9468149947564551
0.15852350342057395 0.9921416630014814
0.19032523130726778 1.0381794960876676
0.2241818809261876 1.0846656042044194
0.2599713067822897 1.131311489587032
0.29752872219001003 1.1778099787352982
0.3366506175133368 1.2238442059681314
0.37709836576604905 1.269097938780971
0.4186056489533617 1.3132665540702875
0.46088807211013094 1.3560655696579962
0.5036510600954963 1.3972418465756555
0.5466009099955628 1.4365793796071367
0.5894535878112153 1.4739027314587745
0.6319431715298153 1.50908336864357
0.6738284318068998 1.5420361390332216
0.7148967413758267 1.572716660366136
0.7549677179214317 1.6011203540638927
0.7938949726975844 1.6272780396621038
0.8315632704671753 1.6512460142738137
0.8678890574102006 1.6731048715214962
0.9028157414872521 1.692950472089604
0.9363120632960776 1.7108913594869803
0.9683688648862501 1.7270442297982156
1.0 1.741988222733695
