# CURVE 2D, normalized by CHORD
# COLUMN#1 = X-coordinate, COLUMN#2 = Y-coordinate
#-------------------------------------------------------------------------------
-0.002986243859368552 -0.06922430308441326
-0.002876908159732024 -0.04642329947478415
-0.0022391879068101466 -0.09195888484294572
-0.0019086207850669194 -0.023605828210805358
-0.0006428684778008408 -0.11457800801090472
0.0 0.0
0.0 6.938893903907228e-18
0.001793227714967049 -0.1370337772493765
0.005056990999725072 -0.15927968501698284
0.0091341988917612 -0.18127069398656612
0.014006061908902707 -0.2029644717213639
0.019653943261289098 -0.2243200118490624
0.026055192175012502 -0.24529953648992367
0.03318724294671396 -0.2658668698291395
0.041024116961894355 -0.2859895516646034
0.04954025307852405 -0.30563681991449776
0.058708740187639795 -0.32478077417954493
0.06850132308418276 -0.343396728417387
0.07888985657534506 -0.3614622079540431
0.0898459156460456 -0.3789573292236956
0.10134101425715424 -0.39586471482546076
0.11334718122343335 -0.41216890613082463
0.12583654862237725 -0.42785685867747164
0.15215501507203957 -0.45734340503283716
0.18008587677146817 -0.48425745504659573
0.20943079845854948 -0.5085573635971482
0.24000694333419337 -0.5302182577870622
0.2716453907602986 -0.5492313051965115
0.30419250010112675 -0.5655954946426033
0.337508505027857 -0.5793133389418463
0.3714646731150402 -0.5903916949966822
0.40594287400678103 -0.5988322208294594
0.44083152390279934 -0.6046361649086808
0.47602395138050196 -0.6077976232199538
0.5114150883632371 -0.6083043365886442
0.5468984779574351 -0.6061399377300104
0.5823635323497738 -0.6012799648315585
0.6176925090295314 -0.5936971821412578
0.6527575289063786 -0.5833592310524378
0.687418348286312 -0.5702359271341219
0.7215196799869664 -0.5542983457729089
0.7548897120241922 -0.5355252789408922
0.7873388869820998 -0.5139070862710338
0.8186598902445967 -0.48945152725754093
0.8338275503802397 -0.47616762506321286
0.8486278448811201 -0.4621879976942073
0.8630303159185473 -0.4475207315065889
0.8770038213371619 -0.4321761652823903
0.8905167012806965 -0.41616704645743446
0.9035369669892936 -0.3995086675355201
0.9160325098850522 -0.38221897905950575
0.9279713285185052 -0.36431867580007066
0.9393207681383149 -0.345830343845677
0.9500502049736137 -0.32678090853457553
0.9601288809252734 -0.3071992079944628
0.9695271875548949 -0.2871170218838193
0.9782169721713487 -0.26656899861298133
0.986172384285818 -0.24559279360992192
0.9933677154505531 -0.22422762506965838
1.0000000000000002 -0.20172165279668328
