# CURVE 2D, normalized by CHORD
# COLUMN#1 = X-coordinate, COLUMN#2 = Y-coordinate
#-------------------------------------------------------------------------------
0.0 0.0
5.551115123125783e-17 5.551115123125783e-17
0.014569898512778859 -0.019849709679933963
0.029974975825898892 -0.03840173304375994
0.04654787645601439 -0.05611743749059385
0.06429505940438794 -0.07297285186081522
0.08322721867632737 -0.08893680902255943
0.10335767709370067 -0.10397059237070777
0.12470166484290279 -0.11802684951070924
0.14727395648029368 -0.13104975645424108
0.17108863392806853 -0.14297334561499067
0.19615547537789424 -0.15372266505256582
0.22247855410639983 -0.16321310528406643
0.2500539285472819 -0.17135047746295257
0.2788665406813929 -0.1780320249822455
0.30888704333566713 -0.1831479074055248
0.3400687811228873 -0.1865829903105657
0.37234499607152893 -0.18821883073879891
0.40562496201544357 -0.18793857088795268
0.4397927120466407 -0.18562872209071757
0.474704072707936 -0.18118620370783015
0.5101864281476923 -0.17452292838907407
0.5460394312567286 -0.1655705512015683
0.5820368537210632 -0.15428715669374837
0.6179305271087842 -0.1406611597328564
0.6534559885701257 -0.12471684676951598
0.6883393789039037 -0.10651505919653041
0.7223059929533882 -0.0861555593091262
0.7550887097726572 -0.0637744122608724
0.7864366450495033 -0.03954095925204084
0.8161235534459281 -0.013653048935051199
0.8439545110864629 0.013669982457708217
0.869768816796976 0.04219602505088579
0.893445502274995 0.07168622152309093
0.9149010287612425 0.1019041967640584
0.9340896165633717 0.1326219442873687
0.9509986360125412 0.1636257990138339
0.9656461905137429 0.19472033274342035
0.9780740875843461 0.22573125233309566
0.988344204732845 0.25650667597999766
0.9965324341838836 0.28691730029211815
