# CURVE 2D, normalized by CHORD
# COLUMN#1 = X-coordinate, COLUMN#2 = Y-coordinate
#-------------------------------------------------------------------------------
-5.429291783399181 -6.441011623387995
-5.42866383184476 -6.372035722843751
-5.427404282742413 -6.505860377150519
-5.425180685144572 -6.29844028983168
-5.423292534964393 -6.56703200727539
-5.418432368771477 -6.219664533901757
-5.417179110575912 -6.624892877469754
-5.40924958232685 -6.679772228015774
-5.407925414943463 -6.1350699291775115
-5.399660077138965 -6.731970277489675
-5.39305895035857 -6.043917822940935
-5.3885399099065 -6.781758461367425
-5.375983296239016 -6.829364250498303
-5.373086532381572 -5.945332659605074
-5.362066879669785 -6.874997548676114
-5.347135775924049 -5.83835320178659
-5.346840792469248 -6.918837000703087
-5.33035049738796 -6.961059448531401
-5.314111985671835 -5.721823849211256
-5.312616091912736 -7.00181170456121
-5.293643926690885 -7.041227250880983
-5.273427073096481 -7.0794270939793735
-5.272696243333666 -5.594430735576733
-5.2519456080819635 -7.116520647176196
-5.229166703312991 -7.152606604399549
-5.221291566333583 -5.4546718848308045
-5.205044513861111 -7.1877737685306515
-5.179519870551266 -7.222101798984415
-5.157929361568393 -5.3007942312658605
-5.152519788873686 -7.255661846490928
-5.123956815594645 -7.288517048033067
-5.093728241304442 -7.320722861268329
-5.080235871703249 -5.130819363466233
-5.061709367371459 -7.352325516039012
-5.0277578574444535 -7.383364411853471
-4.991723180733394 -7.413873969924171
-4.9852859537135155 -4.942458160267753
-4.953422633302288 -7.443877121232613
-4.912627415373997 -7.473383868660735
-4.869598302837441 -4.733201930168577
-4.869113523172263 -7.502400744195622
-4.82260174994504 -7.530918008004689
-4.772769198867034 -7.558911569759381
-4.728939877045866 -4.5002373341365995
-4.719255337101047 -7.586342173994864
-4.661655915643392 -7.6131522352965
-4.599461640655726 -7.639253713667113
-4.558349733035904 -4.240609511847508
-4.532140515039916 -7.664537052776196
-4.459035590677411 -7.688850523773068
-4.379421764537529 -7.712003571006071
-4.3520219221766006 -3.9512741168274754
-4.292398588748048 -7.733739880719453
-4.196981800102739 -7.753744681609709
-4.103463318800159 -3.629411522205936
-4.091986724174236 -7.771610193462936
-3.976003401571424 -7.786812230947962
-3.8474405185219136 -7.798701768023427
-3.80563424346419 -3.272727806146773
-3.704376456227942 -7.8064423114683406
-3.544592309289988 -7.808985533060697
-3.451502719836349 -2.8800481927131614
-3.365476534753644 -7.805002944872852
-3.1639907918131205 -7.792822370142674
-3.034797611366461 -2.4519699792191636
-2.936628242457983 -7.770348757116246
-2.679382641517872 -7.734971516229857
-2.55125314401792 -1.9916751449006882
-2.3877513946064446 -7.683464632330731
-2.056845283432327 -7.611915113025894
-2.000023834783436 -1.5055809239915843
-1.681537407034096 -7.5156515857304775
-1.3851677823833257 -1.00364810643733
-1.2568460310373668 -7.389282373825468
-0.7785385399268007 -7.226877611092548
-0.7165456681684524 -0.4989661078370497
-0.24394751183912294 -7.022332622594289
-2.220446049250313e-16 0.0
0.0 0.0
0.3468919303302926 -6.770070644852123
1.0 -6.46107853635635
