# CURVE 2D, normalized by CHORD
# COLUMN#1 = X-coordinate, COLUMN#2 = Y-coordinate
#-------------------------------------------------------------------------------
-0.027097014706903417 -0.16830663512860933
-0.026836574186369786 -0.14288061196037757
-0.026054614079187195 -0.19428597979987713
-0.025326312134039644 -0.11798456432404716
-0.023646387164055212 -0.22084022631629233
-0.02261030572692634 -0.0935939967766334
-0.019799315203991 -0.2479880521770936
-0.018720923550016408 -0.06968533005033198
-0.01442946963140424 -0.27574427566235343
-0.01368350788890813 -0.046234766268556285
-0.007513562309661991 -0.023220184489786924
-0.007442518499289039 -0.3041181530732736
0.0 -5.551115123125783e-17
0.0 0.0
0.0012655015595266035 -0.3331114577333947
0.011808175611486003 -0.3627167053466348
0.02430741025305962 -0.3929147769858037
0.038891668497744634 -0.42367234154943123
0.05569334923929015 -0.45493906642816384
0.07484692152261373 -0.48664499751820806
0.09648212979845133 -0.5186971938742669
0.12072084832986987 -0.5509775227123795
0.13385128656979575 -0.5671588393410717
0.14767134169924526 -0.583340286915045
0.16219022384683293 -0.5994991509895008
0.1774172304694431 -0.6156107704107536
0.19335709064137638 -0.6316488158593926
0.2100134789592078 -0.6475851155087571
0.22738700425805392 -0.6633898583169846
0.24547529088543432 -0.6790316943257627
0.26427349285693646 -0.6944776474094005
0.283771896982699 -0.7096939292660236
0.30395817390821245 -0.7246454857052571
0.32481620053145943 -0.7392964760328802
0.3463257484560464 -0.7536106709736037
0.3684624992353878 -0.7675517898831793
0.39119811239177177 -0.7810838476151987
0.4145013605445578 -0.7941705939559177
0.4383354010427821 -0.8067781783646535
0.462661664970522 -0.8188723522728568
0.48743676254439094 -0.8304219545541396
0.512614867039716 -0.8413972671807889
0.5381474785220705 -0.8517708471936667
0.56398387588818 -0.8615176412279835
0.5900711435617495 -0.8706163171809205
0.6163552715469136 -0.8790483035481611
0.6427814316480732 -0.8867983949423689
0.6692945163921871 -0.8938548825697694
0.6958396533081646 -0.9002088151977896
0.7223626669479949 -0.905856227870534
0.748810718127708 -0.9107958869254256
0.7751324928561166 -0.9150292736598393
0.8012790271662523 -0.918562441482704
0.827203725368411 -0.9214037538936403
0.8528625862109248 -0.9235640396287753
0.8782148884595766 -0.9250573977188778
0.90322287826614 -0.9258996759885882
0.9278523999895677 -0.9261092117921659
0.9520729991231011 -0.925706340972291
0.9758564446763787 -0.9247111210444707
1.0 -0.9230814052104039
