# CURVE 2D, normalized by CHORD
# COLUMN#1 = X-coordinate, COLUMN#2 = Y-coordinate
#-------------------------------------------------------------------------------
0.0 0.0
0.02952080498895438 -0.034388942922946204
0.057939154854253716 -0.06801607017288047
0.08605696838869088 -0.1018060098795156
0.11385189465457667 -0.13573050582540228
0.141303101591401 -0.1697608414554189
0.16839037248305838 -0.20386840079000365
0.19509435947550327 -0.2380246235219079
0.2213972749253043 -0.27220108367210827
0.24728215113055663 -0.3063697008686839
0.27273320486308955 -0.34050278540860013
0.2977358876085715 -0.374573146625566
0.3222769295899029 -0.40855419904877727
0.34634437735245455 -0.44242006582635063
0.3699276247206104 -0.47614567889862514
0.39301728801626057 -0.5097068196269571
0.4156048216805364 -0.5430800146186523
0.4376838306934955 -0.5762431113328458
0.45924859573714577 -0.6091747844659111
0.4802944401684398 -0.6418546802325954
0.5008183353605521 -0.674263774977071
0.5208179671375462 -0.706383954920077
0.5402926425714432 -0.7381985484998531
0.5592426446253999 -0.7696920310442463
0.5776684574518667 -0.8008495282996884
0.5955725418104378 -0.8316579763345551
0.6129578222796567 -0.8621051974969581
0.6298280745192857 -0.8921801590799667
0.6461880187742003 -0.9218730712754095
0.6620422446143195 -0.9511745690942408
0.677397648904083 -0.9800776337489042
0.6922604038520193 -1.0085752388172573
0.7066374631789571 -1.0366615152648142
0.7205364100084423 -1.0643316542765755
0.7339655350100003 -1.0915820036994117
0.7469336115162023 -1.1184098945880148
0.759448649345251 -1.1448124572469038
0.7715202197185643 -1.1707887893748445
0.7831576301241907 -1.1963382628049777
0.7943704697612414 -1.2214610282748688
0.8051678889425185 -1.2461572671767962
0.8155603990992084 -1.2704290500064945
0.8255571960579455 -1.2942775456462627
0.8351687026656569 -1.3177056941780168
0.844404754830687 -1.3407162701368822
0.8532754018811444 -1.3633127353559311
0.8617900987928035 -1.3854983049259715
0.8699592674535426 -1.4072777472694378
0.8777921123116378 -1.4286548245472208
0.8852987513955356 -1.4496348011976414
0.8924886153867195 -1.4702225242408116
0.8993712002771225 -1.4904233163537295
0.9059556144893209 -1.5102423961362381
0.9122509219872974 -1.5296852939250236
0.9240105370255852 -1.5674666231003218
0.9347192523698027 -1.603814462368387
0.9444438846055393 -1.6387782166077898
0.9532474446679473 -1.6724071716042312
0.9611901103894843 -1.704751454617964
0.9683290432295424 -1.7358614402602424
0.9747174009626061 -1.7657858071946129
0.9804062963746455 -1.7945742543488785
0.9854423773408995 -1.822273227966739
0.9898707679355881 -1.8489304240355302
0.9937327103363213 -1.8745905093184034
0.9970670783903676 -1.8992973523393961
1.0000000000000004 -1.9238995646072157
