# CURVE 2D, normalized by CHORD
# COLUMN#1 = X-coordinate, COLUMN#2 = Y-coordinate
#-------------------------------------------------------------------------------
0.0 0.0
5.551115123125783e-17 0.0
0.0330830821903466 0.014042306917982247
0.06540728750400826 0.028180449959964562
0.09753597242089838 0.042648886436870426
0.12944592943492417 0.05743570394556116
0.16111444079772322 0.07252853386844056
0.19251931751142767 0.08791457849633216
0.2236393177447564 0.10358030848024462
0.25445363845894203 0.11951209675775153
0.28494265074276587 0.1356956509222927
0.3150874246830719 0.15211654431430005
0.3448699304116019 0.16876011335988012
0.3742732549234666 0.18561142203205713
0.40328143506474395 0.202655448430478
0.43187952784154127 0.21987710520980455
0.46005382245848925 0.23726122496708268
0.48779149314016457 0.25479275637816134
0.515081009370086 0.27245666914962696
0.5419117682059656 0.2902381234150436
0.5682743186310772 0.3081224415863873
0.5941603725825142 0.3260951589136417
0.6195628108816184 0.34414207281255893
0.6444752424576942 0.36224933214101834
0.6688926945948656 0.38040337606091945
0.6928109842231571 0.39859104174491505
0.716227011417894 0.4167995567792855
0.739138437436112 0.43501657386867054
0.7615441545428735 0.45323018479383537
0.7834435876406407 0.47142894032063104
0.8048371111026564 0.489601860363224
0.8257260236374733 0.5077384599375064
0.8461121978705278 0.5258287367789355
0.8659982684218396 0.5438631901813455
0.8853874222995669 0.5618328055935129
0.9042836058219428 0.5797290877867426
0.9226911641359633 0.5975440144002582
0.9406151086845856 0.6152700801142434
0.9580607263309878 0.6329002279878998
0.9750338968173046 0.6504279093667739
0.9915409245996362 0.6678470563072267
