# CURVE 2D, normalized by CHORD
# COLUMN#1 = X-coordinate, COLUMN#2 = Y-coordinate
#-------------------------------------------------------------------------------
-0.0672324462041972 -0.4377839519459986
-0.06710622324828411 -0.4112052235957666
-0.06686599431031436 -0.46445304065417914
-0.06648972860013203 -0.38472086841172487
-0.06600304703952117 -0.49120858960157693
-0.06538746300073969 -0.35833433978294005
-0.06463967635359595 -0.5180465356999611
-0.06380105416351828 -0.3320495330634333
-0.06277294206910072 -0.5449624840877029
-0.06173493239698186 -0.3058696237865257
-0.06039851175225576 -0.5719520731105656
-0.05919060648969533 -0.2797983022775821
-0.05751227821189874 -0.5990106966487468
-0.05617178962165582 -0.2538386505105656
-0.0541108229622592 -0.6261334571496467
-0.052680434602442455 -0.22799405491613708
-0.050190005751594 -0.6533153417292368
-0.048718994530392024 -0.20226769442767398
-0.04574563036668536 -0.680551115893709
-0.044290335743933686 -0.1766625494047668
-0.040773362140922816 -0.7078353201277725
-0.03939521117064471 -0.15118208452848367
-0.03526887701326598 -0.7351622442423994
-0.034036893470129705 -0.12582902562863213
-0.029228199335154335 -0.7625259009477693
-0.028216748760983016 -0.10060655305396894
-0.022647051387839276 -0.7899200675118245
-0.021935951822748812 -0.07551786782370917
-0.015521171896297217 -0.8173382485618074
-0.015196874050520904 -0.050565780093731784
-0.008000310661904035 -0.025753537000976223
-0.007846045451711726 -0.8447736725369418
0.0 0.0
0.0 1.1102230246251565e-16
0.0003825127601960488 -0.872219261472564
0.00916849253080631 -0.8996676401801671
0.01851591595940979 -0.9271111326298515
0.028428696605997145 -0.9545417521310536
0.03891187410281718 -0.9819511313932159
0.04996807124600715 -1.00933065954915
0.06160140233715206 -1.0366713246771242
0.07381560326591664 -1.063963766907002
0.08661368433889649 -1.0911983253484188
0.09999883806673837 -1.1183649584093454
0.11397444345045092 -1.145453202213974
0.1285424105363637 -1.1724524074063594
0.14370527404089045 -1.199351452531595
0.1594657188798237 -1.2261387544802484
0.17582497748014975 -1.2528025811726253
0.1927843598841381 -1.279330782606104
0.21034486676827624 -1.3057108492988574
0.22850704853752662 -1.3319299442069226
0.24727097947009194 -1.35797491497699
0.26663633396698677 -1.3838322739342757
0.28660271586770414 -1.409488074715459
0.3071681343965646 -1.4349284486578977
0.3283305067404832 -1.4601391283717375
0.35008797723964913 -1.4851052594173768
0.3724370325424299 -1.5098121775603888
0.3953738664438151 -1.5342448889780265
0.4188944325929881 -1.558388012465855
0.4429934688188516 -1.5822262723113802
0.4676649756844198 -1.6057443231433777
0.4929034422888037 -1.6289260086743589
0.5187008853062868 -1.6517561400950747
0.5450495646670349 -1.674218932961748
0.5719409730846755 -1.6962986039965293
0.5993660614476093 -1.7179792264964628
0.6273145186223393 -1.7392453175688984
0.6557754324038703 -1.7600814062352583
0.6847372227185616 -1.7804721018656373
0.7141875486054924 -1.8004022089142382
0.7441133182714671 -1.8198567669687533
0.7745007350132309 -1.838821053630653
0.8053354756916252 -1.8572804174863797
0.8366020615309874 -1.8752210677442793
0.8682845450916854 -1.8926293820632736
0.9003663233587351 -1.909492169089352
0.9328301653417718 -1.9257967049128288
0.9656586232308387 -1.9415301277070645
0.9999999999999976 -1.9572012333838043
