# CURVE 2D, normalized by CHORD
# COLUMN#1 = X-coordinate, COLUMN#2 = Y-coordinate
#-------------------------------------------------------------------------------
-1.2068067275779053 -4.597327936291566
-1.2060034624644398 -4.423744095904657
-1.2032446532518368 -4.7612679841961905
-1.2003073919031262 -4.240087207737834
-1.1957956990630387 -4.91600338613141
-1.1891626584425246 -4.0459919509736855
-1.184904709839851 -5.062007040638436
-1.1719723106002125 -3.841140241603957
-1.1709707017991116 -5.199745099848181
-1.1543544226694369 -5.329683241354841
-1.1481166486717382 -3.625304437117792
-1.1353803359882386 -5.452281363300967
-1.1169599562486663 -3.398363634835894
-1.1143363255446253 -5.567980475796623
-1.0914795497537635 -5.677209939283375
-1.0778631697704295 -3.160327663195088
-1.0670358020445878 -5.780373650138491
-1.0412061095489369 -5.877863727359949
-1.0301996288911108 -2.9113617552866082
-1.0141637125638583 -5.970036882248281
-0.9860617727064688 -6.057235611653112
-0.9733813164174541 -2.65181871893965
-0.957035535978081 -6.139790904863375
-0.9271988444415733 -6.217994119875005
-0.906882806286447 -2.3822594715280783
-0.8966519161237624 -6.292126874329523
-0.8654814406822229 -6.3624552036116935
-0.833759963290087 -6.429216542355338
-0.8302557448368765 -2.1034593383301314
-0.8015494922877376 -6.492633660022002
-0.7689031012202767 -6.552919386508853
-0.743168888246952 -1.8164321962836603
-0.7358644349281717 -6.610266598378056
-0.7024694466792162 -6.664854212076708
-0.66874680208984 -6.716844574624335
-0.6454364147639031 -1.5224296237383808
-0.6347195005847337 -6.766391299002656
-0.6004053807890442 -6.813639024691555
-0.5658165240998263 -6.858714728582823
-0.5370276205877627 -1.2229209415186586
-0.5309615629932545 -6.9017427418396915
-0.4958436023874861 -6.942826311433169
-0.46046400569109197 -6.982073771257127
-0.42481994485565666 -7.0195782652336325
-0.41810272756466843 -0.9195798953254046
-0.38890576158369655 -7.055426368063927
-0.35271234290315245 -7.0896937694161855
-0.31622895516574406 -7.122455103897581
-0.28901366296285214 -0.6142416517057893
-0.2794429531037602 -7.153780200144833
-0.24233699645924595 -7.183722129977347
-0.20489499247934706 -7.2123430404091975
-0.16709501491752482 -7.239685024944833
-0.1503091136398536 -0.3088569075202189
-0.1289171928455667 -7.265799677029909
-0.09033558828000358 -7.2907203387792405
-0.05132508438463157 -7.314484548119307
-0.011858550208767589 -7.3371244579996375
0.0 0.0
0.0280951917426141 -7.358662983620741
0.0685683925789329 -7.379121467334092
0.10959354977966479 -7.3985204258988855
0.1512066026369322 -7.416873211869128
0.19344939680778261 -7.434183259475315
0.2363590865652148 -7.4504613733178235
0.27997838735950725 -7.465708465896545
0.32435750417612014 -7.47991463027876
0.3695390352120391 -7.493079437849896
0.415579246144832 -7.505183651705438
0.4625268296444226 -7.516216283640805
0.5104460704198969 -7.526146760687386
0.5593922976681617 -7.534953332829065
0.6094307626507406 -7.542601336467334
0.6606304660233507 -7.549050323627252
0.7130640598553262 -7.554253919494562
0.7668078012155152 -7.558159573359783
0.8219414627215346 -7.560708315044366
0.8785512226220813 -7.561831625234697
0.9367306130534758 -7.561450201371508
1.0 -7.559321698420701
