# CURVE 2D, normalized by CHORD
# COLUMN#1 = X-coordinate, COLUMN#2 = Y-coordinate
#-------------------------------------------------------------------------------
0.0 0.0
0.02695991729296218 -0.027738555209573686
0.053358654385455034 -0.05498227790596332
0.07971357666429191 -0.08226260949782294
0.10602317244330992 -0.10957802539761648
0.13228600696431578 -0.13692694241641995
0.15850058355903682 -0.16430782299899824
0.18466548489928938 -0.19171907838243
0.21077923397472248 -0.21915915826176652
0.23684042859592463 -0.24662647182448671
0.26284761755686037 -0.27411945623127126
0.28879941005499166 -0.30163652184110684
0.3146943886016199 -0.32917609377627527
0.3405311679587333 -0.35673658647908923
0.36630837440623326 -0.38431641401054456
0.39202462012576705 -0.4119139971989464
0.4176785778376252 -0.4395277430086018
0.44326887568774315 -0.4671560733830455
0.4687942008833295 -0.49479739959811647
0.49425324530602477 -0.522450137143196
0.5196446710276459 -0.5501127090679313
0.5449672196389468 -0.5777835306051393
0.5702196163376053 -0.6054610245881515
0.5954005783970554 -0.6331436177028108
0.6205088702793579 -0.6608297370293128
0.6455432697907707 -0.6885178142283209
0.6705025600709533 -0.7162062855835228
0.6953855344354846 -0.7438935915469888
0.7201909988326363 -0.7715781767414744
0.744917800929208 -0.799258492224173
0.7695647884224706 -0.8269329944280313
0.7941308258127466 -0.8546001458533105
0.8186147946704214 -0.8822584154791551
0.8430155939109428 -0.9099062791888421
0.8673321400566656 -0.9375422201849332
0.8915633675024794 -0.9651647294134654
0.9157082287578715 -0.9927723059660517
0.9397656947021762 -1.0203634575016531
0.9637347548212778 -1.0479367006518845
0.9876144174436348 -1.0754905614301684
