# CURVE 2D, normalized by CHORD
# COLUMN#1 = X-coordinate, COLUMN#2 = Y-coordinate
#-------------------------------------------------------------------------------
0.0 0.0
0.0 5.551115123125783e-17
0.012981895353750047 0.018832309117123698
0.026679866522341424 0.03653905121050677
0.04139392217344589 0.05356664768914812
0.057131794280128344 0.0698980534335188
0.07390301142754391 0.08551230950916663
0.09172076062684391 0.10038228999994203
0.11060001008786798 0.11447494340519372
0.1305564675692965 0.1277509634412093
0.15160692481615012 0.14016330453666437
0.17376561124646012 0.1516587816987402
0.19704492243804336 0.1621762341085061
0.22145375716863963 0.1716464049669836
0.24699386562598513 0.1799938726167088
0.27366026912716723 0.18713519887727573
0.30143719455633544 0.1929816125009373
0.3302970045288402 0.19743890196759845
0.3601976232610161 0.20040915023138994
0.39107967683984524 0.20179370772748473
0.42286520474323225 0.20149460441452408
0.45545556275561605 0.19941800395205359
0.48872977224689107 0.19547907251970634
0.5225450791098809 0.18960315471419242
0.5567364256452613 0.18173284446609062
0.591118684885175 0.17182917796805786
0.6254889542591036 0.15987727153512032
0.6596306670445652 0.1458886685209045
0.6933184343888495 0.12990291527399805
0.7263239589057422 0.11198916137234936
0.7584221795047364 0.0922450457558612
0.789397762272723 0.07079515304598885
0.8190511712594317 0.047787732632680734
0.8472040484859252 0.02339039045155279
0.8737026109373894 -0.0022155813747337877
0.8984226231008573 -0.028839356697750302
0.9212681365217039 -0.056287981082680044
0.9421734250255653 -0.08437046131370551
0.9611010140054155 -0.11290290023217799
0.9780395189923734 -0.14171230548450872
0.9930001393295497 -0.17063953349269775
