# CURVE 2D, normalized by CHORD
# COLUMN#1 = X-coordinate, COLUMN#2 = Y-coordinate
#-------------------------------------------------------------------------------
0.0 0.0
0.05730495837690869 0.03359247426043269
0.11231195627087956 0.06748514518539443
0.1663953219591243 0.10245136491513063
0.21945168296490766 0.1384108433487578
0.2713837076131962 0.1752797888095828
0.3221028088213159 0.2129703255657414
0.37152831596269725 0.25139280648818496
0.4195868894571424 0.29045695880320493
0.46621607053436304 0.33007128248681883
0.5113617253484926 0.3701453012278192
0.5549789062762455 0.4105899092809875
0.5970322814437771 0.45131804651325913
0.6374947264026385 0.49224558653499817
0.6763488621250953 0.5332916868643329
0.7135836957986 0.574379503871799
0.7491979911462502 0.6154364330108086
0.7831953368026441 0.6563944195790175
0.815589166745401 0.6971905111475907
0.8463944709244842 0.7377662820691305
0.8756350085168749 0.7780687658998369
0.9033362394199708 0.8180495101980179
0.9295310028050526 0.8576657649744626
0.9542514424886439 0.89687863636645
0.9775357344449147 0.9356547480988673
0.999422054324792 0.9739645470655733
0.9999999999999998 2.3462740959509385
1.0135879682300828 2.328565758083067
1.019951382928531 1.011783053819206
1.0260285528600608 2.3115817882123313
1.0380548121236857 2.294392390533393
1.0391653996243162 1.0490890959771417
1.0496725583182709 2.276994306007346
1.0571071232846627 1.0858654473117844
1.0608869110712302 2.259383834878386
1.0717022934334621 2.2415568471976353
1.0738198157560923 1.1220983004428213
1.0821223786983507 2.2235087641561853
1.0893450500724504 1.1577761903004176
1.0921497742927184 2.2052343777031216
1.101787281379031 2.1867286002561794
1.1037276511138563 1.1928922177697259
1.1110365123813797 2.1679856863568867
1.117008892365596 1.227440673440988
1.1198983580898898 2.148999505492823
1.1283729809255703 2.12976355063532
1.129230290532052 1.261418680840375
1.136459807396554 2.110270947271179
1.1404333277878655 1.2948260088429182
1.144157519761246 2.090514463204279
1.1506576826652712 1.3276639587823853
1.1514640469538255 2.070486519404067
1.1583765548666292 2.050179202173823
1.1599421881547423 1.3599357375336412
1.1648914361218758 2.029584276900541
1.1683232776574644 1.3916453555376864
1.1710042994994876 2.008693203635701
1.1758371789179751 1.4227988285234807
1.1767093766315764 1.9874967119260438
1.1820005500477577 1.9659855920287215
1.1825186823826803 1.4534033130193764
1.1868714108029312 1.9441507967822926
1.18840207814665 1.4834676184421767
1.1913137883695861 1.9219823398600018
1.1935168605315072 1.5129991015924351
1.1953179004867271 1.899469417011091
1.1978949808425499 1.5420085345585193
1.1988752596123264 1.8766027462130426
1.2015646998758354 1.570505739537778
1.20197355682094 1.8533705680594887
1.204553246595548 1.5985013090402067
1.2046016299879398 1.8297626281492427
1.2067465920317202 1.8057679489422533
1.2068867588448844 1.6260064781363543
1.2083940076608328 1.7813750184340096
1.208588912027007 1.6530319805235976
1.2095284080114184 1.7565722633293566
1.2096832809954823 1.6795897364984462
1.210133286850513 1.7313481111198308
1.2101911017868572 1.7056910571705262
