# CURVE 2D, normalized by CHORD
# COLUMN#1 = X-coordinate, COLUMN#2 = Y-coordinate
#-------------------------------------------------------------------------------
0.0 0.0
2.220446049250313e-16 0.0
0.013597201671265277 -0.03354986419855418
0.027695922278226124 -0.06612827400448254
0.04254509048448805 -0.09837129706409226
0.058136427802026935 -0.13026167245454187
0.07446151529175887 -0.16178222187215102
0.09151171910931413 -0.19291586595260077
0.10927776158774816 -0.22364586340862422
0.127749913408797 -0.25395574129447207
0.14691818948000682 -0.2838291895659396
0.16677251094401527 -0.3132499414385217
0.1873018571859087 -0.3422023549137145
0.20849512083827593 -0.3706708719278079
0.23034093441373363 -0.39864012249979963
0.2528275708713106 -0.4260950033912016
0.275942686783263 -0.4530209187333822
0.2996737867445904 -0.4794034209685184
0.32400820919986545 -0.5052282016014643
0.3489327139437796 -0.5304814869215141
0.37443374709095656 -0.5551498295017506
0.400497533427466 -0.5792200225581919
0.42711020884084977 -0.6026789406560304
0.454257193227518 -0.6255142638996118
0.4819238215735689 -0.6477138045732415
0.5100952025547152 -0.6692656591777281
0.5387562608306685 -0.6901581507525066
0.567891371118517 -0.7103803594484488
0.5974848289241699 -0.7299215120371927
0.6275207517411314 -0.7487711027895617
0.6579829998283748 -0.7669190237721224
0.6888550576327294 -0.7843558108625303
0.7201203105432363 -0.8010722067721282
0.751762008375103 -0.8170592034266261
0.783763131931655 -0.8323083139413465
0.8161064024483207 -0.8468116186611875
0.8487744432261662 -0.8605614490363723
0.8817497706927288 -0.8735503843686961
0.9150146670472127 -0.8857715862973015
0.9485512267401315 -0.8972187584135404
0.9823414635343063 -0.9078858787922105
