# CURVE 2D, normalized by CHORD
# COLUMN#1 = X-coordinate, COLUMN#2 = Y-coordinate
#-------------------------------------------------------------------------------
0.0 0.0
0.04147444958118056 0.0022685681594927605
0.0810869157703555 0.005606613534498202
0.12062752684049204 0.010088556973672863
0.1600830041196111 0.015715839203256365
0.1994397718088297 0.02249063422307753
0.23868387102922237 0.03041581872369676
0.27780087498041356 0.03949493369775071
0.3167758054928845 0.04973213813920294
0.3555930249222232 0.061132331875263034
0.39423599414559235 0.07370201762889257
0.4326877354548067 0.08744572901037156
0.47093024847080406 0.10236950062169888
0.5089445958071108 0.11847962956386697
0.5467102390828943 0.13578524840405637
0.5842064579733486 0.15429114651092943
0.6214109114512341 0.17400441929437901
0.6582995439470767 0.19493377986043786
0.6948480247354311 0.21708383373441628
0.7310296356733378 0.24046264219271388
0.7668167501536106 0.2650759440434175
0.8021805783467898 0.2909281584509775
0.8370903759584768 0.31802440455487824
0.8715136285449824 0.3463694137899539
0.9054170072393989 0.3759649926840094
0.9387655048404849 0.40681220150296454
0.9715224222423051 0.4389110790848743
1.0036492729020776 0.47226054999230044
1.0351071068498483 0.5068558086680423
1.0658554496603942 0.5426905000208837
1.0958513096041598 0.5797580417758175
1.1250521969487286 0.6180466011300803
1.153413306619173 0.6575436514037293
1.1808905029786754 0.698231617672221
1.2074364641412096 0.7400930839814024
1.233005603161459 0.7831044051488857
1.2575513684775632 0.8272394371885166
1.281026857287227 0.8724687667847828
1.3033854311805944 0.9187591750944254
1.3245809911404853 0.9660735764970748
1.344568262467922 1.014370988768445
1.3633010129890744 1.0636079629397428
1.380737976415418 1.1137344690451363
1.396837755160476 1.1646981052295362
1.4115584011512705 1.2164440251857582
1.4248655453264887 1.2689108008065504
1.4367212210641958 1.3220366619981974
1.44709585949789 1.3757539585962686
1.4559599565042618 1.429993425784931
1.463286608617449 1.4846830827702526
1.4690557923772183 1.5397475882792253
1.4732493422259767 1.5951101419076101
1.4758522710801174 1.6506922434205784
1.4768547947208666 1.7064138069377977
1.4762522968179788 1.762193841819363
1.474043598855933 1.81795098995843
1.4702319326523705 1.8736038437177396
1.4648239947242307 1.929071240494227
1.4578317781394845 1.9842728812933503
1.4492722411658243 2.039129954208233
1.4391656465509626 2.093565251575168
1.4275350841029717 2.14750324285201
1.414408068124643 2.200870926720045
1.3998172867656777 2.253598858270357
1.3837953212796614 2.3056191712117364
1.3663803676306543 2.356868547833811
1.3476118659485616 2.40728651660582
1.3275321656193793 2.4568166640005447
1.3061842687378877 2.50540542292875
1.283615193267331 2.5530049483715396
1.259871415323667 2.5995699794557408
1.2349996282142495 2.645058293945702
1.2090496133510908 2.6894338871736223
1.1820702666667209 2.732663475357017
1.1541106975016853 2.774717654638052
1.1252197612845165 2.815570535928145
1.095445420370915 2.8551989471756194
1.064836667476513 2.8935854062591595
1.0334409986129023 2.9307148488360704
1.0000000000000009 2.9679840274947002
