# CURVE 2D, normalized by CHORD
# COLUMN#1 = X-coordinate, COLUMN#2 = Y-coordinate
#-------------------------------------------------------------------------------
0.0 0.0
0.030351375450353386 0.006543538377890751
0.06010395176922499 0.01315544041856815
0.0897796505759529 0.01994597266554324
0.11936031898666274 0.02691041496739279
0.14882802775347415 0.03404377417648445
0.17816517948615718 0.04134073088835677
0.20735448642787943 0.04879576057390755
0.2363790530109162 0.05640309868382428
0.2652224731576774 0.06415672755342831
0.29386877899249964 0.072050479854167
0.32230252816715205 0.0800780137939947
0.3505088465771028 0.08823283463020659
0.37847346898154977 0.09650831686134351
0.4061827773669623 0.10489772701403964
0.43362375608593545 0.11339427579672871
0.4607840837048051 0.12199110762806506
0.487652117258454 0.1306813370585262
0.514216981907328 0.13945804886143287
0.540468468682215 0.1483143536260352
0.5663971365224554 0.15724338101781507
0.5919941417634005 0.1662383347660542
0.6172516444545724 0.1752924338498874
0.6421621791409071 0.1843990420308894
0.6667193200571638 0.1935515724859805
0.6909171628393513 0.20274358151380495
0.7147505575710974 0.2119687458991737
0.7382151209541904 0.22122087930591586
0.7613070292325725 0.23049395762827757
0.7840231020846699 0.23978211768468685
0.8063608878703488 0.24907966472613088
0.8283185291568579 0.2583810869045158
0.8498947012213939 0.26768105972703987
0.8710886018463613 0.27697444840032137
0.8919000024916626 0.2862563129571599
0.9123293674005255 0.2955219219261596
0.9323773750259455 0.30476673535526233
0.9520453536719673 0.3139864260119607
0.9713349852460312 0.32317686695966413
0.9902483529592315 0.33233413417293206
