# CURVE 2D, normalized by CHORD
# COLUMN#1 = X-coordinate, COLUMN#2 = Y-coordinate
#-------------------------------------------------------------------------------
0.0 0.0
-1.1102230246251565e-16 -2.7755575615628914e-17
0.011957047759690035 -0.026289709783081098
0.025944909132432255 -0.051248609674236674
0.042225510398273935 -0.07535253932430278
0.06090443593147659 -0.09857986887035408
0.07475562942167387 -0.11355300874676205
0.08978082042992896 -0.12808856185284126
0.10603299334715217 -0.1421527550064151
0.12356767431737334 -0.1557027713641368
0.14244420292583682 -0.1686847289660318
0.16272281205620925 -0.1810331170369387
0.1844610640872423 -0.19267059789313265
0.2077141527199523 -0.20350585449532224
0.23252846508779768 -0.21343476046483897
0.2589407103472212 -0.22233867786768566
0.2869703192085074 -0.23008693399384064
0.31661589000195667 -0.2365374617329467
0.3478493716218118 -0.24153957510530377
0.3806103138487447 -0.24493796128627274
0.4148006204153574 -0.24657798655456595
0.4502809470813996 -0.24631118855087766
0.4868665366985603 -0.24400525930387917
0.5243287014340055 -0.23954958751405425
0.5623963257150185 -0.23286575811294186
0.6007624232123885 -0.22391381325879572
0.6390930549460713 -0.2126980726385483
0.6581362926800095 -0.2062561175208124
0.6770394160417073 -0.1992718206844924
0.6957587172547979 -0.19175925673212654
0.7142515909632597 -0.18373588770545266
0.7324761290255732 -0.17522064705205376
0.7503928370636728 -0.16623626653228207
0.7851540682220889 -0.14695879977557014
0.8182641075105458 -0.12611858095151512
0.8494996080722974 -0.10395138390946718
0.8786880652960907 -0.0807014428702505
0.9057112754669235 -0.05661252930032029
0.93050033552698 -0.03191774938781713
0.9530328493396447 -0.0068334022231347396
0.9733266763322354 0.018446247386225148
0.991430030262951 0.043751985794010656
