# CURVE 2D, normalized by CHORD
# COLUMN#1 = X-coordinate, COLUMN#2 = Y-coordinate
#-------------------------------------------------------------------------------
0.0 0.0
0.07215075517390077 0.1770495148988401
0.14008163665081047 0.34772102839362196
0.2066469908824986 0.518948709623982
0.271847302233612 0.6907289475833575
0.3356811313701909 0.8630589120519312
0.39814680370285715 1.035935857235194
0.45924052343798366 1.2093578618371323
0.5189621117416612 1.3833215498889253
0.5773098478536727 1.5578241450785364
0.6342816254429265 1.732863002175847
0.6898728925119005 1.908436393171388
0.7440835325642073 2.084540845074027
0.796911194147573 2.2611737265739453
0.848352654354107 2.4383327041024474
0.8984039959631932 2.616015662917474
0.9470643281228318 2.7942193130572903
0.9943307686528148 2.9729410795285465
1.0401980829946693 3.1521792071656893
1.0846647899062754 3.3319305069359006
1.127728219228894 3.512192188649984
1.1693832755888307 3.692962286878573
1.2096269659531365 3.8742380168706836
1.2484569720506553 4.056016305021201
1.2858676668877957 4.238295191235025
1.32185585591245 4.421071788658204
1.3564189375321773 4.604342949226431
1.389549981112381 4.788106951253637
1.4212471081016451 4.972360261211425
1.4515057633371349 5.1571001977375905
1.4803196408830808 5.342324583937158
1.5076871030599608 5.528029605112034
1.5336001897151892 5.71421346392817
1.5580568840080153 5.900872319384898
1.5810505845764835 6.0880037451350235
1.6025769843633326 6.275604478593831
1.6226308591838072 6.463671461595628
1.6412065674960599 6.6522016705540485
1.6582992835384893 6.841191728731061
1.6739030513603976 7.03063851021074
1.688012401574338 7.220538633354794
1.7006221487320694 7.410888529134947
1.711725074067684 7.601685122546046
1.7213178569700953 7.792924080057588
1.729390526963391 7.984602891528859
1.735940601436666 8.176716760586832
1.7409604052672982 8.369262270730603
1.744442688728151 8.562235744568254
1.746383018148962 8.755632603600537
1.7467734898107066 8.949449098379382
1.745606830962687 9.14368116132738
1.7428779557277627 9.338324015059683
1.7385798738383023 9.533373257676242
1.732703744772735 9.72882480966119
1.7252438254400058 9.924673653479056
1.7161934041320994 10.120914882672892
1.7055451622138147 10.317543594179707
1.69329170521571 10.514554749846674
1.679424968497749 10.711943309737853
1.663937499904441 10.909703926980995
1.64682241853745 11.107830968894891
1.628072063197206 11.306318820482044
1.6076787136707174 11.505161712726691
1.5856345944417436 11.70435371884781
1.5619318785151088 11.90388875058824
1.5365626913601222 12.103760554503054
1.5095191149650717 12.303962708321405
1.4807931920120652 12.504488617306247
1.450376930160144 12.705331510706454
1.4182623064500897 12.906484438202494
1.3844405546948246 13.107940390087721
1.3489033888711444 13.309692071604042
1.3116434007873858 13.511731848404734
1.2726524880666814 13.714052013931365
1.2319225415213586 13.916644665064277
1.189443870933925 14.119501929446644
1.1452085856533756 14.322615445393817
1.0992096804121292 14.525976531075013
1.0514378284215713 14.72957662167718
0.9999999999999973 14.941022138741973
