# CURVE 2D, normalized by CHORD
# COLUMN#1 = X-coordinate, COLUMN#2 = Y-coordinate
#-------------------------------------------------------------------------------
0.0 0.0
-6.938893903907228e-18 0.0
0.02240207186895615 0.0009405162014724755
0.04414013980529303 0.0026204351865435674
0.06591353519035398 0.005064418212794432
0.08774855219861236 0.008285164420804179
0.10967135388580158 0.012299001871107926
0.13170823097577056 0.01712847142543018
0.1538853363447203 0.022800206655858215
0.17622902884108968 0.029347433503929717
0.19876548869872615 0.036808174649319896
0.22152095396522467 0.045227125942775184
0.244521260777943 0.05465437475897795
0.267792419263604 0.06514866706765694
0.29135992804186883 0.07677564781439328
0.3152484549504415 0.08960807331897193
0.33948239836307076 0.10372946910906504
0.36408461688641097 0.11923124576575674
0.38907670110429904 0.136215952766836
0.4144783819858155 0.15479776360211686
0.440306372591491 0.17510112314013415
0.4665745691424141 0.1972653851582
0.493292307897235 0.22144227862871793
0.5204636197646542 0.2477980203090022
0.5480859589826778 0.27651418580366
0.5620633538427633 0.29181889656791393
0.5761485978759128 0.307787984293629
0.5903389989736078 0.32444998601521347
0.6046307007329295 0.3418317542845236
0.6190193248819253 0.3599632425586356
0.6334992738269641 0.3788728043249876
0.6480642916509115 0.3985924403405298
0.6627067829166038 0.41915248013935286
0.6774181943233886 0.44058625649507616
0.6921885001712039 0.46292489271161846
0.7070065003060768 0.4862025374053775
0.7218594571462408 0.5104525486620307
0.7367330818460328 0.535707859952737
0.7516114617175419 0.5620027024019091
0.7664769055749375 0.5893705128768831
0.7813099298892858 0.6178429076310786
0.7960890475476247 0.6474530904299098
0.8107908027090445 0.6782315514973047
0.8253897483823207 0.7102067026763929
0.8398581806842916 0.7434066373853578
0.8541662877802517 0.7778563490451373
0.8682822534247434 0.8135770720663518
0.8821718115386424 0.8505886672166528
0.8957988229016032 0.8889056684045221
0.9091251734322952 0.9285382026865164
0.9221107156795568 0.9694920743610395
0.9347137217402296 1.0117669821621367
0.9468907735500294 1.0553571123797512
0.9585971627181787 1.1002499566532735
0.9697876369016404 1.1464248130045347
0.9804159134537492 1.193854499965553
0.9904358892494168 1.2425029949024073
1.0 1.2934375396007693
