# CURVE 2D, normalized by CHORD
# COLUMN#1 = X-coordinate, COLUMN#2 = Y-coordinate
#-------------------------------------------------------------------------------
0.0 0.0
0.0 -1.3877787807814457e-17
0.004010063255203048 -0.026125335626906884
0.00908249808005336 -0.0514977220224706
0.01529712349555006 -0.07669065934588304
0.02265772216237443 -0.10168757537173813
0.031170913058465345 -0.12647040603754936
0.040845364990384214 -0.15101933761728073
0.05169153493388487 -0.17531247619114085
0.06372167158850693 -0.19932544894497947
0.0769492860595867 -0.22303111554267777
0.091388291372702 -0.24639939924083876
0.1070536401249453 -0.26939670270203486
0.12396036885215317 -0.29198572727199895
0.14212264425804363 -0.31412536499576793
0.16155306921802734 -0.3357705695841995
0.1822635943341764 -0.3568715334743317
0.20426215930635178 -0.3773746666876661
0.22755398780971517 -0.39722169810252844
0.2521399284302326 -0.41635005207263587
0.27801513773227937 -0.4346932837286119
0.3051685627142438 -0.45218118005933033
0.333582428066824 -0.468739822690671
0.36322979497858177 -0.4842933032626855
0.39407532248017074 -0.4987632282658554
0.426073198659765 -0.512070677524416
0.4591674670683755 -0.5241362959005973
0.4932903789941842 -0.5348827638954871
0.5283629931353071 -0.5442351855098628
0.5642950115447408 -0.5521224797903379
0.6009843835399359 -0.5584800767484542
0.6383187700357392 -0.563249767757992
0.6761758343753327 -0.5663822209096121
0.7144245938731953 -0.5678382250537091
0.7529270324997158 -0.5675897375203085
0.7915399221341723 -0.56562023944993
0.8301167097204457 -0.5619260848725262
0.8685097486134561 -0.556516687831498
0.906572426577113 -0.5494139842657435
0.9441615374168963 -0.5406530103657642
0.9811389366727291 -0.5302797461823596
