# CURVE 2D, normalized by CHORD
# COLUMN#1 = X-coordinate, COLUMN#2 = Y-coordinate
#-------------------------------------------------------------------------------
0.0 0.0
0.025142542004790235 -0.0055844446522836395
0.048516508554568724 -0.011324863258514176
0.07180541384527853 -0.01757932624945113
0.09501922254484466 -0.0243530185792391
0.11816766287680629 -0.031652286733641004
0.14126022548850486 -0.03948464644318722
0.16430616042664312 -0.04785879185294433
0.18731441449671385 -0.05678572252756599
0.210293795760147 -0.06627637538611912
0.2332528400431545 -0.07634256925984814
0.25619977023834734 -0.0869978928053123
0.2791425238556839 -0.09825842080737529
0.30208879143066825 -0.11014211579047983
0.3250458849645035 -0.1226639794266182
0.34802091785818823 -0.1358476593787514
0.3710204187383455 -0.14971012430321348
0.39405087677869577 -0.16427936893896752
0.41711798139974177 -0.17957603557310128
0.4402271708491545 -0.1956274317816012
0.46338339455997385 -0.21246257747936803
0.4865910475159962 -0.2301122085345211
0.509853900358892 -0.248608771178853
0.5331750259932343 -0.26798640654670275
0.5565567234807677 -0.2882809247900093
0.5800005225497872 -0.30953107696646864
0.6035072503853133 -0.3317812257155636
0.6270763734592137 -0.355072551026322
0.6507064547910125 -0.37945199091838205
0.6743948518454532 -0.404969796942448
0.6981375016186406 -0.4316781127528926
0.7219287921133809 -0.4596308399050262
0.7457615021227733 -0.48888610444717306
0.7696265709674928 -0.5195056776104212
0.7935128642617869 -0.5515539576306471
0.8174069933700548 -0.5850966165261937
0.8412931314683365 -0.620204018240421
0.8651526415817948 -0.6569529480055835
0.8889640597280527 -0.6954152821185781
0.9127025214687663 -0.7356728413378768
0.9363395992906504 -0.7778085281615458
0.9598431931319317 -0.8219050658383743
0.9831766445432897 -0.8680526094870009
1.0062991919178759 -0.9163380856880434
1.0291650408573154 -0.9668524517400022
1.0517229539167552 -1.0196892688010948
1.073916698477981 -1.0749385807843888
1.0956836415670443 -1.1326938061489178
1.1169558160284627 -1.1930425993951228
1.137657771890482 -1.256075886668187
1.1577089657971391 -1.3218741033506995
1.1770207497529832 -1.3905187812470472
1.195499436206148 -1.462078473857907
1.2130434810262267 -1.5366179432898148
1.22954650386714 -1.614186872644238
1.2448944723317408 -1.6948273695603364
1.2589690085755985 -1.7785636220554548
1.271648810002301 -1.8653993704684741
1.282806659982865 -1.955324326260768
1.2923141135205212 -2.048303819145835
1.3000440092801862 -2.14427588120054
1.3058670531141205 -2.2431577724281233
1.3096590362849647 -2.344835336218614
1.3113016095830277 -2.449164663178918
1.310682081090652 -2.555974088818411
1.307698559897951 -2.6650604224152645
1.3022628851232296 -2.77618964612228
1.2942977016268435 -2.889102085487645
1.2837469594813204 -3.0035082229050474
1.270571130598613 -3.1190965373913193
1.2547513844330076 -3.235535144627796
1.2362889920205704 -3.352476390640992
1.215210777477486 -3.4695611017490107
1.1915628975583135 -3.5864247463063
1.1654145196461427 -3.70270236341879
1.1368565300565519 -3.8180347659796876
1.105996721733844 -3.9320722418135827
1.0729635445455756 -4.044482663213607
1.037898630697139 -4.154953314937618
0.9999999999999997 -4.265902141803238
