# CURVE 2D, normalized by CHORD
# COLUMN#1 = X-coordinate, COLUMN#2 = Y-coordinate
#-------------------------------------------------------------------------------
0.0 0.0
-1.1102230246251565e-16 0.0
0.016536631880736365 -0.011745241962161439
0.04208390520925926 -0.027010976208085263
0.060204536076723957 -0.036008009958606146
0.07928408300871792 -0.04404210110354051
0.09940977495796116 -0.051076829401907074
0.12068070221813788 -0.05705458640578587
0.1432062257516214 -0.061895483315904914
0.16710735693600803 -0.06549270901526102
0.1925129527679997 -0.06771162779429875
0.21956135512829314 -0.06838269910160814
0.2483924458552599 -0.06730192280587047
0.2791458268142972 -0.06422412026252723
0.31195156396489226 -0.05886172612843674
0.3469190632784777 -0.05088430792496818
0.384121683268802 -0.03992202932492892
0.40357045837627054 -0.03319574921494971
0.4235792703491563 -0.025571036238682385
0.4441382024133907 -0.016994985576476697
0.4652310339289166 -0.007414610234928647
0.4868332786188732 0.0032198945429910324
0.5089131593308017 0.014957520793634887
0.5314288991021434 0.027840602561950582
0.5543301163273745 0.04190817588605952
0.5775557907518671 0.05718992407227732
0.6010352829382511 0.07370869996530167
0.6246873429052189 0.09147385011609037
0.6484214800896477 0.11048491491532188
0.6721383176271684 0.13072450484448153
0.6957311368771488 0.15216248255174847
0.7190874705593654 0.1747518466569647
0.742091463237919 0.19842897541783233
0.7646256062680207 0.223115561668448
0.7865746218000913 0.24871673653691345
0.8078263180630084 0.2751257809950709
0.8282762774049497 0.3022232713880192
0.8478292689120248 0.3298813271121702
0.8664010728291295 0.357966341519763
0.883920535413337 0.38634167845291134
0.9003317449398784 0.4148707899704528
0.9155929231947624 0.44342057486674474
0.9296769423980273 0.4718637236339132
0.9425717352204503 0.5000811481766906
0.9542798106227367 0.5279642586421194
0.9648134754864143 0.5554151181886874
0.974198343281321 0.5823489073405856
0.9824672742297995 0.6086926158065057
0.9896623000173557 0.634386736137475
0.9958301010695475 0.6593833640674185
1.0010211856459843 0.6836457556699437
1.0052895876506367 0.7071483628062835
1.0086901285885512 0.7298747244933551
1.0112780222257909 0.7518169086256112
1.0131078188251328 0.7729742986057383
1.0142327453503905 0.793352613691345
1.0145693823601414 0.8318185697550649
1.012666345454773 0.8673468397233051
1.00885564192676 0.9001109164811729
1.003421377317241 0.9303063676223648
