# CURVE 2D, normalized by CHORD
# COLUMN#1 = X-coordinate, COLUMN#2 = Y-coordinate
#-------------------------------------------------------------------------------
0.0 0.0
-0.06389507948861246 -0.023315169797014215
-0.12413875822138706 -0.04780270888705336
-0.18360065685045895 -0.07445990015917478
-0.24226189930334638 -0.10328856929533543
-0.3000988746425505 -0.13430012097660943
-0.3570873017671783 -0.16750345967766092
-0.41319986104577033 -0.20291040794706805
-0.4684050209458515 -0.24053744670321173
-0.5226675119795524 -0.28040327771872037
-0.5759480390864465 -0.3225283974794198
-0.6282030143924159 -0.3669346203332273
-0.679384315670824 -0.41364454949767226
-0.7294390765696815 -0.4626809955298459
-0.7783095152089036 -0.5140663430781199
-0.8259328080777445 -0.5678218680967869
-0.8722363773657974 -0.6239750664799758
-0.9171497704434719 -0.682537323265283
-0.9605875876028264 -0.7435329929911232
-1.0024660819381839 -0.8069700546974661
-1.042692201612269 -0.8728577212695242
-1.081167346187772 -0.9411992088370978
-1.1177879706750327 -1.0119902855111513
-1.1524458984332397 -1.0852184144740602
-1.1850232566553143 -1.1608678409212156
-1.2154079714923827 -1.238901456228612
-1.2434735663731562 -1.3192830446830333
-1.2690982742166208 -1.40195629880202
-1.2921566423654345 -1.4868539250879835
-1.3125227077861878 -1.5738944350015167
-1.3300700395704388 -1.6629820879173418
-1.3446752658328665 -1.7540045059250613
-1.3562227729656144 -1.8468307398407189
-1.3645957039944459 -1.9413171495990926
-1.3696892986663447 -2.0373005210873187
-1.3714080258823187 -2.134601411233741
-1.3696659251221728 -2.2330250759241683
-1.364390480925857 -2.3323614743434007
-1.3555241536454887 -2.4323867320160137
-1.3430219499041836 -2.5328651067848718
-1.326861257555636 -2.6335498025687696
-1.307038414945241 -2.7341865065320428
-1.283559353414188 -2.8345144810368885
-1.2564646428054584 -2.9342713542045917
-1.22579939622757 -3.033192157118862
-1.1916423573437045 -3.1310177602885307
-1.1540769789187562 -3.227489870206509
-1.1132190117377705 -3.322364037389462
-1.069186661412859 -3.4153996191435607
-1.0221256976959125 -3.506376055467076
-0.9721861279268526 -3.595082247677646
-0.9195324043843224 -3.6813258121720347
-0.8643391575092932 -3.764933905464971
-0.8067856869878473 -3.845750764596509
-0.7470561863248024 -3.9236403724858175
-0.6853376080808048 -3.998486923563168
-0.6218175704018041 -4.070194951723301
-0.556682348126718 -4.138689129231079
-0.4901122304902061 -4.20390643547085
-0.42228747784724724 -4.265812879025419
-0.35337679994605914 -4.32437642113945
-0.28354606888715495 -4.3795928497460945
-0.21295095950767726 -4.431465607361395
-0.1417386508889537 -4.480011254235036
-0.07004693864691379 -4.525255901935013
0.001995828060773592 -4.567233777021142
0.07427041101464266 -4.605993668206199
0.14666784995127682 -4.641581235002002
0.21908815361783743 -4.6740523834744785
0.2914405858706566 -4.703467385646348
0.3636431970367863 -4.729887438873488
0.4356224247654402 -4.753376276246889
0.5073118349878079 -4.7739921340063285
0.5786536108131165 -4.791805362301409
0.6495954732929171 -4.80687449038542
0.720092478661096 -4.819264516353533
0.7901033396411135 -4.829027229427695
0.8595940992164204 -4.836224510549018
0.928534134088498 -4.840908825160356
1.0 -4.843175663788203
