# CURVE 2D, normalized by CHORD
# COLUMN#1 = X-coordinate, COLUMN#2 = Y-coordinate
#-------------------------------------------------------------------------------
0.0 0.0
1.1102230246251565e-16 -5.551115123125783e-17
0.012369766189143514 0.019626666053640694
0.027044435509968906 0.037938521445013834
0.044604809939611384 0.055411338230874047
0.061128200395541114 0.06883114823851756
0.08030109659072213 0.08173329778265041
0.10267053387276666 0.09402804231525792
0.12196135646876675 0.10274464188960791
0.14380609014703968 0.11089456326470741
0.1686348375707598 0.11829854664048904
0.1969503493046004 0.12470544266233712
0.21804504461534574 0.12825782322977777
0.2411284212266908 0.13108803640052658
0.26639435647177945 0.13304154615741415
0.2940393645716263 0.1339356361908055
0.3242532521179835 0.1335580444747714
0.35720693729304887 0.13166693446232186
0.3930341110027066 0.12799469591807938
0.4318105028344426 0.12225471006071364
0.4523058904770763 0.11851778215381276
0.4735269500813278 0.11415506966954975
0.49545474486871754 0.10913250039608287
0.5180620891847865 0.10341803755273722
0.5413117744736181 0.0969837682325027
0.565157281885911 0.08980566515997976
0.5895420149148594 0.08186502710037971
0.6143990136590927 0.07314995130539219
0.6396516997133914 0.06365569412139416
0.6652145612697601 0.0533851344126201
0.6909936805835676 0.04235065382442529
0.7168886381917826 0.03057336840311411
0.7427940013513256 0.01808331465474557
0.768601296004908 0.00491997820532103
0.794201261481928 -0.008868816613935607
0.8194858517228261 -0.02322790958637501
0.8443510109818373 -0.03809500847429559
0.868697801205526 -0.053403260167916695
0.8924356176676782 -0.06908138410057629
0.915482667170158 -0.0850562360694633
0.93776774426139 -0.10125392484393624
0.9592305999487902 -0.1176014482494915
0.9798231488137189 -0.13402792734819022
1.0 -0.15088582531261968
