# CURVE 2D, normalized by CHORD
# COLUMN#1 = X-coordinate, COLUMN#2 = Y-coordinate
#-------------------------------------------------------------------------------
0.0 0.0
2.7755575615628914e-17 -1.1102230246251565e-16
0.023351784065601847 -0.005843316525442528
0.046145706868447524 -0.011144573809207163
0.06897150440465796 -0.016058361514648737
0.09179713081776705 -0.02058019133151578
0.11459087291225967 -0.024706894964192365
0.13732152544202522 -0.028436728573298525
0.15995859115139496 -0.031769406209919124
0.18247247694140714 -0.0347060795085611
0.2048346809155877 -0.03724930408896719
0.2270177501875349 -0.03940258468140784
0.2489959201135871 -0.041171349310007245
0.2707445766533991 -0.04256153259177335
0.2922409558681032 -0.043580604628028034
0.3134637199507399 -0.04423666038283768
0.33439326887439386 -0.044538744990611286
0.3550118185927826 -0.04449676400162947
0.3753034633818084 -0.04412138789701424
0.41484988706788095 -0.04241457469999805
0.4529386742258052 -0.039511832517074894
0.4895021970472618 -0.03551079493340435
0.524497195179628 -0.030510546127087902
0.5579020221753468 -0.02460910614106695
0.5897145936189644 -0.017901886928688895
0.6199486211069453 -0.010479707820766578
0.6486317489620769 -0.0024281590319204715
0.6758021298217934 0.006173475225942058
0.7015061217431567 0.015252535423889796
0.7257964233096474 0.024743046790803542
0.7487297638577357 0.034585802516662566
0.770365715803279 0.04472805211819724
0.7907648203975796 0.05512332124111101
0.8099881098519847 0.06573089976896383
0.8280956330223254 0.0765155404106196
0.8451461344976788 0.08744694727830929
0.8688628391856871 0.10406408926617174
0.8905096942936991 0.12088434664464419
0.9102544542791714 0.13785531989603714
0.9282504145744014 0.15493952990579804
0.9446360213895637 0.17211201893374561
0.9595358952616095 0.18935825437205472
0.9730602068135572 0.2066724550066643
0.985305797406288 0.2240561309008936
0.9963569558448826 0.2415169099926139
