# CURVE 2D, normalized by CHORD
# COLUMN#1 = X-coordinate, COLUMN#2 = Y-coordinate
#-------------------------------------------------------------------------------
0.0 0.0
0.0 2.220446049250313e-16
0.030127093978960875 0.008597260087750292
0.05927209321598398 0.015843883494657904
0.08867609420770885 0.02211688596150248
0.11832269916719161 0.02740906471574442
0.14819515903470906 0.031713328117121097
0.17827624639708442 0.035023103495163375
0.2085488211261757 0.03732905499356102
0.23899472420142082 0.03862421600162827
0.26959568535647715 0.03889850095053412
0.3003324586388129 0.03814310253644162
0.3311850068112855 0.03634928717286842
0.36213270960670135 0.03350455368061132
0.3931534881155299 0.02960111002070946
0.42422443064347237 0.024628425010909234
0.4553213996712452 0.018576004088006404
0.4864189266169182 0.0114328065802657
0.5174901644893651 0.0031898824882359185
0.5485068432024606 -0.0061621462626019535
0.5794391791354607 -0.016632137478468086
0.6102557437060281 -0.028228801699363076
0.6409235152381215 -0.04095940175902793
0.6714079701073672 -0.05482932903997774
0.7016729535660782 -0.06984297518958446
0.7316800643370707 -0.08600577850354353
0.7613902975441421 -0.10331698377891188
0.7907620055797948 -0.1217781157140628
0.8197531657169999 -0.1413847280281345
0.8483190373928432 -0.1621338981659316
0.8764146016969069 -0.18401715324065504
0.903993497535599 -0.20702394262375762
0.9310082001125877 -0.23114114538623184
0.9574104475426312 -0.25635234307960975
0.9831514815694465 -0.282637679457558
1.0081823090918443 -0.3099737482623053
1.0324539817378238 -0.3383335119751737
1.0559174702276994 -0.36768672489737664
1.078524025908659 -0.3979996570597826
1.1002274404368764 -0.429233171077689
1.120980953563877 -0.4613463801176241
1.1407398438988927 -0.49429423585705273
1.1594622863689275 -0.5280274991034859
1.177106725711905 -0.5624950894232656
1.1936363353787904 -0.5976413394510387
1.2090155483492973 -0.6334088037459483
1.223212183685049 -0.669737243640281
1.2361990270454513 -0.7065635927628405
1.2479484280038233 -0.7438244190244837
1.2584416521914554 -0.7814529798200144
1.2676601413889657 -0.8193826957630327
1.2755901028839638 -0.8575459444777311
1.282223633287555 -0.8958746278214051
1.287552511422613 -0.934301204746133
1.2915784159295691 -0.9727582648733998
1.2943006896208507 -1.0111794762595259
1.2957284778117568 -1.0494999461280596
1.2958685309768891 -1.0876559337262561
1.2947363145102555 -1.1255862335944622
1.292348002319443 -1.163231605226281
1.2887209914877717 -1.2005346483131911
1.2838790611470658 -1.2374416052632182
1.2778464361482758 -1.2739010276239653
1.2706495641618294 -1.309864387627035
1.2623168415125074 -1.3452861879578535
1.2528783343639562 -1.3801240355115074
1.242365499237979 -1.4143386796660593
1.2308109067077468 -1.4478940161672595
1.2182465572660133 -1.4807560076485224
1.2047070408378169 -1.512894952393405
1.1902267934600448 -1.5442838227526487
1.1748381568876354 -1.5748964417581668
1.1585767196141925 -1.6047120998836828
1.1414753198502892 -1.6337103807856743
1.1235666594724458 -1.6618733000807644
1.104884128063438 -1.6891863320843727
1.0854593987405297 -1.715635837715026
1.0653234526146922 -1.7412100064694753
1.0445064856595674 -1.765898686846311
1.0230378331993575 -1.7896932138087536
0.9999999999999999 -1.813534080639238
