# CURVE 2D, normalized by CHORD
# COLUMN#1 = X-coordinate, COLUMN#2 = Y-coordinate
#-------------------------------------------------------------------------------
0.0 0.0
-0.01954251866604879 0.04455138404085399
-0.0368339804626391 0.08842733952294006
-0.052329642911290074 0.13252048168147096
-0.06597943675404973 0.1765727189179632
-0.0777627533054554 0.22033655400179655
-0.08768494539212209 0.26358100194789114
-0.09577720184606019 0.3060968947739856
-0.10208978785112517 0.34769867262363663
-0.10669487436145293 0.38822976966139794
-0.10967555803353674 0.42755945897519115
-0.1111282072381433 0.4655865947109966
-0.1111539518017153 0.5022346756544115
-0.10985839709594014 0.5374523024657046
-0.10734723264753723 0.5712092451290504
-0.1037253072727096 0.6034954771467503
-0.09909213726539876 0.6343147859648746
-0.09354417241167759 0.6636871901754751
-0.0871703149945402 0.691641161828581
-0.08005394719783614 0.7182155151806909
-0.07227071291509808 0.7434540208568952
-0.0638893856530622 0.7674052118995764
-0.0549716861554182 0.7901202946297544
-0.045572486036128394 0.8116517002915719
-0.035740701046831816 0.8320535156983035
-0.025518497062360472 0.8513775580354225
-0.014943064421356005 0.8696763138195297
-0.004045786072305872 0.8869988747334911
0.01861129479508189 0.9189038493749848
0.042287898872318604 0.947445485355673
0.06687800170252976 0.9729318958372383
0.09232406103024127 0.9956246625145532
0.11860784509599392 1.0157415587183154
0.14574537454756464 1.0334526622461346
0.1737803087721539 1.0488858190048975
0.2027813736832776 1.0621235256867807
0.23283888124997293 1.0732043129971016
0.26406233511020183 1.0821216254651287
0.2965794391558095 1.0888198214107772
0.3305316191433606 1.0931947641845212
0.3660737881804935 1.095085080965326
0.40336900641737966 1.094269093916735
0.4425832500255956 1.0904576787896734
0.46296019110584097 1.0873190278466554
0.4838757991993449 1.0832895727118528
0.5053472540616927 1.0783113605158938
0.5273886287593482 1.0723228981534503
0.5500124447765721 1.065255168650856
0.5732261675544357 1.0570366497765822
0.5970329491921196 1.0475906573527234
0.6214314942714104 1.0368334441564115
0.6464112260528786 1.0246831015343874
0.6719548461688488 1.0110520875001296
0.6980350908152845 0.9958527138356008
0.72461391692729 0.9789970904149414
0.7516402471806429 0.9604022021714874
0.7790495358560604 0.9399896834593161
0.8067623416778716 0.9176896319317133
0.8346835000915219 0.8934434066971784
0.8627015136465773 0.8672080313377668
0.8906887473758213 0.838960386197341
0.9185023340367485 0.808700516473469
0.9459858167227875 0.7764550984077756
0.9729707775812688 0.742278022436558
0.9999999999999999 0.7052361782035353
