# CURVE 2D, normalized by CHORD
# COLUMN#1 = X-coordinate, COLUMN#2 = Y-coordinate
#-------------------------------------------------------------------------------
0.0 0.0
0.0 4.440892098500626e-16
0.018411219896820184 -0.022095584461032495
0.03674344632605151 -0.04349333392307732
0.05537784356563854 -0.0646560098210535
0.07431819000147623 -0.08558702802187283
0.09356863812585858 -0.10628950280818761
0.11313370588295772 -0.12676626401648292
0.13301802450617564 -0.14702003753058618
0.15322653621818288 -0.16705329973001382
0.1737644976873928 -0.18686827873066253
0.19463744666001231 -0.2064669783272585
0.21585120371449687 -0.225851176409565
0.23741187399660948 -0.24502242304509966
0.25932584889866606 -0.26398203822652017
0.28159980764595766 -0.28273110928460243
0.30424077476783745 -0.301270456667038
0.32725614660638636 -0.3196006202236976
0.3506533480605127 -0.337722044257261
0.3744405862170189 -0.3556346636728116
0.3986259096160448 -0.3733384095956748
0.4232179931327372 -0.3908327849328796
0.4482258557990382 -0.4081170148606909
0.4736587513002188 -0.4251900956659539
0.4995263884330924 -0.44205067912215795
0.5258387104232586 -0.45869717547780053
0.5526060086191492 -0.47512768992864685
0.5798393340116507 -0.4913398252540729
0.607549599219091 -0.50733109596056
0.635748425402897 -0.5230985229611108
0.6644477864012032 -0.5386387924399199
0.6936600005422823 -0.5539482489451064
0.723397985567272 -0.5690227710603459
0.753674797553842 -0.5838579664587186
0.7845042762665316 -0.598448872965526
0.8159005038417227 -0.6127901864851777
0.8478780960204783 -0.6268761182016197
0.8804519102870142 -0.6407005082885754
0.9136377753212015 -0.6542564904799856
0.947451522833121 -0.6675369000292346
0.9819098102407579 -0.6805338949313213
