# CURVE 2D, normalized by CHORD
# COLUMN#1 = X-coordinate, COLUMN#2 = Y-coordinate
#-------------------------------------------------------------------------------
0.0 0.0
0.029895984490585233 0.016070089006366684
0.0589598484827158 0.032237408587553314
0.08780774001173541 0.048828207831663716
0.1164422304442628 0.0658448100145395
0.14486572271754716 0.0832898324902477
0.173080447769757 0.10116618496400917
0.2010884608652222 0.11947706773516144
0.22889163779750507 0.13822596988664984
0.25649167095442393 0.15741666739497817
0.2838900652365239 0.17705322113628094
0.31108808845193087 0.1971400783443822
0.33808685360778684 0.21768187728213825
0.3648873083592659 0.23868345143039293
0.3914901069029417 0.2601501151377391
0.41789570323864816 0.28208743762330635
0.4441043957694517 0.30450111582527745
0.47011616868871925 0.32739734132875437
0.49593079819356567 0.3507825298571141
0.5215478652925071 0.37466326633256924
0.5469666438569977 0.39904656632144786
0.572186157404142 0.4239397162782636
0.597205172371402 0.4493502684192014
0.6220221912332193 0.4752860350070215
0.6466354454946647 0.5017550820189124
0.6710427774833089 0.5287660158133131
0.6952418913116645 0.556327295745783
0.7192299880173729 0.5844481689761098
0.7430041185195861 0.6131377071797505
0.7665609050681648 0.6424055138789971
0.7898966438405595 0.6722614200558977
0.8130072965269837 0.702715472453951
0.8358883556056225 0.7337782550874044
0.8585351306359755 0.7654600937335206
0.8809422853403343 0.7977722407313432
0.9031042965151325 0.8307256237741318
0.9140914897290514 0.847446374663732
0.9250151286075619 0.8643316620539087
0.935874300428931 0.8813831837050998
0.9466682505579627 0.8986021721108585
0.957396085353352 0.9159901596278569
0.96805681691481 0.9335488572361595
0.9786495753922839 0.9512796140430625
0.9891733914884405 0.9691839702084539
0.9999999999999992 0.9879134581727945
