# CURVE 2D, normalized by CHORD
# COLUMN#1 = X-coordinate, COLUMN#2 = Y-coordinate
#-------------------------------------------------------------------------------
0.0 0.0
0.0 8.881784197001252e-16
0.01558528916616251 -0.014876455645404808
0.030501815330553905 -0.029241500428667154
0.045356689406805824 -0.043672151649801226
0.06015013102327186 -0.05816853134863319
0.07488216786091487 -0.07273096769328
0.08955307575778787 -0.08735952183743395
0.10416299143891831 -0.10205440397087549
0.11871197300737708 -0.11681591066998447
0.13320028193197436 -0.13164411547642266
0.1476279784330307 -0.14653931228940478
0.16199520348267782 -0.16150170610599837
0.17630215715102077 -0.17653143484127862
0.190548828863769 -0.19162887193245956
0.20473545790541461 -0.206794109734956
0.21886212615181697 -0.2220274166617625
0.2329288893692351 -0.23732909108184846
0.24693595764043996 -0.25269925388685294
0.26088330595988757 -0.2681382951039698
0.27477112715443675 -0.2836463529741548
0.2885994855274796 -0.2992237129955558
0.3023684237612765 -0.31487068569004784
0.31607812652226336 -0.3305874134909332
0.3297285099240412 -0.3463743546565476
0.3433198057690233 -0.362231592609517
0.35685197034175 -0.3781595367632529
0.37032512716228083 -0.3941583958274437
0.38373931143054524 -0.41022848287383196
0.39709455809325506 -0.42637011030819294
0.41039096078078624 -0.4425835175193946
0.4236284868484643 -0.4588690967098044
0.4368072665886775 -0.4752270385746652
0.44992722203137153 -0.49165778885384714
0.46298849707052964 -0.5081615169245457
0.4759909919684391 -0.5247386933859757
0.4889348398542059 -0.5413894961123356
0.5018199440799727 -0.5581143894010868
0.5146464013405408 -0.5749135919575091
0.5274141442429057 -0.5917875280642708
0.5401232060506596 -0.6087364921602701
0.5527735761203213 -0.6257608321930052
0.5653651959441315 -0.6428609558706389
0.5778981404756415 -0.6600370958201374
0.5903722297261655 -0.6772898132429387
0.6027875799473448 -0.6946192814988381
0.6151440821176852 -0.712025964937024
0.627441684860391 -0.7295102505668714
0.639680409301465 -0.7470724265362858
0.6518601028394843 -0.7647130083789581
0.6639807656464836 -0.7824323063272617
0.6760423615641182 -0.8002306752025841
0.6880447351938702 -0.8181086270649718
0.6999878566880701 -0.8360665025882105
0.7118716726776756 -0.854104670267173
0.7236960680944948 -0.8722235788913779
0.7354608968091759 -0.8904237169391906
0.7471661306230275 -0.9087054084932377
0.7588116598518565 -0.9270690850200687
0.7703973690011708 -0.9455151824964197
0.7819230688555223 -0.9640442355352407
0.7933887021705638 -0.9826565926129913
0.8047941394706071 -1.0013526979633784
0.8161392417868677 -1.020133005156679
0.8274238641770263 -1.038997972142373
0.8386478557014481 -1.0579480612368677
0.8498110502522188 -1.07698375196924
0.8609132730313895 -1.096105532042264
0.8719543820862053 -1.1153138383041257
0.8829342022371914 -1.1346091499902098
0.8938525521401418 -1.1539919505436325
0.904709244252801 -1.1734627275821412
0.9155040848009033 -1.193021972862871
0.9262368737418328 -1.2126701822416064
0.9369074047339464 -1.2324078556411289
0.9475154651024259 -1.2522354970122278
0.958060835804091 -1.2721536142914278
0.9685432662373175 -1.292162755821471
0.9789625294810808 -1.3122634303927667
0.989318399821183 -1.3324561394303605
0.9999999999999986 -1.3535129720562982
