# CURVE 2D, normalized by CHORD
# COLUMN#1 = X-coordinate, COLUMN#2 = Y-coordinate
#-------------------------------------------------------------------------------
0.0 0.0
0.0 1.3877787807814457e-17
-0.0020557490676370574 -0.020046475052005533
0.0016804204737434873 -0.04339990260940525
0.009982021032693309 -0.06440305328472459
0.022688166025230196 -0.08561503716504067
0.0382150343038551 -0.10537408957401335
0.052958864847501515 -0.12101618565340307
0.0727048995061752 -0.13911716646239602
0.09925366575303067 -0.16010657496742264
0.11578790666423844 -0.17179567622159994
0.1349343273369868 -0.1843106142824235
0.15704354160844886 -0.19763834038276065
0.18245748504092812 -0.21172212480470579
0.21147300522223733 -0.22644675519161847
0.24429157066437399 -0.24162480943820142
0.2809588168141874 -0.2569880752799355
0.321300306194212 -0.2721892440822115
0.3648706017854618 -0.28681999060078767
0.4109412366934683 -0.30044664361594986
0.45853626739876957 -0.3126599603430893
0.5065235680501183 -0.32312955215641215
0.5537453935172929 -0.3316456820428697
0.5991521780109961 -0.33813884752182927
0.6419062679507497 -0.3426719657118792
0.6814377782374245 -0.34541314585688887
0.7174437721540933 -0.3465952754835647
0.7498495957568916 -0.34647804284365163
0.7787579391031799 -0.34531975414895744
0.8043853055668924 -0.34335589535933686
0.8270113886414376 -0.34078955086896623
0.846945541527136 -0.3377893814669092
0.8799487354551256 -0.33099658235574053
0.9056148408806944 -0.32372822675847646
0.9257365904572071 -0.3164071309698222
0.9484053384734598 -0.3057686723105383
0.9692273489387506 -0.29256601574207014
0.9860421547717139 -0.27756594113848865
0.998366700673214 -0.2610667067118722
