# CURVE 2D, normalized by CHORD
# COLUMN#1 = X-coordinate, COLUMN#2 = Y-coordinate
#-------------------------------------------------------------------------------
0.0 0.0
-0.013817770666587707 -0.015497779103694256
-0.02561468278354854 -0.033179192017207274
-0.035779328968445025 -0.0542055951081776
-0.04404968870111112 -0.07983653309635498
-0.04859938106602164 -0.10320474252417859
-0.051111946423393034 -0.13139946324151358
-0.051193702812541785 -0.1536625454452173
-0.049513131111954906 -0.17941467934466765
-0.04546605625534374 -0.20943224193609314
-0.03822132088080508 -0.24465214904252147
-0.033061999445269295 -0.26454845476437067
-0.026656729344035703 -0.2861621853429637
-0.01880923994976729 -0.30964473306458884
-0.009301633587331489 -0.33514243230888785
0.00210520234881972 -0.3627904752455475
0.015667359852219936 -0.392702004092337
0.031648873428407706 -0.42495274013705064
0.050308023988400945 -0.45956280093586405
0.07187833486676046 -0.49647657218162067
0.09654672998843182 -0.5355439575039396
0.12442005711495734 -0.5764993600522047
0.15550195768673106 -0.6189553919474027
0.18966109858728442 -0.662401206713761
0.22661995966957518 -0.7062219447335798
0.26595160510314036 -0.7497319398268004
0.3071008235494391 -0.7922221758520603
0.34941783170289514 -0.833017223749376
0.3922115911895746 -0.8715251722686961
0.4348018536056573 -0.9072801621227676
0.476569297845113 -0.9399660945973779
0.5169904251107057 -0.9694159511208571
0.5556599657301404 -0.9956045044893262
0.5922929435589072 -1.0186181720942031
0.6267180758373184 -1.0386286665161135
0.6588604770642267 -1.0558618298778348
0.6887244431038754 -1.0705749143496732
0.7163712234443735 -1.0830334265717023
0.7419022000924471 -1.093497875938061
0.7654437618038987 -1.1022139702911582
0.7871355825562714 -1.1094070655515158
0.8071223157225651 -1.1152799079640898
0.842548637300679 -1.1237603813701955
0.8727888294624601 -1.1288305835488786
0.8987661022184218 -1.1313648427902694
0.9212531670508797 -1.132004118324322
0.9497750370095431 -1.1303824594680232
0.9734603013940357 -1.126555084682836
0.9934863800420085 -1.1211496888974375
