# CURVE 2D, normalized by CHORD
# COLUMN#1 = X-coordinate, COLUMN#2 = Y-coordinate
#-------------------------------------------------------------------------------
0.0 0.0
2.220446049250313e-16 0.0
0.0079001924391859 0.025723464507617325
0.016421525667586718 0.05063986017624509
0.025734375468579054 0.07532685291079298
0.035842578118404106 0.09978302869389842
0.04675139540536742 0.12400624312119896
0.0584673732357369 0.14799355458143523
0.07099861611365883 0.1717410330191109
0.08435430337027178 0.19524378778926116
0.09854483899841825 0.2184958073908447
0.11358208684413712 0.24148976484262155
0.12947881323535768 0.26421705804593143
0.1462489925342932 0.28666758231552075
0.1639071798772074 0.30882979129428334
0.1824689870902456 0.33069040180702586
0.2019505745345345 0.35223440860187255
0.22236923646060294 0.3734447151364171
0.24374159001647938 0.3943026173333768
0.26608526672930954 0.41478702844155596
0.28941765376178663 0.43487475656932045
0.31375572684199315 0.4545404055039825
0.3391164793523405 0.4737559964409266
0.3655155728641784 0.4924913592099089
0.39296809343664313 0.5107135989820127
0.4214869212458163 0.5283876945264403
0.4510841408927647 0.5454755830403243
0.481769146152196 0.5619369327761838
0.513548207474502 0.5777292813665778
0.5464255173590439 0.5928071979532429
0.5804012121021729 0.6071233207768504
0.6154709536279119 0.6206285981952355
0.6516267732692441 0.6332715136317411
0.6888551202096022 0.6449994510872088
0.7271367787386543 0.6557588211307045
0.7466651138992053 0.660758209631676
0.7664469957861014 0.6654949101860775
0.7864781263272159 0.6699622639774047
0.8067542411313082 0.6741531236875186
0.8272701819132804 0.6780608842262072
0.8480204962322435 0.6816788383845173
0.8689993121193947 0.6850003144743438
0.8902002751744476 0.6880187665464195
0.9116165483448613 0.6907277960181372
0.9332410104812299 0.6931208570994416
0.9550657448515271 0.6951920592711237
0.9770824368299988 0.696935628106076
1.0 0.698385222424821
