# CURVE 2D, normalized by CHORD
# COLUMN#1 = X-coordinate, COLUMN#2 = Y-coordinate
#-------------------------------------------------------------------------------
0.0 0.0
1.7763568394002505e-15 0.0
0.057829068456598236 -0.19402641652369046
0.11249309001889658 -0.3815313513242995
0.16603614424100271 -0.5693027581550089
0.21845110530538578 -0.7573079340530555
0.26973011168742766 -0.9455144485982947
0.31986418001950384 -1.1338900284331048
0.3688478548895033 -1.3224019319924916
0.4166750955735891 -1.5110176638004942
0.4633386850358447 -1.6997048581337355
0.5088342399403148 -1.8884310451269328
0.5531577073227787 -2.0771639456082864
0.5963030358636368 -2.2658713505847503
0.6382681280664343 -2.4545212551442663
0.6790497827530657 -2.643081829420669
0.7186440521932049 -2.8315212656180955
0.7570510034632206 -3.0198083753269613
0.7942666656901625 -3.20791161377112
0.8302923633350447 -3.395800434639445
0.8651257028698924 -3.5834438433980806
0.8987684853031721 -3.7708119068753954
0.931219387489096 -3.957874183879007
0.9624817436000273 -4.1446016735592455
0.992554335582561 -4.330964305280361
1.0214416659142895 -4.516933992309072
1.0491454206539332 -4.702482046359649
1.0756678255777736 -4.887580155660361
1.1010137513628862 -5.072201315426682
1.1251869869358102 -5.25631842225563
1.1481904159217393 -5.439904191214899
1.1700301996455713 -5.622933113534526
1.1907116377153826 -5.805379637492216
1.210240334269819 -5.98721867399647
1.2286223245883257 -6.1684256737190095
1.2458640660375033 -6.348976642171037
1.261972428615622 -6.528848154158325
1.276954685107331 -6.708017367593944
1.2908185008609498 -6.886462036643415
1.303571923204312 -7.064160524215044
1.3152233705097784 -7.241091813736788
1.3257816209273627 -7.417235520261247
1.3352558007972835 -7.59257190083477
1.3436541232975259 -7.7670808722412055
1.3509868109711547 -7.94074426659191
1.357264498408496 -8.11354471221208
1.3624958552480524 -8.285463601669788
1.366692103636854 -8.456484857508336
1.3698637761499923 -8.62659226194839
1.3720212699868657 -8.795769870325012
1.3731757874301909 -8.964002893403919
1.3733392557357826 -9.13127769760581
1.3725210915048305 -9.297578595729636
1.3707346838579222 -9.4628942742341
1.3679914748828756 -9.627211961490879
1.3643030196626522 -9.790519424137262
1.35968051659542 -9.952804445037179
1.354136953806361 -10.114057228061379
1.3476844628494304 -10.274267520135476
1.3403353189595613 -10.433425692615781
1.3321019294970649 -10.591522740360125
1.3229967396811908 -10.748550176527825
1.3130314380567791 -10.904499015406573
1.3022194906744942 -11.059362982573234
1.2905737231241186 -11.21313552661205
1.2781066953391063 -11.365810242155291
1.2648297320693647 -11.51737947969963
1.250757552808167 -11.66784075610322
1.2359009439213942 -11.817186611255035
1.2202743807979282 -11.965415321728859
1.2038884958055327 -12.112520076342632
1.1867578090909952 -12.25850031256925
1.1688940586586585 -12.403351831927885
1.1503092548198601 -12.547071279318514
1.1310168152424944 -12.689658038488222
1.111029026541692 -12.831110238817825
1.0903581663997826 -12.97142649070019
1.0690164953037926 -13.110605879254384
1.047016248398903 -13.248647957713183
1.0243696274667808 -13.385552740486531
1.0000000000000018 -13.527559789914005
