# CURVE 2D, normalized by CHORD
# COLUMN#1 = X-coordinate, COLUMN#2 = Y-coordinate
#-------------------------------------------------------------------------------
0.0 0.0
3.552713678800501e-15 2.220446049250313e-16
-0.10453894870604684 1.3340257380803389
-0.2021160199193009 2.627922654219491
-0.29585288980150937 3.9207344907403456
-0.3857132042167074 5.211784848747506
-0.4716636707931709 6.500401773063683
-0.553676568436313 7.785919228879487
-0.6317294492353773 9.067677944875095
-0.7058101456747601 10.345032654204037
-0.7759101938014481 11.617347559470694
-0.8420273130354345 12.883999889569656
-0.9041653645937812 14.144381446748067
-0.9623342889488372 15.397900112346537
-1.01655002244628 16.643981306600878
-1.0668343932859203 17.882069398405378
-1.1132109425789019 19.11161957662851
-1.155715297699583 20.33212223313576
-1.1943854962424172 21.54308399913812
-1.2292590625166158 22.74401886642137
-1.260387572800172 23.93448838146658
-1.2878203977049212 25.114059700823894
-1.3116107081339388 26.28232138079817
-1.3318201365046283 27.438900229280904
-1.3485109788483478 28.583438229734504
-1.361749355314443 29.715603191264645
-1.3716040678173342 30.835085796982476
-1.3781445458116532 31.941591955116987
-1.381449745690573 33.03487989092867
-1.3815913848042116 34.11469288778285
-1.378651934692315 35.18083490785781
-1.3727098884813205 36.23310870142725
-1.3638458534014368 37.271341885568674
-1.352142311456596 38.29538709045313
-1.3376833744535819 39.305122050629826
-1.3205545338931655 40.30044964082311
-1.3008402186982055 41.28128511456591
-1.2786238851193465 42.24755557762206
-1.2539911795673213 43.19921906276221
-1.2270277430321415 44.13625310277583
-1.1978174828252575 45.05864377827399
-1.166444550427015 45.96639828202172
-1.132993130393116 46.85954470156129
-1.0975429777218577 47.73809948348649
-1.0601794004179794 48.60214110037318
-1.0209792131860154 49.45170496572338
-0.9800245137503105 50.28688936297001
-0.9373926267855396 51.10777694402756
-0.8931601923874831 51.91446670676518
-0.8474030046208608 52.70707366748902
-0.8001930750859733 53.48570062386328
-0.7516042528216083 54.250492114563265
-0.7017057277142366 55.00157088836449
-0.6505676286316312 55.73909463973868
-0.598256246120471 56.46320528172751
-0.5448366931725218 57.17405650666674
-0.4903727915322667 57.87181344738044
-0.43492695954884947 58.5566523224379
-0.3785574624448292 59.2287215873387
-0.32132443030052993 59.88822489646216
-0.26328188087525783 60.535306149372744
-0.20448607727142518 61.170173399023675
-0.14498931198663764 61.79300414376016
-0.08484247208231946 62.40398351103499
-0.024094966608066752 63.00330395378139
0.03720660563356026 63.59113684719422
0.09901588104604812 64.16768446385359
0.16128888300462538 64.73313605211105
0.22398286945834026 65.28769256275346
0.2870581273195925 65.83151595237804
0.35047481035821826 66.36481495000703
0.41419529664031773 66.88778130351417
0.4781837737252948 67.40059517501138
0.5424058107263013 67.90343609742531
0.606827751221687 68.39651595992953
0.6714183755026061 68.87999620288991
0.7361470249108849 69.3540822514269
0.8009851584208976 69.81892012816193
0.8659047239079442 70.2747197712088
0.9308793952231565 70.72165206747738
0.9999999999999963 71.18736436959155
