# CURVE 2D, normalized by CHORD
# COLUMN#1 = X-coordinate, COLUMN#2 = Y-coordinate
#-------------------------------------------------------------------------------
0.0 0.0
0.07815213628778109 -0.024535470642117092
0.15485234414748195 -0.04553231478884173
0.2312690193011304 -0.06347750659473128
0.3068311818027057 -0.07833036284467902
0.38101338934486345 -0.09011385386999023
0.4533503140798234 -0.09890657658023093
0.5234487258283974 -0.10483694843978995
0.5909898290715121 -0.10806937853106043
0.6557344871892258 -0.10879878298548552
0.7175133880482953 -0.10723423459969081
0.7762276841193566 -0.10359561974303744
0.8318368607529455 -0.0981022782928759
0.8843515524538217 -0.09096797009371438
0.9338186027615739 -0.08239352066287824
0.9803243012663025 -0.07256923190578457
1.0239710763037924 -0.06166610330508982
1.0648852045959625 -0.049840912155567164
1.1031987824106917 -0.03723156394333204
1.1390514273364667 -0.023959962439593467
1.1725857334707432 -0.010132470134863474
1.2039391776799186 0.004160070825067904
1.2332511259513785 0.018839081749339345
1.2606518146917989 0.03383892767451824
1.2862670228998925 0.04910447503209128
1.310212942396312 0.06459055774389043
1.3326027042736504 0.08025994020584085
1.35353758129306 0.09608336818368246
1.373114285563842 0.1120377753759163
1.3914209803993927 0.1281059198886816
1.4085363125817263 0.14427571337015532
1.4245373525145322 0.1605389467724795
1.439487654608171 0.17689178364619534
1.4534504909745496 0.19333319839356075
1.4664800941420335 0.20986534858872882
1.4786249079027471 0.22649302116953413
1.489931138887063 0.24322293258741007
1.5101741433728086 0.27702803695718997
1.5274617593893582 0.3113749868494822
1.5419790881369548 0.346383316963506
1.5538415911556385 0.3821963925720102
1.5631031986601882 0.41897841412794
1.569748803326888 0.4569166899815173
1.573700027321058 0.49621842838529445
1.5746205755551526 0.5164515554187395
1.5748047074849516 0.5371131826692948
1.574218437200783 0.5582368778539578
1.572826308418555 0.5798550343042923
1.5705847833480377 0.6020025111261077
1.5674409681122896 0.6247171586034249
1.5633413218321268 0.6480338713504452
1.5582174648373799 0.6719929796321985
1.5519982780680919 0.6966320182350856
1.5446018575506506 0.7219900705322738
1.535933422870264 0.7481080735986746
1.5258946911293554 0.7750222851461143
1.5143717909432768 0.8027703830322483
1.5012424299490936 0.8313860463016047
1.4863700364356427 0.8609008003298291
1.4696068922831536 0.8913406812345184
1.4507988198271056 0.9227225823447391
1.4297735559446345 0.955057819878669
1.4063563349686867 0.9883432707878937
1.3803572493534761 1.0225645559923517
1.3515899304176264 1.0576869788940222
1.3198578932572194 1.0936580914864356
1.284978075895185 1.1303985538691654
1.2467704447609635 1.1678032768300446
1.2050786481370783 1.2057351071600602
1.1597716374030431 1.244023877402098
1.1107558928898946 1.2824641569727986
1.0579899996100495 1.320815149828851
1.0000000000000107 1.359765085389174
