# CURVE 2D, normalized by CHORD
# COLUMN#1 = X-coordinate, COLUMN#2 = Y-coordinate
#-------------------------------------------------------------------------------
0.0 0.0
0.022761073694162318 0.04876806575391897
0.04437565116721879 0.09571151490508932
0.06575474476516913 0.14277011295931497
0.08689910035487662 0.1899457067832712
0.10780942473091219 0.23724016237252607
0.12848638570581897 0.2846553651207364
0.14893060248553278 0.33219322518147965
0.16914255325715444 0.3798557287737718
0.1891229048653363 0.42764475998767026
0.208872168898224 0.4755622846726844
0.2283908181840269 0.5236102892558542
0.2476792868032245 0.5717907809672356
0.2667379701125697 0.6201057881177388
0.28556722473316587 0.6685573603114723
0.3041673685507937 0.7171475687113442
0.3225386806989342 0.7658785062848121
0.34068127311791196 0.8147523695744499
0.3585953760299042 0.8637712811627197
0.37628123830958343 0.9129373474683077
0.3937389829460567 0.9622527520642224
0.41096869396722824 1.0117197016214285
0.4279704163591677 1.0613404261254744
0.44474397058292 1.1111173078580052
0.46128937021385213 1.1610525966027605
0.4776066628955298 1.2111485120122947
0.49369573578001513 1.261407380966908
0.5095563644163148 1.3118316078545162
0.5251880971500199 1.362423764010433
0.5405910124821905 1.41318602679028
0.5557648378815637 1.4641208241315524
0.5707089557787213 1.515230845097481
0.5854231269249991 1.5665184888659736
0.5999071246888147 1.6179861343953768
0.6141601557171583 1.6696366020485656
0.6281818872353446 1.7214723457555383
0.641971964856547 1.77349582511729
0.6555292519020675 1.8257101349284826
0.6688537244130756 1.878117451149347
0.6819442366615491 1.9307208712709492
0.6948003884295658 1.9835228643028002
0.7074211660276052 2.036526411414167
0.7198059616593772 2.0897341399935283
0.731953662593747 2.1431491082761185
0.74386371594976 2.1967738758832613
0.7555346380151456 2.2506118196393197
0.7669659566892137 2.3046654064975125
0.7781562834986122 2.358937916402317
0.7891045453245599 2.413432339533903
0.7998097975646503 2.4681515351195222
0.8102706376046697 2.5230987766025077
0.8204857092283869 2.578277289310489
0.8304539328940386 2.6336900259728244
0.8401739169350653 2.6893402219364484
0.8496442193672136 2.745231150725959
0.8588632435557684 2.8013662260344514
0.8678294958833933 2.85774875105699
0.8765414816455364 2.9143820162019516
0.884997554203935 2.9712694478966104
0.8931960143330536 3.0284145119279353
0.9011351097303656 3.085820713574227
0.9088130345388276 3.143491597837615
0.9162279288570245 3.201430749610724
0.923377843708498 3.2596418294802687
0.9302606209965195 3.318128699087999
0.9368744007676001 3.376894895467344
0.9432171004620411 3.4359441670478104
0.9492865809483321 3.495280302940448
0.9550802877658002 3.5549075129454937
0.960596123211636 3.6148295068146012
0.9658319114040234 3.6750500532676402
0.9707846142415156 3.7355738237900735
0.9754523718397045 3.796404206161958
0.9798320409311526 3.8575459463239707
0.9839215175662807 3.9190026445055604
0.9877173782497775 3.980779310955319
0.9912174049689413 4.042879619063983
0.9944185690486468 4.1053081004494265
0.9973175630076204 4.1680695711760976
1.000000000000002 4.233457195734719
