# CURVE 2D, normalized by CHORD
# COLUMN#1 = X-coordinate, COLUMN#2 = Y-coordinate
#-------------------------------------------------------------------------------
0.0 0.0
0.20352839435228132 -0.17507987335567404
0.395300146581186 -0.34691288506179885
0.5836956421540843 -0.5225736359259817
0.7686745765674665 -0.7020217629454779
0.9501893666967748 -0.8852246676332112
1.128190733041609 -1.0721507757906936
1.3026375296405617 -1.2627593484061668
1.4734822128792782 -1.457015755160755
1.6406696730474783 -1.654891810301232
1.8041567538930687 -1.8563464498792124
1.9638939401893571 -2.061343937807608
2.1198300564072508 -2.269848888898098
2.2719068365048707 -2.4818308362312496
2.4200774872382014 -2.697247528096891
2.5642879488765105 -2.9160618210349694
2.704483071392529 -3.138235848163118
2.8406066912070567 -3.3637308318878105
2.972600589749557 -3.5925077742259868
3.100405730905656 -3.8245263026165697
3.2239656064168893 -4.059742129960973
3.3432202313832295 -4.298111582351158
3.4581087332939764 -4.539589443110639
3.568569399856039 -4.784128822453861
3.674539734777462 -5.0316810270005465
3.7759565216129034 -5.282195429604281
3.872755895760858 -5.535619339996843
3.9648726240986614 -5.7918983486162325
4.052238371642521 -6.050977156881279
4.134790908422925 -6.312794187244183
4.212464612567788 -6.577287194758955
4.285193699407655 -6.844391250526653
4.3529078608158125 -7.1140408129548645
4.415539267006292 -7.386165959301879
4.473027590589933 -7.660690336342431
4.525300012780377 -7.937540383697743
4.572292037563888 -8.21663556684939
4.6139409524869635 -8.49789164934329
4.650175124304535 -8.781224701988046
4.680936967482849 -9.066542197668046
4.706158931155065 -9.353752101572981
4.725778526439707 -9.642757174509896
4.739740612450412 -9.933454763232884
4.747977823518584 -10.22574244370276
4.750436167464839 -10.519510532193971
4.747062679888206 -10.814645992092132
4.737803276336534 -11.11103275821081
4.722606482694635 -11.408550774843782
4.701422230458379 -11.707076231285093
4.6742059827134534 -12.006480961133164
4.6409173249770115 -12.3066329438476
4.60151754812643 -12.607396678403145
4.5559717076945105 -12.908632965672043
4.504245732400312 -13.210199108559763
4.446314150413761 -13.51194861990514
4.382155205672337 -13.81373179192877
4.311751245785395 -14.115395778094673
4.235089447917864 -14.416784738817169
4.152157420794189 -14.71773959716982
4.06295078483223 -15.018098548022246
3.9674776438400894 -15.317698254991749
3.865740959661153 -15.616371936519789
3.7577515531503116 -15.913950785457203
3.6435369334067973 -16.210266500592372
3.5231077379335582 -16.50514437558473
3.3965096560199486 -16.798415280499285
3.263766583273256 -17.089902017305995
3.124933947136989 -17.379434136972897
2.980047730190822 -17.66683259362742
2.8291768183645987 -17.95192778962518
2.6723717096936745 -18.234541132045422
2.5097084708338597 -18.514502577725363
2.341260264093106 -18.791639482053714
2.167102549260087 -19.06577822265677
1.987330205371136 -19.33675414867065
1.8020305705047595 -19.60439727177525
1.611302655222362 -19.868543092999804
1.4152557934146015 -20.1290332764159
1.2139951529026674 -20.385705874128938
0.9999999999999982 -20.647571625165053
