# CURVE 2D, normalized by CHORD
# COLUMN#1 = X-coordinate, COLUMN#2 = Y-coordinate
#-------------------------------------------------------------------------------
0.0 0.0
0.0 -1.1102230246251565e-16
0.03715765463003323 -0.015618118075867424
0.07363406906073401 -0.029489796368011877
0.11042259773155276 -0.042066423635689944
0.1474111003272742 -0.05332226571601544
0.18448820701187674 -0.06324171823317684
0.22154498541882967 -0.07181773496641718
0.2584759642788667 -0.07905112865804025
0.29518061837186255 -0.08495284282038627
0.3315644026250915 -0.08954134624594823
0.3675385316393721 -0.09283949588330048
0.40302258894913867 -0.09488006545575838
0.43794319273369925 -0.09569908119032829
0.4722349840342842 -0.09533739227130639
0.5058409407405993 -0.09383993723693809
0.5387107193845141 -0.0912525121460333
0.5708037136782501 -0.08762574123753973
0.602085003803387 -0.08300893710589013
0.6325269858860134 -0.07745242459070413
0.662109050831159 -0.07100686235393204
0.6908163568267717 -0.06372188789646886
0.7186387675770769 -0.05564532132562845
0.745571209957193 -0.04682368481239323
0.7716135798684054 -0.037302164298848264
0.7967677945696339 -0.027122536222366118
0.8210408037723996 -0.01632567089610145
0.8444408323441756 -0.0049490050680525135
0.8669790194664259 0.006972024151019755
0.888667296362976 0.019405099668455376
0.9095193328737966 0.0323201578247536
0.9295501319730495 0.04568943762336551
0.9487756437937218 0.059487493696900096
0.9672092934086158 0.0736927238062192
0.9848691021275581 0.08828349798802577
1.0017695247784135 0.10324211971511188
1.0179250811867337 0.11855273467484996
1.03335113560948 0.13420082285744958
1.0480614556178527 0.1501741660032724
1.062069100465489 0.16646224650344746
1.0753852071317704 0.18305662017948454
1.0880215255644965 0.19994964098572726
1.0999882880599274 0.21713526128158858
1.1112936560155784 0.23460912180634397
1.1219442438819154 0.25236818657241455
1.131947596673655 0.2704095336082735
1.1413061873762518 0.2887328470340002
1.150024883141719 0.3073370315922675
1.158103955406559 0.32622315110150274
1.1655439653117459 0.3453921649504891
1.172343204339095 0.36484593276912614
1.17849763369259 0.38458712623218594
1.1840035832310207 0.40461790069777803
1.1888524668869347 0.42494212837703105
1.193036921564514 0.445562526711302
1.1965467125062184 0.4664823550887052
1.1993694201189216 0.4877049656966818
1.2014907224790576 0.5092335266166962
1.2028947901158644 0.531070695683268
1.2035638251114684 0.5532186612143181
1.203478198837576 0.5756789123540821
1.2026169001478484 0.5984518867525439
1.2009573089793855 0.6215369005606423
1.1984719655297926 0.6449331452890257
1.19513667603947 0.6686364370254125
1.1909223023327447 0.6926421047967963
1.1857985521471928 0.7169433100177189
1.179734235582585 0.7415307680163411
1.172697561775258 0.7663924775499346
1.1646564746180343 0.7915134645747952
1.1555755116545068 0.8168762729730392
1.1454225055692968 0.8424591439112672
1.1341632613504629 0.8682370570677346
1.1217649514127335 0.8941807779733676
1.108196700203305 0.9202566970727106
1.093426646207245 0.9464268852242558
1.0774294677738003 0.9726483593185754
1.0601801218362983 0.9988734847240847
1.0416582710462223 1.0250496360198433
1.0218490128380644 1.0511193813633624
1.0 1.0778981298237253
