# CURVE 2D, normalized by CHORD
# COLUMN#1 = X-coordinate, COLUMN#2 = Y-coordinate
#-------------------------------------------------------------------------------
0.0 0.0
0.0 1.7763568394002505e-15
0.5406938636758198 0.5073044019368498
1.0532721684115334 1.0138513862708352
1.5509098266988202 1.5314448774569087
2.032516538523552 2.0587322821644607
2.497141956090354 2.5943096265968726
2.943930375603217 3.1367678979807536
3.37217009396186 3.6846880094752192
3.7812780558936363 4.236666786116996
4.170799793317867 4.791331310597316
4.540392524087623 5.347351934970333
4.889874124317291 5.903452290214373
5.219139274919225 6.458421635045584
5.528226962728366 7.011123852843842
5.817264685617709 7.56050279415201
6.086461611050796 8.105583949313433
6.33613847813057 8.645487203545262
6.56665032603091 9.179410924839729
6.778446711456484 9.706651451210563
6.9720057805328075 10.226584031873593
7.147875646894495 10.738680135450373
7.306606145914317 11.242478701330269
7.448779340406727 11.737597791987763
7.575007101144066 12.223734819097425
7.6858981206902035 12.700647552192889
7.78206715353021 13.168156982280243
7.864120126974298 13.62613597137036
7.932667372120138 14.074516274437611
7.988291668040435 14.513263653669306
8.03157799568139 14.942397041353935
8.063076523393446 15.361957685056247
8.083327205706405 15.772025338606618
8.092856498939481 16.17271414402725
8.092134871528945 16.564131364915742
8.081650929134701 16.94644119880279
8.061843169398585 17.319800419452193
8.033131957336343 17.684384567874574
7.995915655263918 18.040382104816103
7.950548196981726 18.387968443312623
7.897395081729978 18.727361526448554
7.836772009766685 19.058755910141315
7.768973435853892 19.382349664677754
7.694274827626268 19.69834493437588
7.612932540436894 20.00694598900736
7.525183842462001 20.308357411139657
7.431238297004002 20.602772482347394
7.3312832504801415 20.890377522770105
7.225496776383953 21.17136507075029
7.114037072431031 21.4459203787989
6.997034747654575 21.7142113167908
6.8746091607881645 21.976405701279862
6.746868982926063 22.232670630948252
6.613901996073334 22.48315995658767
6.475781493495905 22.728020512382905
6.332561027185219 22.967385632598543
6.184286940867539 23.201387898964168
6.030993533528932 23.430152866334314
5.8726997470001985 23.653794887133277
5.709406801928427 23.872414369141993
5.54110106983214 24.086100504591524
5.367774583077546 24.29495031204734
5.189393082745574 24.49903683271905
5.005902571381287 24.698416091525182
4.8172637733354495 24.89315777548711
4.6234080417944226 25.08330420522536
4.424248113659223 25.268880767234908
4.219711620279086 25.449923742697738
4.009700768900943 25.626444990529993
3.79409935776734 25.798438309604045
3.572793621952641 25.9658957373911
3.3456608442972646 26.128797329445455
3.112563507035028 26.287106116872728
2.873354945422911 26.440771987105737
2.6278798141958677 26.58973129902994
2.375974626446373 26.733906492406685
2.117468372244685 26.873205699126377
1.8521780697081374 27.007518587576534
1.5799055504757717 27.13671307208801
1.300474330703774 27.260661249704622
1.0000000000000067 27.384626254581743
