# CURVE 2D, normalized by CHORD
# COLUMN#1 = X-coordinate, COLUMN#2 = Y-coordinate
#-------------------------------------------------------------------------------
0.0 0.0
1.1102230246251565e-16 0.0
0.024556407469121834 -0.013514861184741055
0.04885833189518421 -0.026378824883170247
0.07335442179958068 -0.03884412156259408
0.09803312677766826 -0.05090538296716047
0.12288276769304397 -0.06255760588832232
0.147891557397974 -0.07379615935945222
0.17304762168909035 -0.08461679075817116
0.19833902041515433 -0.09501563079604915
0.2237537686592576 -0.10498919738330827
0.24927985791191118 -0.11453439835882208
0.2749052771573386 -0.12364853308329952
0.30061803379038093 -0.13232929289656478
0.32640617428585156 -0.14057476044650624
0.3522578107209194 -0.14838335550740703
0.3781611320807715 -0.1557538487418647
0.40410440449886553 -0.16268558700407862
0.43007602991367183 -0.16917812022337406
0.4560645403463535 -0.1752312701547438
0.4820586087091148 -0.18084554834569908
0.5080470766110723 -0.18602135159329816
0.5340189692905867 -0.19075987318059304
0.5599635035125803 -0.19506237117458228
0.5858700896905022 -0.19893034841746737
0.6117283801947139 -0.20236587133352418
0.6375282448587395 -0.20537113960607536
0.6632597928753134 -0.20794864251892164
0.688913383215597 -0.2101011470282691
0.7144796341149469 -0.21183168534794788
0.7399494316110118 -0.2131435421038998
0.7653139213895174 -0.21404018430208294
0.7905645025993848 -0.21452522728777662
0.8156929372994226 -0.2146027696592322
0.8406911441495374 -0.21427667903798284
0.8655514688078703 -0.2135514353150758
0.8902663864920021 -0.21243122377954993
0.9148287858383094 -0.21092073038135503
0.9392317952658183 -0.20902463816047961
0.9634688177393822 -0.20674772456417875
0.9875335439269344 -0.2040948846328347
