# CURVE 2D, normalized by CHORD
# COLUMN#1 = X-coordinate, COLUMN#2 = Y-coordinate
#-------------------------------------------------------------------------------
0.0 0.0
0.028468187970232976 0.0034891779792881844
0.05633239449705164 0.008056794926886043
0.08423838526092185 0.013788901094234425
0.11226334119008839 0.02072737636039063
0.1404854449381038 0.028928735668131856
0.16898477779596888 0.038465960461856845
0.18817890510260085 0.045609634921520883
0.20755826247122533 0.053418602443781715
0.22714876351938332 0.06192808280723689
0.24697746381775565 0.0711787783431915
0.2670723336615656 0.08121612596538756
0.28746273207357664 0.09209185774033199
0.3081791479821545 0.10386347094221529
0.32925355861826394 0.11659558308898886
0.35071953642382087 0.13036062741056692
0.37261269536266733 0.14524055235847946
0.39497017376462573 0.1613261449684372
0.41783167683083755 0.17872057556586912
0.4412388983957651 0.19753890961955634
0.4652365231324424 0.21791197480876667
0.48987155387143866 0.23998612563127028
0.5151942943358341 0.2639277100680483
0.5412578742607983 0.2899240644097184
0.5681188613786543 0.3181879318951629
0.5818670489524045 0.3332445781402533
0.5958374940770776 0.34896155588274924
0.6100383916440291 0.36537473295543826
0.6244776957581716 0.38252094695495664
0.6391643235939659 0.40044189541860264
0.6541070236547369 0.41918088038803936
0.6693145635209572 0.438783540077324
0.6847964473203757 0.45930047312086864
0.7005622139880002 0.48078527595055315
0.7166212528426734 0.5032941446903361
0.7329836145857709 0.526889057911228
0.7496592815262155 0.5516356555353534
0.766658503247029 0.5776048892771403
0.783991509408947 0.6048724665478785
0.8016688189445967 0.6335206413135077
0.8197007074528384 0.6636367526544036
0.8380977377835519 0.6953161485109053
0.8568700938959255 0.7286602405268915
0.8760278591223385 0.7637785976655057
0.8955811662580075 0.8007908980551278
0.9155392349657365 0.8398235787259242
0.9359111451492104 0.8810149927453268
0.9567051037593095 0.9245134322812996
0.977928543741307 0.9704795232860233
0.9999999999999982 1.0200280229148722
