# CURVE 2D, normalized by CHORD
# COLUMN#1 = X-coordinate, COLUMN#2 = Y-coordinate
#-------------------------------------------------------------------------------
0.0 0.0
0.0 -2.220446049250313e-16
-0.027809632871753007 0.0175953034944604
-0.05369429504360015 0.03514434496149701
-0.07908404361119484 0.053527159807253206
-0.103981417074019 0.07274997764615236
-0.12838483186001207 0.09282533388483906
-0.15229384805807764 0.11376279596767465
-0.1757046330933087 0.1355765454668057
-0.1986119754993195 0.15828164446216897
-0.22100861909107322 0.1818949292828676
-0.24288623537012505 0.2064329895289575
-0.26423155912455226 0.23191874954353936
-0.28503235905057434 0.25837050672572165
-0.3052723234376604 0.2858107044440247
-0.32493260301686877 0.3142628063765019
-0.34399179403558333 0.3437509387860281
-0.36242586078740413 0.3742996339089712
-0.380207879169238 0.40593386233059575
-0.3973059319929676 0.43868196396498715
-0.41368920447515733 0.47256536171308616
-0.4293182487706001 0.5076136376704454
-0.4441544415217616 0.5438491033977537
-0.45815388251522493 0.5812958646566165
-0.4712693352411139 0.6199762621149085
-0.48345001748726585 0.6599106835747676
-0.49464015151295987 0.7011188456981109
-0.5047839077566282 0.7436130615937908
-0.5138192738620554 0.7874055675863277
-0.5216811455482006 0.8325039438383147
-0.5283023342093577 0.8789096640831542
-0.533614089840995 0.9266174015292761
-0.5375429031118262 0.9756177094788984
-0.5400164313059255 1.0258910344161971
-0.5409591676604347 1.0774114759546984
-0.5402965239687562 1.1301430138559518
-0.5379558055636638 1.1840390170972404
-0.5338616422770236 1.2390451036311843
-0.5279472788367101 1.2950920016781453
-0.5201462052502799 1.3521011744121065
-0.510398240261002 1.409981505098261
-0.4986504067396364 1.468629677307355
-0.4848540451466883 1.5279315903314805
-0.46897559754306983 1.5877597682641564
-0.45098800482613843 1.6479771597294925
-0.43087627630312025 1.708436493590869
-0.40863867110737395 1.7689816376891474
-0.3842873096834063 1.8294492769676243
-0.35784854887816364 1.8896707640818542
-0.32936046871669006 1.94947332543449
-0.29887970078972076 2.008683585878852
-0.26647398816666973 2.067128226698141
-0.23222605534618326 2.1246374519413895
-0.19623044085869581 2.1810463192999197
-0.1585939738466563 2.2361978728478586
-0.11943274109919089 2.289943991965042
-0.07887145284227863 2.3421478057059595
-0.037042293535183256 2.392686314082752
0.00591963250544003 2.4414478085873945
0.04987492238115264 2.4883371559591696
0.09468335447409001 2.5332744715538604
0.1402057699654955 2.5761948838865565
0.18630602078735228 2.617046298165312
0.23285060178760464 2.655796366502438
0.27971239357773786 2.692422054608693
0.3267700372791083 2.7269168063172593
0.3739096487787427 2.75928394603264
0.4210250976308633 2.7895388744587306
0.4680187529093018 2.8177080564428763
0.5148009932721345 2.8438207492810874
0.5612916749934791 2.8679214831673248
0.6074187443877079 2.8900556946476916
0.6531187309685655 2.9102750164731
0.698336181819937 2.9286343837354627
0.7430231403044457 2.9451908337364863
0.7871392491208765 2.960004329227175
0.8306510526455386 2.9731359496337557
0.8735312017180791 2.984646438201014
0.9157574968339294 2.994594803128146
0.9573137634874982 3.003041128065168
1.0 3.010324316040405
