# CURVE 2D, normalized by CHORD
# COLUMN#1 = X-coordinate, COLUMN#2 = Y-coordinate
#-------------------------------------------------------------------------------
0.0 0.0
0.03329967011944442 -0.0027249894820135273
0.06604540730190908 -0.004575056990413057
0.09877288600558859 -0.0056044958507508675
0.13143512059082174 -0.005815206151939515
0.16398575848055447 -0.0052115836407510205
0.19637935760304837 -0.0038004626506210762
0.22857160569337043 -0.0015908852545304148
0.26051960380729805 0.0014057933094082148
0.29218217363285803 0.005175893510634622
0.32351972323111355 0.009704376921614773
0.3544949044254932 0.014973802992898603
0.3850723741039444 0.020965435886962147
0.415219039011895 0.027659093840596397
0.44490419238504053 0.035033279037174195
0.47409948006175023 0.0430655152934553
0.5027789744676682 0.051732463991764184
0.5309192280746401 0.061010064253859395
0.5584992793135395 0.07087370914206635
0.5855005295806707 0.08129851572552418
0.6119065675949321 0.09225957559217376
0.6377036107856616 0.10373166180502082
0.6628796056465885 0.11569006483317724
0.6874250463684238 0.12810997666313753
0.711332048859513 0.14096724139681902
0.7345948372863317 0.15423801747499957
0.7572092560472525 0.16789912611048816
0.7791728423613381 0.18192800067719733
0.8004845558887914 0.1963028379003418
0.8211448438867779 0.21100255142366756
0.8411549387582773 0.22600708744099163
0.8605178579935595 0.24129693208513817
0.8792371795338805 0.25685365437906676
0.8973174630923821 0.2726596699686229
0.9147639238978021 0.2886983362292986
0.9315825161563331 0.30495388022430236
0.9477796322759328 0.3214114641303726
0.9633623078588642 0.338057077319916
0.9783378101619359 0.3548776252609924
0.9927134733194908 0.3718609190967334
