# CURVE 2D, normalized by CHORD
# COLUMN#1 = X-coordinate, COLUMN#2 = Y-coordinate
#-------------------------------------------------------------------------------
0.0 0.0
0.0 -8.881784197001252e-16
0.01720264584297143 0.023691347708436054
0.033646025480916185 0.046544531593189296
0.0499928720663794 0.06946779615485986
0.06624285056652016 0.09246121812519136
0.08239610104357185 0.11552452993412661
0.0984523317629016 0.138657775949235
0.11441162966024619 0.16186072729953238
0.1302737488641982 0.18513339430853998
0.1460387199158015 0.20847558863799745
0.16170634648959595 0.23188728412599083
0.1772765983550519 0.25536833556478405
0.19274933352782883 0.27891867709513535
0.20812445551528416 0.30253820999613756
0.22340188260148083 0.3262268247563635
0.2385814454090994 0.34998447323098386
0.2536631295528924 0.3738109975609674
0.2686466850116065 0.39770640499419485
0.2835321729413352 0.42167048390646994
0.298319253775567 0.44570330247663453
0.3130080601491349 0.469804598504281
0.3275981931673721 0.4939744793613761
0.34208978648827504 0.5182126814652556
0.35648250621487987 0.5425192648207694
0.37077637030160254 0.5668940450739502
0.3849711570948033 0.5913370025299243
0.3990667558836245 0.6158480400299605
0.4130630707135667 0.6404270496193377
0.4269598480694718 0.6650740299811414
0.44075713233698466 0.6897887756593721
0.4544545118636964 0.7145713904811514
0.4680521059371595 0.7394216165280113
0.4815495720852451 0.7643395079224172
0.49494686338315824 0.7893249176026181
0.5082438130443218 0.8143777784724882
0.5214401736235492 0.839498076062357
0.5345359577898924 0.8646856205961135
0.5475307593182347 0.8899405008244203
0.5604246294010469 0.9152624990798963
0.5732173018845519 0.9406516078153672
0.5859085774657136 0.9661077732797096
0.5984984189590518 0.991630833495781
0.6109864207544691 1.0172208676515646
0.6233726046866015 1.0428776722118929
0.6356567362081527 1.0686012108079912
0.6478385289268801 1.0943914788059763
0.6599179622010725 1.120248296932865
0.6718947051937693 1.1461716860539712
0.6837686034935204 1.1721615505749485
0.6955395537532802 1.1982177606910562
0.707207180595101 1.2243403598252556
0.7187714032338013 1.2505292001006503
0.730232064385007 1.276784181477248
0.7415887757803473 1.303105349042485
0.7528414675795689 1.3294925430653903
0.7639899595030025 1.3559456726745907
0.7750338842506589 1.3824647628809243
0.7859731158671669 1.4090496842050921
0.7968074842183027 1.4357003334871927
0.8075366790813963 1.4624166931486875
0.8181604468785282 1.489198707626953
0.8286786629983124 1.5160462392214444
0.8390910911057643 1.542959217804263
0.8493973386947588 1.5699376669681757
0.8595972996149425 1.5969814313632382
0.8696907506871288 1.624090425891056
0.8796774443357254 1.651264578112946
0.8895569774156723 1.6785039074960206
0.8993292493470554 1.7058082470231335
0.908994008696585 1.733177519315269
0.9185509966989158 1.760611648937653
0.927999876727985 1.7881106044264736
0.9373404009955033 1.8156742982088185
0.9465723656248837 1.8433026142105151
0.955695500732035 1.8709954732703664
0.9647095336493062 1.8987527951941283
0.9736141615222205 1.9265745147691495
0.9824090533865215 1.954460580205199
0.9910940137010559 1.9824108576562822
1.0000000000000013 2.0115157123718506
