# CURVE 2D, normalized by CHORD
# COLUMN#1 = X-coordinate, COLUMN#2 = Y-coordinate
#-------------------------------------------------------------------------------
0.0 0.0
-4.440892098500626e-16 0.0
0.006714950650451126 0.030449781230354626
0.013406625245887266 0.05975744688409702
0.02030995561990821 0.08900926691413223
0.0274241135574705 0.11820049066046615
0.034747500287350075 0.14732659063955508
0.042278953222999315 0.17638291486279462
0.050016918135760945 0.20536494729752278
0.05795986711984099 0.23426817845339878
0.06610633845060973 0.26308808044988075
0.07445439363736137 0.291820342096797
0.08300272636945204 0.32046038622989415
0.09174910222760217 0.3490040817782487
0.10069192792562737 0.37744701412354076
0.1098291886561127 0.4057849974013459
0.11915873630474437 0.4340139543275418
0.1286788932047608 0.4621295549038879
0.13838720145415556 0.49012795951327115
0.14828149345166772 0.5180051969410957
0.15835987609113017 0.5457571301575845
0.16861975129442427 0.5733801354339144
0.17905880751415232 0.6008704396350488
0.1896748006916867 0.6282242489828378
0.20046531563307998 0.6554379334707071
0.21142776428530702 0.6825080512805581
0.22255965020363838 0.7094311357811052
0.23385843601966225 0.7362038012711382
0.24532159769888667 0.7628226941462871
0.25694652748007113 0.7892845851135177
0.26873049551268513 0.81558642112464
0.2806708225560929 0.8417251590805159
0.29276479946687517 0.8676978446288466
0.30500968945001933 0.8935016134330527
0.3174027303246434 0.9191336923438996
0.3299411368007591 0.9445914004716648
0.34262210276320326 0.9698721501562517
0.3554428035620301 0.994973447839198
0.3684003983050794 1.019892894834197
0.3814921256539464 1.0446280550925786
0.39471508067948397 1.0691767642906072
0.40806635168852146 1.0935369575258502
0.4215430546651344 1.1177066189607423
0.43514235848666477 1.1416837360667438
0.44886149002865716 1.1654662786419954
0.4626973959263776 1.1890527719753317
0.4766472892338132 1.2124413995829053
0.49070836347048297 1.235630459232245
0.5048775880321629 1.2586187657978616
0.5191523633143177 1.2814044267158045
0.5335295776567978 1.3039866426105424
0.5480066430610822 1.326363687038837
0.5625805676383785 1.3485347686776046
0.5772485998312771 1.3704987196837506
0.5920080468476119 1.3922543425755283
0.6068560146913433 1.41380102793383
0.6217897797312147 1.4351379096406196
0.6368067074194315 1.4562640161970137
0.6519040487717079 1.4771787937625311
0.6670791004651698 1.4978817213442506
0.6823292181759332 1.5183722646038538
0.6976517807707524 1.5386499693456017
0.7130441917128097 1.5587144604980996
0.7285038804261057 1.5785654410375958
0.7440283036162585 1.5982026908534233
0.759614946546098 1.617626065557004
0.7752613242662493 1.6368354952381043
0.7909650101393466 1.655830876535484
0.8067236197255327 1.674612117197215
0.8225347074790891 1.6931795671043062
0.8383959171364777 1.7115334396346755
0.8543050276731061 1.7296735470343705
0.8702596823408918 1.747600517327494
0.8862576551198885 1.7653146203772914
0.9022967786226798 1.7828160441136938
0.9183748363396442 1.8001054812868844
0.9344897367437244 1.8171832006334092
0.9506393782840002 1.8340497761524512
0.9668216717347028 1.8507060133073003
0.9830346710918944 1.867152057126002
0.9999999999999997 1.8841070744503075
