# CURVE 2D, normalized by CHORD
# COLUMN#1 = X-coordinate, COLUMN#2 = Y-coordinate
#-------------------------------------------------------------------------------
0.0 0.0
-0.023779701374040108 0.03779430883104945
-0.04551481090384314 0.07516812888942478
-0.06587233428008325 0.11311674630325856
-0.08480393569186437 0.15151699003725144
-0.10227087586406589 0.19024565951620753
-0.11824542945499554 0.22918059412399525
-0.13271091748740615 0.2682023024822533
-0.14566097545532308 0.30719545222557576
-0.15709851954580284 0.3460499851076603
-0.16703833761928347 0.3846627203407904
-0.17550077728743024 0.4229374606335142
-0.18251483537818655 0.46078613888305164
-0.1881165039837453 0.4981293477625065
-0.19234558920015996 0.5348956870491187
-0.19524938224266764 0.5710238577420957
-0.19687416126154195 0.6064589493228405
-0.1972724943295495 0.6411563114107272
-0.19649677065626966 0.6750782899165518
-0.19459939741710525 0.7081940200011001
-0.19163443925604123 0.7404806361539978
-0.18765372928053695 0.771920249569662
-0.18270941183878733 0.802501777607147
-0.1768512981148352 0.832218526918213
-0.17012689126929262 0.8610677767678312
-0.16258196590343316 0.8890510386291604
-0.15425991194842373 0.9161731145765291
-0.14520163690054716 0.9424416306963433
-0.1354449325308373 0.9678658941996172
-0.12502525995236127 0.9924574217122354
-0.11397558168453764 1.0162294057075467
-0.10232432845954612 1.0391935427377543
-0.0901005478698678 1.0613666016298953
-0.07732781470787257 1.0827617743081022
-0.06402823900658869 1.1033937467944732
-0.05022187702986982 1.12327760559102
-0.03592600996039018 1.1424274196446467
-0.02115580121706742 1.1608568545768096
-0.005923836040459817 1.1785781405520004
0.009758789846719514 1.1956034304012397
0.025882447705364 1.2119445607267005
0.04244028627043718 1.2276107259163789
0.05942689382332937 1.2426102825635852
0.07683748649635004 1.256951753304957
0.09467066268182378 1.2706393070917998
0.11292395482574107 1.2836794038518842
0.131598737275894 1.296072986008762
0.1506950572739181 1.3078231954908826
0.17021635012195024 1.3189279295403873
0.190164811989621 1.3293866611643028
0.21054572753650985 1.3391936501074893
0.23136262975196764 1.3483450163535609
0.25262251408301845 1.3568306490529816
0.2743302200296271 1.3646424062401459
0.29649215259535433 1.3717682671486302
0.31911532550191046 1.378193486557638
0.342206364092501 1.38390180980223
0.3657714033091727 1.388875349660794
0.3898166199088052 1.3930934509825736
0.41434813481153643 1.396532451777409
0.43937072335845334 1.3991673688062725
0.46488769611484165 1.4009718048913953
0.49090303122116724 1.4019138418420551
0.5174168194430574 1.4019634202687163
0.5444288838795173 1.4010856078510237
0.5719366061878562 1.3992438363235435
0.599934549070934 1.3964001709858331
0.6284140839748482 1.3925156300232124
0.6573638183926306 1.387548612969106
0.6867680765410794 1.3814576927348023
0.7166078078329873 1.374198637104136
0.7468584979155946 1.365729141972881
0.777491037637988 1.3560059419292019
0.808470261134065 1.3449890176232995
0.8397563033377861 1.332635604273483
0.8713021023507566 1.3189097251272826
0.903054730220552 1.303776616974198
0.9349546895165918 1.287205440591971
0.9669357932242312 1.269170809029387
0.9999999999999998 1.248972716640081
