# CURVE 2D, normalized by CHORD
# COLUMN#1 = X-coordinate, COLUMN#2 = Y-coordinate
#-------------------------------------------------------------------------------
0.0 0.0
-2.7755575615628914e-17 1.1102230246251565e-16
0.03710979984723612 0.009309486326013718
0.07388762783341708 0.01679927296694807
0.11091509647825966 0.0226385557572505
0.14809542774780218 0.02681796255942763
0.18533228940574775 0.02933373311085215
0.2225302861870072 0.030188393401268596
0.25959569288487044 0.029391336891105135
0.2964368780649692 0.026956634927851695
0.3329650590806555 0.022904925172909454
0.36909461985711156 0.01726158253029686
0.4047434323031304 0.01005639098272449
0.43983330497863715 0.0013235834510954936
0.474290318661264 -0.008898579796551858
0.50804468488124 -0.020569025759273742
0.5410311986439879 -0.0336435502551291
0.5731892572699981 -0.048075482510308666
0.6044623236778491 -0.06381690640632043
0.6347986664552612 -0.08081783096193616
0.6641501890120065 -0.09902802869435572
0.6924735416421879 -0.118395771145365
0.7197288188296075 -0.13886951866625763
0.7458797736901832 -0.1603976333716844
0.7708935664670846 -0.18292864133017167
0.7947404932006593 -0.2064114526379336
0.8173931164162141 -0.230795947090897
0.8388273981721932 -0.2560320353611409
0.85902092998623 -0.2820708613460669
0.8779534283907946 -0.30886426495666164
0.8956061018243804 -0.336365020174588
0.9119621905177849 -0.36452639670775394
0.9270055468260735 -0.39330273377401476
0.9407210238499202 -0.42264900287301754
0.9530949344597341 -0.452520472929719
0.9641138871371708 -0.4828730174924275
0.9737650631802232 -0.5136627830442401
0.982036112424184 -0.544846033161364
0.9889149829575207 -0.5763790006239017
0.9943898665190846 -0.6082176951704006
0.9984497406289562 -0.6403176167946637
