# CURVE 2D, normalized by CHORD
# COLUMN#1 = X-coordinate, COLUMN#2 = Y-coordinate
#-------------------------------------------------------------------------------
0.0 0.0
0.0 3.469446951953614e-18
0.00038738982671641535 -0.021269565764029386
0.003501226930420773 -0.042696024808325475
0.009675789561428635 -0.06506300826248582
0.017247771750970847 -0.08394200965412324
0.02771185742702155 -0.10397503752681973
0.04181223768607999 -0.1254363965921437
0.05538706179847658 -0.14263635903341057
0.0721662288287769 -0.16090153599149418
0.09287941578873367 -0.18031081700910534
0.10931156188047768 -0.19390140771480016
0.12819988658436715 -0.20799842200373245
0.14988833680955702 -0.2225602149954921
0.1747476576249469 -0.23750877955077018
0.20315754749137807 -0.2527182177266868
0.23548466866019863 -0.26800338530134066
0.27204502724158475 -0.28310917768530613
0.2919839078196474 -0.2904944416801716
0.31304866025625316 -0.29770499317241594
0.3352398400719363 -0.3046880788735054
0.358543186702574 -0.3113873121519278
0.3829271955061503 -0.31774384617431206
0.4083430011479411 -0.32369718575064693
0.4347232970305454 -0.3291863742945061
0.4619798904695697 -0.3341526398428735
0.49000587266115736 -0.3385404288448204
0.5186761171241252 -0.3422996539662915
0.5478495407377013 -0.3453875252382135
0.577372192324354 -0.3477701536643314
0.6070810167453159 -0.3494237869728806
0.6368080943660057 -0.3503359675220622
0.666385470981295 -0.3505061675544589
0.6956497519034556 -0.34994511128216904
0.7244464426207436 -0.3486745153604258
0.7526338767580892 -0.3467260553104988
0.7800856973051148 -0.3441394279926171
0.8066939371829999 -0.3409615076929051
0.8323690592833521 -0.33724362282935116
0.857041882814661 -0.3330407015105298
0.8806613837337727 -0.32840860940273864
0.9031945853270352 -0.3234031896376582
0.9246251838917979 -0.31807894975001594
0.9449507369396609 -0.31248776132810835
0.9641808083953031 -0.30667823819839735
1.0 -0.2943750637060009
