# CURVE 2D, normalized by CHORD
# COLUMN#1 = X-coordinate, COLUMN#2 = Y-coordinate
#-------------------------------------------------------------------------------
0.0 0.0
0.013701083940490869 0.01828676383256827
0.02798196204404655 0.035495559724700435
0.04315016856985927 0.05204806075115087
0.059206692922320656 0.06792931759886393
0.07615451840234913 0.08312110825332983
0.09399853802324896 0.09760133375220681
0.1127444240498134 0.11134422331845291
0.13239855411868737 0.12431969191114858
0.1529671373731884 0.13649332194819624
0.17445577206466295 0.14782595951659638
0.19686818327141226 0.15827404724840888
0.2202064833270533 0.16778846843044073
0.24446820465543972 0.17631662532376774
0.269647106625896 0.18380077261797742
0.295731288655227 0.19017908246867654
0.3227017863662363 0.19538645348341155
0.3505318715914765 0.19935451580528496
0.379184996989882 0.202013749868455
0.4086146179610906 0.2032930708704553
0.438761966073273 0.20312316128406444
0.4695562289836295 0.20143594098502035
0.5009128784888986 0.1981683265974571
0.5327334878043185 0.19326437203679275
0.5649062602215575 0.18667549969113698
0.5973058897948561 0.17836494318498458
0.6297948800432996 0.16830871632937108
0.6622250290833143 0.1564980526106529
0.694439569018545 0.14294094969467833
0.7262757672403884 0.12766334549223493
0.7575679937928883 0.11070993708689204
0.7881510962451606 0.09214424013102729
0.8178640601513107 0.07204814776386088
0.8465532484841067 0.05052015771653489
0.8740753666950666 0.027673345208577213
0.9003015111729284 0.003634096102464485
0.9251182071887618 -0.021462230746363792
0.948429888560543 -0.0474736182638204
0.9701591694350317 -0.07425503228350197
0.9902480010669913 -0.10166104285317545
