# CURVE 2D, normalized by CHORD
# COLUMN#1 = X-coordinate, COLUMN#2 = Y-coordinate
#-------------------------------------------------------------------------------
0.0 0.0
5.551115123125783e-17 0.0
0.024066920389548163 0.0033596695728369723
0.04788824464966641 0.005606308868312229
0.07201545729396594 0.006809475105310465
0.09652107164873358 0.006946816558066728
0.12148133438685024 0.0059827804474727
0.14697749832527846 0.003866213601944125
0.17309608808402058 0.0005302375800549836
0.19993016300212024 -0.004110438374156274
0.2275805715949578 -0.010162256197367974
0.2561561314162887 -0.0177542423441318
0.27577869095644825 -0.023747352578643254
0.29590302692427806 -0.03054835771986188
0.3165690920324503 -0.03821792091139097
0.3378197778397389 -0.046825158413151546
0.35970028300939993 -0.056447255597371265
0.3822590735071871 -0.06717177647046414
0.40554739948687146 -0.07909680547595481
0.42961955693344794 -0.09233245457150112
0.45453350106570706 -0.1070032084640046
0.48035049509507843 -0.12324892889837992
0.507134981190543 -0.14122648438971208
0.5349549385780114 -0.16111262211446525
0.5638814758100545 -0.18310592992006575
0.5939884022502935 -0.2074292152402908
0.6095083721266193 -0.22054190569079948
0.6253523242143911 -0.23433360300721015
0.6415298048314066 -0.24883991547822046
0.6580506372406317 -0.2640990614025134
0.6749247174716652 -0.2801516683050507
0.6921616069238489 -0.2970400633100912
0.7097707851242205 -0.31480905574594203
0.7277618120690306 -0.33350662971662137
0.7461434775754233 -0.3531821582959719
0.7649245653792951 -0.373888584598073
0.7841131701609586 -0.3956810657152921
0.8037166995586627 -0.4186172970889776
0.8237420562149637 -0.44275846298823845
0.8441948049723242 -0.46816730420848485
0.8650799076076127 -0.49491077386937893
0.8864005027545299 -0.5230568665121186
0.9081584647349614 -0.5526768670350436
0.9303540836825173 -0.5838450873633275
0.9529852732539756 -0.6166367458074151
0.9760479046066389 -0.6511298887555753
0.9999999999999996 -0.6881328695011131
