# CURVE 2D, normalized by CHORD
# COLUMN#1 = X-coordinate, COLUMN#2 = Y-coordinate
#-------------------------------------------------------------------------------
0.0 0.0
1.1102230246251565e-16 0.0
0.010822418603879448 -0.017982546232633227
0.025081621998895163 -0.03479025104338015
0.04104323987069657 -0.04874982345986834
0.05792607748693293 -0.060130885699950065
0.07926062932227454 -0.07120153129053997
0.10064630377902738 -0.07965324921094108
0.11998126118465449 -0.08556990610398359
0.14288501936189124 -0.0908938602868107
0.17021222614503598 -0.09529957765827339
0.19140106198013215 -0.09749578132939656
0.2153849871898424 -0.09887907375211513
0.2425652685183511 -0.09920381078208233
0.2733686050776624 -0.09816476051447492
0.30822191870736443 -0.09539260342791615
0.3475145682017088 -0.0904544300716128
0.36892139250564826 -0.087023947151931
0.39153481723329125 -0.08286845283797874
0.41536149123727784 -0.0779253200818356
0.44039102640278815 -0.07213384219925281
0.466592416447512 -0.0654378231157898
0.49391147904483457 -0.05778797452209743
0.5222679862154057 -0.04914527865780989
0.5515550405562143 -0.03948311028668689
0.581637320146716 -0.0287917247496748
0.6123539501455563 -0.017078653057677584
0.6435198313983501 -0.004372496534429972
0.6749309587767401 0.009277467387844929
0.7063700558889662 0.023801027760454656
0.7376136996916093 0.03910863115145398
0.7684400241041317 0.05509395572525945
0.7986364537852549 0.07163756555489485
0.8280070005385338 0.08861120229380752
0.8563784568645972 0.10588257527280431
0.8836041782311556 0.1233201837391589
0.9095678529388752 0.1407974191318366
0.9341835441988898 0.15819636004762766
0.9573949997459594 0.17541042558193223
0.9791746696309898 0.19234643345181046
1.0 0.2093261828402634
