# CURVE 2D, normalized by CHORD
# COLUMN#1 = X-coordinate, COLUMN#2 = Y-coordinate
#-------------------------------------------------------------------------------
0.0 0.0
0.0 3.552713678800501e-15
0.026158357806146254 0.006593112970278477
0.0517871815292902 0.013140620165201334
0.07739581147011322 0.019770069166454966
0.10298439307645788 0.02648150722612998
0.1285530749916071 0.03327496825526073
0.1541020016152747 0.04015050310838471
0.17963131657777562 0.047108165694186174
0.20514115990398238 0.054148024693990264
0.23063167292260764 0.06127014327658804
0.25610300027562705 0.0684745699105816
0.2815552823085419 0.07576137070722265
0.3069886585261066 0.08313061481436015
0.33240326335013487 0.09058239338161343
0.3577992367820221 0.09811677238521005
0.38317671789699825 0.10573382090801602
0.4085358428139744 0.11343362028321417
0.43387674532649034 0.12121626156591345
0.4591995560403943 0.12908184967172182
0.4845044136712092 0.1370304515006397
0.5097914508025468 0.14506216053952925
0.5350607983546238 0.1531770772101376
0.5603125817173216 0.16137532700558552
0.5855469369705814 0.16965698348587363
0.6107639931249763 0.1780221522970532
0.6359638755957295 0.18647095499109526
0.6611467092989081 0.19500351461921153
0.6863126252012429 0.2036199225970409
0.7114617485728193 0.2123202966958559
0.7365941965991594 0.22110479378993406
0.7617100988397186 0.22997350668647312
0.7868095784424797 0.238926558229536
0.8118927508105751 0.2479641096091476
0.8369597399043431 0.2570862756831808
0.8620106674752125 0.2662931803125071
0.8870456450734041 0.2755849991973786
0.9120647949080876 0.2849618491608526
0.9370682348528884 0.29442386735141957
0.9620560718974706 0.3039712479830996
0.9870284290484094 0.3136040949054732
