# CURVE 2D, normalized by CHORD
# COLUMN#1 = X-coordinate, COLUMN#2 = Y-coordinate
#-------------------------------------------------------------------------------
0.0 0.0
0.0 2.220446049250313e-16
0.022485475256228245 0.0056241744957919795
0.04519762746092243 0.005933035836240891
0.06928877460561571 0.001580898591585478
0.09441936088869109 -0.007172088178063191
0.1187812649796256 -0.019123737903841222
0.13890919367490157 -0.031244646208533212
0.16337642209335182 -0.04841621413045868
0.19375031407453466 -0.07307325297781886
0.21182392880632564 -0.08934583886677257
0.2322905859262509 -0.10910855681822566
0.25558833904355743 -0.13323113534537734
0.2822369251708622 -0.16282416784952136
0.3128321933094718 -0.199281045007429
0.3480397928311379 -0.2443362189066737
0.38855699147393696 -0.30009104454577973
0.4350197925200885 -0.36895323180888834
0.4878581598285956 -0.4534767227863558
0.5470468033730695 -0.5559327396253173
0.6118079216833782 -0.6776265371754013
0.6803395445731204 -0.8179673208001066
0.7497718094142856 -0.9736519995962366
0.8165355182290556 -1.1385212665817326
0.8771340563509363 -1.3045160288160091
0.9289968351673065 -1.4635221315056686
0.970967549788556 -1.6091941849831135
1.003248996219612 -1.737908090558674
1.026957160143387 -1.8486422605199793
1.0436078078986246 -1.9422319351406583
1.0547373598245122 -2.0205279988659868
1.0616987673207128 -2.085747576570722
1.0655856171613656 -2.140058056938458
1.0672432143485102 -2.1854001852413973
1.067306044316388 -2.2234269744954607
1.0662395532120685 -2.2554951706934028
1.0643829276764216 -2.2827082139322927
1.0619796856418302 -2.3059409009104517
1.059207281273174 -2.3259108122754797
1.0530235822351253 -2.358213386371032
1.0464680021996127 -2.38295092779841
1.0398594770319998 -2.4023103584062024
1.0301543775965052 -2.424336182963127
1.017814262195252 -2.4451089465949725
1.0032476356459423 -2.4626658429954853
