# CURVE 2D, normalized by CHORD
# COLUMN#1 = X-coordinate, COLUMN#2 = Y-coordinate
#-------------------------------------------------------------------------------
0.0 0.0
2.7755575615628914e-17 0.0
0.02495656992885017 -0.003949215240874589
0.0490765427095793 -0.008169503365347094
0.07309568825154923 -0.01277017264794375
0.09699341624067795 -0.01774603568483993
0.1207495132950461 -0.02309114823411578
0.14434422272040595 -0.02879883854880319
0.16775832127367846 -0.034861740951201634
0.190973192420995 -0.04127183339925114
0.21397072627489477 -0.04802071636709098
0.23673376362292253 -0.05509906336081279
0.25924592477498054 -0.06249708666032053
0.2814914062588299 -0.07020483880068028
0.3034554216618535 -0.07821175509235932
0.32512413687880065 -0.08650687465627614
0.3464845540136024 -0.09507902807247713
0.3675244175496447 -0.10391694976547527
0.38823286438206533 -0.11300882269164138
0.40859967991615875 -0.12234294977674376
0.4286156349455539 -0.13190751469530837
0.4482724943439942 -0.1416906320386387
0.46756302040625297 -0.15168039688123014
0.4864808988254426 -0.16186496828490946
0.5050202122146408 -0.17223283532278238
0.5231770917178188 -0.1827720756841234
0.5409470570897092 -0.19347159229767352
0.5583276627944626 -0.2043199703275719
0.5753167129302076 -0.21530625848729754
0.6081151630421096 -0.23765001849866874
0.6393397101822913 -0.2604205979715296
0.6689975582381299 -0.28354087789585614
0.6971053115781309 -0.3069391635083613
0.7236861016462104 -0.33054971604404565
0.7487703969094656 -0.35431254320197314
0.772393215514393 -0.3781736294515615
0.7945931959025672 -0.4020847286804595
0.8154128945845295 -0.42600314938421374
0.8348963772325608 -0.4498915527534588
0.853088515265731 -0.47371757806246184
0.8700351522384083 -0.49745354000537745
0.8857827949453276 -0.5210761598618064
0.9003760254633312 -0.5445659952542098
0.913859542120001 -0.5679073271400034
0.9262763741470093 -0.5910876691357785
0.9376680501641013 -0.6140974839692153
0.9480741005535506 -0.6369298200360777
0.9575324049851888 -0.6595801081119905
0.9660781885023796 -0.6820457166171635
0.9737450504268476 -0.7043259182333329
0.9805646601503148 -0.7264216225716926
0.9865652727707713 -0.7483348368303552
0.991773932911466 -0.7700689602349243
0.9962148966219893 -0.7916282593394963
1.0 -0.8135929443902702
