# CURVE 2D, normalized by CHORD
# COLUMN#1 = X-coordinate, COLUMN#2 = Y-coordinate
#-------------------------------------------------------------------------------
0.0 0.0
0.015895677561312917 0.015229102784109895
0.032934815692704865 0.029035214201875836
0.05157136100403322 0.0417497727739903
0.07203940714688147 0.05337231330430188
0.09463384125665203 0.06384881758708058
0.11972091539385722 0.07306042215171439
0.1404390204166062 0.07902231505057389
0.1630357471159802 0.08404018998994903
0.1877704253084945 0.0879517367410606
0.21493849311416333 0.09054552906745902
0.24487420375147395 0.09154936086056227
0.2665502884766865 0.09116848212147148
0.28973791293720286 0.08980662616052307
0.3145591879181024 0.0873220914080952
0.34113725963855906 0.08355357573145285
0.36959429416136613 0.07831794903549737
0.40004394736159704 0.07141190719057675
0.43258711343705747 0.06261088657214685
0.46729977437676795 0.05167490540937593
0.5042250752191997 0.038351184023731534
0.5235176972090874 0.030714708166371806
0.5433572168163303 0.022386226254168536
0.5637328205897048 0.013336209999085498
0.5846295979211313 0.0035359125933733795
0.6060271976991999 -0.007040836825924425
0.6278994925575587 -0.01841691367609575
0.650214958067067 -0.030612423372342254
0.6729353920135671 -0.043642080286409285
0.6960168389880261 -0.057516508658459586
0.7194088105007787 -0.07223991783076723
0.7430548511944918 -0.08781032287086589
0.7668927380747087 -0.10421868539832332
0.7908549969120369 -0.12144836038427924
0.8148696292189538 -0.1394755335744362
0.8388608816886824 -0.15826743833275306
0.8627502882428455 -0.17778445894921532
0.8864578284258172 -0.19797877923757992
0.9099031792130654 -0.21879551134653138
0.9330068470379336 -0.24017350103898452
0.9556917608549431 -0.2620456817913421
0.9778843315316569 -0.2843405158328214
1.0 -0.30750059691687465
