# CURVE 2D, normalized by CHORD
# COLUMN#1 = X-coordinate, COLUMN#2 = Y-coordinate
#-------------------------------------------------------------------------------
0.0 0.0
1.1102230246251565e-16 2.7755575615628914e-17
0.08451065135183698 -0.22304099735029115
0.1723486930887755 -0.42970832125969954
0.2598322956063181 -0.6148671694728115
0.34321100551901096 -0.774665346865853
0.4200654581917689 -0.9087466692720081
0.4892655684896348 -1.0191073177699033
0.5506466240440605 -1.1088911197170965
0.604637612083575 -1.181514134381376
0.6519566343097148 -1.2401564691747602
0.6934246563614571 -1.2875729620820664
0.7298399527834142 -1.3260219677219822
0.7619370494828943 -1.3573274287236037
0.7903561108160494 -1.3829272320860717
0.8156454530829176 -1.4039520875988836
0.8382757040268823 -1.4212984863867697
0.8586284154741066 -1.4356523613051861
0.8770383468595069 -1.4475734246998493
0.909077037461487 -1.4657602200101203
0.936095361316776 -1.4783751757519534
0.9593157882433853 -1.4870470798436948
0.9796196901657549 -1.4928408595465252
1.0059939059022802 -1.4976332627247548
1.028813001589652 -1.49901297097021
1.0491502460817137 -1.4978133644753135
1.0737024236762478 -1.4928954686072107
1.0965082826716879 -1.484385249240959
1.11856663969273 -1.471853732326288
1.1351250171685774 -1.4591253889099844
1.1520534399086786 -1.442558580376562
1.1696502917927194 -1.4206541608475811
1.181878520331916 -1.401930286621624
1.1945568176089918 -1.3786794662895514
1.2076686915094144 -1.3492953273251405
1.221075021155724 -1.311434939330615
1.227783995208244 -1.2882730906719324
1.234392972336873 -1.261536185669389
1.2407761126247054 -1.2304780366955599
1.246748859495997 -1.1941596529210359
1.2520469769882074 -1.151432420651615
1.25629111474473 -1.1008485505598242
1.2589466054561436 -1.0406344453423095
1.2592634300083192 -0.9686162431658947
1.256219621683119 -0.882251469145749
1.2484506134645175 -0.7786626250236818
1.2342199500771867 -0.6548909645760622
1.2114691115102807 -0.5083881662947037
1.178026370585969 -0.3378398666279899
1.1320600385810518 -0.14428774699448385
1.0727392052701874 0.06784739472443399
1.0 0.29307724600058316
