# CURVE 2D, normalized by CHORD
# COLUMN#1 = X-coordinate, COLUMN#2 = Y-coordinate
#-------------------------------------------------------------------------------
0.0 0.0
0.025437688013775064 0.029204671089165784
0.05096145034819536 0.05740989497412686
0.07694407859646173 0.0850585005235977
0.1033402477730002 0.11210929748195121
0.13010367071006246 0.13852366935556384
0.15718701222320217 0.16426654962008325
0.18454269866423187 0.18930578044937343
0.21212288841222582 0.2136132103863317
0.23988012688642735 0.23716413667775305
0.26776762752623323 0.259937363292916
0.2957395175264822 0.28191580772662267
0.32375125243310665 0.30308559316113515
0.3517598096752442 0.32343683402561774
0.3797239555183485 0.3429628059476393
0.40760444970891757 0.36166032844770535
0.4353641836497649 0.37952917393712265
0.4629683482073801 0.39657221619775584
0.4903844932621367 0.41279496273481237
0.5175826308412732 0.4282055216525192
0.5445352702343061 0.44281432492020917
0.5712172293568201 0.45663335749584477
0.5976060292869985 0.46967712984598387
0.6236814649433655 0.48196129863696413
0.6494255696209547 0.4935026456686693
0.6748228557272469 0.5043195519326212
0.699859910694064 0.5144310742336452
0.7245252069518324 0.5238566655317999
0.7488094864033 0.5326168969376279
0.7727051512335436 0.5407323743601044
0.7962061920867639 0.5482237364594057
0.8193084439444694 0.5551121023552059
0.8420089318729086 0.5614181284534254
0.8643063831516317 0.5671628264628695
0.8862003085575706 0.5723663409432512
0.9076916016097628 0.5770488637149915
0.9287822299965743 0.5812302597932689
0.9494747942843929 0.5849296013945174
0.9697728146233769 0.5881656061669784
0.9896806770694333 0.5909566180446799
